0 0.9963567644314357
1 0.9960122583877279
2 0.5746717814275679
3 0.9961664966079125
4 0.9944122303534553
5 0.9918657543688334
6 0.9989329514809767
7 0.8978681973410182
8 0.9975170900701307
9 0.9995200699588573
10 0.7018974422655085
11 0.9985605581787683
12 0.9949056695061095
13 0.9847717806251541
14 0.8865245564382399
15 0.9892311069781456
16 0.9985653374478136
17 0.9861306545899591
18 0.9985599245986203
19 0.7276278283716449
20 0.9654669016889077
21 0.6337607857876141
22 0.5280894596286088
23 0.9988431413052219
24 0.5575923837042599
25 0.9784560372793706
26 0.7318415024058381
27 0.98000311442032
28 0.6974627058901677
29 0.9671265876252338
30 0.9920823628031973
31 0.9907855884649752
32 0.5443010886541203
33 0.9992239824577639
34 0.9354950032855032
35 0.7228553623654213
36 0.9920362076360427
37 0.9305007757472218
38 0.9954893529077768
39 0.9088659898791023
40 0.9979900512842779
41 0.9959628553102227
42 0.8832851271433871
43 0.9976034630281656
44 0.99515577707246
45 0.9296127508100694
46 0.9916723302903687
47 0.9966325603968673
48 0.9692897732884976
49 0.9803044260807976
50 0.9230483218591264
51 0.988461381898246
52 0.9985800910277226
53 0.9889352881070436
54 0.9921930416374253
55 0.9350017613946828
56 0.9922387386176041
57 0.9915844925977194
58 0.6038810245217779
59 0.9765983892966974
60 0.9936549316771269
61 0.9049037298766729
62 0.592998610580934
63 0.9455198966117921
64 0.9981042724908735
65 0.930061391200717
66 0.9706205410695958
67 0.8396424872878513
68 0.9912532459366349
69 0.8759058258069177
70 0.5099653241102168
71 0.9794623860855746
72 0.8685266046881887
73 0.9727084396916451
74 0.9931309890394956
75 0.994685481899229
76 0.9381209597111024
77 0.9923012573600414
78 0.87394844355205
79 0.9907577964709724
80 0.8636872018146713
81 0.6193671729903258
82 0.9374777290936952
83 0.9755793139028864
84 0.5576941170065706
85 0.9983083419913997
86 0.9621536104615043
87 0.9961118115278521
88 0.9556575084471652
89 0.9315772281678992
90 0.9950913653475919
91 0.6350190229616687
92 0.8629015168712796
93 0.586919920598542
94 0.6047857748469149
95 0.9954211403488694
96 0.9851521036417852
97 0.9833323462290902
98 0.5882237328918359
99 0.7013690772274411
100 0.9937085322769241
101 0.8934853324811042
102 0.6884780351092258
103 0.9919443817629245
104 0.9589152534878016
105 0.6429062676621552
106 0.8684268562726344
107 0.9714279286416346
108 0.9915526660083701
109 0.9930180468012373
110 0.9596417102794812
111 0.5720249890145489
112 0.6822804831557077
113 0.5867495133848317
114 0.9981991660661231
115 0.9975355845118242
116 0.9953005446681866
117 0.8894019584930415
118 0.9982997537447406
119 0.9875903912687729
120 0.9003684830204518
121 0.997746719703656
122 0.9173894388214505
123 0.9637900431961562
124 0.7152796228412375
125 0.9978362998383064
126 0.972146469306013
127 0.992886179112931
128 0.9953304685036315
129 0.7888298050852828
130 0.9922155651751677
131 0.7518423788994518
132 0.9167002671132437
133 0.9921098084383231
134 0.9921388536714301
135 0.5032432791271696
136 0.997933791352055
137 0.6944477481779557
138 0.9108916157061718
139 0.8613649492988232
140 0.8376425761306963
141 0.9451144766673921
142 0.6570879029868634
143 0.9728888605892102
144 0.9001359403618738
145 0.9454739844871893
146 0.9687715757419427
147 0.9562582617453338
148 0.9544205991289776
149 0.9952663231677373
150 0.9447480217958553
151 0.7804028582462134
152 0.990457421025698
153 0.9918182207018706
154 0.9876604251510265
155 0.9534384040787748
156 0.7213976284476211
157 0.6088972492256631
158 0.9633386469626395
159 0.9975166812026257
160 0.9969828693577556
161 0.944264091836863
162 0.9385481446046091
163 0.9781465425390237
164 0.9944046391886457
165 0.9917676611437757
166 0.8439305400389248
167 0.889847647782889
168 0.992643515515566
169 0.940659305114464
170 0.9778527191527792
171 0.9953734451093328
172 0.9152394037560827
173 0.7885923559021166
174 0.9915881613252255
175 0.9489063564820874
176 0.5045759638953209
177 0.9912206725161192
178 0.998529325778993
179 0.7155104549346032
180 0.994306402431188
181 0.7895793480902438
182 0.6218406936715926
183 0.9984089015963339
184 0.9257486606167808
185 0.9931866646051559
186 0.9984776735273629
187 0.7213965457995328
188 0.5065958004087332
189 0.7085570542564695
190 0.7969188743964011
191 0.9831372369343169
192 0.942667950031259
193 0.9438295726498861
194 0.9982058945046667
195 0.9117391284825874
196 0.9495452127699903
197 0.9885158678764117
198 0.6576862972900831
199 0.9357967998687509
200 0.7478922815825554
201 0.9981637804919024
202 0.9910069459099606
203 0.7515513286081654
204 0.7820165041662743
205 0.9607857333807495
206 0.9878381755391391
207 0.9145961936286431
208 0.964684404968065
209 0.9944311468325961
210 0.9964838694442691
211 0.9816407807234361
212 0.9815849247700105
213 0.998425268520288
214 0.5960018994865663
215 0.9983170163075871
216 0.9867883739277032
217 0.9329179254850307
218 0.9980681741077468
219 0.9966696353224851
220 0.7352081316563989
221 0.9297696413237285
222 0.9716385521176156
223 0.600823706174086
224 0.5382052970926806
225 0.99835148662081
226 0.9969483195907299
227 0.9972442547744053
228 0.6242345546205741
229 0.9705334167370817
230 0.8729391914079221
231 0.6943422821534513
232 0.9214663728088022
233 0.9982560071236718
234 0.6156752263476544
235 0.9983065264150357
236 0.994543522022788
237 0.995680688048825
238 0.9791920464503294
239 0.9373101997385191
240 0.9798855557084523
241 0.9903751475781668
242 0.9556011623564221
243 0.6699142501062506
244 0.6608272781212401
245 0.9562714633490499
246 0.5997959142348818
247 0.9864062758849494
248 0.9972725612977646
249 0.5032756528944062
250 0.9654188325181735
251 0.9984989655955342
252 0.8882013068259705
253 0.9974545317165696
254 0.9742701851332382
255 0.9164503142591118
256 0.8776353855286746
257 0.9893050016875168
258 0.9318701635900831
259 0.9852705978548816
260 0.5117035932177983
261 0.6910681967153184
262 0.9976235413972019
263 0.9989672912010984
264 0.9985243019849548
265 0.5515850034335676
266 0.990426856720538
267 0.8373451630792997
268 0.9260576140266693
269 0.8458436142553954
270 0.9873386045203549
271 0.9072101109487343
272 0.6480641191754165
273 0.9495398445470482
274 0.9974118088294941
275 0.8673693656372402
276 0.9717761397996887
277 0.8855815992901959
278 0.9980288644940304
279 0.917638179877055
280 0.9780835205882956
281 0.9985840181313461
282 0.9973599208429017
283 0.9356307273895123
284 0.946990808211192
285 0.8190195470869057
286 0.9403943342784993
287 0.9980420452277232
288 0.9315578031747026
289 0.99366861704127
290 0.998113915969499
291 0.9657786098391854
292 0.9812640629252491
293 0.7092080287468358
294 0.9974301649221143
295 0.9783653018841048
296 0.9854277910809077
297 0.5174071880771967
298 0.9903383280562723
299 0.9879654809875426
300 0.9839341306345397
301 0.9621609296323919
302 0.9922763586776521
303 0.922740739094476
304 0.9601540072264655
305 0.9981194279116041
306 0.9856802940088358
307 0.8946802130957312
308 0.9606521360965831
309 0.9981628108235229
310 0.9983572538300407
311 0.9976716582519488
312 0.676694013015494
313 0.7665641565904313
314 0.5023228820309741
315 0.9788137941332796
316 0.9768086197567729
317 0.6922014810604248
318 0.8568344868830816
319 0.6552027850639799
320 0.9067686171651661
321 0.9808354312831218
322 0.9900975504025571
323 0.8925350839740185
324 0.9920660398441841
325 0.9969276591431144
326 0.9328229706690206
327 0.9983381037726816
328 0.9724379141948741
329 0.7314886145850631
330 0.7794106716136483
331 0.9921006357342285
332 0.60339110714842
333 0.9954080331753039
334 0.7248440891290727
335 0.9983469784066021
336 0.9983485279734389
337 0.9974091763211757
338 0.995151261892018
339 0.9963617840941613
340 0.9903926318126131
341 0.9984429308827821
342 0.7535234653554992
343 0.9752512943540033
344 0.8741435979096551
345 0.6247785797120616
346 0.9534720238916555
347 0.9763317240698444
348 0.9936376953932553
349 0.9016681355319939
350 0.6291172054360343
351 0.9913719030384613
352 0.6392168006247468
353 0.9786909025401029
354 0.9070790719562599
355 0.9984763748143239
356 0.9328111831177397
357 0.9889241597234443
358 0.9861656739347364
359 0.539331563067859
360 0.9972522270889334
361 0.8830364414279495
362 0.9974210599161575
363 0.9171868203827619
364 0.9700647923028101
365 0.9977582027235977
366 0.9924736673418896
367 0.9056891847196767
368 0.9562726229922043
369 0.9267728970209727
370 0.9986044549670141
371 0.9959525438597673
372 0.9196729096346238
373 0.9982740841063756
374 0.9890310411971791
375 0.9227908262097619
376 0.9317669242325529
377 0.800411481803414
378 0.9877215826224137
379 0.9282652689264291
380 0.9890460088677377
381 0.6605980059716
382 0.8429976775240471
383 0.9766290365023718
384 0.6387017009160311
385 0.8697556819953639
386 0.5730732186189978
387 0.9952713666941262
388 0.9968118837008817
389 0.9982609811482228
390 0.998262926621708
391 0.901227246866137
392 0.9442412760097045
393 0.8749026128289704
394 0.9224214875976764
395 0.7866860771612006
396 0.9978997191618614
397 0.6557607577605673
398 0.9982655938770061
399 0.997680775036579
400 0.9968392168482944
401 0.9739318315345291
402 0.5361569258325773
403 0.7170415955858863
404 0.6520740154350293
405 0.9517561775684646
406 0.9799771368912369
407 0.9877534547945281
408 0.9982573906487695
409 0.9939800795252025
410 0.8438599308392108
411 0.9050197584503209
412 0.9193975306070893
413 0.7052818070489416
414 0.6895677608115721
415 0.844958909186831
416 0.8363717429162013
417 0.9879826104584151
418 0.5882340643177351
419 0.867850888073685
420 0.8773356248038547
421 0.5148516420020314
422 0.9968686621575867
423 0.940800654257005
424 0.8644265488983481
425 0.6084175833598847
426 0.9887385429696214
427 0.9953443027511341
428 0.6792405002110659
429 0.9815256696092803
430 0.9949465404847196
431 0.9561678835639538
432 0.8884347587645189
433 0.9541696050587439
434 0.996096696167195
435 0.9890444793650379
436 0.9869779021892179
437 0.8551994931173441
438 0.9881912854936885
439 0.9977424858360616
440 0.9320866683656956
441 0.9936836525014062
442 0.9972147448611411
443 0.8794089843462624
444 0.995027252496959
445 0.5227546846832973
446 0.6144244678447026
447 0.74685312486061
448 0.9968486179499911
449 0.9504778698026907
450 0.9359534646549922
451 0.9945367565701612
452 0.8642152846307019
453 0.9981026280211178
454 0.5772724571010726
455 0.9346447664811868
456 0.947135768134654
457 0.8661679679887679
458 0.9966831104451105
459 0.998136639527491
460 0.9977897977222924
461 0.9968974469570911
462 0.9960112505002432
463 0.505356643120156
464 0.8852924174940349
465 0.765351693789787
466 0.6334891329928287
467 0.9807742895934183
468 0.8752798001600848
469 0.9368877363476208
470 0.536378040018552
471 0.9895168222048013
472 0.9926635701386578
473 0.8544163356350462
474 0.9902936743651956
475 0.9560637951431651
476 0.89981841933069
477 0.9858945779076324
478 0.9951626528646816
479 0.9979107977775099
480 0.8483174438096046
481 0.9270140470896908
482 0.9733732406714214
483 0.9977541892639249
484 0.9262400283873851
485 0.9841303020958176
486 0.9332079941727935
487 0.8838274179688372
488 0.9560369929039523
489 0.9409689262985671
490 0.694188618837508
491 0.8109944284431757
492 0.9227543191157572
493 0.9279471544059
494 0.9905352360640183
495 0.997916933659238
496 0.6672810620855875
497 0.997743194456751
498 0.963370753311464
499 0.6428037753231682
500 0.605788929619107
501 0.8345286719200536
502 0.5368467289907587
503 0.9328104101897137
504 0.8011077390728514
505 0.9844765675282595
506 0.99488198036053
507 0.8942461804805654
508 0.5903082397214853
509 0.9825583828720605
510 0.9839384869418493
511 0.9933975166354275
512 0.9959077713677673
513 0.9267540820471907
514 0.9976823971090917
515 0.9935380831187961
516 0.9935573991484445
517 0.9726098688857273
518 0.6683263651892531
519 0.8517120988842607
520 0.9196651571940009
521 0.9605341980527168
522 0.617315164969773
523 0.9749418896993527
524 0.6910516424358418
525 0.9984312340067295
526 0.8570310013443995
527 0.983731825879623
528 0.9355852214243966
529 0.9794291691445848
530 0.9125497390229834
531 0.9412967203106244
532 0.6375443860942647
533 0.7149485252504946
534 0.9268180816623902
535 0.9965499035881219
536 0.7604982284905275
537 0.8067442932807846
538 0.976770697017005
539 0.9047573404584051
540 0.9981716469739077
541 0.9203672188884463
542 0.8020429193046402
543 0.9693545464073978
544 0.9827940781630401
545 0.9777098221532889
546 0.8104021872965587
547 0.9186223266774527
548 0.995290246652585
549 0.9209809268591947
550 0.9792709554196913
551 0.9981171956658725
552 0.9908178646010745
553 0.9484887514218255
554 0.9508203061807777
555 0.9929441233879251
556 0.9770880756936831
557 0.8689330760722983
558 0.9293633105035716
559 0.7065452031037466
560 0.9767486157266466
561 0.9890276857385975
562 0.9133759758756073
563 0.9882887557369435
564 0.5288583641855283
565 0.994658414011076
566 0.8122239717867714
567 0.9859594547447235
568 0.9476269782325699
569 0.6776945837999758
570 0.8952246976712048
571 0.9545408289820029
572 0.9844635088632401
573 0.9875735543647449
574 0.8232535324407492
575 0.934464379201906
576 0.9766518734131173
577 0.8156745419263969
578 0.9581279100022241
579 0.9826357494063837
580 0.5081242832177408
581 0.9961867024255078
582 0.9734633499496732
583 0.9646434392081525
584 0.9122674939853792
585 0.828660532036714
586 0.9473442419729217
587 0.9802350112887994
588 0.8582342250710318
589 0.6657545354671323
590 0.9792876874581494
591 0.7996135260439493
592 0.5428276160126436
593 0.9288604791098892
594 0.9958308773668322
595 0.9814842283583561
596 0.9917805587926566
597 0.8887083075624751
598 0.6755522178832438
599 0.6772538543942365
600 0.9761026952118625
601 0.901913868727498
602 0.9712555299439154
603 0.9628707472431693
604 0.9316476340005778
605 0.9813300306576735
606 0.9141586255812462
607 0.974622621015389
608 0.7008783907286076
609 0.9919251819661983
610 0.8099612835067651
611 0.9867764344041794
612 0.984719263512791
613 0.543341847942633
614 0.9823536115611696
615 0.9429284129609823
616 0.9883601314456166
617 0.9973057593521071
618 0.9664172153724032
619 0.6964458562753714
620 0.8598053695936837
621 0.5807994619153036
622 0.9841349757704305
623 0.7881983848157091
624 0.8855942502631792
625 0.9876010486392609
626 0.596202768637732
627 0.9520751568499618
628 0.994881383781286
629 0.546436815071352
630 0.9888052729176948
631 0.9832345842085991
632 0.9455970955041003
633 0.5599293650844474
634 0.9889702772917712
635 0.9907715839969387
636 0.9471472083181411
637 0.9350692655758113
638 0.8528031621378773
639 0.9817623778577017
640 0.9529602605656385
641 0.5481891601764128
642 0.6179372441063706
643 0.9979192895845849
644 0.8125286655622892
645 0.7486349816018001
646 0.9836861379121924
647 0.554439075006575
648 0.5003589396433665
649 0.9026554153033821
650 0.9807924383387668
651 0.9517872258201193
652 0.9908093027720047
653 0.5414812497367733
654 0.9008432785440706
655 0.9887331914507722
656 0.5117842947865795
657 0.9952478436505738
658 0.9801300349179758
659 0.9913794479157879
660 0.9419104122704935
661 0.6248872858649346
662 0.5652698305228607
663 0.9966399906529001
664 0.9247155048693163
665 0.8194928836954384
666 0.9972921096344458
667 0.6446822200272196
668 0.9909277565969674
669 0.9433767231037993
670 0.9967705599919715
671 0.883132002850123
672 0.8726030354714627
673 0.8188505638968712
674 0.9196142350229239
675 0.9796605494034917
676 0.9236445991175921
677 0.9508596180866302
678 0.9833508582373349
679 0.931435848082193
680 0.9603316689846934
681 0.960260502361114
682 0.6896442854926473
683 0.9832098914303473
684 0.9277106896381622
685 0.9803119639728254
686 0.9969443375638866
687 0.9610812441000982
688 0.6157897609183897
689 0.9935489812506194
690 0.8426464032660246
691 0.7384212531955803
692 0.9757464586597048
693 0.8932149522302347
694 0.9890968797191357
695 0.6395416108939921
696 0.8258682768885693
697 0.9648870147598072
698 0.9510730588517705
699 0.9816804248246527
700 0.970719227249438
701 0.965923554119397
702 0.9967446908068115
703 0.9215066060578881
704 0.844635524614876
705 0.9764379061248459
706 0.8228431854396789
707 0.9400047727061527
708 0.804740998294239
709 0.9217425572820971
710 0.9796674026464255
711 0.9883041420860493
712 0.5828111787845058
713 0.9817883908786788
714 0.8541558346787457
715 0.9878600377565081
716 0.9805374784628631
717 0.9538330202878323
718 0.8263112220337642
719 0.9870419722740359
720 0.5782930668069903
721 0.9621442123117431
722 0.9967030618355066
723 0.8494639240987565
724 0.9874718680549496
725 0.8334566608004381
726 0.9718309858470192
727 0.6174445183926284
728 0.9959188738952334
729 0.9782197789305953
730 0.9689928563980793
731 0.9398260001760418
732 0.797001715220224
733 0.9956962462195124
734 0.9187399556718268
735 0.6587463483862535
736 0.9957764661943058
737 0.979984544732305
738 0.9655002210676316
739 0.9903592743318395
740 0.9837105280870304
741 0.8575081512820039
742 0.9831487923972219
743 0.8399771551081826
744 0.9398160470509335
745 0.8853013040596742
746 0.8226199783851492
747 0.9225290161843224
748 0.9772388301066113
749 0.950448751645431
750 0.940819477794745
751 0.6628974641202953
752 0.915391958539128
753 0.9808387987954655
754 0.8891038233254775
755 0.9202471200842519
756 0.9950913916373891
757 0.9912594414520004
758 0.5394634581460777
759 0.9856954427551083
760 0.812848216609464
761 0.609898816849496
762 0.9908840305337884
763 0.500907683144085
764 0.6433073441270956
765 0.6403107536541965
766 0.8201982135189155
767 0.9846110224523923
768 0.8800063207866656
769 0.9699639914540086
770 0.6804077364666913
771 0.8622957619974236
772 0.5237618329346488
773 0.6723688445616604
774 0.9910042343801184
775 0.9905899925072111
776 0.7111856522663197
777 0.9881408091549111
778 0.9778443587888329
779 0.991429511994564
780 0.9857915647821994
781 0.9838800288751921
782 0.8918699738524114
783 0.9830571152891254
784 0.9291389037438947
785 0.9931549252112518
786 0.6047677625173093
787 0.8259135114599785
788 0.9254875311083659
789 0.8869318390101565
790 0.6481882839807814
791 0.986702186987003
792 0.7874918024565285
793 0.762146950950974
794 0.8826272377443835
795 0.5335607027435074
796 0.9731433328089233
797 0.9831568730308592
798 0.9403968299497435
799 0.9714141581145576
800 0.9251936169917041
801 0.9913521723389014
802 0.8620121827678505
803 0.5477850815666896
804 0.6887031826152785
805 0.993413484104299
806 0.9053262005396204
807 0.8880705401751966
808 0.9919772012396901
809 0.7893294396871487
810 0.9255112208771007
811 0.9248441151794671
812 0.9914299524487367
813 0.9145443628720582
814 0.9910024491232503
815 0.9924428910434677
816 0.9792349574427205
817 0.9831454641140988
818 0.8940170105808836
819 0.9952314422058054
820 0.9547217263762684
821 0.9909276448259615
822 0.9829038357488714
823 0.9911332343133082
824 0.9382934345639165
825 0.9776613707232275
826 0.9795469413085126
827 0.9568135643188214
828 0.7738611126019925
829 0.6648018715461622
830 0.9816589294595882
831 0.9927786466934231
832 0.6051536214533886
833 0.5357784396877544
834 0.9707272389473959
835 0.9514750994386517
836 0.602625824138086
837 0.9820785163064524
838 0.5798453291231892
839 0.9732774214522438
840 0.9588258125385178
841 0.8481157109397729
842 0.6841505480956246
843 0.9810357135394037
844 0.816716576037377
845 0.9893302300358103
846 0.5309297042277699
847 0.6908952309112845
848 0.8980906865618669
849 0.9894621428242824
850 0.8853168118501649
851 0.9724432237835754
852 0.9823610093725182
853 0.9900288690072339
854 0.9745366726347877
855 0.9822654900019863
856 0.9025363418967568
857 0.92245120801717
858 0.984243082698041
859 0.963171051883141
860 0.9943510045999693
861 0.6289165263943542
862 0.9920896000058603
863 0.9875022742617107
864 0.8929057738733286
865 0.9745146988536689
866 0.9928700044995268
867 0.5957952184400104
868 0.5069884081997525
869 0.9771563382260218
870 0.9744660077889166
871 0.9706993737388404
872 0.692398106590093
873 0.9924575906112574
874 0.6308221512960943
875 0.9919140942949479
876 0.9895702008917237
877 0.8809523229051509
878 0.9674098365901219
879 0.6344736037938159
880 0.9949887316622085
881 0.9769806431650708
882 0.5971864922805754
883 0.9917830901254044
884 0.9952439174213052
885 0.8639188371997587
886 0.9434817535154671
887 0.7425258004853937
888 0.9791114152147578
889 0.906254598175858
890 0.7719182353870506
891 0.9882399373540833
892 0.9353947966322729
893 0.9943054938695397
894 0.7461689705665444
895 0.9894422533367635
896 0.9904515526176371
897 0.5206949296777573
898 0.9588168598513562
899 0.898241889060475
900 0.9924074424089253
901 0.6482905026705629
902 0.9918739334056856
903 0.9918093218754873
904 0.6879470143862093
905 0.7643081303173659
906 0.9940890459549557
907 0.892592508955788
908 0.6650852412024228
909 0.9379954398549497
910 0.8921742963662395
911 0.9931429991455627
912 0.9798517931515017
913 0.6919381561264639
914 0.9921902861007605
915 0.8360211730460846
916 0.9708986223652512
917 0.918803955916837
918 0.7498006311099673
919 0.9217547794182301
920 0.6262422280717483
921 0.9190118305943848
922 0.6662985520210793
923 0.9409740803544795
924 0.7943166008685395
925 0.970858310766301
926 0.9092545422958905
927 0.6465355659211047
928 0.9895541920116337
929 0.5704639549513881
930 0.5986450915641653
931 0.6808191061875132
932 0.9947318835920577
933 0.8854014777474093
934 0.9720032772050293
935 0.9944436426419363
936 0.9635226703463314
937 0.9048023107004255
938 0.5780720287142703
939 0.9815892634863639
940 0.9866926134283305
941 0.9901850160710077
942 0.9829579169158061
943 0.971218212592516
944 0.9251027083056851
945 0.8066614342280882
946 0.9246939373995356
947 0.9823842381318529
948 0.9783557774414761
949 0.9106298183871692
950 0.9905979746518985
951 0.9410890910790682
952 0.7093416957054418
953 0.9756197047657115
954 0.9926715980885381
955 0.9927446803429232
956 0.9798068276226368
957 0.9886873457867192
958 0.9137418814584952
959 0.9929551145147313
960 0.7673575102057744
961 0.9929010774854309
962 0.9830192982979709
963 0.9678843937456573
964 0.7662423459246916
965 0.7605500572660234
966 0.9835714290291351
967 0.9839476553096344
968 0.8722939742943523
969 0.9814691013853741
970 0.9958982828742198
971 0.9818355284282808
972 0.9199166727621445
973 0.9909233965869393
974 0.9795937662441153
975 0.9190544774431642
976 0.9043191165652547
977 0.9071681521501251
978 0.99007512511694
979 0.6022497966399615
980 0.7307889211489612
981 0.9531621374785358
982 0.5049877386356739
983 0.995198891073683
984 0.9842496707806708
985 0.9862194710120318
986 0.9354706325051098
987 0.5886197659611373
988 0.9851550431470866
989 0.9833869285676072
990 0.8800724521133598
991 0.9860093578696913
992 0.6790325935357324
993 0.9482910196085458
994 0.9890455252989028
995 0.991506164905773
996 0.9626172830272466
997 0.9730116222681928
998 0.9632530647503038
999 0.99172914074997
1000 0.9877453325715954
1001 0.9276330204366917
1002 0.9165035837057444
1003 0.637983371340662
1004 0.99364593076964
1005 0.7924743505485291
1006 0.9931253090756402
1007 0.7010715452237739
1008 0.8818479652115069
1009 0.7039466826011056
1010 0.9156276106425839
1011 0.5872116809825311
1012 0.818672379169155
1013 0.9933668512080387
1014 0.9835437686450449
1015 0.9448933940128378
1016 0.6944170054329573
1017 0.7774131986922946
1018 0.9883787629770834
1019 0.992124680463927
1020 0.8992132797327012
1021 0.9971582751128437
1022 0.9938289727621237
1023 0.8175174389204969
1024 0.9907311587801484
1025 0.8654659451408948
1026 0.8968556658564942
1027 0.7531901931090305
1028 0.814670842698557
1029 0.9916868919698401
1030 0.7993787607461671
1031 0.9813707754170825
1032 0.9512436155076502
1033 0.9132668705915791
1034 0.7178263216207262
1035 0.9142043022854632
1036 0.9052742181747575
1037 0.893399124574728
1038 0.9934739326992285
1039 0.8813111748060883
1040 0.5919518600136222
1041 0.9841932327031584
1042 0.6275120342528198
1043 0.817607072845529
1044 0.8293076075790728
1045 0.8063597909169423
1046 0.8693541985261678
1047 0.9222780523828485
1048 0.9804993886922311
1049 0.9888729046791147
1050 0.9720549954040664
1051 0.9919129774708279
1052 0.5280612261255204
1053 0.7042016929353876
1054 0.5941274914998004
1055 0.9121924370796632
1056 0.9865313843829208
1057 0.6906508287813377
1058 0.5796374001725834
1059 0.5478869666349825
1060 0.9414895991817139
1061 0.9578890978638328
1062 0.6878737269234658
1063 0.8701327340943711
1064 0.9761664211534182
1065 0.9938625910045418
1066 0.8675864965862785
1067 0.9922385683819315
1068 0.7644552513668269
1069 0.8666696586672584
1070 0.9891274067895589
1071 0.8609156789901427
1072 0.8856685621743755
1073 0.9252245211099124
1074 0.8241501900348118
1075 0.9979402909410083
1076 0.9987841400646941
1077 0.9987871141695083
1078 0.988335112235171
1079 0.7477466151104781
1080 0.9972121656971744
1081 0.9973067739931427
1082 0.7815772598781431
1083 0.9790743306609387
1084 0.6799346917640845
1085 0.52921637449749
1086 0.998475707108487
1087 0.9943632252599648
1088 0.5488157779407155
1089 0.9781288949670176
1090 0.9272555724174357
1091 0.9929643819416255
1092 0.5906348242681645
1093 0.9976172470553787
1094 0.9802516025979394
1095 0.9866275456378202
1096 0.7829439631447614
1097 0.9721114229733051
1098 0.990718446426363
1099 0.8736322198077264
1100 0.9985120288472967
1101 0.9903880629460066
1102 0.9947747187174959
1103 0.7184439042847042
1104 0.9978811260564494
1105 0.56690373438109
1106 0.9011681700157282
1107 0.8684087885106705
1108 0.8527771476111856
1109 0.8488175573366689
1110 0.9710045142000688
1111 0.6937768801869334
1112 0.9980478023109715
1113 0.9224985751401779
1114 0.8283801834269608
1115 0.8113151805678874
1116 0.992299191396146
1117 0.939105170393782
1118 0.9976323497150857
1119 0.7050342763638194
1120 0.8084188797722782
1121 0.627666300127126
1122 0.7373352206106709
1123 0.9296763174474171
1124 0.9932601197506029
1125 0.5282130163839684
1126 0.7781389995102774
1127 0.8478948783074344
1128 0.9251378079278252
1129 0.9168351177379396
1130 0.9727122322737456
1131 0.9872987811209282
1132 0.9980910893469194
1133 0.6030589408951945
1134 0.9961992746406925
1135 0.97279663525164
1136 0.9955426094333939
1137 0.9954522154030713
1138 0.8822638155417012
1139 0.9971825371836875
1140 0.997218332208148
1141 0.9904509788468749
1142 0.9984332614797724
1143 0.997229399506962
1144 0.989891101775962
1145 0.9885593376197257
1146 0.9944730249452314
1147 0.9942869816802492
1148 0.9972551312874548
1149 0.9854178309529001
1150 0.9966080676411926
1151 0.9343318459925664
1152 0.6194538990986066
1153 0.9086393417601808
1154 0.9974753237341322
1155 0.8752489023100443
1156 0.9973916756452603
1157 0.9958274744375413
1158 0.8462574827810229
1159 0.9731367491776234
1160 0.9905102592922749
1161 0.9866552483843436
1162 0.9977120254985645
1163 0.8886304085499961
1164 0.8751889874976074
1165 0.9975691786765072
1166 0.9963220336706788
1167 0.9820113681961868
1168 0.9328332922054814
1169 0.8654963856970029
1170 0.5841340078970774
1171 0.8724463222864203
1172 0.5480521491272196
1173 0.9887184905591768
1174 0.9982773512388148
1175 0.8756041652316505
1176 0.9243257950986459
1177 0.9903547744265164
1178 0.6338803331304579
1179 0.8664161156063513
1180 0.9837365353913745
1181 0.6745562116311179
1182 0.9980257348285849
1183 0.8330764781252714
1184 0.9825947672414587
1185 0.99719357609487
1186 0.9576160316432502
1187 0.9978726518957525
1188 0.9975473693874775
1189 0.529765490285983
1190 0.9908697260367637
1191 0.9933195528469819
1192 0.8973254484043656
1193 0.8508342014942197
1194 0.9945289991506877
1195 0.9970530245089687
1196 0.9349690488132144
1197 0.9311407191782638
1198 0.9949086828440208
1199 0.9424953255741265
1200 0.9425617098633269
1201 0.9849105772255387
1202 0.8112351958325532
1203 0.8379128172818504
1204 0.9681099510875387
1205 0.8244084487388638
1206 0.9856511473585344
1207 0.8153284794288344
1208 0.9480591432998341
1209 0.9931007664131339
1210 0.9945286138403293
1211 0.9963439624156714
1212 0.884681661930854
1213 0.9969265515981729
1214 0.5058039856500025
1215 0.9929275105906633
1216 0.7618359693869243
1217 0.9219855487032407
1218 0.9968072687270653
1219 0.9246080130696674
1220 0.9003940178823883
1221 0.910596314290128
1222 0.9340457889110879
1223 0.5573811695452701
1224 0.996673139700762
1225 0.9970460201818223
1226 0.5470404997413794
1227 0.9912784890252786
1228 0.9972437492471414
1229 0.9902445890054881
1230 0.9849012041969988
1231 0.995597505350215
1232 0.9965468324143515
1233 0.5425732652964161
1234 0.976454074348709
1235 0.9296582730562888
1236 0.6834703888338296
1237 0.9956477302026392
1238 0.9376883700881299
1239 0.9962706181331404
1240 0.7733020387498171
1241 0.7391975918435443
1242 0.7019680608700163
1243 0.5556723917075326
1244 0.8867121946521291
1245 0.9959517604568375
1246 0.9965149399642802
1247 0.9971328975016548
1248 0.8539526798920817
1249 0.6055712894368314
1250 0.7110536807277584
1251 0.8786808916584647
1252 0.9966794173581568
1253 0.9965707898764296
1254 0.8350233525824867
1255 0.7527954368052397
1256 0.9338848701369176
1257 0.5261666305515456
1258 0.5173738756781585
1259 0.9936320052478018
1260 0.9777366938782756
1261 0.9896469141242752
1262 0.9970506838612927
1263 0.9928425552776596
1264 0.7213431398797139
1265 0.8775011580306389
1266 0.9964687465125217
1267 0.7480121185980162
1268 0.806694024068954
1269 0.9963350358507131
1270 0.9063568082460883
1271 0.7429383312167204
1272 0.9861096002813572
1273 0.9908904867532391
1274 0.9946920647793562
1275 0.7897049392434929
1276 0.6608520240122535
1277 0.8526213421779208
1278 0.8226071452303795
1279 0.9324821316657322
1280 0.9040343408726549
1281 0.9951598171457873
1282 0.913615755644069
1283 0.6305675509206665
1284 0.9958919938720744
1285 0.6214875860390884
1286 0.9968588146649268
1287 0.9695355432030544
1288 0.9960434971812172
1289 0.9961519293129687
1290 0.9932119540455041
1291 0.9964312942970878
1292 0.909255805060907
1293 0.9941470805280433
1294 0.8798475202260623
1295 0.9258195456454298
1296 0.9463005000686019
1297 0.9970105705678294
1298 0.6885314111793961
1299 0.9972932118879133
1300 0.9151884158217659
1301 0.9719025361074632
1302 0.995525887066115
1303 0.7653742429494772
1304 0.945145546905346
1305 0.9029090603881352
1306 0.5107003904328169
1307 0.8466061320274928
1308 0.9291210528780701
1309 0.9971438281101002
1310 0.9927806879004822
1311 0.9005827654176869
1312 0.9854721739585136
1313 0.523432166684758
1314 0.8452540242898322
1315 0.9967021038179285
1316 0.9960994282096346
1317 0.9954805970062404
1318 0.9937345800514641
1319 0.993877398225942
1320 0.9919001730949686
1321 0.8313877468314419
1322 0.926989916340804
1323 0.95592841875528
1324 0.915637667503766
1325 0.786363780315589
1326 0.713330773835282
1327 0.9882096647694145
1328 0.8182548385363451
1329 0.9060460880840117
1330 0.6014296282380234
1331 0.9311241230400115
1332 0.9532901292373417
1333 0.9232520199659797
1334 0.9898734815920112
1335 0.9898827931558414
1336 0.885217538308483
1337 0.8702433808914594
1338 0.990698612291516
1339 0.8645247519879671
1340 0.8830527208123519
1341 0.6285099922840788
1342 0.9961121535276495
1343 0.8703224073302955
1344 0.9220466925249905
1345 0.94724973227205
1346 0.9306097368355429
1347 0.9942343002368321
1348 0.7975630782123554
1349 0.8389948651596926
1350 0.8495287220676896
1351 0.5545356044932533
1352 0.9838902260800836
1353 0.9865983145759182
1354 0.989531680675346
1355 0.5201206811102015
1356 0.9966137727648036
1357 0.989202959816448
1358 0.9956691216461206
1359 0.6658488868834563
1360 0.9596984200349802
1361 0.9889717813334586
1362 0.9915199691138993
1363 0.9506130025568826
1364 0.6703970660121394
1365 0.9957401416103091
1366 0.8720822812579349
1367 0.9483802476489553
1368 0.996767162327711
1369 0.8653413753567963
1370 0.9834502503358026
1371 0.5768064025058752
1372 0.6580713623792817
1373 0.5558426490052314
1374 0.5291642073796502
1375 0.9755794631682482
1376 0.9939722748685443
1377 0.9193051670579404
1378 0.8433914859020436
1379 0.9670287917276298
1380 0.9912734057771182
1381 0.9320819803039565
1382 0.8629374972754091
1383 0.9594622768406988
1384 0.996742842536993
1385 0.9647196862112303
1386 0.9965287124269903
1387 0.9734019884406221
1388 0.9961262740158185
1389 0.9785736726365606
1390 0.9847250383262425
1391 0.7846907784719066
1392 0.989669660293195
1393 0.8483714129899446
1394 0.8885182072919638
1395 0.861319154314115
1396 0.9824980846240082
1397 0.9693357654815974
1398 0.9116274234346718
1399 0.9575486139744454
1400 0.6073130086049437
1401 0.9843084041186021
1402 0.9930089712384281
1403 0.9334319833889302
1404 0.7946910290687547
1405 0.5842298743228963
1406 0.7790235667833442
1407 0.9929937736510484
1408 0.830351309486541
1409 0.9707617269062503
1410 0.827594514448377
1411 0.843659110462466
1412 0.9960967948064264
1413 0.722052697973608
1414 0.9947627102008391
1415 0.9961071012453234
1416 0.9813876094505034
1417 0.9196052073295687
1418 0.9162353759205595
1419 0.9891739097762907
1420 0.996166762252065
1421 0.985214700533007
1422 0.903745502597272
1423 0.7952249329858333
1424 0.9043283503873697
1425 0.5154952628945579
1426 0.8568745540520271
1427 0.9967772446271629
1428 0.9967357125216976
1429 0.5764278834986278
1430 0.9961272075551065
1431 0.9314608993285544
1432 0.7914268695035652
1433 0.9898842832644398
1434 0.8653173844441697
1435 0.9938091780847077
1436 0.9971124896535617
1437 0.7970265569491151
1438 0.9977219362181978
1439 0.8406883284437653
1440 0.9023325763130443
1441 0.9983141157064417
1442 0.9979186405009759
1443 0.6242574949918767
1444 0.8391285927203104
1445 0.8639060397830076
1446 0.9812199301737623
1447 0.9976524199222364
1448 0.9515729014076941
1449 0.9948346934685337
1450 0.6454653394855621
1451 0.9945797224263496
1452 0.9978556103650424
1453 0.5553989953090802
1454 0.9902233239642071
1455 0.7773670373372968
1456 0.8028866620828187
1457 0.6428792599599761
1458 0.9981629735924067
1459 0.9886280369102832
1460 0.9927030625936137
1461 0.8329508180777722
1462 0.5763620657620985
1463 0.9982224214837457
1464 0.7191612218541817
1465 0.508983310696807
1466 0.9981400913717086
1467 0.5297481668545078
1468 0.9966933223124103
1469 0.8557380772421149
1470 0.7448250966851783
1471 0.936594451604995
1472 0.9776417448947821
1473 0.617139780619152
1474 0.9975354939986907
1475 0.7354278292005827
1476 0.998180405917398
1477 0.9195600192799288
1478 0.8539076377458443
1479 0.8925116829813978
1480 0.9862169709986289
1481 0.8161901956676325
1482 0.9908114835306072
1483 0.9618480473550107
1484 0.9863438351978934
1485 0.9501824017155058
1486 0.9976699094250392
1487 0.8401831859966724
1488 0.9964601530704046
1489 0.998016199634001
1490 0.6337954049608682
1491 0.9979760462337242
1492 0.5505801420474792
1493 0.9883594002554867
1494 0.9917194328266987
1495 0.9969884825060048
1496 0.7317110411060124
1497 0.9972376237817394
1498 0.9971724230731129
1499 0.925064511700362
1500 0.9980401913800095
1501 0.8488790049751708
1502 0.9929017010708673
1503 0.6284779536854463
1504 0.9828562327824526
1505 0.7891428071851229
1506 0.9975924857018612
1507 0.7167645119975137
1508 0.9938151865495687
1509 0.9976128127650409
1510 0.9915842157758693
1511 0.583630372674973
1512 0.8556710114746902
1513 0.8783112148603271
1514 0.9939305528930369
1515 0.580004634771409
1516 0.994384174856381
1517 0.9690176877194135
1518 0.9981906968994886
1519 0.9309503214599414
1520 0.9889875170936457
1521 0.9141754001272393
1522 0.9938482528313851
1523 0.9979361888333048
1524 0.9977723315160901
1525 0.9944122500215176
1526 0.8930127960382189
1527 0.9458152676863893
1528 0.8852255898991267
1529 0.9934882840903725
1530 0.5058018274299471
1531 0.959659605120073
1532 0.9902870569035856
1533 0.9968103479277856
1534 0.997039170451489
1535 0.9971034049574806
1536 0.997262743629492
1537 0.9966360903965179
1538 0.9869313874950109
1539 0.9954037678509099
1540 0.9921283371257847
1541 0.9238480336713975
1542 0.7803650631336472
1543 0.9957129155451663
1544 0.937379323466128
1545 0.9885282782247808
1546 0.9594919518927858
1547 0.9960037674823599
1548 0.6495883941604924
1549 0.9941964417412025
1550 0.9946622726155312
1551 0.8212964337024516
1552 0.9327435058762286
1553 0.5997749240457184
1554 0.9976638201043659
1555 0.9728870255484487
1556 0.9494095510473768
1557 0.9967121212768004
1558 0.5244846089854991
1559 0.6822263098510636
1560 0.8174694234367975
1561 0.8344872081919391
1562 0.8633323287855601
1563 0.7711661407660728
1564 0.5616514157168183
1565 0.7236590907338286
1566 0.7882140785857047
1567 0.9933933500810356
1568 0.9962340955227535
1569 0.996980748506717
1570 0.9967657948361316
1571 0.9783865446419705
1572 0.9854867458160119
1573 0.8428170367010658
1574 0.7681687078725052
1575 0.6622611601607543
1576 0.9876522245064214
1577 0.9968606082693898
1578 0.9875122361776325
1579 0.996892149643451
1580 0.990801397483341
1581 0.9952598397477146
1582 0.9971082851239398
1583 0.9958683859808412
1584 0.9920686784420094
1585 0.9943836993096816
1586 0.7455952699240261
1587 0.889518449222231
1588 0.994592286617964
1589 0.8853712640312625
1590 0.9956467889951723
1591 0.6340131814260438
1592 0.9586188073437876
1593 0.8618356403065326
1594 0.9082611693914447
1595 0.9098709044697665
1596 0.9926849214190931
1597 0.9365061324031834
1598 0.7801114737928594
1599 0.9885428920344039
1600 0.9484805165351495
1601 0.9525179708831694
1602 0.9228569557229606
1603 0.755077725905911
1604 0.9951964229195067
1605 0.5064641685293352
1606 0.9081888609320504
1607 0.9298390591901746
1608 0.5134852464853356
1609 0.9914220924115844
1610 0.8527493655353873
1611 0.9084649303302336
1612 0.5602367845792434
1613 0.6793622546563473
1614 0.6784252827567943
1615 0.9654942181564529
1616 0.8924299899325221
1617 0.7135643771002355
1618 0.9895752400417573
1619 0.9974548802887225
1620 0.8922082914640272
1621 0.9919157181984614
1622 0.8812693964818881
1623 0.859049193029713
1624 0.9930763169856153
1625 0.9873015723651707
1626 0.9790616665452925
1627 0.7902740769872819
1628 0.669805209748784
1629 0.6580625881657789
1630 0.9865363189103027
1631 0.9805409944261101
1632 0.763466502254118
1633 0.9902196720369874
1634 0.5676818436913367
1635 0.9934728645388724
1636 0.9708062928603061
1637 0.987735853901173
1638 0.9539381437172815
1639 0.9695277292663594
1640 0.9191825855927547
1641 0.8619756512452165
1642 0.9050588144686642
1643 0.5126533465551716
1644 0.7202357262666814
1645 0.9752923783814407
1646 0.9845163708998826
1647 0.9947919472022944
1648 0.6822153145954352
1649 0.7926860523848415
1650 0.7365672774079751
1651 0.5331687914842989
1652 0.9189267848658381
1653 0.6108820605588722
1654 0.8924324170577761
1655 0.9937358791037796
1656 0.9818163917638351
1657 0.8491340764476535
1658 0.5063363421845911
1659 0.997954774001481
1660 0.9607620800426491
1661 0.9937970544739924
1662 0.5064720855801568
1663 0.9793673265894849
1664 0.9980476125054256
1665 0.8843641337301581
1666 0.9947889735459516
1667 0.9234379141028227
1668 0.9928722512274629
1669 0.9675892692654509
1670 0.9388442140330412
1671 0.9899367052134426
1672 0.9910761126351749
1673 0.5596009041459976
1674 0.8029218516610427
1675 0.9781361952748046
1676 0.9967143010623515
1677 0.9625697206762054
1678 0.9969308457080961
1679 0.7986779244129952
1680 0.7192526748042712
1681 0.9255172625808505
1682 0.7247359858985498
1683 0.6481312329456731
1684 0.996184081864323
1685 0.9943430524106259
1686 0.8622309099362309
1687 0.92616089731652
1688 0.9004545893786922
1689 0.5784633879394981
1690 0.991842916382923
1691 0.8768291019511474
1692 0.9307680513106577
1693 0.9963724464592262
1694 0.9958307536548667
1695 0.9940515019498768
1696 0.8748500823224608
1697 0.9003557499856342
1698 0.7495348422270958
1699 0.9966307498896716
1700 0.9207683825477648
1701 0.9964632848077939
1702 0.9931074040928305
1703 0.99481295703105
1704 0.992728799722605
1705 0.5341077353058952
1706 0.8034630324887281
1707 0.981081982615509
1708 0.9773362185641591
1709 0.9899397496178142
1710 0.6760039790660017
1711 0.7202758050915612
1712 0.7359050337475985
1713 0.9827938352090245
1714 0.9944375157208468
1715 0.8905965078048268
1716 0.9970432712715672
1717 0.6512455214959615
1718 0.9277636362645103
1719 0.9918661492078902
1720 0.995320482741683
1721 0.9942407939050447
1722 0.9399934689428606
1723 0.7652263910787275
1724 0.9869650147955115
1725 0.8457529854383006
1726 0.6635766860602348
1727 0.5646592874954333
1728 0.9892919047843306
1729 0.8084019459091206
1730 0.8147554895586298
1731 0.9953421150652351
1732 0.9292601108941609
1733 0.6222814950755017
1734 0.9868127201962441
1735 0.9895804378650737
1736 0.9907695897317731
1737 0.9693064427723932
1738 0.980552537565274
1739 0.8145926704946539
1740 0.9952103705424475
1741 0.8287249619964225
1742 0.9321629138405018
1743 0.8692540019401251
1744 0.6016114471289622
1745 0.7104492343606901
1746 0.9912095173275525
1747 0.9217845690317559
1748 0.5643581336265552
1749 0.978688974469773
1750 0.9322884545616631
1751 0.8593405766382185
1752 0.9958501893708872
1753 0.9965633853543687
1754 0.9911442235211696
1755 0.5549765479509046
1756 0.6008020403285179
1757 0.5266726550335461
1758 0.927455030807361
1759 0.9842776169956635
1760 0.8674446566574054
1761 0.9928746225620559
1762 0.8527476804336799
1763 0.9952588215966758
1764 0.6743267843722706
1765 0.9424845439167002
1766 0.9922811286595986
1767 0.8839955810686697
1768 0.9955532322286155
1769 0.9252306956879514
1770 0.8829701129820022
1771 0.9229860231815519
1772 0.8635989178919254
1773 0.5577340442525419
1774 0.9287091932913687
1775 0.8172902636904854
1776 0.8017667481358328
1777 0.8328161094588908
1778 0.6698510028439205
1779 0.9886563029029296
1780 0.9883762525382072
1781 0.7985802353538826
1782 0.7800388739654627
1783 0.7987518818428043
1784 0.6200413336088348
1785 0.9921460707132573
1786 0.9862500972531375
1787 0.9913768867590389
1788 0.9936143271023141
1789 0.9261468492121898
1790 0.9983056770399046
1791 0.9985660100246017
1792 0.8360322400375984
1793 0.9972119171315845
1794 0.9654969462658949
1795 0.6146460673381254
1796 0.8161481277826222
1797 0.9982776689857765
1798 0.9970738853232675
1799 0.6909151410501252
1800 0.5782570441047238
1801 0.9988990459776949
1802 0.997471922504771
1803 0.9807746725313784
1804 0.9614794777597827
1805 0.9468891187122737
1806 0.9634423454599286
1807 0.9303841784306033
1808 0.8784965270244077
1809 0.9978729262507859
1810 0.9609465401841117
1811 0.9972441082690864
1812 0.6744948502996415
1813 0.9330006872868847
1814 0.994151108792326
1815 0.8988416236144476
1816 0.9975946271932798
1817 0.9210725445298855
1818 0.9975469295547885
1819 0.5985159961358038
1820 0.9970403528957053
1821 0.9783234096266585
1822 0.9943192132073511
1823 0.9981736891614967
1824 0.9839854047444929
1825 0.9979405723997987
1826 0.7158764769256456
1827 0.9971605997138864
1828 0.9991071216571935
1829 0.9632344391507573
1830 0.9987401968341677
1831 0.9982350466257177
1832 0.6015061252504581
1833 0.9889747458695164
1834 0.9959604105468918
1835 0.9068413531269873
1836 0.7368995629195559
1837 0.8624040873042615
1838 0.9160951943321606
1839 0.9987535077745607
1840 0.8688462368316812
1841 0.9452352736596977
1842 0.9333054200342464
1843 0.9991075986467791
1844 0.996858333818442
1845 0.99794581343819
1846 0.8416440511212895
1847 0.6456331069586584
1848 0.9041215017003953
1849 0.9961082018904004
1850 0.984152789914147
1851 0.9975813506409654
1852 0.5729469436096112
1853 0.9953492548063507
1854 0.6520948611636127
1855 0.9921225744065764
1856 0.8600757226509492
1857 0.6969445399996107
1858 0.994641568334918
1859 0.995748443529295
1860 0.9910695439605978
1861 0.9911667969165078
1862 0.9979999416613757
1863 0.9357972985870909
1864 0.9986476457478812
1865 0.9708276858796301
1866 0.99706968961738
1867 0.9951187104463394
1868 0.9981242146011486
1869 0.5904969329085942
1870 0.9974797580547409
1871 0.9471892541874862
1872 0.79629662491385
1873 0.9330176882442682
1874 0.9955829188663341
1875 0.9986477933895022
1876 0.9078924152204886
1877 0.8854003201153365
1878 0.7902209217447884
1879 0.8863063454818194
1880 0.9981885946197789
1881 0.7879985810031965
1882 0.9900464595946294
1883 0.835137051992999
1884 0.9559346037997795
1885 0.9247284196949415
1886 0.9977002890312726
1887 0.9061104044898632
1888 0.8321277916040031
1889 0.9979002542047455
1890 0.9028275729355261
1891 0.888174080913284
1892 0.9979652253102209
1893 0.9926278844027111
1894 0.9980030592875276
1895 0.8828833777748171
1896 0.998867690084768
1897 0.6415295076099087
1898 0.9979655434661733
1899 0.983895584468968
1900 0.8115293684408006
1901 0.5553568189613761
1902 0.912739053348579
1903 0.9354028237377738
1904 0.7899128585843386
1905 0.9854383074730023
1906 0.9982391445872436
1907 0.9964195181495367
1908 0.9981003070255314
1909 0.9561478394676399
1910 0.8776249926202001
1911 0.9976625143490615
1912 0.9925129693816448
1913 0.7278556180934782
1914 0.5870794487383094
1915 0.6692560670291203
1916 0.998198679040203
1917 0.9871544786024459
1918 0.9985680346695683
1919 0.8461824588863684
1920 0.9973782845921692
1921 0.5129573931111201
1922 0.9943730276370485
1923 0.9972164168985633
1924 0.7108608902024308
1925 0.998122057602031
1926 0.9981259242213055
1927 0.9498548412343473
1928 0.6407439847267431
1929 0.9957721639251379
1930 0.9304690074903612
1931 0.9215168489361971
1932 0.9747709377080007
1933 0.9987710486042342
1934 0.9974941844311825
1935 0.9548887814268094
1936 0.9815847825585263
1937 0.9963979429345722
1938 0.9989261080903673
1939 0.8753378213236326
1940 0.8531095114723934
1941 0.989894981573562
1942 0.6330160345373721
1943 0.9985704657793686
1944 0.997507293776349
1945 0.994163916006586
1946 0.9912054701775597
1947 0.926827918150497
1948 0.8761191308532308
1949 0.5061618663404278
1950 0.9946085123697841
1951 0.758546614772135
1952 0.9407735961882945
1953 0.8843477085380078
1954 0.9980317568356872
1955 0.9987755253098327
1956 0.9978279035242301
1957 0.9452113533717306
1958 0.9556878840763756
1959 0.8183316020300843
1960 0.9961013153523107
1961 0.9886452183546873
1962 0.6453166009994464
1963 0.6451100507795094
1964 0.9982127629700679
1965 0.9984635599062542
1966 0.9347285021142226
1967 0.9446779596227343
1968 0.9480179725216517
1969 0.9825154400121106
1970 0.9980122693567565
1971 0.6828612199910508
1972 0.5284280709631081
1973 0.9126858922546218
1974 0.7963716491417822
1975 0.7430313265399997
1976 0.9977604584918918
1977 0.9975218512365499
1978 0.8684439711434909
1979 0.9805350277281291
1980 0.9988962320313014
1981 0.8604067477361369
1982 0.9965172325411248
1983 0.915575616477839
1984 0.8365630282611216
1985 0.5803596248254773
1986 0.9492452041132655
1987 0.9982215532291127
1988 0.8653379903306062
1989 0.992483279706999
1990 0.9639155114027705
1991 0.9974460242386385
1992 0.848999900315582
1993 0.9025380044042015
1994 0.8681183593827856
1995 0.997286482102743
1996 0.7638482930842995
1997 0.9934366871484215
1998 0.9985453339636168
1999 0.9968806584056004
2000 0.9540809552683539
2001 0.8706709855019199
2002 0.9726521116298223
2003 0.9562961292094615
2004 0.5136327488155481
2005 0.7389423125143143
2006 0.9241757961693304
2007 0.6685803617481366
2008 0.9835135676722133
2009 0.9978712549982898
2010 0.947359994424371
2011 0.8909588759403354
2012 0.9213340025844614
2013 0.9225540093191187
2014 0.6908932547488121
2015 0.9974444738818266
2016 0.9392920154951664
2017 0.8766380259205143
2018 0.9832040303085523
2019 0.6470712635122153
2020 0.9600593515219417
2021 0.9979713500036148
2022 0.9986445409408369
2023 0.9676817943869573
2024 0.5315306824760528
2025 0.9979685722574076
2026 0.9793057475053325
2027 0.9530558622326618
2028 0.9975885850481067
2029 0.9683458626053191
2030 0.930948321010659
2031 0.9929284846622211
2032 0.9975936866490506
2033 0.986237854097236
2034 0.9503147782960342
2035 0.8965718433163654
2036 0.9346636382731283
2037 0.9980284414552226
2038 0.9981683335674175
2039 0.9774171118316669
2040 0.9952653743797869
2041 0.9984259879144717
2042 0.5785058357884899
2043 0.9816078414215768
2044 0.6509988601117097
2045 0.5916238960769906
2046 0.9620091003208348
2047 0.9983866125972557
2048 0.9978214101474372
2049 0.7687541506040584
2050 0.9942077542385719
2051 0.948159297305865
2052 0.9837108249629047
2053 0.9980501945397886
2054 0.9972198976122074
2055 0.9948258624806271
2056 0.9982609313287841
2057 0.9568880637433663
2058 0.7432554377910897
2059 0.9972922105248034
2060 0.9950652259655405
2061 0.9951098323675258
2062 0.997782648038941
2063 0.9234883136283045
2064 0.8345236403110391
2065 0.8146342108286493
2066 0.978088107164964
2067 0.9259047864220113
2068 0.9979922328768939
2069 0.9231998430886168
2070 0.8209333725678141
2071 0.9984971197898046
2072 0.9973145518714527
2073 0.9849547156929785
2074 0.7630039555292214
2075 0.9166732730761703
2076 0.9976195332553632
2077 0.9858547771649288
2078 0.8819205417290746
2079 0.9928952268629507
2080 0.9987169998376703
2081 0.9969114334855004
2082 0.6444708184761317
2083 0.9906608997367086
2084 0.8617442028519395
2085 0.9866310839195501
2086 0.7063475623354922
2087 0.9959146894510874
2088 0.9975626111920057
2089 0.9955488954944899
2090 0.998040267507624
2091 0.9919535942093549
2092 0.7531546084737162
2093 0.7572111571112682
2094 0.9328518684030896
2095 0.9282414801904674
2096 0.8212924126159303
2097 0.6036620107443819
2098 0.9152155653383703
2099 0.98248410015745
2100 0.8549804789615147
2101 0.5728502709421815
2102 0.9920263321225127
2103 0.7539942265333077
2104 0.9976045076925286
2105 0.9952015736927491
2106 0.5168138660528946
2107 0.9978468435790798
2108 0.9973424737085461
2109 0.5476073497427357
2110 0.7758771818474605
2111 0.9982466142959805
2112 0.95807230968751
2113 0.9990288129271535
2114 0.9896638529745319
2115 0.995047004734068
2116 0.9973288167342218
2117 0.8682484142505972
2118 0.9291413132913291
2119 0.9986927911063022
2120 0.9298955328115156
2121 0.9934963221004662
2122 0.9972777168673097
2123 0.6470441752090798
2124 0.9276738945604998
2125 0.9973893096587035
2126 0.5446803992073281
2127 0.9909917903516346
2128 0.7264322839978318
2129 0.9591617078339649
2130 0.9948580979270935
2131 0.9945276495172386
2132 0.9977822182972792
2133 0.8852774621655006
2134 0.9975548464631301
2135 0.5684983934870972
2136 0.9978052043172387
2137 0.8937048942944691
2138 0.9914633463673963
2139 0.9782776814245163
2140 0.8520388452922271
2141 0.8054740839211093
2142 0.9943423122557744
2143 0.9979205382672427
2144 0.5443086404790153
2145 0.9982501526017125
2146 0.6033339269735185
2147 0.8967483238687445
2148 0.9991665211451511
2149 0.9954974760368875
2150 0.8921081976580887
2151 0.9975572431394976
2152 0.9836347538554733
2153 0.9589359406562799
2154 0.9986705002046488
2155 0.9314424117781531
2156 0.7083489480470723
2157 0.7683261161503602
2158 0.9978132538566655
2159 0.7153722057552285
2160 0.9968536105151429
2161 0.9973090071694329
2162 0.9969880315771215
2163 0.5755141051264582
2164 0.9981234207951899
2165 0.9896089755038683
2166 0.9970077240657567
2167 0.5925066544703513
2168 0.5239333821765769
2169 0.9795561157522921
2170 0.9864510843334503
2171 0.8978691184290907
2172 0.9989185060265346
2173 0.9881962616379754
2174 0.6325925921278879
2175 0.8593790697108395
2176 0.9990322133258085
2177 0.8445551118541955
2178 0.6538182493292553
2179 0.9897552365917874
2180 0.9922955366825789
2181 0.9895279614633191
2182 0.9711189375356013
2183 0.9696912216384197
2184 0.993668473752558
2185 0.9899037550419787
2186 0.9985120243279072
2187 0.9533983770022884
2188 0.9730536662944547
2189 0.9421918502539567
2190 0.5609759903908436
2191 0.9711013674541195
2192 0.9942304605333936
2193 0.9824580406248499
2194 0.982926375055489
2195 0.9846640725076967
2196 0.9987558275658777
2197 0.8875043972457234
2198 0.9718320469011497
2199 0.9925133474796869
2200 0.9075895363216504
2201 0.9927023262650914
2202 0.9519877540969202
2203 0.9716827464453676
2204 0.7910942059718822
2205 0.8777167003937515
2206 0.9876798404936423
2207 0.8687313764246621
2208 0.9583278048975459
2209 0.8633868439785972
2210 0.6982627096234569
2211 0.9392164551449775
2212 0.9328165335888905
2213 0.947414950587384
2214 0.952584853677971
2215 0.7611054326304778
2216 0.9505692872544923
2217 0.9975744331991707
2218 0.9889100379839606
2219 0.9684694136387153
2220 0.9975145210502169
2221 0.9958464462724312
2222 0.7048462627440751
2223 0.9949544086583598
2224 0.9742460448335395
2225 0.978028104953564
2226 0.9960281181941701
2227 0.9950290973553826
2228 0.8501817901992449
2229 0.9786439213225364
2230 0.7249072756710755
2231 0.8069084215177948
2232 0.9945802982409654
2233 0.9879223484811607
2234 0.9891711651945329
2235 0.9696711644812291
2236 0.9879504440565938
2237 0.561647241212902
2238 0.9322931712941722
2239 0.9870804880488013
2240 0.991327823038054
2241 0.9345200685020447
2242 0.8684028133699301
2243 0.7819448144699629
2244 0.5858616484111816
2245 0.6871082156250214
2246 0.8851132619150057
2247 0.9989596099150397
2248 0.9967406431698419
2249 0.8283908740458744
2250 0.9325099713121413
2251 0.8963248934156919
2252 0.8725899524232312
2253 0.9800975251211201
2254 0.9977563275226747
2255 0.9308031597202224
2256 0.9979597778531765
2257 0.9152953719802271
2258 0.9969427820094631
2259 0.979867572368307
2260 0.993311629005282
2261 0.9883518056046372
2262 0.9793825803688271
2263 0.9086202372436202
2264 0.9649082132870946
2265 0.6772500536720634
2266 0.6975916547183497
2267 0.9977862603036429
2268 0.9806206982625922
2269 0.9141811676527203
2270 0.9763739694511687
2271 0.9982533137688918
2272 0.9709832080785276
2273 0.9006414664652524
2274 0.9941675657326375
2275 0.5705009464965415
2276 0.9970887278532281
2277 0.5292089720496588
2278 0.9938590754657185
2279 0.9966356722769174
2280 0.606558212391932
2281 0.9977961857035219
2282 0.9870155668127055
2283 0.8750911779614138
2284 0.9980556863495836
2285 0.9973372335965947
2286 0.9685302195401955
2287 0.995990518673606
2288 0.870892942334389
2289 0.8859225369538475
2290 0.5173212403018852
2291 0.7615810703060512
2292 0.992618427091853
2293 0.8273258151389056
2294 0.9955956559300209
2295 0.9291771192004875
2296 0.7222354188409543
2297 0.9964368202444704
2298 0.9539803002383593
2299 0.9619975393460117
2300 0.9952446545241566
2301 0.9698482313674484
2302 0.7883273103008607
2303 0.9340964721003978
2304 0.5701105206398395
2305 0.8594499346551102
2306 0.8027742201664481
2307 0.9937304162595328
2308 0.969011289218635
2309 0.9843404931743431
2310 0.9108926187324743
2311 0.9932165821339292
2312 0.9409582373803315
2313 0.9918466561561858
2314 0.9962027263114427
2315 0.9849238586722445
2316 0.9256411769885475
2317 0.6284402945928442
2318 0.9784155801246558
2319 0.9978987261538109
2320 0.9970930619701471
2321 0.7416353203581552
2322 0.9674381130700637
2323 0.8871588863009309
2324 0.9974402300034761
2325 0.8745273103391252
2326 0.6824205943411908
2327 0.9960289970865317
2328 0.8824110619393429
2329 0.9974037998864375
2330 0.9906933402850558
2331 0.9221059937428101
2332 0.9921567327656029
2333 0.9967045519560376
2334 0.9886802695842914
2335 0.7126019039356818
2336 0.9112765059080558
2337 0.9868891397223761
2338 0.9943260397381487
2339 0.8423336285258444
2340 0.9356317666197299
2341 0.9082597810877789
2342 0.7694581442378284
2343 0.9956667725786486
2344 0.8193133048623842
2345 0.6389555828667204
2346 0.8991070195024319
2347 0.9945714092812733
2348 0.9625268257594477
2349 0.9983404519864579
2350 0.9207883557927918
2351 0.964157387429164
2352 0.67699965988171
2353 0.8533651730106144
2354 0.9247740568867309
2355 0.9076107786486846
2356 0.9917700103255846
2357 0.9115666539781307
2358 0.9723980372164279
2359 0.64669663641938
2360 0.9347394983980556
2361 0.9182208947261014
2362 0.9574011330337229
2363 0.9966191717265404
2364 0.9982297173316123
2365 0.9618661691399482
2366 0.9929774274018479
2367 0.7491680710932647
2368 0.9832989233963167
2369 0.9691614366067939
2370 0.9982346870010047
2371 0.6028923290354048
2372 0.996518783760443
2373 0.7517386557825023
2374 0.9152416481821342
2375 0.9738884648992047
2376 0.5265929070879449
2377 0.9940088805037758
2378 0.6830608898815985
2379 0.9775777230902755
2380 0.997107395225484
2381 0.9956533755183987
2382 0.9233127647166443
2383 0.9758388954470711
2384 0.5021097564473191
2385 0.9971145750205099
2386 0.5231782509205619
2387 0.9817797090197915
2388 0.6235730874359358
2389 0.6317002116828497
2390 0.6706241365223172
2391 0.9318107270179498
2392 0.9957846235664994
2393 0.8183859314924047
2394 0.8074543550602726
2395 0.9909978396427391
2396 0.9975420062553284
2397 0.9493790899254694
2398 0.984629409979798
2399 0.9976732251659458
2400 0.994623214769338
2401 0.996691432849432
2402 0.9466655334945829
2403 0.6266598660960785
2404 0.9968412886340968
2405 0.5694335996648956
2406 0.718317437114299
2407 0.6548296527429615
2408 0.9975630434281496
2409 0.9354291585271372
2410 0.869944443551398
2411 0.9982279169022636
2412 0.5014178706861068
2413 0.9728588029688192
2414 0.9976630315563291
2415 0.9372850930101945
2416 0.8136294417718776
2417 0.933716614354033
2418 0.5447759758029402
2419 0.6436996840436651
2420 0.9942483646441994
2421 0.9947151132348551
2422 0.9970886749870771
2423 0.9967454076348081
2424 0.9924719969452638
2425 0.7950503335282328
2426 0.9973443867855876
2427 0.9655735975919814
2428 0.8886376741249764
2429 0.9892087227445228
2430 0.8292108239227876
2431 0.9018644240984774
2432 0.9982263635537062
2433 0.6896378502255491
2434 0.9959585980905622
2435 0.9696398766018484
2436 0.996366695710666
2437 0.6181739322011716
2438 0.9951740345337331
2439 0.9937781404267464
2440 0.9269733135010302
2441 0.9826349399695047
2442 0.9966551054015423
2443 0.7916559966275177
2444 0.6849517533240235
2445 0.6491789086760384
2446 0.5899899709512352
2447 0.9940893434398383
2448 0.9932600660154607
2449 0.9612991934622617
2450 0.9139517397808438
2451 0.9844936931566333
2452 0.9973157247102034
2453 0.9634374978554046
2454 0.998224714082581
2455 0.9353336118402926
2456 0.993950482831935
2457 0.99532194621995
2458 0.9479480207029364
2459 0.9230506328576913
2460 0.9958962203520069
2461 0.9983748530043067
2462 0.9970430661815214
2463 0.9581382839620887
2464 0.9977940482675625
2465 0.9876189895429848
2466 0.5082285713795927
2467 0.7414861644736759
2468 0.920172662366059
2469 0.913518996256748
2470 0.997037514749016
2471 0.7980019381590541
2472 0.9969423916891456
2473 0.9484766110177789
2474 0.9966428867567981
2475 0.9620967361773456
2476 0.9965890944949976
2477 0.5982958207870479
2478 0.8943397886082168
2479 0.977667730125327
2480 0.9969286123863911
2481 0.7365844705917225
2482 0.9786101346519845
2483 0.8642944340159836
2484 0.9690965001850588
2485 0.9718417800449346
2486 0.8720026279421442
2487 0.960080991291005
2488 0.9291803140198238
2489 0.6767354731619358
2490 0.8706275123020776
2491 0.9119674111281154
2492 0.9974030462416764
2493 0.6133884727977211
2494 0.9931010516043851
2495 0.9409177597134393
2496 0.9938149540099247
2497 0.8410968717282308
2498 0.9968598744836458
2499 0.9981986126679383
2500 0.7919660542030142
2501 0.9964495782051178
2502 0.9630566082646623
2503 0.9958379028227576
2504 0.9936241806650711
2505 0.8808899588134764
2506 0.6746566976366636
2507 0.992570171356681
2508 0.507130761028794
2509 0.9913628233272892
2510 0.973903618497359
2511 0.7828873315761814
2512 0.9767091552616969
2513 0.7153927144969059
2514 0.9744587607617289
2515 0.7253855814224754
2516 0.9649087838096025
2517 0.9979934607031838
2518 0.996740612969027
2519 0.9010614257777095
2520 0.9972415294522033
2521 0.9974272601465906
2522 0.9250049594387332
2523 0.9968722992069327
2524 0.9957391610555502
2525 0.9085605425506653
2526 0.988868608588048
2527 0.9903345121098139
2528 0.9840463006801377
2529 0.965984164222164
2530 0.9962708280666431
2531 0.9958222013058422
2532 0.9961735640058574
2533 0.5605689216030949
2534 0.994916999422468
2535 0.9675120519362982
2536 0.6282395585314767
2537 0.9918388692562313
2538 0.9965302014953573
2539 0.9297713199064603
2540 0.8498766294837298
2541 0.8566839113458113
2542 0.998577887267893
2543 0.9769905736140413
2544 0.9284080969994105
2545 0.8806114489444964
2546 0.9932535016702074
2547 0.9962555935137177
2548 0.6784743541973959
2549 0.6520065313051265
2550 0.9197729826538065
2551 0.9165803789131006
2552 0.9655540680226599
2553 0.9890913450463873
2554 0.504548123542145
2555 0.9933317650308883
2556 0.8787413832329829
2557 0.9953715363807394
2558 0.996327514412329
2559 0.9401919143814664
2560 0.937587304421464
2561 0.6202188387365435
2562 0.9974698472250739
2563 0.9261804556134343
2564 0.8687857512409948
2565 0.9964937442410873
2566 0.9965737360680955
2567 0.9956575672753931
2568 0.9734538086456475
2569 0.9543704654363343
2570 0.9957028369755756
2571 0.933090259785565
2572 0.9976098798801936
2573 0.8481550303033193
2574 0.9960296772936326
2575 0.5851818740690576
2576 0.9119649629533431
2577 0.9977862824808575
2578 0.8779794041903884
2579 0.7737956677537624
2580 0.9323686328033973
2581 0.996426678407041
2582 0.9943154200755232
2583 0.9979110145950959
2584 0.9962232633438749
2585 0.9927724678928911
2586 0.9832094749450035
2587 0.9824203660987223
2588 0.9979923225026736
2589 0.8166019204319553
2590 0.992176564437733
2591 0.7899216038698441
2592 0.8271227970068424
2593 0.94780235091217
2594 0.9718253626932701
2595 0.9972422854550644
2596 0.9981566797225147
2597 0.9893660078433462
2598 0.636775170375884
2599 0.9714602807457838
2600 0.9926076178028164
2601 0.9961768098631228
2602 0.9036252507945797
2603 0.9714701742557689
2604 0.8574567552074779
2605 0.9963660711857621
2606 0.9974049757108496
2607 0.9973722936380176
2608 0.9975432520622048
2609 0.9229973990921932
2610 0.9969413812951813
2611 0.9832725434182169
2612 0.5009905327422617
2613 0.9956654509910248
2614 0.9734765180673179
2615 0.9979398211590886
2616 0.9265737277414761
2617 0.996956458520197
2618 0.9715977029732605
2619 0.9965945673184594
2620 0.6791562669818967
2621 0.9963668960092373
2622 0.9961607717683156
2623 0.9436321582123871
2624 0.8751524096795579
2625 0.9959204624208693
2626 0.9870897620503705
2627 0.9956518433157309
2628 0.9722412913676182
2629 0.9967084586451903
2630 0.5110283662864346
2631 0.9416977715156967
2632 0.9769574412854235
2633 0.9277296601161694
2634 0.9490509266932375
2635 0.6560611660598614
2636 0.9943653698610341
2637 0.9969230082783539
2638 0.9939471107928448
2639 0.9159391429585146
2640 0.9979621991389666
2641 0.973777457076039
2642 0.970959253085462
2643 0.6125634308078034
2644 0.9544897512668837
2645 0.9092450758002214
2646 0.5530072546260612
2647 0.9933060504332865
2648 0.9961983659147591
2649 0.9886782134561286
2650 0.9973743144440589
2651 0.8619255015931742
2652 0.996180549933085
2653 0.9962258808317012
2654 0.9965309476023166
2655 0.9423374470012067
2656 0.9975842710472557
2657 0.7983938966953482
2658 0.934075427469158
2659 0.9729629710585637
2660 0.9955606509847329
2661 0.9703661229111488
2662 0.901425120969088
2663 0.9919080609585985
2664 0.8988589443697232
2665 0.880125565995601
2666 0.9835103625658667
2667 0.9968133040194888
2668 0.9795532695487245
2669 0.9561685767331
2670 0.9971588481751728
2671 0.9937269712999526
2672 0.5018460490415957
2673 0.6265381616143819
2674 0.7613980575075294
2675 0.9870821531969002
2676 0.9827911848672248
2677 0.6910087508225543
2678 0.9504474651528747
2679 0.8833061916196975
2680 0.8959550572992909
2681 0.9398428828539103
2682 0.918831107285749
2683 0.6125461857223343
2684 0.9902462661660584
2685 0.9630077339999975
2686 0.9568278058187207
2687 0.9883858366935216
2688 0.9993539208399113
2689 0.9761932027511401
2690 0.9704250360848417
2691 0.9509732778412184
2692 0.9958547131208041
2693 0.9611940351548853
2694 0.660017365492826
2695 0.987880434482698
2696 0.5622359413956692
2697 0.974344355102317
2698 0.9016445916457348
2699 0.8740763970590298
2700 0.9504011915072595
2701 0.8860198922975491
2702 0.9965644626188082
2703 0.9969943435422511
2704 0.9958916894741099
2705 0.9977446531751468
2706 0.9958461270580439
2707 0.987276254527171
2708 0.5616456394972408
2709 0.9599706262220272
2710 0.6347734326125148
2711 0.9951745910849285
2712 0.997767182314418
2713 0.911004090100406
2714 0.994191341028931
2715 0.9480896042209592
2716 0.9506793990979111
2717 0.9570311590264993
2718 0.9379753664320772
2719 0.9940010377816354
2720 0.9938617562788482
2721 0.5346761683267675
2722 0.9958340762103424
2723 0.6788998543244356
2724 0.8113961500417813
2725 0.6411232560705741
2726 0.9948290593924087
2727 0.9891478995615961
2728 0.9309736112016915
2729 0.922017429897062
2730 0.9306311238234275
2731 0.9912798723668795
2732 0.9679073537066778
2733 0.9988979804657437
2734 0.9967540084014479
2735 0.6184614785459182
2736 0.9900846687924063
2737 0.9653580999760666
2738 0.6555875988602834
2739 0.9976921945438045
2740 0.8159907562486469
2741 0.9972131473145832
2742 0.9566685426026461
2743 0.9797696694168511
2744 0.9954912455644436
2745 0.7543608190927863
2746 0.6576699241185895
2747 0.9712861633041513
2748 0.9941023066123956
2749 0.723934521986097
2750 0.9976533789401518
2751 0.5644766275880259
2752 0.5460131342645285
2753 0.9988737808396142
2754 0.5135836971900416
2755 0.8119797904370295
2756 0.9853901912800556
2757 0.9971780861960696
2758 0.9618053781129667
2759 0.982569894940922
2760 0.9979201742170005
2761 0.8670967074210818
2762 0.9285121063548634
2763 0.9935625501908165
2764 0.994641213838612
2765 0.9970787402075246
2766 0.95347315259762
2767 0.9414727883291919
2768 0.9763490460047648
2769 0.9545600455777679
2770 0.9228490143678412
2771 0.8365743964659551
2772 0.585265022323024
2773 0.9868394338157412
2774 0.5404191032408322
2775 0.691203009478956
2776 0.9954677828526632
2777 0.9827789298818989
2778 0.7583304765620345
2779 0.9958169909067847
2780 0.7210166651657403
2781 0.9316872323378623
2782 0.9033325793652424
2783 0.9596276538832867
2784 0.8031275791231911
2785 0.6512347138040356
2786 0.9993028106052811
2787 0.9952029130620006
2788 0.7310542997857509
2789 0.9915345594392997
2790 0.9969595050083151
2791 0.8602481394086162
2792 0.9901697632239277
2793 0.8793179033119337
2794 0.6912293926407271
2795 0.9250856978394216
2796 0.6499266933045084
2797 0.9972615904418367
2798 0.9915217276434657
2799 0.9941771625308938
2800 0.9942101350636844
2801 0.9974902942494125
2802 0.9913220566267179
2803 0.561889245860521
2804 0.9843025189464851
2805 0.963040203846853
2806 0.9967928520774222
2807 0.9690076513161519
2808 0.9972861336018858
2809 0.9679242895809886
2810 0.9936055935055298
2811 0.9940718347949944
2812 0.8769290948994057
2813 0.9968944031894414
2814 0.997335227584088
2815 0.9969185704921321
2816 0.9867507706399061
2817 0.9986119495569605
2818 0.9972642282538249
2819 0.9925910754931271
2820 0.9975064758206121
2821 0.9951376357017939
2822 0.9079422586154434
2823 0.9931255010644151
2824 0.5868682244746147
2825 0.9962535995646404
2826 0.9768043484813501
2827 0.9088986507080735
2828 0.9950131998522127
2829 0.9981895770926836
2830 0.9921269609732252
2831 0.8616157990701023
2832 0.9958474260575513
2833 0.7429663658226519
2834 0.9977299716840867
2835 0.9832190947726923
2836 0.7917586077086503
2837 0.9144127053539551
2838 0.986290609852529
2839 0.9979949294458387
2840 0.8924786872698914
2841 0.9839778814482188
2842 0.9365421257025702
2843 0.9240976391518769
2844 0.9934230244406409
2845 0.9810082154181287
2846 0.9943375546510439
2847 0.9962406850938655
2848 0.7967709801423721
2849 0.99653098933207
2850 0.9760525441060736
2851 0.9975553407227493
2852 0.9860467743020399
2853 0.9574930424863473
2854 0.9879809784778898
2855 0.9458960697486999
2856 0.9972052053060517
2857 0.7924008728220325
2858 0.9642234935374212
2859 0.9863497061904967
2860 0.9936982961840227
2861 0.7745612099859146
2862 0.9744851739784213
2863 0.9940052822881326
2864 0.8629626556204498
2865 0.5491217749852535
2866 0.9991057208011495
2867 0.9268623706377197
2868 0.9951825504788235
2869 0.9969051702023417
2870 0.6380293920473913
2871 0.9706107868419246
2872 0.9664557840009613
2873 0.9918153438156471
2874 0.9882282465647504
2875 0.830751823211586
2876 0.65525014965077
2877 0.9852260369282462
2878 0.5030499137948288
2879 0.941704208192987
2880 0.97640178313876
2881 0.7459871698234105
2882 0.9604350215006936
2883 0.7837120505089602
2884 0.8618645184897922
2885 0.9679034221057538
2886 0.5101088137877201
2887 0.9947856916101668
2888 0.9032847261822883
2889 0.9944481802998323
2890 0.5374739927254378
2891 0.6353830828262015
2892 0.9832796860944539
2893 0.9776075116322498
2894 0.9965796061162245
2895 0.9966339780683562
2896 0.9691458154548075
2897 0.945884646808039
2898 0.7813743689764838
2899 0.9664336466302867
2900 0.926463193263299
2901 0.8947687873267267
2902 0.9956868859360667
2903 0.9314807955270789
2904 0.9904357289866187
2905 0.9990773762565976
2906 0.9980172859053918
2907 0.9422201651449273
2908 0.9862165443715641
2909 0.9879110606740822
2910 0.9325654301392083
2911 0.9290541227009967
2912 0.9517073726336445
2913 0.8540176183251781
2914 0.9892124347700266
2915 0.9885187990602385
2916 0.9946800939092815
2917 0.9937491580997971
2918 0.974435112408449
2919 0.937309725652801
2920 0.9419216274101404
2921 0.9943077193090957
2922 0.908580596140824
2923 0.8130508399686516
2924 0.9864927639803964
2925 0.6362443760975794
2926 0.9940045488543047
2927 0.9947696592480008
2928 0.9925861882988549
2929 0.7626347544437745
2930 0.971482537495561
2931 0.8997995987253845
2932 0.9886034040637056
2933 0.9496123115027367
2934 0.6034511830495426
2935 0.9902487157529078
2936 0.994783651469853
2937 0.9431958645499908
2938 0.585547336921613
2939 0.9832794549148396
2940 0.5496737691672229
2941 0.9198798915380286
2942 0.9904966737594229
2943 0.9977435089927986
2944 0.9580335455583163
2945 0.7224621064050231
2946 0.9751387001384239
2947 0.9050185059800803
2948 0.9842442236210545
2949 0.9920255251220362
2950 0.9941901818128606
2951 0.6758091293485192
2952 0.9332469481705308
2953 0.9623109722187886
2954 0.9982138606476245
2955 0.9179078959276934
2956 0.5692101522257468
2957 0.9914016159698629
2958 0.9842205755863126
2959 0.9132675289960301
2960 0.995034799148715
2961 0.9344318511567722
2962 0.9939043529850807
2963 0.8103368632030353
2964 0.9896374424744354
2965 0.9184544201620095
2966 0.9960384846833378
2967 0.6867566392044615
2968 0.9552621299184875
2969 0.9480346930331895
2970 0.9920532037221526
2971 0.9080658125916078
2972 0.9270140761504396
2973 0.985572932908371
2974 0.9707815760038657
2975 0.9854594754649669
2976 0.8493896776095136
2977 0.991028680876997
2978 0.8180803516012851
2979 0.8849823296238399
2980 0.9902620492927438
2981 0.6733159862804483
2982 0.9912551809311132
2983 0.8846740058054051
2984 0.9125970418056272
2985 0.6623007459902231
2986 0.9370393748462772
2987 0.9193423273981274
2988 0.6811800651219452
2989 0.9389485393774569
2990 0.5978977596026014
2991 0.9871479871980666
2992 0.9160489310785526
2993 0.7852192750842657
2994 0.9027915737340726
2995 0.9917364507622641
2996 0.9636715374082151
2997 0.6198162464663826
2998 0.99151525728033
2999 0.9564464813550791
3000 0.988502690430985
3001 0.9900676084378038
3002 0.9784311304888547
3003 0.9767519598874934
3004 0.9981192069419526
3005 0.7472596206375395
3006 0.9778583948171495
3007 0.9776746822038718
3008 0.9802205315811563
3009 0.9853138644761734
3010 0.9329807181010319
3011 0.9410264765587003
3012 0.571454921357384
3013 0.9325776127996722
3014 0.7980590957217909
3015 0.9865348449899171
3016 0.9804242095784161
3017 0.9819222890594411
3018 0.9806081673027319
3019 0.9498369982774313
3020 0.8642157270612327
3021 0.9784594828646193
3022 0.9096564959794811
3023 0.9380020637848611
3024 0.9710324041781531
3025 0.9012418002477922
3026 0.9650321353050386
3027 0.9730574094053652
3028 0.8878697632326049
3029 0.7267789846254068
3030 0.9257543963860586
3031 0.9827893306895811
3032 0.9300677451242598
3033 0.7011329995963244
3034 0.9783927939199045
3035 0.9979885636986531
3036 0.6260055555265764
3037 0.8498115149233407
3038 0.9695822988910686
3039 0.9842331761390747
3040 0.9843251542468328
3041 0.5730874233055255
3042 0.974870381591298
3043 0.7143454830816406
3044 0.9662417126240672
3045 0.5044387810878039
3046 0.9298806654595084
3047 0.9902261215566913
3048 0.7933491025502
3049 0.6026571321498794
3050 0.9544254897620721
3051 0.9785569271122991
3052 0.9905574799695783
3053 0.9895328109012322
3054 0.8655633579935211
3055 0.9008643432786816
3056 0.9977129052335916
3057 0.8844279074494495
3058 0.6882031348282549
3059 0.9812370764908673
3060 0.9574537191224018
3061 0.9515173043180034
3062 0.98739220552827
3063 0.9869209106136532
3064 0.523063581772757
3065 0.8709326130949602
3066 0.5880546067065487
3067 0.982007370656307
3068 0.7338194492451179
3069 0.5141846978390358
3070 0.9814178665778853
3071 0.9910429825521517
3072 0.9974894581753695
3073 0.9140251617504935
3074 0.9879860707366007
3075 0.7355445449551454
3076 0.9799471863584116
3077 0.5518975676286415
3078 0.9717739011225045
3079 0.9501890768510641
3080 0.9913796738095018
3081 0.9694182118011766
3082 0.5863358266014617
3083 0.9216171233405743
3084 0.854853356557875
3085 0.9890223339131585
3086 0.936698828628958
3087 0.9905427377108343
3088 0.674665087523466
3089 0.9046391565563657
3090 0.9823479795643282
3091 0.9192414646513886
3092 0.9278030533591825
3093 0.9701621409975453
3094 0.9811859375089724
3095 0.7105360541628046
3096 0.5630153781546218
3097 0.6706435556988198
3098 0.9642845015891341
3099 0.9506443978384013
3100 0.8944513997026662
3101 0.8992554463398507
3102 0.9130196552666973
3103 0.5775841927784783
3104 0.9818701039155451
3105 0.7711725696181444
3106 0.6109815621025341
3107 0.6268858422888753
3108 0.9774308830267088
3109 0.9753603261193488
3110 0.7759671191478552
3111 0.9840076019188759
3112 0.7215930671888604
3113 0.9778322950764474
3114 0.6841166520811951
3115 0.9879987007337512
3116 0.9615401831056275
3117 0.8711397113058467
3118 0.5534281209692987
3119 0.9203175710223765
3120 0.9533977103337066
3121 0.9731489489379432
3122 0.9213916480754575
3123 0.98004050669299
3124 0.5006967515393191
3125 0.764961282972501
3126 0.9727072767905929
3127 0.9255710254907831
3128 0.9561075020729434
3129 0.9439498410144582
3130 0.9229288278625117
3131 0.8223223582253468
3132 0.9783816848934076
3133 0.9788423751811185
3134 0.9333755236085218
3135 0.9637348911557063
3136 0.9806956192943052
3137 0.9855076722919998
3138 0.9924624957204111
3139 0.9887518386576528
3140 0.9225585098112811
3141 0.9359918112661815
3142 0.948265310434996
3143 0.9643715713293308
3144 0.8692239650070117
3145 0.9012111113165159
3146 0.9665401649912707
3147 0.9307500182916937
3148 0.9793855333479904
3149 0.9191175392154207
3150 0.8819038132326329
3151 0.9842420391541858
3152 0.9779070338561042
3153 0.88554551950588
3154 0.9793126986056527
3155 0.9157640000644516
3156 0.9845323199779401
3157 0.9460438943484764
3158 0.9088150245059898
3159 0.9913966838274542
3160 0.9865679952224293
3161 0.9318979203751725
3162 0.873610241969605
3163 0.8196192970807908
3164 0.9503712109707942
3165 0.9766139125623393
3166 0.6207838018516274
3167 0.9821683958257679
3168 0.5701935770383367
3169 0.8401472534031121
3170 0.9823170300860707
3171 0.9611936997178138
3172 0.8953459402403231
3173 0.9469862836978431
3174 0.9570071854081393
3175 0.8704509435332497
3176 0.9292341781816361
3177 0.9755797747805227
3178 0.858586844087502
3179 0.9606404536035169
3180 0.9556309909650365
3181 0.9818296254937885
3182 0.992880345312277
3183 0.6628936045047094
3184 0.9060648324745927
3185 0.9764547001389811
3186 0.9441384124046291
3187 0.9423980979038401
3188 0.7947849608152724
3189 0.9728462439000086
3190 0.8407825960479258
3191 0.9623923489013202
3192 0.9780962526104552
3193 0.7022947425108175
3194 0.961235273468888
3195 0.9286703112028386
3196 0.9862905253698215
3197 0.9795160298066937
3198 0.5491746372259685
3199 0.9407406785830174
3200 0.9809614418677027
3201 0.9780263075142885
3202 0.611993689038786
3203 0.5151381414648063
3204 0.9498098040953341
3205 0.8918858352288098
3206 0.9575315661410112
3207 0.9824405344665739
3208 0.9478770245140732
3209 0.9470143638504185
3210 0.6732082762805515
3211 0.9768579573431404
3212 0.5600933589101712
3213 0.6529005648129445
3214 0.9001308361694625
3215 0.9766636122289651
3216 0.9607012416493859
3217 0.9847628070939075
3218 0.8959121773477575
3219 0.9982515840726639
3220 0.9228694224290438
3221 0.9982608681172804
3222 0.9993142006090863
3223 0.9378007477813332
3224 0.9982744188554684
3225 0.9989385966592551
3226 0.9990721207565189
3227 0.9986621248718704
3228 0.944345788550627
3229 0.8630908721724305
3230 0.9989412369745837
3231 0.9977412669377638
3232 0.9629884645133535
3233 0.9989003790561047
3234 0.963643981344085
3235 0.9828273403366834
3236 0.7334460389129787
3237 0.9977003946364457
3238 0.99890423469419
3239 0.89625628218912
3240 0.9640447357224597
3241 0.5407729857665272
3242 0.9987131979870079
3243 0.9505633094128819
3244 0.6620487087573299
3245 0.9987214834894088
3246 0.9588286883774358
3247 0.9311468225294274
3248 0.9659338407268221
3249 0.9683866771297839
3250 0.7209448990376697
3251 0.9741619647968816
3252 0.8667086415949821
3253 0.9955422787630462
3254 0.9990766897189544
3255 0.9998520458932051
3256 0.621970208650745
3257 0.9954325944221357
3258 0.989889978778739
3259 0.986285231653577
3260 0.9828305386263093
3261 0.5621882763795967
3262 0.985922499057058
3263 0.9001749827731237
3264 0.991075067601664
3265 0.9552337419650223
3266 0.9698413869995395
3267 0.5477529174124609
3268 0.9358694235292528
3269 0.6195493719255448
3270 0.531736314624045
3271 0.9751079847360079
3272 0.9832494829798792
3273 0.986450912228989
3274 0.9978022017945193
3275 0.5903260556541396
3276 0.5341578933598627
3277 0.9719320915467067
3278 0.9470896152892275
3279 0.9814549509377978
3280 0.9981999785019388
3281 0.9983878139180934
3282 0.7220866695428045
3283 0.9628216649292929
3284 0.9741484227339642
3285 0.9982105585222206
3286 0.9856367286731996
3287 0.9929840383240153
3288 0.9793860547961943
3289 0.66832403310541
3290 0.9973968838305591
3291 0.9974092104621785
3292 0.7225664035342247
3293 0.9981032140006079
3294 0.999853488776153
3295 0.9990992540449714
3296 0.5875534129448052
3297 0.9834636124188793
3298 0.9952352963347458
3299 0.9687533886048882
3300 0.9504423035143794
3301 0.9463863439623338
3302 0.8653024519794817
3303 0.9954910270232088
3304 0.8997883834535134
3305 0.9968471998015378
3306 0.9900302818180126
3307 0.9747861776601421
3308 0.5276727786734321
3309 0.7473348868194516
3310 0.9635319696386037
3311 0.96306927403252
3312 0.9887060598384166
3313 0.9915773874066367
3314 0.9982884430706602
3315 0.9806514501869378
3316 0.9476525410599931
3317 0.9766746172930976
3318 0.9555900701224438
3319 0.9935012574957103
3320 0.9985344614361413
3321 0.9983318534039012
3322 0.99985723709012
3323 0.9982848821979756
3324 0.9978692887473711
3325 0.8185607165663078
3326 0.8921510576761326
3327 0.6060594813559322
3328 0.9967742956578991
3329 0.999335865883968
3330 0.9913634212747314
3331 0.8098273373895358
3332 0.9771389049579093
3333 0.9684504512463027
3334 0.9587478532143051
3335 0.9165600318868521
3336 0.9974768717176751
3337 0.8652006295509175
3338 0.9991105030574005
3339 0.9530487962517961
3340 0.9498428340956554
3341 0.9693602007855842
3342 0.9969889858714167
3343 0.9622548226072597
3344 0.5862767493997859
3345 0.9975671687204006
3346 0.9530625603659483
3347 0.9930124852324876
3348 0.9990305485924216
3349 0.9122097256222998
3350 0.9979162939622939
3351 0.8626676338446134
3352 0.9532981269458791
3353 0.9982789788114356
3354 0.8288561776167124
3355 0.9386744267078135
3356 0.9931630894073123
3357 0.9984415899333688
3358 0.9990183554391411
3359 0.99825443621436
3360 0.9147565598615676
3361 0.983094193785802
3362 0.8196130744417702
3363 0.9443674256387559
3364 0.9982181491414014
3365 0.5388278197254891
3366 0.9932305389548991
3367 0.9843601569753778
3368 0.9144012423924829
3369 0.8122616191601495
3370 0.9984535998948185
3371 0.9644714439772699
3372 0.9994972989507059
3373 0.9876444882930723
3374 0.9617125662125019
3375 0.7112904412004836
3376 0.9972327516915229
3377 0.5951465265881765
3378 0.9972499666185585
3379 0.6634698313395553
3380 0.9862490867622997
3381 0.9912756405342792
3382 0.5300079345560513
3383 0.9977314083720927
3384 0.9020077461054824
3385 0.8330040344121291
3386 0.9342983636910163
3387 0.972880021281569
3388 0.9843491579611175
3389 0.9971460404154194
3390 0.9899446257017829
3391 0.9974591671007879
3392 0.9972987778379379
3393 0.6838184454072411
3394 0.9947353322270167
3395 0.9520179592642403
3396 0.982157609920804
3397 0.9938454458724847
3398 0.7689425212424081
3399 0.9293593898913808
3400 0.9984708945383715
3401 0.6169023592122773
3402 0.9985568323605213
3403 0.9495348158795233
3404 0.7152784904945383
3405 0.9976638676683708
3406 0.9936601522062685
3407 0.9153551646202717
3408 0.9987135104648344
3409 0.5195404965425011
3410 0.8588928775000082
3411 0.720787748233141
3412 0.535818498661053
3413 0.9981906049337251
3414 0.9729332152067562
3415 0.5141675844242561
3416 0.9545632599074415
3417 0.9980492788677947
3418 0.9585321241031305
3419 0.5899264789492468
3420 0.9540964165536964
3421 0.9975246316559526
3422 0.9397521008656589
3423 0.9943181216587085
3424 0.9974052996585014
3425 0.9588793142455392
3426 0.9771205437327217
3427 0.8678978905252493
3428 0.9966357115986442
3429 0.9947250184876628
3430 0.9965479905787201
3431 0.9879666681388614
3432 0.9858729184991998
3433 0.9331932452885501
3434 0.9040852718638845
3435 0.9969320097250071
3436 0.9969760098477342
3437 0.9258631535700176
3438 0.9397338629046441
3439 0.9422405691488285
3440 0.974523163732783
3441 0.9975179028605481
3442 0.9966628657648249
3443 0.9940754238011985
3444 0.9977860040896913
3445 0.9461281165775371
3446 0.9868736290233108
3447 0.8733380068976222
3448 0.9975035945640659
3449 0.9966006695004415
3450 0.9969607984740421
3451 0.925471885039602
3452 0.9972522295600944
3453 0.9862090890508188
3454 0.9347184840711963
3455 0.9449946969537272
3456 0.8924826128996933
3457 0.9966905285167741
3458 0.6079112154743201
3459 0.8837551704797602
3460 0.9935436486237313
3461 0.9954442592790271
3462 0.8750767826413299
3463 0.9306247765047655
3464 0.9603362682959976
3465 0.9641055702993226
3466 0.7192219265047516
3467 0.9215022767828169
3468 0.9968895717954509
3469 0.934671331908356
3470 0.9197310126840039
3471 0.939481659084615
3472 0.9943489311841597
3473 0.922686049084256
3474 0.9939267665254893
3475 0.9942661027507175
3476 0.9393166839835465
3477 0.9941266205446788
3478 0.842259408990878
3479 0.7824453380045786
3480 0.9549558997325208
3481 0.9869577888865735
3482 0.9941139463271239
3483 0.8925054747853663
3484 0.5717579333876726
3485 0.9936347922194164
3486 0.9941798486562236
3487 0.9857581109274236
3488 0.8410565140001903
3489 0.9795796587814354
3490 0.5970382844303181
3491 0.9095254566833498
3492 0.9869763505373668
3493 0.9882729148794346
3494 0.9961146391419667
3495 0.9747823262827655
3496 0.9774593140048522
3497 0.9948340737218314
3498 0.991863594193468
3499 0.9946740182651904
3500 0.8281252409368214
3501 0.9863061820033234
3502 0.984618489816232
3503 0.9308803595270498
3504 0.9859800623464816
3505 0.9936097901640486
3506 0.9624789522288923
3507 0.8127149022841572
3508 0.9467215446140481
3509 0.8985856388585891
3510 0.9962175721982651
3511 0.982377910434851
3512 0.9037534324722615
3513 0.9866178039215676
3514 0.9961254843155019
3515 0.749524167054346
3516 0.9814303564062989
3517 0.561001349244697
3518 0.929523072427175
3519 0.9877883125154838
3520 0.9966407773252073
3521 0.9939508794458292
3522 0.9498347292459624
3523 0.9524260415468245
3524 0.9269617372397974
3525 0.9535643735539252
3526 0.9499845382291535
3527 0.6542717212127782
3528 0.6965153338287668
3529 0.5497381884705504
3530 0.9660474160429827
3531 0.9228466720525568
3532 0.9531933139431474
3533 0.9664726318311793
3534 0.9525092909891397
3535 0.9972463569815135
3536 0.9843255379625664
3537 0.990766026475848
3538 0.9453534090763406
3539 0.9200227020955362
3540 0.9592515775815793
3541 0.9067909106339355
3542 0.9348047727552592
3543 0.5049549053759288
3544 0.7579525046649004
3545 0.9956813153160624
3546 0.9967628834001012
3547 0.9775576315623814
3548 0.9884046222411862
3549 0.9841748079454332
3550 0.9261276562774375
3551 0.8830837272687454
3552 0.9532138248934781
3553 0.8170904472782442
3554 0.6846779771968933
3555 0.9932316319859865
3556 0.973163756887328
3557 0.9809035915813237
3558 0.9956222135742917
3559 0.9957080841784818
3560 0.5966485495814097
3561 0.9243594938402795
3562 0.9779115544203948
3563 0.9799615132705015
3564 0.975257072125316
3565 0.8680685607352372
3566 0.981253624938586
3567 0.9788489403486845
3568 0.9325728004358926
3569 0.9751356168336267
3570 0.947703638871041
3571 0.9603803046972861
3572 0.5783249510356683
