0 1.0
1 0.5
2 0.3333333333333333
3 0.25
4 0.2
5 0.3333333333333333
6 0.2857142857142857
7 0.25
8 0.3333333333333333
9 0.4
10 0.45454545454545453
11 0.5
12 0.5384615384615384
13 0.5
14 0.5333333333333333
15 0.5
16 0.47058823529411764
17 0.5
18 0.5263157894736842
19 0.5
20 0.5238095238095238
21 0.5454545454545454
22 0.5217391304347826
23 0.5
24 0.48
25 0.5
26 0.48148148148148145
27 0.5
28 0.4827586206896552
29 0.4666666666666667
30 0.45161290322580644
31 0.4375
32 0.45454545454545453
33 0.47058823529411764
34 0.4857142857142857
35 0.4722222222222222
36 0.4594594594594595
37 0.4473684210526316
38 0.4358974358974359
39 0.45
40 0.4634146341463415
41 0.4523809523809524
42 0.46511627906976744
43 0.45454545454545453
44 0.4444444444444444
45 0.43478260869565216
46 0.44680851063829785
47 0.4375
48 0.42857142857142855
49 0.44
50 0.45098039215686275
51 0.4423076923076923
52 0.4528301886792453
53 0.4444444444444444
54 0.45454545454545453
55 0.4642857142857143
56 0.47368421052631576
57 0.46551724137931033
58 0.4745762711864407
59 0.48333333333333334
60 0.47540983606557374
61 0.46774193548387094
62 0.47619047619047616
63 0.46875
64 0.46153846153846156
65 0.45454545454545453
66 0.4626865671641791
67 0.47058823529411764
68 0.463768115942029
69 0.4714285714285714
70 0.4788732394366197
71 0.4722222222222222
72 0.4794520547945205
73 0.4864864864864865
74 0.48
75 0.4868421052631579
76 0.4935064935064935
77 0.5
78 0.5063291139240507
79 0.5125
80 0.5185185185185185
81 0.524390243902439
82 0.5180722891566265
83 0.5238095238095238
84 0.5294117647058824
85 0.5348837209302325
86 0.5287356321839081
87 0.5227272727272727
88 0.5280898876404494
89 0.5333333333333333
90 0.5384615384615384
91 0.532608695652174
92 0.5376344086021505
93 0.5425531914893617
94 0.5473684210526316
95 0.5416666666666666
96 0.5463917525773195
97 0.5408163265306123
98 0.5454545454545454
99 0.55
100 0.5445544554455446
101 0.5392156862745098
102 0.5339805825242718
103 0.5384615384615384
104 0.5428571428571428
105 0.5377358490566038
106 0.5420560747663551
107 0.5462962962962963
108 0.5504587155963303
109 0.5545454545454546
110 0.5585585585585585
111 0.5625
112 0.5575221238938053
113 0.5526315789473685
114 0.5565217391304348
115 0.5517241379310345
116 0.5555555555555556
117 0.5508474576271186
118 0.5462184873949579
119 0.55
120 0.5537190082644629
121 0.5491803278688525
122 0.5528455284552846
123 0.5564516129032258
124 0.56
125 0.5634920634920635
126 0.5669291338582677
127 0.5703125
128 0.5736434108527132
129 0.5769230769230769
130 0.5801526717557252
131 0.5757575757575758
132 0.5714285714285714
133 0.5746268656716418
134 0.5703703703703704
135 0.5735294117647058
136 0.5693430656934306
137 0.572463768115942
138 0.5755395683453237
139 0.5714285714285714
140 0.5673758865248227
141 0.5633802816901409
142 0.5664335664335665
143 0.5694444444444444
144 0.5724137931034483
145 0.5753424657534246
146 0.5714285714285714
147 0.5675675675675675
148 0.5704697986577181
149 0.5733333333333334
150 0.5695364238410596
151 0.5723684210526315
152 0.5686274509803921
153 0.5714285714285714
154 0.567741935483871
155 0.5705128205128205
156 0.5732484076433121
157 0.569620253164557
158 0.5723270440251572
159 0.575
160 0.5714285714285714
161 0.5740740740740741
162 0.5766871165644172
163 0.5792682926829268
164 0.5757575757575758
165 0.572289156626506
166 0.5748502994011976
167 0.5714285714285714
168 0.5739644970414202
169 0.5764705882352941
170 0.5789473684210527
171 0.5755813953488372
172 0.5780346820809249
173 0.5747126436781609
174 0.5714285714285714
175 0.5738636363636364
176 0.5706214689265536
177 0.5730337078651685
178 0.5698324022346368
179 0.5666666666666667
180 0.569060773480663
181 0.5659340659340659
182 0.5683060109289617
183 0.5652173913043478
184 0.5675675675675675
185 0.5698924731182796
186 0.5668449197860963
187 0.5691489361702128
188 0.5714285714285714
189 0.5684210526315789
190 0.5654450261780105
191 0.5677083333333334
192 0.5699481865284974
193 0.5670103092783505
194 0.5692307692307692
195 0.5714285714285714
196 0.5685279187817259
197 0.5707070707070707
198 0.5728643216080402
199 0.575
200 0.5771144278606966
201 0.5792079207920792
202 0.5812807881773399
203 0.5833333333333334
204 0.5853658536585366
205 0.5825242718446602
206 0.5845410628019324
207 0.5865384615384616
208 0.5885167464114832
209 0.5857142857142857
210 0.5876777251184834
211 0.589622641509434
212 0.5868544600938967
213 0.5841121495327103
214 0.586046511627907
215 0.5833333333333334
216 0.5852534562211982
217 0.5825688073394495
218 0.5844748858447488
219 0.5863636363636363
220 0.5882352941176471
221 0.5900900900900901
222 0.5919282511210763
223 0.59375
224 0.5911111111111111
225 0.588495575221239
226 0.5903083700440529
227 0.5921052631578947
228 0.5895196506550219
229 0.591304347826087
230 0.5887445887445888
231 0.5905172413793104
232 0.5879828326180258
233 0.5854700854700855
234 0.5829787234042553
235 0.5847457627118644
236 0.5864978902953587
237 0.5882352941176471
238 0.5857740585774058
239 0.5875
240 0.5892116182572614
241 0.5909090909090909
242 0.588477366255144
243 0.5860655737704918
244 0.5877551020408164
245 0.5894308943089431
246 0.5910931174089069
247 0.5887096774193549
248 0.5863453815261044
249 0.584
250 0.5856573705179283
251 0.5873015873015873
252 0.5889328063241107
253 0.5905511811023622
254 0.592156862745098
255 0.58984375
256 0.5914396887159533
257 0.5891472868217055
258 0.5907335907335908
259 0.5884615384615385
260 0.5862068965517241
261 0.583969465648855
262 0.5817490494296578
263 0.5795454545454546
264 0.5811320754716981
265 0.5827067669172933
266 0.5842696629213483
267 0.585820895522388
268 0.587360594795539
269 0.5888888888888889
270 0.5904059040590406
271 0.5919117647058824
272 0.5897435897435898
273 0.5912408759124088
274 0.5927272727272728
275 0.5905797101449275
276 0.592057761732852
277 0.5935251798561151
278 0.5913978494623656
279 0.5928571428571429
280 0.594306049822064
281 0.5957446808510638
282 0.5971731448763251
283 0.5985915492957746
284 0.5964912280701754
285 0.5979020979020979
286 0.5958188153310104
287 0.5972222222222222
288 0.5986159169550173
289 0.596551724137931
290 0.5945017182130584
291 0.5958904109589042
292 0.5938566552901023
293 0.5952380952380952
294 0.5932203389830508
295 0.5912162162162162
296 0.5892255892255892
297 0.5906040268456376
298 0.5919732441471572
299 0.59
300 0.5913621262458472
301 0.5894039735099338
302 0.5907590759075908
303 0.5921052631578947
304 0.5934426229508196
305 0.5915032679738562
306 0.5895765472312704
307 0.5909090909090909
308 0.5922330097087378
309 0.5935483870967742
310 0.594855305466238
311 0.5961538461538461
312 0.597444089456869
313 0.5955414012738853
314 0.5936507936507937
315 0.5949367088607594
316 0.5962145110410094
317 0.5974842767295597
318 0.5987460815047022
319 0.6
320 0.6012461059190031
321 0.6024844720496895
322 0.6006191950464397
323 0.6018518518518519
324 0.6
325 0.598159509202454
326 0.599388379204893
327 0.5975609756097561
328 0.5957446808510638
329 0.5969696969696969
330 0.595166163141994
331 0.5963855421686747
332 0.5975975975975976
333 0.5988023952095808
334 0.6
335 0.6011904761904762
336 0.6023738872403561
337 0.6035502958579881
338 0.6017699115044248
