0 0.0
1 0.0
2 0.3333333333333333
3 0.5
4 0.6
5 0.5
6 0.42857142857142855
7 0.5
8 0.5555555555555556
9 0.5
10 0.45454545454545453
11 0.5
12 0.5384615384615384
13 0.5
14 0.5333333333333333
15 0.5625
16 0.5882352941176471
17 0.5555555555555556
18 0.5789473684210527
19 0.6
20 0.6190476190476191
21 0.6363636363636364
22 0.6521739130434783
23 0.6666666666666666
24 0.64
25 0.6538461538461539
26 0.6666666666666666
27 0.6428571428571429
28 0.6551724137931034
29 0.6666666666666666
30 0.6774193548387096
31 0.6875
32 0.696969696969697
33 0.7058823529411765
34 0.7142857142857143
35 0.7222222222222222
36 0.7027027027027027
37 0.6842105263157895
38 0.6666666666666666
39 0.675
40 0.6829268292682927
41 0.6904761904761905
42 0.6744186046511628
43 0.6590909090909091
44 0.6666666666666666
45 0.6739130434782609
46 0.6595744680851063
47 0.6458333333333334
48 0.6530612244897959
49 0.66
50 0.6666666666666666
51 0.6538461538461539
52 0.6415094339622641
53 0.6481481481481481
54 0.6545454545454545
55 0.6607142857142857
56 0.6666666666666666
57 0.6724137931034483
58 0.6779661016949152
59 0.6833333333333333
60 0.6721311475409836
61 0.6774193548387096
62 0.6666666666666666
63 0.671875
64 0.676923076923077
65 0.6818181818181818
66 0.6865671641791045
67 0.6911764705882353
68 0.6811594202898551
69 0.6857142857142857
70 0.676056338028169
71 0.6805555555555556
72 0.6712328767123288
73 0.6621621621621622
74 0.6666666666666666
75 0.6578947368421053
76 0.6623376623376623
77 0.6666666666666666
78 0.6582278481012658
79 0.6625
80 0.654320987654321
81 0.6585365853658537
82 0.6626506024096386
83 0.6666666666666666
84 0.6705882352941176
85 0.6744186046511628
86 0.6781609195402298
87 0.6818181818181818
88 0.6853932584269663
89 0.6777777777777778
90 0.6813186813186813
91 0.6847826086956522
92 0.6881720430107527
93 0.6914893617021277
94 0.6842105263157895
95 0.6875
96 0.6804123711340206
97 0.673469387755102
98 0.6767676767676768
99 0.68
100 0.6732673267326733
101 0.6764705882352942
102 0.6699029126213593
103 0.6730769230769231
104 0.6666666666666666
105 0.6698113207547169
106 0.6635514018691588
107 0.6666666666666666
108 0.6697247706422018
109 0.6727272727272727
110 0.6666666666666666
111 0.6607142857142857
112 0.6637168141592921
113 0.6578947368421053
114 0.6521739130434783
115 0.646551724137931
116 0.6410256410256411
117 0.6440677966101694
118 0.6386554621848739
119 0.6416666666666667
120 0.6363636363636364
121 0.6311475409836066
122 0.6341463414634146
123 0.6370967741935484
124 0.64
125 0.6428571428571429
126 0.6456692913385826
127 0.640625
128 0.6434108527131783
129 0.6384615384615384
130 0.6335877862595419
131 0.6363636363636364
132 0.6390977443609023
133 0.6343283582089553
134 0.6370370370370371
135 0.6397058823529411
136 0.6423357664233577
137 0.6376811594202898
138 0.6402877697841727
139 0.6428571428571429
140 0.6382978723404256
141 0.6408450704225352
142 0.6363636363636364
143 0.6319444444444444
144 0.6344827586206897
145 0.636986301369863
146 0.6394557823129252
147 0.6418918918918919
148 0.6442953020134228
149 0.64
150 0.6423841059602649
151 0.6447368421052632
152 0.6470588235294118
153 0.6493506493506493
154 0.6451612903225806
155 0.6410256410256411
156 0.643312101910828
157 0.6455696202531646
158 0.6477987421383647
159 0.64375
160 0.6459627329192547
161 0.6481481481481481
162 0.6503067484662577
163 0.6524390243902439
164 0.6545454545454545
165 0.6566265060240963
166 0.6526946107784432
167 0.6547619047619048
168 0.6568047337278107
169 0.6588235294117647
170 0.6549707602339181
171 0.6569767441860465
172 0.653179190751445
173 0.6551724137931034
174 0.6514285714285715
175 0.6477272727272727
176 0.6497175141242938
177 0.6460674157303371
178 0.6480446927374302
179 0.6444444444444445
180 0.6464088397790055
181 0.6483516483516484
182 0.6502732240437158
183 0.6467391304347826
184 0.6486486486486487
185 0.6505376344086021
186 0.6470588235294118
187 0.6436170212765957
188 0.6455026455026455
189 0.6421052631578947
190 0.643979057591623
191 0.640625
192 0.6373056994818653
193 0.634020618556701
194 0.6358974358974359
195 0.6377551020408163
196 0.6345177664974619
197 0.6363636363636364
198 0.6331658291457286
199 0.635
200 0.6318407960199005
201 0.6287128712871287
202 0.6305418719211823
203 0.6274509803921569
204 0.6292682926829268
205 0.6262135922330098
206 0.6280193236714976
207 0.6298076923076923
208 0.631578947368421
209 0.6333333333333333
210 0.6303317535545023
211 0.6273584905660378
212 0.6244131455399061
213 0.6214953271028038
214 0.6232558139534884
215 0.6203703703703703
216 0.6221198156682027
217 0.6238532110091743
218 0.6210045662100456
219 0.6227272727272727
220 0.6244343891402715
221 0.6261261261261262
222 0.6278026905829597
223 0.6294642857142857
224 0.6266666666666667
225 0.6283185840707964
226 0.6299559471365639
227 0.631578947368421
228 0.6331877729257642
229 0.6304347826086957
230 0.6320346320346321
231 0.6293103448275862
232 0.630901287553648
233 0.6324786324786325
234 0.6340425531914894
235 0.635593220338983
236 0.6371308016877637
237 0.6386554621848739
238 0.6401673640167364
239 0.6416666666666667
240 0.6431535269709544
241 0.6446280991735537
242 0.6419753086419753
243 0.6434426229508197
244 0.6408163265306123
245 0.6422764227642277
246 0.6437246963562753
247 0.6451612903225806
248 0.6465863453815262
249 0.648
250 0.6454183266932271
251 0.6428571428571429
252 0.6403162055335968
253 0.6417322834645669
254 0.6431372549019608
255 0.640625
256 0.6381322957198443
257 0.6395348837209303
258 0.640926640926641
259 0.6423076923076924
260 0.6436781609195402
261 0.6450381679389313
262 0.6425855513307985
263 0.6439393939393939
264 0.6452830188679245
265 0.6428571428571429
266 0.6441947565543071
267 0.6455223880597015
268 0.6431226765799256
269 0.6407407407407407
270 0.6383763837638377
271 0.6397058823529411
272 0.6373626373626373
273 0.635036496350365
274 0.6327272727272727
275 0.6340579710144928
276 0.6353790613718412
277 0.6330935251798561
278 0.6344086021505376
279 0.6357142857142857
280 0.6370106761565836
281 0.6347517730496454
282 0.6360424028268551
283 0.6338028169014085
284 0.6350877192982456
285 0.6363636363636364
286 0.6341463414634146
287 0.6354166666666666
288 0.6366782006920415
289 0.6344827586206897
290 0.6357388316151202
291 0.636986301369863
292 0.6382252559726962
293 0.6360544217687075
294 0.6372881355932203
295 0.6385135135135135
296 0.6363636363636364
297 0.6375838926174496
298 0.6387959866220736
299 0.64
300 0.6411960132890365
301 0.6423841059602649
302 0.6435643564356436
303 0.6447368421052632
304 0.6459016393442623
305 0.6437908496732027
306 0.6449511400651465
307 0.6461038961038961
308 0.6440129449838188
309 0.6419354838709678
310 0.639871382636656
311 0.6378205128205128
312 0.6389776357827476
313 0.6369426751592356
314 0.638095238095238
315 0.6392405063291139
316 0.6403785488958991
317 0.6415094339622641
318 0.6426332288401254
319 0.64375
320 0.6448598130841121
321 0.6428571428571429
322 0.6439628482972136
323 0.6450617283950617
324 0.6461538461538462
325 0.647239263803681
326 0.6452599388379205
327 0.6463414634146342
328 0.6474164133738601
329 0.6454545454545455
330 0.6465256797583081
331 0.6445783132530121
332 0.6456456456456456
333 0.6467065868263473
334 0.6477611940298508
335 0.6488095238095238
336 0.6468842729970327
337 0.6449704142011834
338 0.6460176991150443
339 0.6470588235294118
340 0.6480938416422287
341 0.6491228070175439
342 0.6501457725947521
343 0.6482558139534884
344 0.6492753623188405
345 0.6502890173410405
346 0.6484149855907781
347 0.6494252873563219
348 0.6504297994269341
349 0.6514285714285715
350 0.6524216524216524
351 0.6534090909090909
352 0.6543909348441926
353 0.652542372881356
354 0.6535211267605634
355 0.6544943820224719
356 0.6526610644257703
357 0.6536312849162011
358 0.6518105849582173
359 0.65
360 0.6509695290858726
361 0.649171270718232
362 0.650137741046832
363 0.6510989010989011
364 0.6493150684931507
365 0.6475409836065574
366 0.6485013623978202
367 0.6467391304347826
368 0.6476964769647696
369 0.6486486486486487
370 0.6495956873315364
371 0.6505376344086021
372 0.6514745308310992
373 0.6497326203208557
374 0.6506666666666666
375 0.648936170212766
376 0.649867374005305
377 0.6507936507936508
378 0.6517150395778364
379 0.65
380 0.6509186351706037
381 0.6518324607329843
382 0.6527415143603134
383 0.6536458333333334
384 0.6519480519480519
385 0.6528497409326425
386 0.6537467700258398
387 0.6520618556701031
388 0.6503856041131105
389 0.6487179487179487
390 0.649616368286445
391 0.6505102040816326
392 0.6513994910941476
393 0.6522842639593909
394 0.6531645569620254
395 0.6515151515151515
396 0.6523929471032746
397 0.6532663316582915
398 0.6541353383458647
399 0.655
400 0.655860349127182
401 0.6567164179104478
402 0.6575682382133995
403 0.6584158415841584
404 0.6592592592592592
405 0.6576354679802956
406 0.6584766584766585
407 0.6568627450980392
408 0.6577017114914425
409 0.6560975609756098
410 0.6545012165450121
411 0.6553398058252428
412 0.6561743341404358
413 0.6545893719806763
414 0.655421686746988
415 0.65625
416 0.657074340527578
417 0.6578947368421053
418 0.6587112171837709
419 0.6571428571428571
420 0.6579572446555819
421 0.6563981042654028
422 0.6572104018912529
423 0.6580188679245284
424 0.6564705882352941
425 0.6572769953051644
426 0.65807962529274
427 0.6565420560747663
428 0.655011655011655
429 0.6534883720930232
430 0.654292343387471
431 0.6550925925925926
432 0.6558891454965358
433 0.6543778801843319
434 0.6551724137931034
435 0.6536697247706422
436 0.6544622425629291
437 0.6552511415525114
438 0.6537585421412301
439 0.6545454545454545
440 0.655328798185941
441 0.6538461538461539
442 0.654627539503386
443 0.6554054054054054
444 0.6539325842696629
445 0.6547085201793722
446 0.6554809843400448
447 0.65625
448 0.6547884187082406
449 0.6555555555555556
450 0.6541019955654102
451 0.6526548672566371
452 0.6512141280353201
453 0.6519823788546255
454 0.6505494505494506
455 0.6513157894736842
456 0.6520787746170679
457 0.6506550218340611
458 0.6514161220043573
459 0.6521739130434783
460 0.6507592190889371
461 0.6515151515151515
462 0.652267818574514
463 0.6508620689655172
464 0.6516129032258065
465 0.6502145922746781
466 0.6488222698072805
467 0.6495726495726496
468 0.650319829424307
469 0.648936170212766
470 0.6475583864118896
471 0.6461864406779662
472 0.6469344608879493
473 0.6476793248945147
474 0.6484210526315789
475 0.6470588235294118
476 0.6477987421383647
477 0.6485355648535565
478 0.6492693110647182
479 0.65
480 0.6486486486486487
481 0.6493775933609959
482 0.6480331262939959
483 0.6466942148760331
484 0.6474226804123712
485 0.6460905349794238
486 0.6468172484599589
487 0.6475409836065574
488 0.6462167689161554
489 0.6469387755102041
490 0.6456211812627292
491 0.6463414634146342
492 0.6470588235294118
493 0.6477732793522267
494 0.6464646464646465
495 0.6471774193548387
496 0.647887323943662
497 0.6485943775100401
498 0.6492985971943888
499 0.648
500 0.6487025948103793
501 0.649402390438247
502 0.6500994035785288
503 0.6507936507936508
504 0.6514851485148515
505 0.650197628458498
506 0.650887573964497
507 0.6515748031496063
508 0.650294695481336
509 0.6509803921568628
510 0.649706457925636
511 0.650390625
512 0.6491228070175439
513 0.6498054474708171
514 0.6504854368932039
515 0.6492248062015504
516 0.6479690522243714
517 0.6486486486486487
518 0.6473988439306358
519 0.6480769230769231
520 0.6487523992322457
521 0.6494252873563219
522 0.6481835564053537
523 0.648854961832061
524 0.6476190476190476
525 0.6482889733840305
526 0.6489563567362429
527 0.6496212121212122
528 0.6483931947069943
529 0.6471698113207547
530 0.647834274952919
531 0.6484962406015038
532 0.649155722326454
533 0.649812734082397
534 0.6504672897196262
535 0.6511194029850746
536 0.6517690875232774
537 0.6524163568773235
538 0.6530612244897959
539 0.6537037037037037
540 0.6524953789279113
541 0.6512915129151291
542 0.6519337016574586
543 0.6507352941176471
544 0.6495412844036698
545 0.6501831501831502
546 0.6508226691042047
547 0.6496350364963503
548 0.6502732240437158
549 0.6509090909090909
550 0.6515426497277677
551 0.6521739130434783
552 0.650994575045208
553 0.6516245487364621
554 0.6504504504504505
555 0.6492805755395683
556 0.6499102333931778
557 0.6505376344086021
558 0.6511627906976745
559 0.6517857142857143
560 0.6506238859180036
561 0.6512455516014235
562 0.650088809946714
563 0.650709219858156
564 0.6513274336283186
565 0.6519434628975265
566 0.6507936507936508
567 0.6514084507042254
568 0.6520210896309314
569 0.6508771929824562
570 0.649737302977233
571 0.6503496503496503
572 0.6509598603839442
573 0.6515679442508711
574 0.6504347826086957
575 0.6510416666666666
576 0.6499133448873483
577 0.6505190311418685
578 0.6511226252158895
579 0.6517241379310345
580 0.6523235800344234
581 0.6529209621993127
582 0.6535162950257289
583 0.6523972602739726
584 0.652991452991453
585 0.6518771331058021
586 0.6507666098807495
587 0.6496598639455783
588 0.6502546689303905
589 0.6508474576271186
590 0.6514382402707276
591 0.652027027027027
592 0.6509274873524452
593 0.6515151515151515
594 0.6521008403361345
595 0.6510067114093959
596 0.6499162479061976
597 0.6488294314381271
598 0.6494156928213689
599 0.6483333333333333
600 0.6472545757071547
601 0.6478405315614618
602 0.648424543946932
603 0.6490066225165563
604 0.6495867768595042
605 0.6485148514851485
606 0.6474464579901154
607 0.6480263157894737
608 0.6486042692939245
609 0.6491803278688525
610 0.6497545008183306
611 0.6486928104575164
612 0.6492659053833605
613 0.6482084690553745
614 0.6471544715447154
615 0.6477272727272727
616 0.646677471636953
617 0.6456310679611651
618 0.6462035541195477
619 0.6451612903225806
620 0.6457326892109501
621 0.6463022508038585
622 0.6468699839486356
623 0.6474358974358975
624 0.6464
625 0.646964856230032
626 0.6475279106858054
627 0.6480891719745223
628 0.6486486486486487
629 0.6492063492063492
630 0.6497622820919176
631 0.6503164556962026
632 0.65086887835703
633 0.6514195583596214
634 0.6503937007874016
635 0.6509433962264151
636 0.6514913657770801
637 0.6520376175548589
638 0.651017214397496
639 0.6515625
640 0.6521060842433697
641 0.6526479750778816
642 0.6516329704510109
643 0.6521739130434783
644 0.6527131782945736
645 0.653250773993808
646 0.652241112828439
647 0.6527777777777778
648 0.6533127889060092
649 0.6523076923076923
650 0.65284178187404
651 0.651840490797546
652 0.6523736600306279
653 0.6529051987767585
654 0.6534351145038167
655 0.6539634146341463
656 0.654490106544901
657 0.6550151975683891
658 0.65402124430956
659 0.6545454545454545
660 0.6550680786686838
661 0.6555891238670695
662 0.6561085972850679
663 0.6566265060240963
664 0.6571428571428571
665 0.6561561561561562
666 0.656671664167916
667 0.657185628742515
668 0.656203288490284
669 0.6567164179104478
670 0.6572280178837556
671 0.6577380952380952
672 0.6582466567607727
673 0.658753709198813
674 0.6592592592592592
675 0.658284023668639
676 0.6573116691285081
677 0.6578171091445427
678 0.6568483063328424
679 0.6573529411764706
680 0.657856093979442
681 0.658357771260997
682 0.6588579795021962
683 0.6593567251461988
684 0.6583941605839416
685 0.6588921282798834
686 0.6579330422125182
687 0.6584302325581395
688 0.6589259796806967
689 0.6579710144927536
690 0.658465991316932
691 0.6589595375722543
692 0.6594516594516594
693 0.659942363112392
694 0.660431654676259
695 0.6609195402298851
696 0.6614060258249641
697 0.66189111747851
698 0.6623748211731044
699 0.6628571428571428
700 0.6633380884450785
701 0.6623931623931624
702 0.662873399715505
703 0.6619318181818182
704 0.6624113475177305
705 0.6628895184135978
706 0.6633663366336634
707 0.6638418079096046
708 0.6643159379407616
709 0.6647887323943662
