0 0.7915891328619278
1 0.7915891328619278
2 0.7915891328619278
3 0.7915891328619278
4 0.7915891328619278
5 0.7915891328619278
6 0.7915891328619278
7 0.7915891328619278
8 0.7915891328619278
9 0.7915891328619278
10 0.7915891328619278
11 0.7919612951246744
12 0.7919612951246744
13 0.7919612951246744
14 0.7919612951246744
15 0.7919612951246744
16 0.793077781912914
17 0.793077781912914
18 0.793077781912914
19 0.7927056196501675
20 0.7927056196501675
21 0.7927056196501675
22 0.7927056196501675
23 0.7927056196501675
24 0.7927056196501675
25 0.7897283215481951
26 0.7897283215481951
27 0.7919612951246744
28 0.7919612951246744
29 0.7919612951246744
30 0.7919612951246744
31 0.7919612951246744
32 0.7919612951246744
33 0.7919612951246744
34 0.7934499441756606
35 0.7934499441756606
36 0.7934499441756606
37 0.7934499441756606
38 0.7927056196501675
39 0.7908448083364347
40 0.7908448083364347
41 0.7908448083364347
42 0.7908448083364347
43 0.7908448083364347
44 0.7904726460736882
45 0.7908448083364347
46 0.7908448083364347
47 0.7908448083364347
48 0.7908448083364347
49 0.7908448083364347
50 0.7908448083364347
51 0.7908448083364347
52 0.7908448083364347
53 0.7912169705991813
54 0.7912169705991813
55 0.7912169705991813
56 0.7912169705991813
57 0.7912169705991813
58 0.7912169705991813
59 0.7915891328619278
60 0.7915891328619278
61 0.7915891328619278
62 0.7915891328619278
63 0.7923334573874209
64 0.7923334573874209
65 0.7923334573874209
66 0.7923334573874209
67 0.7915891328619278
68 0.7915891328619278
69 0.7915891328619278
70 0.7915891328619278
71 0.7915891328619278
72 0.7915891328619278
73 0.7915891328619278
74 0.7912169705991813
75 0.7912169705991813
76 0.7912169705991813
77 0.7912169705991813
78 0.7912169705991813
79 0.7912169705991813
80 0.7912169705991813
81 0.7912169705991813
82 0.7912169705991813
83 0.7912169705991813
84 0.7912169705991813
85 0.7912169705991813
86 0.7912169705991813
87 0.7897283215481951
88 0.7897283215481951
89 0.7897283215481951
90 0.7897283215481951
91 0.7897283215481951
92 0.7897283215481951
93 0.7897283215481951
94 0.7897283215481951
95 0.7897283215481951
96 0.7897283215481951
97 0.7897283215481951
98 0.7897283215481951
99 0.7897283215481951
100 0.7897283215481951
101 0.7897283215481951
102 0.7897283215481951
103 0.7897283215481951
104 0.7897283215481951
105 0.7886118347599553
106 0.7886118347599553
107 0.7893561592854484
108 0.7893561592854484
109 0.7893561592854484
110 0.7893561592854484
111 0.7893561592854484
112 0.7893561592854484
113 0.7889839970227019
114 0.7889839970227019
115 0.7886118347599553
116 0.7886118347599553
117 0.7886118347599553
118 0.7886118347599553
119 0.7886118347599553
120 0.7886118347599553
121 0.7886118347599553
122 0.7886118347599553
123 0.7886118347599553
124 0.7889839970227019
125 0.7889839970227019
126 0.7889839970227019
127 0.7889839970227019
128 0.7889839970227019
129 0.7889839970227019
130 0.786378861183476
131 0.786378861183476
132 0.7874953479717157
133 0.7874953479717157
134 0.7874953479717157
135 0.7886118347599553
136 0.7886118347599553
137 0.7886118347599553
138 0.7886118347599553
139 0.7886118347599553
140 0.7886118347599553
141 0.7886118347599553
142 0.7901004838109416
143 0.7886118347599553
144 0.7886118347599553
145 0.7893561592854484
146 0.7893561592854484
147 0.7893561592854484
148 0.7893561592854484
149 0.7893561592854484
150 0.7893561592854484
151 0.7893561592854484
152 0.7893561592854484
153 0.7889839970227019
154 0.7889839970227019
155 0.7889839970227019
156 0.7889839970227019
157 0.7889839970227019
158 0.7889839970227019
159 0.7889839970227019
160 0.7889839970227019
161 0.7889839970227019
162 0.7889839970227019
163 0.7889839970227019
164 0.7889839970227019
165 0.7882396724972088
166 0.7882396724972088
167 0.7882396724972088
168 0.7882396724972088
169 0.7886118347599553
170 0.7886118347599553
171 0.7878675102344622
172 0.7882396724972088
173 0.7882396724972088
174 0.7882396724972088
175 0.7882396724972088
176 0.7878675102344622
177 0.7878675102344622
178 0.7878675102344622
179 0.7860066989207294
180 0.7856345366579829
181 0.7856345366579829
182 0.7856345366579829
183 0.7856345366579829
184 0.7856345366579829
185 0.7856345366579829
186 0.7852623743952363
187 0.7852623743952363
188 0.7852623743952363
189 0.7848902121324898
190 0.7848902121324898
191 0.7848902121324898
192 0.7845180498697432
193 0.7845180498697432
194 0.7845180498697432
195 0.7845180498697432
196 0.7845180498697432
197 0.7845180498697432
198 0.7845180498697432
199 0.7852623743952363
200 0.78377372534425
201 0.78377372534425
202 0.78377372534425
203 0.78377372534425
204 0.7826572385560104
205 0.7826572385560104
206 0.7819129140305173
207 0.7811685895050242
208 0.7811685895050242
209 0.7811685895050242
210 0.7811685895050242
211 0.7811685895050242
212 0.7811685895050242
213 0.7811685895050242
214 0.7811685895050242
215 0.7804242649795311
216 0.7804242649795311
217 0.7804242649795311
218 0.7804242649795311
219 0.7804242649795311
220 0.7804242649795311
221 0.7804242649795311
222 0.7804242649795311
223 0.7804242649795311
224 0.7804242649795311
225 0.7804242649795311
226 0.7804242649795311
227 0.7804242649795311
228 0.7800521027167845
229 0.7800521027167845
230 0.7800521027167845
231 0.7800521027167845
232 0.7800521027167845
233 0.7800521027167845
234 0.7800521027167845
235 0.7800521027167845
236 0.7800521027167845
237 0.7800521027167845
238 0.7800521027167845
239 0.777074804614812
240 0.777074804614812
241 0.777074804614812
242 0.777074804614812
243 0.777074804614812
244 0.777074804614812
245 0.777074804614812
246 0.777074804614812
247 0.777074804614812
248 0.7800521027167845
249 0.7800521027167845
250 0.779679940454038
251 0.7811685895050242
252 0.7811685895050242
253 0.7811685895050242
254 0.7811685895050242
255 0.7811685895050242
256 0.7811685895050242
257 0.7826572385560104
258 0.7826572385560104
259 0.7826572385560104
260 0.7826572385560104
261 0.7826572385560104
262 0.7826572385560104
263 0.7826572385560104
264 0.7834015630815035
265 0.7834015630815035
266 0.7834015630815035
267 0.7834015630815035
268 0.7834015630815035
269 0.7834015630815035
270 0.7834015630815035
271 0.7834015630815035
272 0.7834015630815035
273 0.7834015630815035
274 0.7834015630815035
275 0.7834015630815035
276 0.7834015630815035
277 0.7830294008187569
278 0.7830294008187569
279 0.7830294008187569
280 0.7830294008187569
281 0.7830294008187569
282 0.7830294008187569
283 0.7830294008187569
284 0.78377372534425
285 0.78377372534425
286 0.78377372534425
287 0.78377372534425
288 0.78377372534425
289 0.7841458876069967
290 0.7841458876069967
291 0.7841458876069967
292 0.7841458876069967
293 0.7848902121324898
294 0.7848902121324898
295 0.7848902121324898
296 0.7848902121324898
297 0.7860066989207294
298 0.7860066989207294
299 0.7834015630815035
300 0.7834015630815035
301 0.7834015630815035
302 0.7834015630815035
303 0.7841458876069967
304 0.7841458876069967
305 0.7841458876069967
306 0.7841458876069967
307 0.7841458876069967
308 0.7841458876069967
309 0.7841458876069967
310 0.7841458876069967
311 0.7841458876069967
312 0.7841458876069967
313 0.7841458876069967
314 0.7841458876069967
315 0.7841458876069967
316 0.7841458876069967
317 0.7841458876069967
318 0.7841458876069967
319 0.7841458876069967
320 0.7841458876069967
321 0.7841458876069967
322 0.7826572385560104
323 0.7830294008187569
324 0.7830294008187569
325 0.7830294008187569
326 0.7830294008187569
327 0.7834015630815035
328 0.7834015630815035
329 0.78377372534425
330 0.7871231857089691
331 0.7871231857089691
332 0.7871231857089691
333 0.7871231857089691
334 0.7871231857089691
335 0.7871231857089691
336 0.7871231857089691
337 0.7871231857089691
338 0.7871231857089691
339 0.7871231857089691
340 0.7871231857089691
341 0.7871231857089691
342 0.7874953479717157
343 0.7874953479717157
344 0.7874953479717157
345 0.7874953479717157
346 0.7874953479717157
347 0.7874953479717157
348 0.7874953479717157
349 0.7871231857089691
350 0.7860066989207294
351 0.7860066989207294
352 0.786378861183476
353 0.786378861183476
354 0.786378861183476
355 0.786378861183476
356 0.7874953479717157
357 0.7874953479717157
358 0.7841458876069967
359 0.7841458876069967
360 0.7841458876069967
361 0.7841458876069967
362 0.7841458876069967
363 0.7845180498697432
364 0.7848902121324898
365 0.7848902121324898
366 0.7848902121324898
367 0.7848902121324898
368 0.7848902121324898
369 0.7860066989207294
370 0.7860066989207294
371 0.7860066989207294
372 0.7860066989207294
373 0.7860066989207294
374 0.7860066989207294
375 0.7860066989207294
376 0.7860066989207294
377 0.7860066989207294
378 0.786378861183476
379 0.786378861183476
380 0.786378861183476
381 0.786378861183476
382 0.786378861183476
383 0.786378861183476
384 0.786378861183476
385 0.786378861183476
386 0.786378861183476
387 0.786378861183476
388 0.786378861183476
389 0.786378861183476
390 0.786378861183476
391 0.786378861183476
392 0.786378861183476
393 0.7871231857089691
394 0.7871231857089691
395 0.7871231857089691
396 0.7871231857089691
397 0.7871231857089691
398 0.7871231857089691
399 0.7871231857089691
400 0.7871231857089691
401 0.7871231857089691
402 0.7871231857089691
403 0.7871231857089691
404 0.7871231857089691
405 0.7867510234462226
406 0.7867510234462226
407 0.7867510234462226
408 0.7867510234462226
409 0.7867510234462226
410 0.7860066989207294
411 0.7856345366579829
412 0.7856345366579829
413 0.7856345366579829
414 0.7856345366579829
415 0.7856345366579829
416 0.7856345366579829
417 0.7856345366579829
418 0.7852623743952363
419 0.7860066989207294
420 0.7860066989207294
421 0.7860066989207294
422 0.7860066989207294
423 0.7860066989207294
424 0.7860066989207294
425 0.7860066989207294
426 0.7860066989207294
427 0.78377372534425
428 0.78377372534425
429 0.78377372534425
430 0.7826572385560104
431 0.7826572385560104
432 0.7830294008187569
433 0.7830294008187569
434 0.7830294008187569
435 0.7830294008187569
436 0.7830294008187569
437 0.7830294008187569
438 0.7830294008187569
439 0.7804242649795311
440 0.7822850762932638
441 0.7822850762932638
442 0.7822850762932638
443 0.7822850762932638
444 0.7822850762932638
445 0.7822850762932638
446 0.7822850762932638
447 0.7822850762932638
448 0.7819129140305173
449 0.7819129140305173
450 0.7811685895050242
451 0.7807964272422776
452 0.7807964272422776
453 0.7807964272422776
454 0.7807964272422776
455 0.7807964272422776
456 0.7807964272422776
457 0.7807964272422776
458 0.7811685895050242
459 0.7811685895050242
460 0.7811685895050242
461 0.7811685895050242
462 0.7811685895050242
463 0.7811685895050242
464 0.7811685895050242
465 0.7807964272422776
466 0.7807964272422776
467 0.7804242649795311
468 0.7819129140305173
469 0.7819129140305173
470 0.7819129140305173
471 0.7819129140305173
472 0.7819129140305173
473 0.7819129140305173
474 0.7819129140305173
475 0.7819129140305173
476 0.7819129140305173
477 0.7815407517677707
478 0.7815407517677707
479 0.7804242649795311
480 0.7804242649795311
481 0.7804242649795311
482 0.7804242649795311
483 0.7804242649795311
484 0.7807964272422776
485 0.7807964272422776
486 0.7807964272422776
487 0.7807964272422776
488 0.7807964272422776
489 0.7807964272422776
490 0.7804242649795311
491 0.7811685895050242
492 0.7811685895050242
493 0.7811685895050242
494 0.7811685895050242
495 0.7811685895050242
496 0.7811685895050242
497 0.7811685895050242
498 0.7800521027167845
499 0.7800521027167845
500 0.7800521027167845
501 0.7800521027167845
502 0.7807964272422776
503 0.7811685895050242
504 0.7815407517677707
505 0.7815407517677707
506 0.7830294008187569
507 0.7811685895050242
508 0.7815407517677707
509 0.7845180498697432
510 0.7845180498697432
511 0.7845180498697432
512 0.7845180498697432
513 0.7845180498697432
514 0.7845180498697432
515 0.7852623743952363
516 0.7852623743952363
517 0.7848902121324898
518 0.7848902121324898
519 0.7848902121324898
520 0.7848902121324898
521 0.7848902121324898
522 0.7848902121324898
523 0.7822850762932638
524 0.7826572385560104
525 0.7822850762932638
526 0.7834015630815035
527 0.7834015630815035
528 0.7834015630815035
529 0.7834015630815035
530 0.7822850762932638
531 0.7822850762932638
532 0.7822850762932638
533 0.7807964272422776
534 0.78377372534425
535 0.7852623743952363
536 0.7852623743952363
537 0.7852623743952363
538 0.7889839970227019
539 0.7889839970227019
540 0.7874953479717157
541 0.7882396724972088
542 0.7874953479717157
543 0.7867510234462226
544 0.786378861183476
545 0.786378861183476
546 0.786378861183476
547 0.786378861183476
548 0.7874953479717157
549 0.7874953479717157
550 0.7874953479717157
551 0.7874953479717157
552 0.7874953479717157
553 0.7874953479717157
554 0.7874953479717157
555 0.7874953479717157
556 0.7874953479717157
557 0.7874953479717157
558 0.7874953479717157
559 0.7874953479717157
560 0.7874953479717157
561 0.7874953479717157
562 0.7874953479717157
563 0.7874953479717157
564 0.7871231857089691
565 0.7871231857089691
566 0.7871231857089691
567 0.7871231857089691
568 0.786378861183476
569 0.786378861183476
570 0.7867510234462226
571 0.7867510234462226
572 0.7867510234462226
573 0.7867510234462226
574 0.7882396724972088
575 0.7882396724972088
576 0.7882396724972088
577 0.7882396724972088
578 0.7919612951246744
579 0.7915891328619278
580 0.7915891328619278
581 0.7912169705991813
582 0.7908448083364347
583 0.7908448083364347
584 0.7878675102344622
585 0.786378861183476
586 0.786378861183476
587 0.786378861183476
588 0.786378861183476
589 0.786378861183476
590 0.786378861183476
591 0.7874953479717157
592 0.7878675102344622
593 0.7889839970227019
594 0.7889839970227019
595 0.7889839970227019
596 0.7893561592854484
597 0.7893561592854484
598 0.7886118347599553
599 0.7886118347599553
600 0.7886118347599553
601 0.7886118347599553
602 0.7886118347599553
603 0.7886118347599553
604 0.7886118347599553
605 0.7886118347599553
606 0.7886118347599553
607 0.7886118347599553
608 0.7886118347599553
609 0.7886118347599553
610 0.7878675102344622
611 0.7878675102344622
612 0.7878675102344622
613 0.7878675102344622
614 0.7878675102344622
615 0.7882396724972088
616 0.7882396724972088
617 0.7882396724972088
618 0.7871231857089691
619 0.7871231857089691
620 0.7871231857089691
621 0.7871231857089691
622 0.7871231857089691
623 0.7867510234462226
624 0.7874953479717157
625 0.7867510234462226
626 0.7867510234462226
627 0.7867510234462226
628 0.7867510234462226
629 0.7867510234462226
630 0.7867510234462226
631 0.786378861183476
632 0.786378861183476
633 0.786378861183476
634 0.786378861183476
635 0.786378861183476
636 0.7886118347599553
637 0.7882396724972088
638 0.7889839970227019
639 0.7897283215481951
640 0.7897283215481951
641 0.7893561592854484
642 0.7893561592854484
643 0.7889839970227019
644 0.7889839970227019
645 0.7882396724972088
646 0.7882396724972088
647 0.7882396724972088
648 0.7882396724972088
649 0.7882396724972088
650 0.7874953479717157
651 0.7878675102344622
652 0.7904726460736882
653 0.7904726460736882
654 0.7912169705991813
655 0.7912169705991813
656 0.7912169705991813
657 0.7912169705991813
658 0.7912169705991813
659 0.7912169705991813
660 0.7912169705991813
661 0.7912169705991813
662 0.7901004838109416
663 0.7901004838109416
664 0.7908448083364347
665 0.7908448083364347
666 0.7923334573874209
667 0.7927056196501675
668 0.7912169705991813
669 0.7912169705991813
670 0.7915891328619278
671 0.7912169705991813
672 0.7982880535913658
673 0.7979158913286193
674 0.7979158913286193
675 0.7960550800148865
676 0.7960550800148865
677 0.79568291775214
678 0.79568291775214
679 0.79568291775214
680 0.7960550800148865
681 0.7960550800148865
682 0.7897283215481951
683 0.7897283215481951
684 0.7897283215481951
685 0.7897283215481951
686 0.7897283215481951
687 0.7897283215481951
688 0.7901004838109416
689 0.7979158913286193
690 0.7971715668031262
691 0.7979158913286193
692 0.7979158913286193
693 0.7975437290658727
694 0.7975437290658727
695 0.7979158913286193
696 0.7986602158541124
697 0.7979158913286193
698 0.7990323781168589
699 0.7990323781168589
700 0.7990323781168589
701 0.7979158913286193
702 0.7979158913286193
703 0.7975437290658727
704 0.7960550800148865
705 0.7960550800148865
706 0.7986602158541124
707 0.7982880535913658
708 0.7886118347599553
709 0.7886118347599553
710 0.7886118347599553
711 0.7886118347599553
712 0.7882396724972088
713 0.786378861183476
714 0.786378861183476
715 0.7878675102344622
716 0.7878675102344622
717 0.8034983252698177
718 0.8034983252698177
719 0.8034983252698177
720 0.8034983252698177
721 0.8031261630070711
722 0.8031261630070711
723 0.8031261630070711
724 0.8031261630070711
725 0.8027540007443246
726 0.8027540007443246
727 0.8027540007443246
728 0.7994045403796055
729 0.7994045403796055
730 0.8001488649050986
731 0.8012653516933383
732 0.8012653516933383
733 0.8012653516933383
734 0.8012653516933383
735 0.8012653516933383
736 0.8012653516933383
737 0.8012653516933383
738 0.8012653516933383
739 0.8012653516933383
740 0.8012653516933383
741 0.8012653516933383
742 0.8016375139560848
743 0.8016375139560848
744 0.8016375139560848
745 0.8016375139560848
746 0.8008931894305917
747 0.8008931894305917
748 0.8008931894305917
749 0.8016375139560848
750 0.8016375139560848
751 0.8016375139560848
752 0.8016375139560848
753 0.8016375139560848
754 0.8016375139560848
755 0.8016375139560848
756 0.8016375139560848
757 0.8016375139560848
758 0.8016375139560848
759 0.8016375139560848
760 0.8016375139560848
761 0.8016375139560848
762 0.8016375139560848
763 0.8016375139560848
764 0.8016375139560848
765 0.8016375139560848
766 0.8016375139560848
767 0.8016375139560848
768 0.8016375139560848
769 0.8016375139560848
770 0.8001488649050986
771 0.8001488649050986
772 0.8001488649050986
773 0.8001488649050986
774 0.8001488649050986
775 0.8001488649050986
776 0.7994045403796055
777 0.7994045403796055
778 0.7994045403796055
779 0.7994045403796055
780 0.7994045403796055
781 0.7994045403796055
782 0.7994045403796055
783 0.7994045403796055
784 0.7994045403796055
785 0.7994045403796055
786 0.7994045403796055
787 0.7994045403796055
788 0.7994045403796055
789 0.7994045403796055
790 0.7994045403796055
791 0.7994045403796055
792 0.7994045403796055
793 0.7994045403796055
794 0.7990323781168589
795 0.7990323781168589
796 0.7990323781168589
797 0.7990323781168589
798 0.7990323781168589
799 0.7990323781168589
800 0.7979158913286193
801 0.7979158913286193
802 0.7979158913286193
803 0.7979158913286193
804 0.7979158913286193
805 0.7979158913286193
806 0.7979158913286193
807 0.7979158913286193
808 0.7979158913286193
809 0.7979158913286193
810 0.7979158913286193
811 0.7979158913286193
812 0.7979158913286193
813 0.7982880535913658
814 0.7982880535913658
815 0.7982880535913658
816 0.7975437290658727
817 0.7990323781168589
818 0.7990323781168589
819 0.8012653516933383
820 0.8012653516933383
821 0.8005210271678452
822 0.8005210271678452
823 0.8005210271678452
824 0.8005210271678452
825 0.8016375139560848
826 0.8016375139560848
827 0.8016375139560848
828 0.8016375139560848
829 0.8016375139560848
830 0.8016375139560848
831 0.8016375139560848
832 0.8020096762188315
833 0.8020096762188315
834 0.8020096762188315
835 0.8020096762188315
836 0.8020096762188315
837 0.802381838481578
838 0.8031261630070711
839 0.8012653516933383
840 0.7994045403796055
841 0.7994045403796055
842 0.7994045403796055
843 0.7994045403796055
844 0.7994045403796055
845 0.799776702642352
846 0.799776702642352
847 0.799776702642352
848 0.799776702642352
849 0.799776702642352
850 0.799776702642352
851 0.799776702642352
852 0.8001488649050986
853 0.8012653516933383
854 0.8012653516933383
855 0.8001488649050986
856 0.8001488649050986
857 0.8001488649050986
858 0.8001488649050986
859 0.8001488649050986
860 0.8001488649050986
861 0.8001488649050986
862 0.8001488649050986
863 0.8001488649050986
864 0.8001488649050986
865 0.8001488649050986
866 0.799776702642352
867 0.799776702642352
868 0.8005210271678452
869 0.7994045403796055
870 0.7994045403796055
871 0.7994045403796055
872 0.7994045403796055
873 0.7994045403796055
874 0.7994045403796055
875 0.8016375139560848
876 0.8016375139560848
877 0.8016375139560848
878 0.8016375139560848
879 0.8016375139560848
880 0.8031261630070711
881 0.8031261630070711
882 0.8031261630070711
883 0.8031261630070711
884 0.802381838481578
885 0.802381838481578
886 0.802381838481578
887 0.802381838481578
888 0.802381838481578
889 0.802381838481578
890 0.8020096762188315
891 0.802381838481578
892 0.802381838481578
893 0.802381838481578
894 0.8020096762188315
895 0.8016375139560848
896 0.7986602158541124
897 0.7986602158541124
898 0.7986602158541124
899 0.7986602158541124
900 0.7986602158541124
901 0.7982880535913658
902 0.7982880535913658
903 0.7982880535913658
904 0.7982880535913658
905 0.7986602158541124
906 0.7986602158541124
907 0.7986602158541124
908 0.7986602158541124
909 0.7986602158541124
910 0.7986602158541124
911 0.7986602158541124
912 0.7986602158541124
913 0.7986602158541124
914 0.7986602158541124
915 0.7986602158541124
916 0.7971715668031262
917 0.7971715668031262
918 0.7971715668031262
919 0.7971715668031262
920 0.7971715668031262
921 0.7967994045403796
922 0.7967994045403796
923 0.7967994045403796
924 0.7967994045403796
925 0.799776702642352
926 0.799776702642352
927 0.7990323781168589
928 0.7990323781168589
929 0.7990323781168589
930 0.7990323781168589
931 0.7990323781168589
932 0.7990323781168589
933 0.7990323781168589
934 0.8012653516933383
935 0.8020096762188315
936 0.8020096762188315
937 0.8020096762188315
938 0.8020096762188315
939 0.8020096762188315
940 0.8020096762188315
941 0.8020096762188315
942 0.8020096762188315
943 0.8020096762188315
944 0.8020096762188315
945 0.8020096762188315
946 0.8020096762188315
947 0.802381838481578
948 0.802381838481578
949 0.802381838481578
950 0.802381838481578
951 0.802381838481578
952 0.802381838481578
953 0.802381838481578
954 0.802381838481578
955 0.802381838481578
956 0.8020096762188315
957 0.8020096762188315
958 0.8020096762188315
959 0.8020096762188315
960 0.8020096762188315
961 0.8020096762188315
962 0.8020096762188315
963 0.8020096762188315
964 0.8020096762188315
965 0.8020096762188315
966 0.8020096762188315
967 0.8020096762188315
968 0.8020096762188315
969 0.8020096762188315
970 0.8027540007443246
971 0.8027540007443246
972 0.8027540007443246
973 0.8027540007443246
974 0.8027540007443246
975 0.8027540007443246
976 0.8027540007443246
977 0.8027540007443246
978 0.8027540007443246
979 0.8027540007443246
980 0.8027540007443246
981 0.8027540007443246
982 0.8027540007443246
983 0.8027540007443246
984 0.8027540007443246
985 0.8027540007443246
986 0.8027540007443246
987 0.8020096762188315
988 0.8020096762188315
989 0.8020096762188315
990 0.8020096762188315
991 0.8027540007443246
992 0.8027540007443246
993 0.8027540007443246
994 0.8027540007443246
995 0.802381838481578
996 0.802381838481578
997 0.802381838481578
998 0.802381838481578
999 0.802381838481578
1000 0.802381838481578
1001 0.802381838481578
1002 0.802381838481578
1003 0.802381838481578
1004 0.802381838481578
1005 0.802381838481578
1006 0.802381838481578
1007 0.802381838481578
1008 0.802381838481578
1009 0.802381838481578
1010 0.802381838481578
1011 0.802381838481578
1012 0.8016375139560848
1013 0.8016375139560848
1014 0.8016375139560848
1015 0.8027540007443246
1016 0.8027540007443246
1017 0.8027540007443246
1018 0.8027540007443246
1019 0.8027540007443246
1020 0.802381838481578
1021 0.802381838481578
1022 0.802381838481578
1023 0.802381838481578
1024 0.802381838481578
1025 0.802381838481578
1026 0.8020096762188315
1027 0.8020096762188315
1028 0.8020096762188315
1029 0.8020096762188315
1030 0.8020096762188315
1031 0.8020096762188315
1032 0.8020096762188315
1033 0.8020096762188315
1034 0.8020096762188315
1035 0.8027540007443246
1036 0.8027540007443246
1037 0.8027540007443246
1038 0.8027540007443246
1039 0.8049869743208039
1040 0.8049869743208039
1041 0.8046148120580573
1042 0.8046148120580573
1043 0.8046148120580573
1044 0.8046148120580573
1045 0.8027540007443246
1046 0.8027540007443246
1047 0.8027540007443246
1048 0.8027540007443246
1049 0.8027540007443246
1050 0.8027540007443246
1051 0.8027540007443246
1052 0.8027540007443246
1053 0.8027540007443246
1054 0.8027540007443246
1055 0.8027540007443246
1056 0.8027540007443246
1057 0.8027540007443246
1058 0.8031261630070711
1059 0.8031261630070711
1060 0.8031261630070711
1061 0.8034983252698177
1062 0.8034983252698177
1063 0.8031261630070711
1064 0.8031261630070711
1065 0.8031261630070711
1066 0.8027540007443246
1067 0.8031261630070711
1068 0.8031261630070711
1069 0.8031261630070711
1070 0.8034983252698177
1071 0.8034983252698177
1072 0.8034983252698177
1073 0.8034983252698177
1074 0.8038704875325642
1075 0.7934499441756606
1076 0.7934499441756606
1077 0.7934499441756606
1078 0.7934499441756606
1079 0.7934499441756606
1080 0.7934499441756606
1081 0.7934499441756606
1082 0.7934499441756606
1083 0.7934499441756606
1084 0.7934499441756606
1085 0.7938221064384071
1086 0.7938221064384071
1087 0.7938221064384071
1088 0.7938221064384071
1089 0.7938221064384071
1090 0.7934499441756606
1091 0.7897283215481951
1092 0.7897283215481951
1093 0.7897283215481951
1094 0.7897283215481951
1095 0.7897283215481951
1096 0.7893561592854484
1097 0.7893561592854484
1098 0.7893561592854484
1099 0.7904726460736882
1100 0.7904726460736882
1101 0.7904726460736882
1102 0.7904726460736882
1103 0.7915891328619278
1104 0.79568291775214
1105 0.7953107554893933
1106 0.7967994045403796
1107 0.7967994045403796
1108 0.7967994045403796
1109 0.7967994045403796
1110 0.7964272422776331
1111 0.7964272422776331
1112 0.7964272422776331
1113 0.7960550800148865
1114 0.7960550800148865
1115 0.7960550800148865
1116 0.7960550800148865
1117 0.7960550800148865
1118 0.7960550800148865
1119 0.7938221064384071
1120 0.7938221064384071
1121 0.793077781912914
1122 0.793077781912914
1123 0.793077781912914
1124 0.7949385932266468
1125 0.7949385932266468
1126 0.7949385932266468
1127 0.7949385932266468
1128 0.7949385932266468
1129 0.7949385932266468
1130 0.7949385932266468
1131 0.7949385932266468
1132 0.7949385932266468
1133 0.7949385932266468
1134 0.7949385932266468
1135 0.7949385932266468
1136 0.7949385932266468
1137 0.7949385932266468
1138 0.7949385932266468
1139 0.7949385932266468
1140 0.7949385932266468
1141 0.7941942687011537
1142 0.7945664309639002
1143 0.7945664309639002
1144 0.7945664309639002
1145 0.7945664309639002
1146 0.7945664309639002
1147 0.7945664309639002
1148 0.7945664309639002
1149 0.7945664309639002
1150 0.7945664309639002
1151 0.79568291775214
1152 0.79568291775214
1153 0.79568291775214
1154 0.7945664309639002
1155 0.7945664309639002
1156 0.7934499441756606
1157 0.7938221064384071
1158 0.7938221064384071
1159 0.7938221064384071
1160 0.7938221064384071
1161 0.7938221064384071
1162 0.7934499441756606
1163 0.7934499441756606
1164 0.7934499441756606
1165 0.7934499441756606
1166 0.7941942687011537
1167 0.7941942687011537
1168 0.7945664309639002
1169 0.7904726460736882
1170 0.7904726460736882
1171 0.7904726460736882
1172 0.7904726460736882
1173 0.7904726460736882
1174 0.7904726460736882
1175 0.7904726460736882
1176 0.7904726460736882
1177 0.7904726460736882
1178 0.7904726460736882
1179 0.7904726460736882
1180 0.7904726460736882
1181 0.7904726460736882
1182 0.7904726460736882
1183 0.7904726460736882
1184 0.7901004838109416
1185 0.7901004838109416
1186 0.7901004838109416
1187 0.7901004838109416
1188 0.7901004838109416
1189 0.7901004838109416
1190 0.7901004838109416
1191 0.7901004838109416
1192 0.7901004838109416
1193 0.7901004838109416
1194 0.7901004838109416
1195 0.7912169705991813
1196 0.7912169705991813
1197 0.7912169705991813
1198 0.7912169705991813
1199 0.7912169705991813
1200 0.7908448083364347
1201 0.7908448083364347
1202 0.7908448083364347
1203 0.7908448083364347
1204 0.7908448083364347
1205 0.7908448083364347
1206 0.7908448083364347
1207 0.7908448083364347
1208 0.7908448083364347
1209 0.7908448083364347
1210 0.7908448083364347
1211 0.7878675102344622
1212 0.7878675102344622
1213 0.7878675102344622
1214 0.7878675102344622
1215 0.7878675102344622
1216 0.7874953479717157
1217 0.7874953479717157
1218 0.7874953479717157
1219 0.7874953479717157
1220 0.7874953479717157
1221 0.7874953479717157
1222 0.7871231857089691
1223 0.7874953479717157
1224 0.7856345366579829
1225 0.7856345366579829
1226 0.786378861183476
1227 0.786378861183476
1228 0.786378861183476
1229 0.786378861183476
1230 0.7860066989207294
1231 0.7856345366579829
1232 0.7860066989207294
1233 0.7860066989207294
1234 0.7860066989207294
1235 0.7860066989207294
1236 0.7860066989207294
1237 0.786378861183476
1238 0.786378861183476
1239 0.786378861183476
1240 0.786378861183476
1241 0.786378861183476
1242 0.786378861183476
1243 0.786378861183476
1244 0.786378861183476
1245 0.786378861183476
1246 0.7867510234462226
1247 0.786378861183476
1248 0.786378861183476
1249 0.7893561592854484
1250 0.777074804614812
1251 0.7800521027167845
1252 0.7826572385560104
1253 0.7781912914030518
1254 0.7889839970227019
1255 0.7886118347599553
1256 0.7886118347599553
1257 0.7889839970227019
1258 0.7889839970227019
1259 0.7882396724972088
1260 0.7882396724972088
1261 0.7882396724972088
1262 0.7882396724972088
1263 0.7886118347599553
1264 0.7886118347599553
1265 0.7886118347599553
1266 0.7886118347599553
1267 0.7886118347599553
1268 0.7886118347599553
1269 0.7886118347599553
1270 0.7886118347599553
1271 0.7882396724972088
1272 0.7882396724972088
1273 0.7882396724972088
1274 0.7882396724972088
1275 0.7882396724972088
1276 0.7882396724972088
1277 0.7882396724972088
1278 0.7882396724972088
1279 0.7882396724972088
1280 0.7882396724972088
1281 0.7878675102344622
1282 0.7878675102344622
1283 0.7874953479717157
1284 0.7874953479717157
1285 0.7874953479717157
1286 0.7874953479717157
1287 0.7874953479717157
1288 0.7874953479717157
1289 0.7874953479717157
1290 0.7878675102344622
1291 0.7897283215481951
1292 0.7897283215481951
1293 0.7897283215481951
1294 0.7897283215481951
1295 0.7889839970227019
1296 0.7889839970227019
1297 0.7889839970227019
1298 0.7889839970227019
1299 0.7889839970227019
1300 0.7889839970227019
1301 0.7889839970227019
1302 0.7889839970227019
1303 0.7889839970227019
1304 0.7889839970227019
1305 0.7889839970227019
1306 0.7889839970227019
1307 0.7889839970227019
1308 0.7886118347599553
1309 0.7886118347599553
1310 0.7886118347599553
1311 0.7886118347599553
1312 0.7886118347599553
1313 0.7886118347599553
1314 0.7886118347599553
1315 0.7886118347599553
1316 0.7886118347599553
1317 0.7886118347599553
1318 0.7886118347599553
1319 0.7886118347599553
1320 0.7886118347599553
1321 0.7886118347599553
1322 0.7886118347599553
1323 0.7886118347599553
1324 0.7886118347599553
1325 0.7886118347599553
1326 0.7886118347599553
1327 0.7882396724972088
1328 0.7901004838109416
1329 0.7901004838109416
1330 0.7901004838109416
1331 0.7901004838109416
1332 0.7901004838109416
1333 0.7901004838109416
1334 0.7893561592854484
1335 0.7893561592854484
1336 0.7886118347599553
1337 0.7886118347599553
1338 0.7878675102344622
1339 0.7878675102344622
1340 0.7878675102344622
1341 0.7878675102344622
1342 0.7878675102344622
1343 0.7874953479717157
1344 0.7874953479717157
1345 0.7882396724972088
1346 0.7886118347599553
1347 0.7886118347599553
1348 0.7886118347599553
1349 0.7886118347599553
1350 0.7886118347599553
1351 0.7886118347599553
1352 0.7886118347599553
1353 0.7886118347599553
1354 0.7889839970227019
1355 0.7889839970227019
1356 0.7893561592854484
1357 0.7889839970227019
1358 0.7889839970227019
1359 0.7889839970227019
1360 0.7889839970227019
1361 0.7889839970227019
1362 0.7889839970227019
1363 0.7889839970227019
1364 0.7889839970227019
1365 0.7889839970227019
1366 0.7889839970227019
1367 0.7889839970227019
1368 0.7889839970227019
1369 0.7889839970227019
1370 0.7889839970227019
1371 0.7889839970227019
1372 0.7889839970227019
1373 0.7889839970227019
1374 0.7893561592854484
1375 0.7889839970227019
1376 0.7889839970227019
1377 0.7889839970227019
1378 0.7889839970227019
1379 0.7889839970227019
1380 0.7889839970227019
1381 0.7889839970227019
1382 0.7889839970227019
1383 0.7886118347599553
1384 0.7886118347599553
1385 0.7886118347599553
1386 0.7886118347599553
1387 0.7882396724972088
1388 0.7882396724972088
1389 0.7856345366579829
1390 0.7845180498697432
1391 0.7845180498697432
1392 0.7845180498697432
1393 0.7845180498697432
1394 0.7845180498697432
1395 0.7845180498697432
1396 0.7841458876069967
1397 0.7841458876069967
1398 0.7841458876069967
1399 0.7841458876069967
1400 0.7845180498697432
1401 0.7845180498697432
1402 0.7845180498697432
1403 0.7845180498697432
1404 0.7841458876069967
1405 0.7841458876069967
1406 0.7841458876069967
1407 0.7841458876069967
1408 0.7841458876069967
1409 0.7834015630815035
1410 0.7834015630815035
1411 0.7834015630815035
1412 0.7819129140305173
1413 0.7819129140305173
1414 0.7819129140305173
1415 0.7819129140305173
1416 0.7819129140305173
1417 0.7819129140305173
1418 0.7819129140305173
1419 0.7819129140305173
1420 0.7819129140305173
1421 0.7819129140305173
1422 0.7819129140305173
1423 0.7819129140305173
1424 0.7819129140305173
1425 0.7819129140305173
1426 0.7819129140305173
1427 0.7819129140305173
1428 0.7819129140305173
1429 0.7819129140305173
1430 0.7819129140305173
1431 0.7819129140305173
1432 0.7819129140305173
1433 0.78377372534425
1434 0.7807964272422776
1435 0.7807964272422776
1436 0.7807964272422776
1437 0.7807964272422776
1438 0.7807964272422776
1439 0.7807964272422776
1440 0.7807964272422776
1441 0.7807964272422776
1442 0.7807964272422776
1443 0.7807964272422776
1444 0.7807964272422776
1445 0.7807964272422776
1446 0.7811685895050242
1447 0.7807964272422776
1448 0.7807964272422776
1449 0.7807964272422776
1450 0.7819129140305173
1451 0.7815407517677707
1452 0.7815407517677707
1453 0.7815407517677707
1454 0.7815407517677707
1455 0.7815407517677707
1456 0.7822850762932638
1457 0.7822850762932638
1458 0.7822850762932638
1459 0.7822850762932638
1460 0.7822850762932638
1461 0.7815407517677707
1462 0.7815407517677707
1463 0.7822850762932638
1464 0.7822850762932638
1465 0.7819129140305173
1466 0.7819129140305173
1467 0.7822850762932638
1468 0.7822850762932638
1469 0.7819129140305173
1470 0.7819129140305173
1471 0.7819129140305173
1472 0.7819129140305173
1473 0.7819129140305173
1474 0.7822850762932638
1475 0.7822850762932638
1476 0.7822850762932638
1477 0.7826572385560104
1478 0.7826572385560104
1479 0.7826572385560104
1480 0.7826572385560104
1481 0.7826572385560104
1482 0.7826572385560104
1483 0.7822850762932638
1484 0.7830294008187569
1485 0.7830294008187569
1486 0.7830294008187569
1487 0.7830294008187569
1488 0.7830294008187569
1489 0.7830294008187569
1490 0.7830294008187569
1491 0.7845180498697432
1492 0.7845180498697432
1493 0.7845180498697432
1494 0.7845180498697432
1495 0.7845180498697432
1496 0.7845180498697432
1497 0.7845180498697432
1498 0.7848902121324898
1499 0.7848902121324898
1500 0.7848902121324898
1501 0.7848902121324898
1502 0.7848902121324898
1503 0.7848902121324898
1504 0.786378861183476
1505 0.786378861183476
1506 0.786378861183476
1507 0.786378861183476
1508 0.786378861183476
1509 0.786378861183476
1510 0.786378861183476
1511 0.7878675102344622
1512 0.7901004838109416
1513 0.7886118347599553
1514 0.7897283215481951
1515 0.7897283215481951
1516 0.7897283215481951
1517 0.7897283215481951
1518 0.7897283215481951
1519 0.7904726460736882
1520 0.7904726460736882
1521 0.7904726460736882
1522 0.7904726460736882
1523 0.7893561592854484
1524 0.7893561592854484
1525 0.7893561592854484
1526 0.7893561592854484
1527 0.7893561592854484
1528 0.7893561592854484
1529 0.7893561592854484
1530 0.7893561592854484
1531 0.7882396724972088
1532 0.7882396724972088
1533 0.7882396724972088
1534 0.7882396724972088
1535 0.7882396724972088
1536 0.7871231857089691
1537 0.7871231857089691
1538 0.7871231857089691
1539 0.7871231857089691
1540 0.7871231857089691
1541 0.7871231857089691
1542 0.7871231857089691
1543 0.7871231857089691
1544 0.7871231857089691
1545 0.7871231857089691
1546 0.7871231857089691
1547 0.786378861183476
1548 0.786378861183476
1549 0.786378861183476
1550 0.786378861183476
1551 0.786378861183476
1552 0.786378861183476
1553 0.7867510234462226
1554 0.7867510234462226
1555 0.7860066989207294
1556 0.7860066989207294
1557 0.7860066989207294
1558 0.7860066989207294
1559 0.7860066989207294
1560 0.7860066989207294
1561 0.7860066989207294
1562 0.7860066989207294
1563 0.7860066989207294
1564 0.786378861183476
1565 0.786378861183476
1566 0.786378861183476
1567 0.786378861183476
1568 0.786378861183476
1569 0.786378861183476
1570 0.786378861183476
1571 0.786378861183476
1572 0.786378861183476
1573 0.786378861183476
1574 0.7856345366579829
1575 0.786378861183476
1576 0.7860066989207294
1577 0.7860066989207294
1578 0.7860066989207294
1579 0.7860066989207294
1580 0.7860066989207294
1581 0.7860066989207294
1582 0.7860066989207294
1583 0.7860066989207294
1584 0.786378861183476
1585 0.786378861183476
1586 0.7908448083364347
1587 0.7908448083364347
1588 0.7908448083364347
1589 0.7908448083364347
1590 0.7904726460736882
1591 0.7904726460736882
1592 0.7904726460736882
1593 0.7904726460736882
1594 0.7908448083364347
1595 0.7908448083364347
1596 0.7908448083364347
1597 0.7908448083364347
1598 0.7908448083364347
1599 0.7908448083364347
1600 0.7904726460736882
1601 0.7908448083364347
1602 0.7867510234462226
1603 0.7867510234462226
1604 0.7867510234462226
1605 0.7867510234462226
1606 0.7867510234462226
1607 0.7871231857089691
1608 0.7871231857089691
1609 0.7871231857089691
1610 0.7871231857089691
1611 0.7867510234462226
1612 0.7867510234462226
1613 0.7856345366579829
1614 0.7856345366579829
1615 0.7856345366579829
1616 0.7856345366579829
1617 0.7856345366579829
1618 0.7852623743952363
1619 0.7852623743952363
1620 0.7852623743952363
1621 0.7834015630815035
1622 0.7834015630815035
1623 0.7834015630815035
1624 0.7834015630815035
1625 0.7834015630815035
1626 0.78377372534425
1627 0.78377372534425
1628 0.78377372534425
1629 0.78377372534425
1630 0.78377372534425
1631 0.78377372534425
1632 0.78377372534425
1633 0.78377372534425
1634 0.78377372534425
1635 0.78377372534425
1636 0.78377372534425
1637 0.78377372534425
1638 0.78377372534425
1639 0.78377372534425
1640 0.7834015630815035
1641 0.7834015630815035
1642 0.7834015630815035
1643 0.7834015630815035
1644 0.7834015630815035
1645 0.7841458876069967
1646 0.7841458876069967
1647 0.7841458876069967
1648 0.7841458876069967
1649 0.7841458876069967
1650 0.7841458876069967
1651 0.7841458876069967
1652 0.7841458876069967
1653 0.7845180498697432
1654 0.7845180498697432
1655 0.7848902121324898
1656 0.7856345366579829
1657 0.7856345366579829
1658 0.7856345366579829
1659 0.7856345366579829
1660 0.7856345366579829
1661 0.7856345366579829
1662 0.7856345366579829
1663 0.7856345366579829
1664 0.7856345366579829
1665 0.7856345366579829
1666 0.7856345366579829
1667 0.7856345366579829
1668 0.7856345366579829
1669 0.7856345366579829
1670 0.7856345366579829
1671 0.7856345366579829
1672 0.7848902121324898
1673 0.7848902121324898
1674 0.7848902121324898
1675 0.7848902121324898
1676 0.7845180498697432
1677 0.7845180498697432
1678 0.7845180498697432
1679 0.7845180498697432
1680 0.7845180498697432
1681 0.7845180498697432
1682 0.7845180498697432
1683 0.7845180498697432
1684 0.7845180498697432
1685 0.7845180498697432
1686 0.7845180498697432
1687 0.7845180498697432
1688 0.7845180498697432
1689 0.7845180498697432
1690 0.7845180498697432
1691 0.7845180498697432
1692 0.7841458876069967
1693 0.78377372534425
1694 0.7834015630815035
1695 0.7834015630815035
1696 0.7834015630815035
1697 0.7834015630815035
1698 0.7834015630815035
1699 0.7834015630815035
1700 0.78377372534425
1701 0.78377372534425
1702 0.7841458876069967
1703 0.7841458876069967
1704 0.7841458876069967
1705 0.7841458876069967
1706 0.7841458876069967
1707 0.7841458876069967
1708 0.7841458876069967
1709 0.7841458876069967
1710 0.7841458876069967
1711 0.7841458876069967
1712 0.7841458876069967
1713 0.7841458876069967
1714 0.7848902121324898
1715 0.7848902121324898
1716 0.7845180498697432
1717 0.7845180498697432
1718 0.7848902121324898
1719 0.7848902121324898
1720 0.7848902121324898
1721 0.7848902121324898
1722 0.7848902121324898
1723 0.7848902121324898
1724 0.7848902121324898
1725 0.7848902121324898
1726 0.7848902121324898
1727 0.7856345366579829
1728 0.7856345366579829
1729 0.7856345366579829
1730 0.7856345366579829
1731 0.786378861183476
1732 0.786378861183476
1733 0.786378861183476
1734 0.786378861183476
1735 0.786378861183476
1736 0.7860066989207294
1737 0.7860066989207294
1738 0.7860066989207294
1739 0.7856345366579829
1740 0.7856345366579829
1741 0.7856345366579829
1742 0.7852623743952363
1743 0.7852623743952363
1744 0.7852623743952363
1745 0.7852623743952363
1746 0.7852623743952363
1747 0.7852623743952363
1748 0.7878675102344622
1749 0.7878675102344622
1750 0.7878675102344622
1751 0.7878675102344622
1752 0.7874953479717157
1753 0.7874953479717157
1754 0.7874953479717157
1755 0.7871231857089691
1756 0.7871231857089691
1757 0.7878675102344622
1758 0.7878675102344622
1759 0.7878675102344622
1760 0.7878675102344622
1761 0.7878675102344622
1762 0.7878675102344622
1763 0.7878675102344622
1764 0.7878675102344622
1765 0.7882396724972088
1766 0.7886118347599553
1767 0.7893561592854484
1768 0.7893561592854484
1769 0.7893561592854484
1770 0.7893561592854484
1771 0.7893561592854484
1772 0.7893561592854484
1773 0.7893561592854484
1774 0.7889839970227019
1775 0.7893561592854484
1776 0.7893561592854484
1777 0.7893561592854484
1778 0.7893561592854484
1779 0.7893561592854484
1780 0.7893561592854484
1781 0.7893561592854484
1782 0.7893561592854484
1783 0.7893561592854484
1784 0.7893561592854484
1785 0.7893561592854484
1786 0.7878675102344622
1787 0.7878675102344622
1788 0.7878675102344622
1789 0.7878675102344622
1790 0.7878675102344622
1791 0.7878675102344622
1792 0.7856345366579829
1793 0.7856345366579829
1794 0.7856345366579829
1795 0.7856345366579829
1796 0.7856345366579829
1797 0.7856345366579829
1798 0.7856345366579829
1799 0.7856345366579829
1800 0.7856345366579829
1801 0.7856345366579829
1802 0.7882396724972088
1803 0.7882396724972088
1804 0.7882396724972088
1805 0.7882396724972088
1806 0.7882396724972088
1807 0.7882396724972088
1808 0.7882396724972088
1809 0.786378861183476
1810 0.786378861183476
1811 0.786378861183476
1812 0.786378861183476
1813 0.7860066989207294
1814 0.7860066989207294
1815 0.7860066989207294
1816 0.7860066989207294
1817 0.7860066989207294
1818 0.7860066989207294
1819 0.7860066989207294
1820 0.7860066989207294
1821 0.7860066989207294
1822 0.7860066989207294
1823 0.7860066989207294
1824 0.7860066989207294
1825 0.7860066989207294
1826 0.7860066989207294
1827 0.7860066989207294
1828 0.7860066989207294
1829 0.7860066989207294
1830 0.7860066989207294
1831 0.7860066989207294
1832 0.7860066989207294
1833 0.7860066989207294
1834 0.7860066989207294
1835 0.7860066989207294
1836 0.7860066989207294
1837 0.7860066989207294
1838 0.786378861183476
1839 0.786378861183476
1840 0.786378861183476
1841 0.786378861183476
1842 0.7867510234462226
1843 0.7867510234462226
1844 0.7871231857089691
1845 0.7871231857089691
1846 0.7871231857089691
1847 0.7871231857089691
1848 0.7871231857089691
1849 0.7871231857089691
1850 0.786378861183476
1851 0.786378861183476
1852 0.786378861183476
1853 0.786378861183476
1854 0.786378861183476
1855 0.786378861183476
1856 0.7860066989207294
1857 0.7860066989207294
1858 0.7860066989207294
1859 0.7860066989207294
1860 0.7848902121324898
1861 0.7848902121324898
1862 0.7848902121324898
1863 0.7848902121324898
1864 0.7848902121324898
1865 0.7848902121324898
1866 0.7830294008187569
1867 0.7826572385560104
1868 0.7826572385560104
1869 0.7826572385560104
1870 0.7826572385560104
1871 0.7826572385560104
1872 0.7826572385560104
1873 0.7826572385560104
1874 0.7826572385560104
1875 0.7826572385560104
1876 0.7826572385560104
1877 0.7826572385560104
1878 0.7826572385560104
1879 0.7834015630815035
1880 0.7834015630815035
1881 0.7834015630815035
1882 0.7834015630815035
1883 0.7834015630815035
1884 0.7834015630815035
1885 0.7834015630815035
1886 0.7834015630815035
1887 0.7834015630815035
1888 0.78377372534425
1889 0.78377372534425
1890 0.7841458876069967
1891 0.7841458876069967
1892 0.7841458876069967
1893 0.7841458876069967
1894 0.7848902121324898
1895 0.7848902121324898
1896 0.7848902121324898
1897 0.7848902121324898
1898 0.7852623743952363
1899 0.7852623743952363
1900 0.7874953479717157
1901 0.7874953479717157
1902 0.7874953479717157
1903 0.7878675102344622
1904 0.7878675102344622
1905 0.7871231857089691
1906 0.7871231857089691
1907 0.7871231857089691
1908 0.7871231857089691
1909 0.7878675102344622
1910 0.7878675102344622
1911 0.7878675102344622
1912 0.7878675102344622
1913 0.7882396724972088
1914 0.7867510234462226
1915 0.7867510234462226
1916 0.7867510234462226
1917 0.7867510234462226
1918 0.7867510234462226
1919 0.7867510234462226
1920 0.7867510234462226
1921 0.7867510234462226
1922 0.786378861183476
1923 0.786378861183476
1924 0.786378861183476
1925 0.786378861183476
1926 0.786378861183476
1927 0.786378861183476
1928 0.7860066989207294
1929 0.7860066989207294
1930 0.7860066989207294
1931 0.7860066989207294
1932 0.7860066989207294
1933 0.7860066989207294
1934 0.7856345366579829
1935 0.7856345366579829
1936 0.7856345366579829
1937 0.7856345366579829
1938 0.7856345366579829
1939 0.7852623743952363
1940 0.7852623743952363
1941 0.7852623743952363
1942 0.7852623743952363
1943 0.7852623743952363
1944 0.7852623743952363
1945 0.7852623743952363
1946 0.7852623743952363
1947 0.7852623743952363
1948 0.7860066989207294
1949 0.7860066989207294
1950 0.7860066989207294
1951 0.7860066989207294
1952 0.7860066989207294
1953 0.7860066989207294
1954 0.7860066989207294
1955 0.786378861183476
1956 0.7856345366579829
1957 0.7856345366579829
1958 0.7856345366579829
1959 0.7856345366579829
1960 0.7848902121324898
1961 0.7848902121324898
1962 0.7848902121324898
1963 0.7848902121324898
1964 0.7852623743952363
1965 0.7852623743952363
1966 0.7852623743952363
1967 0.7852623743952363
1968 0.7852623743952363
1969 0.7852623743952363
1970 0.7852623743952363
1971 0.7826572385560104
1972 0.7826572385560104
1973 0.7830294008187569
1974 0.7830294008187569
1975 0.7830294008187569
1976 0.7830294008187569
1977 0.7830294008187569
1978 0.7834015630815035
1979 0.7834015630815035
1980 0.7834015630815035
1981 0.7834015630815035
1982 0.7834015630815035
1983 0.7834015630815035
1984 0.7834015630815035
1985 0.7834015630815035
1986 0.7834015630815035
1987 0.7834015630815035
1988 0.7834015630815035
1989 0.7830294008187569
1990 0.7830294008187569
1991 0.7830294008187569
1992 0.7826572385560104
1993 0.7826572385560104
1994 0.7826572385560104
1995 0.7826572385560104
1996 0.7826572385560104
1997 0.7826572385560104
1998 0.7826572385560104
1999 0.7830294008187569
2000 0.7830294008187569
2001 0.7830294008187569
2002 0.7830294008187569
2003 0.7834015630815035
2004 0.7834015630815035
2005 0.7834015630815035
2006 0.7834015630815035
2007 0.7834015630815035
2008 0.7834015630815035
2009 0.7834015630815035
2010 0.7834015630815035
2011 0.7834015630815035
2012 0.7834015630815035
2013 0.7834015630815035
2014 0.7834015630815035
2015 0.7834015630815035
2016 0.7834015630815035
2017 0.7834015630815035
2018 0.7830294008187569
2019 0.7830294008187569
2020 0.7830294008187569
2021 0.7830294008187569
2022 0.7830294008187569
2023 0.7830294008187569
2024 0.7830294008187569
2025 0.7830294008187569
2026 0.7830294008187569
2027 0.7830294008187569
2028 0.7830294008187569
2029 0.7826572385560104
2030 0.7819129140305173
2031 0.7819129140305173
2032 0.7819129140305173
2033 0.7819129140305173
2034 0.7819129140305173
2035 0.7819129140305173
2036 0.7819129140305173
2037 0.7815407517677707
2038 0.7815407517677707
2039 0.7807964272422776
2040 0.7793077781912914
2041 0.7815407517677707
2042 0.7815407517677707
2043 0.7826572385560104
2044 0.7826572385560104
2045 0.7826572385560104
2046 0.7826572385560104
2047 0.7826572385560104
2048 0.7826572385560104
2049 0.7826572385560104
2050 0.7826572385560104
2051 0.7826572385560104
2052 0.7826572385560104
2053 0.7826572385560104
2054 0.7826572385560104
2055 0.7830294008187569
2056 0.7830294008187569
2057 0.7830294008187569
2058 0.7830294008187569
2059 0.7830294008187569
2060 0.7845180498697432
2061 0.7845180498697432
2062 0.7845180498697432
2063 0.7845180498697432
2064 0.7848902121324898
2065 0.7848902121324898
2066 0.7848902121324898
2067 0.7848902121324898
2068 0.7848902121324898
2069 0.7848902121324898
2070 0.7848902121324898
2071 0.7848902121324898
2072 0.7848902121324898
2073 0.7848902121324898
2074 0.7841458876069967
2075 0.7841458876069967
2076 0.7841458876069967
2077 0.7841458876069967
2078 0.7841458876069967
2079 0.7841458876069967
2080 0.7841458876069967
2081 0.7841458876069967
2082 0.7841458876069967
2083 0.7841458876069967
2084 0.7841458876069967
2085 0.7841458876069967
2086 0.7841458876069967
2087 0.7841458876069967
2088 0.7841458876069967
2089 0.7841458876069967
2090 0.7841458876069967
2091 0.7822850762932638
2092 0.7822850762932638
2093 0.7822850762932638
2094 0.7822850762932638
2095 0.7822850762932638
2096 0.7826572385560104
2097 0.7826572385560104
2098 0.7826572385560104
2099 0.7822850762932638
2100 0.7804242649795311
2101 0.7822850762932638
2102 0.7800521027167845
2103 0.7800521027167845
2104 0.7800521027167845
2105 0.7800521027167845
2106 0.7800521027167845
2107 0.7804242649795311
2108 0.7807964272422776
2109 0.7807964272422776
2110 0.7811685895050242
2111 0.7793077781912914
2112 0.7793077781912914
2113 0.7793077781912914
2114 0.7793077781912914
2115 0.7789356159285449
2116 0.7789356159285449
2117 0.7811685895050242
2118 0.7815407517677707
2119 0.7815407517677707
2120 0.7811685895050242
2121 0.7815407517677707
2122 0.7815407517677707
2123 0.7815407517677707
2124 0.7815407517677707
2125 0.7811685895050242
2126 0.7811685895050242
2127 0.7811685895050242
2128 0.78377372534425
2129 0.78377372534425
2130 0.78377372534425
2131 0.78377372534425
2132 0.78377372534425
2133 0.78377372534425
2134 0.78377372534425
2135 0.78377372534425
2136 0.78377372534425
2137 0.7841458876069967
2138 0.7845180498697432
2139 0.7845180498697432
2140 0.7845180498697432
2141 0.7845180498697432
2142 0.7845180498697432
2143 0.78377372534425
2144 0.78377372534425
2145 0.78377372534425
2146 0.78377372534425
2147 0.78377372534425
2148 0.78377372534425
2149 0.78377372534425
2150 0.7789356159285449
2151 0.7789356159285449
2152 0.7781912914030518
2153 0.7778191291403052
2154 0.7778191291403052
2155 0.7774469668775587
2156 0.7774469668775587
2157 0.777074804614812
2158 0.777074804614812
2159 0.777074804614812
2160 0.7785634536657983
2161 0.7785634536657983
2162 0.7781912914030518
2163 0.7781912914030518
2164 0.7781912914030518
2165 0.7781912914030518
2166 0.7781912914030518
2167 0.7781912914030518
2168 0.7781912914030518
2169 0.7781912914030518
2170 0.7785634536657983
2171 0.7781912914030518
2172 0.7781912914030518
2173 0.7781912914030518
2174 0.7781912914030518
2175 0.7781912914030518
2176 0.7781912914030518
2177 0.7789356159285449
2178 0.7733531819873465
2179 0.7733531819873465
2180 0.7767026423520655
2181 0.7804242649795311
2182 0.7800521027167845
2183 0.7781912914030518
2184 0.7800521027167845
2185 0.7793077781912914
2186 0.7778191291403052
2187 0.7774469668775587
2188 0.7774469668775587
2189 0.7774469668775587
2190 0.7767026423520655
2191 0.7763304800893189
2192 0.7774469668775587
2193 0.7767026423520655
2194 0.7763304800893189
2195 0.7759583178265724
2196 0.7759583178265724
2197 0.7759583178265724
2198 0.7763304800893189
2199 0.7763304800893189
2200 0.7763304800893189
2201 0.7763304800893189
2202 0.7759583178265724
2203 0.7759583178265724
2204 0.7755861555638258
2205 0.7755861555638258
2206 0.7755861555638258
2207 0.7763304800893189
2208 0.7763304800893189
2209 0.7767026423520655
2210 0.777074804614812
2211 0.7774469668775587
2212 0.7781912914030518
2213 0.7826572385560104
2214 0.78377372534425
2215 0.7953107554893933
2216 0.8038704875325642
2217 0.8038704875325642
2218 0.8031261630070711
2219 0.786378861183476
2220 0.7882396724972088
2221 0.7834015630815035
2222 0.7718645329363603
2223 0.7744696687755862
2224 0.7688872348343878
2225 0.7662820989951619
2226 0.7644212876814291
2227 0.7718645329363603
2228 0.7752139933010793
2229 0.7714923706736136
2230 0.7700037216226274
2231 0.7681429103088947
2232 0.7655377744696688
2233 0.7640491254186825
2234 0.7629326386304429
2235 0.7614439895794567
2236 0.7592110160029772
2237 0.753628582061779
2238 0.7588388537402307
2239 0.7647934499441756
2240 0.763676963155936
2241 0.7647934499441756
2242 0.7495347971715668
2243 0.7554893933755117
2244 0.7499069594343134
2245 0.7484183103833272
2246 0.7484183103833272
2247 0.7554893933755117
2248 0.7551172311127652
2249 0.7439523632303684
2250 0.7439523632303684
2251 0.744324525493115
2252 0.744324525493115
2253 0.7439523632303684
2254 0.7439523632303684
2255 0.7439523632303684
2256 0.7439523632303684
2257 0.7439523632303684
2258 0.7439523632303684
2259 0.7439523632303684
2260 0.7439523632303684
2261 0.7439523632303684
2262 0.7439523632303684
2263 0.7439523632303684
2264 0.7439523632303684
2265 0.7439523632303684
2266 0.7439523632303684
2267 0.7439523632303684
2268 0.7454410122813546
2269 0.7439523632303684
2270 0.7439523632303684
2271 0.7439523632303684
2272 0.7439523632303684
2273 0.7439523632303684
2274 0.7439523632303684
2275 0.7439523632303684
2276 0.7439523632303684
2277 0.7439523632303684
2278 0.7439523632303684
2279 0.7439523632303684
2280 0.7439523632303684
2281 0.7439523632303684
2282 0.7439523632303684
2283 0.7439523632303684
2284 0.744324525493115
2285 0.744324525493115
2286 0.746929661332341
2287 0.7439523632303684
2288 0.7439523632303684
2289 0.7439523632303684
2290 0.7439523632303684
2291 0.7439523632303684
2292 0.7439523632303684
2293 0.7439523632303684
2294 0.7439523632303684
2295 0.7439523632303684
2296 0.744324525493115
2297 0.744324525493115
2298 0.744324525493115
2299 0.744324525493115
2300 0.744324525493115
2301 0.744324525493115
2302 0.7480461481205806
2303 0.7480461481205806
2304 0.7480461481205806
2305 0.7487904726460737
2306 0.744324525493115
2307 0.7446966877558615
2308 0.746929661332341
2309 0.7465574990695943
2310 0.7465574990695943
2311 0.746929661332341
2312 0.7465574990695943
2313 0.7465574990695943
2314 0.746929661332341
2315 0.7458131745441012
2316 0.7461853368068477
2317 0.7454410122813546
2318 0.7446966877558615
2319 0.7432080387048753
2320 0.7454410122813546
2321 0.746929661332341
2322 0.7476739858578341
2323 0.7476739858578341
2324 0.7458131745441012
2325 0.7446966877558615
2326 0.7450688500186081
2327 0.744324525493115
2328 0.7450688500186081
2329 0.7454410122813546
2330 0.777074804614812
2331 0.777074804614812
2332 0.777074804614812
2333 0.777074804614812
2334 0.777074804614812
2335 0.7778191291403052
2336 0.7707480461481205
2337 0.7778191291403052
2338 0.777074804614812
2339 0.7752139933010793
2340 0.7759583178265724
2341 0.7748418310383327
2342 0.7733531819873465
2343 0.7655377744696688
2344 0.7789356159285449
2345 0.777074804614812
2346 0.7804242649795311
2347 0.7811685895050242
2348 0.7659099367324154
2349 0.7677707480461481
2350 0.7606996650539636
2351 0.7748418310383327
2352 0.7722366951991068
2353 0.7673985857834016
2354 0.7621883141049498
2355 0.7584666914774841
2356 0.7566058801637514
2357 0.7543729065872721
2358 0.753628582061779
2359 0.7633048008931894
2360 0.7573502046892445
2361 0.7551172311127652
2362 0.7569780424264979
2363 0.7599553405284704
2364 0.7618161518422032
2365 0.7621883141049498
2366 0.7610718273167101
2367 0.7588388537402307
2368 0.7606996650539636
2369 0.7614439895794567
2370 0.7711202084108671
2371 0.7700037216226274
2372 0.7621883141049498
2373 0.7692593970971343
2374 0.7506512839598065
2375 0.7476739858578341
2376 0.7476739858578341
2377 0.7476739858578341
2378 0.7458131745441012
2379 0.7446966877558615
2380 0.751023446222553
2381 0.7551172311127652
2382 0.7618161518422032
2383 0.7718645329363603
2384 0.7666542612579085
2385 0.7726088574618534
2386 0.7759583178265724
2387 0.7800521027167845
2388 0.7897283215481951
2389 0.7919612951246744
2390 0.7938221064384071
2391 0.7919612951246744
2392 0.7904726460736882
2393 0.7949385932266468
2394 0.7949385932266468
2395 0.793077781912914
2396 0.7834015630815035
2397 0.7811685895050242
2398 0.7804242649795311
2399 0.7785634536657983
2400 0.7804242649795311
2401 0.7804242649795311
2402 0.7748418310383327
2403 0.7785634536657983
2404 0.7778191291403052
2405 0.7748418310383327
2406 0.7759583178265724
2407 0.7707480461481205
2408 0.7726088574618534
2409 0.7696315593598809
2410 0.7677707480461481
2411 0.753628582061779
2412 0.7595831782657239
2413 0.753628582061779
2414 0.7461853368068477
2415 0.7465574990695943
2416 0.7491626349088203
2417 0.7521399330107927
2418 0.7592110160029772
2419 0.7692593970971343
2420 0.7967994045403796
2421 0.7893561592854484
2422 0.7953107554893933
2423 0.7752139933010793
2424 0.7726088574618534
2425 0.770375883885374
2426 0.7688872348343878
2427 0.7621883141049498
2428 0.7647934499441756
2429 0.7644212876814291
2430 0.770375883885374
2431 0.7737253442500931
2432 0.7848902121324898
2433 0.7733531819873465
2434 0.7651656122069223
2435 0.7640491254186825
2436 0.7647934499441756
2437 0.7659099367324154
2438 0.7662820989951619
2439 0.7651656122069223
2440 0.7651656122069223
2441 0.7655377744696688
2442 0.763676963155936
2443 0.7651656122069223
2444 0.7580945292147376
2445 0.7584666914774841
2446 0.7599553405284704
2447 0.7614439895794567
2448 0.7595831782657239
2449 0.7606996650539636
2450 0.7625604763676963
2451 0.7606996650539636
2452 0.7629326386304429
2453 0.7644212876814291
2454 0.7647934499441756
2455 0.7651656122069223
2456 0.7651656122069223
2457 0.7659099367324154
2458 0.7599553405284704
2459 0.7781912914030518
2460 0.7748418310383327
2461 0.7949385932266468
2462 0.7953107554893933
2463 0.7982880535913658
2464 0.7953107554893933
2465 0.7941942687011537
2466 0.7986602158541124
2467 0.779679940454038
2468 0.7807964272422776
2469 0.7882396724972088
2470 0.7886118347599553
2471 0.7915891328619278
2472 0.7919612951246744
2473 0.7919612951246744
2474 0.7692593970971343
2475 0.777074804614812
2476 0.7540007443245255
2477 0.7647934499441756
2478 0.7446966877558615
2479 0.7726088574618534
2480 0.7781912914030518
2481 0.7811685895050242
2482 0.7662820989951619
2483 0.7711202084108671
2484 0.7726088574618534
2485 0.760327502791217
2486 0.7681429103088947
2487 0.7726088574618534
2488 0.7726088574618534
2489 0.7688872348343878
2490 0.7562337179010048
2491 0.7562337179010048
2492 0.7640491254186825
2493 0.7644212876814291
2494 0.7644212876814291
2495 0.7647934499441756
2496 0.7659099367324154
2497 0.7651656122069223
2498 0.7647934499441756
2499 0.7569780424264979
2500 0.7569780424264979
2501 0.7588388537402307
2502 0.7543729065872721
2503 0.7547450688500186
2504 0.7532564197990324
2505 0.7573502046892445
2506 0.7595831782657239
2507 0.760327502791217
2508 0.7566058801637514
2509 0.7595831782657239
2510 0.7584666914774841
2511 0.757722366951991
2512 0.7569780424264979
2513 0.7580945292147376
2514 0.7580945292147376
2515 0.7618161518422032
2516 0.7614439895794567
2517 0.7610718273167101
2518 0.7629326386304429
2519 0.7618161518422032
2520 0.7618161518422032
2521 0.7588388537402307
2522 0.7569780424264979
2523 0.7543729065872721
2524 0.7540007443245255
2525 0.7540007443245255
2526 0.7580945292147376
2527 0.7569780424264979
2528 0.7580945292147376
2529 0.7558615556382583
2530 0.7532564197990324
2531 0.7640491254186825
2532 0.7532564197990324
2533 0.7495347971715668
2534 0.7439523632303684
2535 0.7499069594343134
2536 0.7491626349088203
2537 0.7528842575362859
2538 0.7707480461481205
2539 0.7763304800893189
2540 0.7294380349832527
2541 0.7320431708224786
2542 0.6944547822850763
2543 0.7406029028656494
2544 0.7435802009676219
2545 0.7357647934499442
2546 0.7357647934499442
2547 0.7398585783401563
2548 0.7268328991440268
2549 0.7621883141049498
2550 0.7729810197245999
2551 0.7651656122069223
2552 0.7606996650539636
2553 0.7499069594343134
2554 0.7435802009676219
2555 0.7662820989951619
2556 0.7673985857834016
2557 0.7621883141049498
2558 0.7629326386304429
2559 0.7685150725716412
2560 0.770375883885374
2561 0.7688872348343878
2562 0.7651656122069223
2563 0.7640491254186825
2564 0.7767026423520655
2565 0.7807964272422776
2566 0.7406029028656494
2567 0.7257164123557871
2568 0.7257164123557871
2569 0.7272050614067733
2570 0.7640491254186825
2571 0.7621883141049498
2572 0.767026423520655
2573 0.7569780424264979
2574 0.7528842575362859
2575 0.7688872348343878
2576 0.7711202084108671
2577 0.7841458876069967
2578 0.7826572385560104
2579 0.7793077781912914
2580 0.7819129140305173
2581 0.7789356159285449
2582 0.7763304800893189
2583 0.7763304800893189
2584 0.7748418310383327
2585 0.7748418310383327
2586 0.7696315593598809
2587 0.7785634536657983
2588 0.7744696687755862
2589 0.7748418310383327
2590 0.7700037216226274
2591 0.7714923706736136
2592 0.7700037216226274
2593 0.7722366951991068
2594 0.7711202084108671
2595 0.7711202084108671
2596 0.7696315593598809
2597 0.7755861555638258
2598 0.7763304800893189
2599 0.7752139933010793
2600 0.7744696687755862
2601 0.7867510234462226
2602 0.7893561592854484
2603 0.7886118347599553
2604 0.7912169705991813
2605 0.7867510234462226
2606 0.7893561592854484
2607 0.786378861183476
2608 0.7845180498697432
2609 0.7897283215481951
2610 0.7889839970227019
2611 0.7912169705991813
2612 0.7901004838109416
2613 0.8008931894305917
2614 0.793077781912914
2615 0.7904726460736882
2616 0.7893561592854484
2617 0.7904726460736882
2618 0.7819129140305173
2619 0.7904726460736882
2620 0.7882396724972088
2621 0.7915891328619278
2622 0.7964272422776331
2623 0.7949385932266468
2624 0.7923334573874209
2625 0.7934499441756606
2626 0.79568291775214
2627 0.7945664309639002
2628 0.7815407517677707
2629 0.7804242649795311
2630 0.7807964272422776
2631 0.7822850762932638
2632 0.7811685895050242
2633 0.7938221064384071
2634 0.7971715668031262
2635 0.7953107554893933
2636 0.7945664309639002
2637 0.7871231857089691
2638 0.7874953479717157
2639 0.7867510234462226
2640 0.7915891328619278
2641 0.7904726460736882
2642 0.793077781912914
2643 0.7934499441756606
2644 0.7886118347599553
2645 0.7882396724972088
2646 0.7867510234462226
2647 0.7878675102344622
2648 0.7822850762932638
2649 0.78377372534425
2650 0.7912169705991813
2651 0.7860066989207294
2652 0.7867510234462226
2653 0.7871231857089691
2654 0.7848902121324898
2655 0.7848902121324898
2656 0.7919612951246744
2657 0.7748418310383327
2658 0.770375883885374
2659 0.7718645329363603
2660 0.770375883885374
2661 0.7707480461481205
2662 0.7707480461481205
2663 0.7729810197245999
2664 0.779679940454038
2665 0.7800521027167845
2666 0.7811685895050242
2667 0.7886118347599553
2668 0.7889839970227019
2669 0.7886118347599553
2670 0.7874953479717157
2671 0.7949385932266468
2672 0.7941942687011537
2673 0.7967994045403796
2674 0.7990323781168589
2675 0.7938221064384071
2676 0.7967994045403796
2677 0.7960550800148865
2678 0.7886118347599553
2679 0.7826572385560104
2680 0.7852623743952363
2681 0.7793077781912914
2682 0.779679940454038
2683 0.7774469668775587
2684 0.7733531819873465
2685 0.7718645329363603
2686 0.7644212876814291
2687 0.7640491254186825
2688 0.7774469668775587
2689 0.7677707480461481
2690 0.7651656122069223
2691 0.7625604763676963
2692 0.7595831782657239
2693 0.7480461481205806
2694 0.7391142538146632
2695 0.760327502791217
2696 0.7562337179010048
2697 0.753628582061779
2698 0.7487904726460737
2699 0.7499069594343134
2700 0.7547450688500186
2701 0.7640491254186825
2702 0.7595831782657239
2703 0.7606996650539636
2704 0.7688872348343878
2705 0.7647934499441756
2706 0.7543729065872721
2707 0.7339039821362114
2708 0.7320431708224786
2709 0.728321548195013
2710 0.7238556010420544
2711 0.7290658727205062
2712 0.7071082992184593
2713 0.682917752139933
2714 0.6795682917752139
2715 0.7298101972459993
2716 0.7286937104577595
2717 0.7484183103833272
2718 0.7435802009676219
2719 0.7428358764421288
2720 0.7517677707480461
2721 0.7543729065872721
2722 0.7606996650539636
2723 0.7573502046892445
2724 0.7573502046892445
2725 0.7573502046892445
2726 0.7573502046892445
2727 0.7595831782657239
2728 0.7729810197245999
2729 0.7841458876069967
2730 0.7845180498697432
2731 0.7815407517677707
2732 0.7826572385560104
2733 0.7871231857089691
2734 0.7763304800893189
2735 0.7595831782657239
2736 0.7662820989951619
2737 0.7368812802381839
2738 0.7037588388537402
2739 0.7186453293636025
2740 0.7305545217714924
2741 0.7361369557126908
2742 0.7688872348343878
2743 0.7774469668775587
2744 0.7737253442500931
2745 0.7428358764421288
2746 0.7588388537402307
2747 0.7465574990695943
2748 0.7450688500186081
2749 0.7257164123557871
2750 0.7346483066617046
2751 0.7402307406029028
2752 0.7398585783401563
2753 0.7644212876814291
2754 0.7737253442500931
2755 0.7707480461481205
2756 0.767026423520655
2757 0.7644212876814291
2758 0.7625604763676963
2759 0.760327502791217
2760 0.753628582061779
2761 0.7543729065872721
2762 0.7487904726460737
2763 0.7476739858578341
2764 0.7435802009676219
2765 0.7461853368068477
2766 0.7428358764421288
2767 0.7495347971715668
2768 0.7480461481205806
2769 0.7417193896538891
2770 0.7473018235950875
2771 0.7406029028656494
2772 0.7394864160774097
2773 0.7495347971715668
2774 0.753628582061779
2775 0.7532564197990324
2776 0.7495347971715668
2777 0.7506512839598065
2778 0.7219947897283215
2779 0.7208783029400819
2780 0.7164123557871231
2781 0.7197618161518422
2782 0.7097134350576851
2783 0.7078526237439524
2784 0.7260885746185337
2785 0.7149237067361369
2786 0.708969110532192
2787 0.7190174916263491
2788 0.7428358764421288
2789 0.7450688500186081
2790 0.7391142538146632
2791 0.7205061406773353
2792 0.7152958689988835
2793 0.731671008559732
2794 0.7357647934499442
2795 0.735020468924451
2796 0.7205061406773353
2797 0.7394864160774097
2798 0.7398585783401563
2799 0.7454410122813546
2800 0.7394864160774097
2801 0.7126907331596576
2802 0.7134350576851507
2803 0.708969110532192
2804 0.6985485671752885
2805 0.7015258652772609
2806 0.6907331596576107
2807 0.7342761443989579
2808 0.7305545217714924
2809 0.724972087830294
2810 0.7208783029400819
2811 0.6832899144026796
2812 0.7260885746185337
2813 0.7301823595087458
2814 0.6665426125790844
2815 0.6594715295868999
2816 0.6676590993673241
2817 0.666914774841831
2818 0.6278377372534425
2819 0.5958317826572386
2820 0.5928544845552661
2821 0.6590993673241533
2822 0.6509117975437291
2823 0.6706363974692966
2824 0.6684034238928173
2825 0.676218831410495
2826 0.6948269445478229
2827 0.6974320803870487
2828 0.6806847785634537
2829 0.6803126163007072
2830 0.6821734276144399
2831 0.663565314477112
2832 0.6416077409750651
2833 0.6739858578340157
2834 0.6650539635280982
2835 0.6672869371045776
2836 0.6836620766654261
2837 0.673613695571269
2838 0.6844064011909192
2839 0.6680312616300708
2840 0.6483066617045031
2841 0.6624488276888724
2842 0.6605880163751395
2843 0.6672869371045776
2844 0.6743580200967622
2845 0.6676590993673241
2846 0.6646818012653517
2847 0.6706363974692966
2848 0.6784518049869743
2849 0.6684034238928173
2850 0.663565314477112
2851 0.6471901749162635
2852 0.6516561220692222
2853 0.6992928917007816
2854 0.7048753256419799
2855 0.7037588388537402
2856 0.7164123557871231
2857 0.6877558615556383
2858 0.7123185708969111
2859 0.6531447711202084
2860 0.6713807219947897
2861 0.6773353181987346
2862 0.7190174916263491
2863 0.7167845180498698
2864 0.7294380349832527
2865 0.737625604763677
2866 0.7275772236695199
2867 0.7904726460736882
2868 0.7912169705991813
2869 0.7901004838109416
2870 0.7867510234462226
2871 0.7878675102344622
2872 0.7811685895050242
2873 0.7804242649795311
2874 0.7815407517677707
2875 0.7815407517677707
2876 0.7834015630815035
2877 0.78377372534425
2878 0.7815407517677707
2879 0.7841458876069967
2880 0.7841458876069967
2881 0.7807964272422776
2882 0.779679940454038
2883 0.7778191291403052
2884 0.7733531819873465
2885 0.7767026423520655
2886 0.7688872348343878
2887 0.767026423520655
2888 0.7785634536657983
2889 0.7804242649795311
2890 0.7852623743952363
2891 0.7826572385560104
2892 0.7822850762932638
2893 0.7804242649795311
2894 0.7819129140305173
2895 0.7800521027167845
2896 0.779679940454038
2897 0.7793077781912914
2898 0.7789356159285449
2899 0.7748418310383327
2900 0.7733531819873465
2901 0.7752139933010793
2902 0.7763304800893189
2903 0.777074804614812
2904 0.7781912914030518
2905 0.7785634536657983
2906 0.7804242649795311
2907 0.7629326386304429
2908 0.7625604763676963
2909 0.7614439895794567
2910 0.7621883141049498
2911 0.7621883141049498
2912 0.7621883141049498
2913 0.760327502791217
2914 0.7566058801637514
2915 0.7573502046892445
2916 0.760327502791217
2917 0.7614439895794567
2918 0.7610718273167101
2919 0.7633048008931894
2920 0.7644212876814291
2921 0.7647934499441756
2922 0.7662820989951619
2923 0.7647934499441756
2924 0.7651656122069223
2925 0.7621883141049498
2926 0.7629326386304429
2927 0.7588388537402307
2928 0.7629326386304429
2929 0.7696315593598809
2930 0.7748418310383327
2931 0.7785634536657983
2932 0.7871231857089691
2933 0.7848902121324898
2934 0.7841458876069967
2935 0.7815407517677707
2936 0.7744696687755862
2937 0.7763304800893189
2938 0.7767026423520655
2939 0.7774469668775587
2940 0.7737253442500931
2941 0.7807964272422776
2942 0.7834015630815035
2943 0.7811685895050242
2944 0.7819129140305173
2945 0.7826572385560104
2946 0.7815407517677707
2947 0.78377372534425
2948 0.7852623743952363
2949 0.7871231857089691
2950 0.7852623743952363
2951 0.7886118347599553
2952 0.7908448083364347
2953 0.7856345366579829
2954 0.7889839970227019
2955 0.7860066989207294
2956 0.786378861183476
2957 0.7867510234462226
2958 0.7856345366579829
2959 0.7651656122069223
2960 0.7629326386304429
2961 0.7692593970971343
2962 0.7599553405284704
2963 0.760327502791217
2964 0.7606996650539636
2965 0.7580945292147376
2966 0.7592110160029772
2967 0.7618161518422032
2968 0.7595831782657239
2969 0.760327502791217
2970 0.7588388537402307
2971 0.7566058801637514
2972 0.7566058801637514
2973 0.7551172311127652
2974 0.760327502791217
2975 0.7554893933755117
2976 0.7554893933755117
2977 0.7558615556382583
2978 0.7666542612579085
2979 0.7651656122069223
2980 0.760327502791217
2981 0.7592110160029772
2982 0.7610718273167101
2983 0.7592110160029772
2984 0.7685150725716412
2985 0.7673985857834016
2986 0.7677707480461481
2987 0.7673985857834016
2988 0.7521399330107927
2989 0.753628582061779
2990 0.753628582061779
2991 0.753628582061779
2992 0.7540007443245255
2993 0.746929661332341
2994 0.7502791216970599
2995 0.7644212876814291
2996 0.7651656122069223
2997 0.7655377744696688
2998 0.7647934499441756
2999 0.7659099367324154
3000 0.7614439895794567
3001 0.7588388537402307
3002 0.7562337179010048
3003 0.7547450688500186
3004 0.7525120952735392
3005 0.7547450688500186
3006 0.7644212876814291
3007 0.7647934499441756
3008 0.7595831782657239
3009 0.7588388537402307
3010 0.7592110160029772
3011 0.753628582061779
3012 0.751023446222553
3013 0.7491626349088203
3014 0.7517677707480461
3015 0.7592110160029772
3016 0.7595831782657239
3017 0.770375883885374
3018 0.7621883141049498
3019 0.7692593970971343
3020 0.767026423520655
3021 0.763676963155936
3022 0.7659099367324154
3023 0.763676963155936
3024 0.7655377744696688
3025 0.7606996650539636
3026 0.7584666914774841
3027 0.7584666914774841
3028 0.7610718273167101
3029 0.760327502791217
3030 0.7625604763676963
3031 0.7633048008931894
3032 0.7633048008931894
3033 0.7647934499441756
3034 0.7655377744696688
3035 0.7651656122069223
3036 0.7662820989951619
3037 0.7685150725716412
3038 0.7673985857834016
3039 0.7655377744696688
3040 0.7737253442500931
3041 0.7733531819873465
3042 0.7744696687755862
3043 0.7767026423520655
3044 0.7714923706736136
3045 0.7752139933010793
3046 0.7941942687011537
3047 0.7901004838109416
3048 0.7912169705991813
3049 0.7878675102344622
3050 0.7882396724972088
3051 0.7882396724972088
3052 0.7882396724972088
3053 0.7882396724972088
3054 0.7934499441756606
3055 0.7923334573874209
3056 0.7897283215481951
3057 0.7878675102344622
3058 0.7878675102344622
3059 0.7860066989207294
3060 0.7860066989207294
3061 0.7941942687011537
3062 0.7904726460736882
3063 0.7904726460736882
3064 0.7908448083364347
3065 0.7912169705991813
3066 0.7975437290658727
3067 0.7953107554893933
3068 0.79568291775214
3069 0.7938221064384071
3070 0.7960550800148865
3071 0.7964272422776331
3072 0.7979158913286193
3073 0.8005210271678452
3074 0.7919612951246744
3075 0.7934499441756606
3076 0.7941942687011537
3077 0.7923334573874209
3078 0.7897283215481951
3079 0.7915891328619278
3080 0.7860066989207294
3081 0.7860066989207294
3082 0.7860066989207294
3083 0.7878675102344622
3084 0.7889839970227019
3085 0.7871231857089691
3086 0.7845180498697432
3087 0.7848902121324898
3088 0.7800521027167845
3089 0.7867510234462226
3090 0.7882396724972088
3091 0.7882396724972088
3092 0.7886118347599553
3093 0.7845180498697432
3094 0.7841458876069967
3095 0.7841458876069967
3096 0.7852623743952363
3097 0.7822850762932638
3098 0.7819129140305173
3099 0.7804242649795311
3100 0.7815407517677707
3101 0.7800521027167845
3102 0.7800521027167845
3103 0.7800521027167845
3104 0.779679940454038
3105 0.7763304800893189
3106 0.777074804614812
3107 0.7755861555638258
3108 0.7737253442500931
3109 0.7737253442500931
3110 0.7740975065128396
3111 0.7733531819873465
3112 0.770375883885374
3113 0.7696315593598809
3114 0.7707480461481205
3115 0.7696315593598809
3116 0.7714923706736136
3117 0.7711202084108671
3118 0.7733531819873465
3119 0.7789356159285449
3120 0.7714923706736136
3121 0.7692593970971343
3122 0.7685150725716412
3123 0.7692593970971343
3124 0.7718645329363603
3125 0.7718645329363603
3126 0.7755861555638258
3127 0.7822850762932638
3128 0.7819129140305173
3129 0.7834015630815035
3130 0.7811685895050242
3131 0.7811685895050242
3132 0.7834015630815035
3133 0.7819129140305173
3134 0.7830294008187569
3135 0.7774469668775587
3136 0.7748418310383327
3137 0.7744696687755862
3138 0.7793077781912914
3139 0.7781912914030518
3140 0.7800521027167845
3141 0.7830294008187569
3142 0.7826572385560104
3143 0.7804242649795311
3144 0.779679940454038
3145 0.7819129140305173
3146 0.7826572385560104
3147 0.7763304800893189
3148 0.7681429103088947
3149 0.7681429103088947
3150 0.7707480461481205
3151 0.7711202084108671
3152 0.7685150725716412
3153 0.7696315593598809
3154 0.767026423520655
3155 0.7707480461481205
3156 0.767026423520655
3157 0.7800521027167845
3158 0.786378861183476
3159 0.7815407517677707
3160 0.7785634536657983
3161 0.7871231857089691
3162 0.7897283215481951
3163 0.7901004838109416
3164 0.7901004838109416
3165 0.7871231857089691
3166 0.7871231857089691
3167 0.7830294008187569
3168 0.7841458876069967
3169 0.7848902121324898
3170 0.7834015630815035
3171 0.7852623743952363
3172 0.7852623743952363
3173 0.7852623743952363
3174 0.7893561592854484
3175 0.7882396724972088
3176 0.7927056196501675
3177 0.7938221064384071
3178 0.7938221064384071
3179 0.7949385932266468
3180 0.7919612951246744
3181 0.793077781912914
3182 0.7953107554893933
3183 0.793077781912914
3184 0.7927056196501675
3185 0.7908448083364347
3186 0.7886118347599553
3187 0.7897283215481951
3188 0.7901004838109416
3189 0.793077781912914
3190 0.7964272422776331
3191 0.7860066989207294
3192 0.7871231857089691
3193 0.7867510234462226
3194 0.7901004838109416
3195 0.7893561592854484
3196 0.7897283215481951
3197 0.7893561592854484
3198 0.7886118347599553
3199 0.7882396724972088
3200 0.7975437290658727
3201 0.7982880535913658
3202 0.7979158913286193
3203 0.7971715668031262
3204 0.7897283215481951
3205 0.7886118347599553
3206 0.7886118347599553
3207 0.7874953479717157
3208 0.7874953479717157
3209 0.7889839970227019
3210 0.7886118347599553
3211 0.7897283215481951
3212 0.7878675102344622
3213 0.7871231857089691
3214 0.7860066989207294
3215 0.7860066989207294
3216 0.7867510234462226
3217 0.786378861183476
3218 0.7860066989207294
3219 0.7860066989207294
3220 0.7852623743952363
3221 0.7860066989207294
3222 0.786378861183476
3223 0.7852623743952363
3224 0.78377372534425
3225 0.7811685895050242
3226 0.7841458876069967
3227 0.7841458876069967
3228 0.7841458876069967
3229 0.7856345366579829
3230 0.7848902121324898
3231 0.7852623743952363
3232 0.7845180498697432
3233 0.7848902121324898
3234 0.7848902121324898
3235 0.7845180498697432
3236 0.7845180498697432
3237 0.7860066989207294
3238 0.7845180498697432
3239 0.7848902121324898
3240 0.78377372534425
3241 0.7841458876069967
3242 0.7841458876069967
3243 0.786378861183476
3244 0.786378861183476
3245 0.786378861183476
3246 0.7856345366579829
3247 0.7856345366579829
3248 0.7848902121324898
3249 0.7874953479717157
3250 0.7874953479717157
3251 0.7874953479717157
3252 0.7867510234462226
3253 0.7871231857089691
3254 0.7882396724972088
3255 0.7878675102344622
3256 0.7889839970227019
3257 0.7804242649795311
3258 0.7811685895050242
3259 0.7807964272422776
3260 0.7800521027167845
3261 0.7800521027167845
3262 0.7800521027167845
3263 0.779679940454038
3264 0.779679940454038
3265 0.7815407517677707
3266 0.7819129140305173
3267 0.7826572385560104
3268 0.7822850762932638
3269 0.777074804614812
3270 0.777074804614812
3271 0.7767026423520655
3272 0.779679940454038
3273 0.7789356159285449
3274 0.7789356159285449
3275 0.7789356159285449
3276 0.7789356159285449
3277 0.7785634536657983
3278 0.7882396724972088
3279 0.7886118347599553
3280 0.7878675102344622
3281 0.7860066989207294
3282 0.786378861183476
3283 0.786378861183476
3284 0.7830294008187569
3285 0.7852623743952363
3286 0.7856345366579829
3287 0.7841458876069967
3288 0.78377372534425
3289 0.7841458876069967
3290 0.786378861183476
3291 0.7867510234462226
3292 0.7874953479717157
3293 0.7871231857089691
3294 0.7878675102344622
3295 0.7878675102344622
3296 0.7893561592854484
3297 0.7889839970227019
3298 0.7889839970227019
3299 0.7889839970227019
3300 0.7897283215481951
3301 0.7904726460736882
3302 0.7901004838109416
3303 0.7904726460736882
3304 0.7901004838109416
3305 0.7901004838109416
3306 0.7897283215481951
3307 0.7901004838109416
3308 0.7938221064384071
3309 0.7938221064384071
3310 0.7919612951246744
3311 0.7919612951246744
3312 0.7927056196501675
3313 0.7927056196501675
3314 0.793077781912914
3315 0.7927056196501675
3316 0.7923334573874209
3317 0.7874953479717157
3318 0.7871231857089691
3319 0.7871231857089691
3320 0.7882396724972088
3321 0.7882396724972088
3322 0.7882396724972088
3323 0.7882396724972088
3324 0.7889839970227019
3325 0.7889839970227019
3326 0.7878675102344622
3327 0.786378861183476
3328 0.7867510234462226
3329 0.7874953479717157
3330 0.7889839970227019
3331 0.7889839970227019
3332 0.7882396724972088
3333 0.7889839970227019
3334 0.7904726460736882
3335 0.7904726460736882
3336 0.7915891328619278
3337 0.7912169705991813
3338 0.7904726460736882
3339 0.7889839970227019
3340 0.7901004838109416
3341 0.7867510234462226
3342 0.7878675102344622
3343 0.7860066989207294
3344 0.7830294008187569
3345 0.7852623743952363
3346 0.7852623743952363
3347 0.7852623743952363
3348 0.7852623743952363
3349 0.7867510234462226
3350 0.7860066989207294
3351 0.786378861183476
3352 0.786378861183476
3353 0.7867510234462226
3354 0.7871231857089691
3355 0.7867510234462226
3356 0.7867510234462226
3357 0.786378861183476
3358 0.786378861183476
3359 0.7867510234462226
3360 0.786378861183476
3361 0.7793077781912914
3362 0.777074804614812
3363 0.7774469668775587
3364 0.7774469668775587
3365 0.7774469668775587
3366 0.7774469668775587
3367 0.7774469668775587
3368 0.7774469668775587
3369 0.7800521027167845
3370 0.7785634536657983
3371 0.7785634536657983
3372 0.7785634536657983
3373 0.7781912914030518
3374 0.7781912914030518
3375 0.7793077781912914
3376 0.7815407517677707
3377 0.7815407517677707
3378 0.7811685895050242
3379 0.7807964272422776
3380 0.7834015630815035
3381 0.7826572385560104
3382 0.7826572385560104
3383 0.7819129140305173
3384 0.7826572385560104
3385 0.7826572385560104
3386 0.78377372534425
3387 0.7830294008187569
3388 0.7834015630815035
3389 0.7830294008187569
3390 0.7834015630815035
3391 0.7811685895050242
3392 0.7804242649795311
3393 0.7815407517677707
3394 0.7822850762932638
3395 0.779679940454038
3396 0.7804242649795311
3397 0.7804242649795311
3398 0.7793077781912914
3399 0.7834015630815035
3400 0.7834015630815035
3401 0.7815407517677707
3402 0.7815407517677707
3403 0.7811685895050242
3404 0.7830294008187569
3405 0.7763304800893189
3406 0.7774469668775587
3407 0.7774469668775587
3408 0.7774469668775587
3409 0.7767026423520655
3410 0.777074804614812
3411 0.7774469668775587
3412 0.777074804614812
3413 0.7767026423520655
3414 0.7785634536657983
3415 0.7800521027167845
3416 0.7807964272422776
3417 0.7822850762932638
3418 0.7811685895050242
3419 0.7815407517677707
3420 0.7811685895050242
3421 0.7807964272422776
3422 0.7807964272422776
3423 0.7807964272422776
3424 0.7804242649795311
3425 0.7807964272422776
3426 0.7800521027167845
3427 0.7793077781912914
3428 0.7793077781912914
3429 0.7793077781912914
3430 0.7793077781912914
3431 0.7789356159285449
3432 0.7789356159285449
3433 0.7804242649795311
3434 0.7804242649795311
3435 0.7804242649795311
3436 0.7781912914030518
3437 0.7781912914030518
3438 0.7755861555638258
3439 0.7752139933010793
3440 0.7748418310383327
3441 0.7737253442500931
3442 0.7737253442500931
3443 0.7737253442500931
3444 0.7740975065128396
3445 0.7740975065128396
3446 0.7714923706736136
3447 0.7714923706736136
3448 0.7729810197245999
3449 0.7733531819873465
3450 0.7744696687755862
3451 0.7755861555638258
3452 0.7737253442500931
3453 0.7737253442500931
3454 0.7737253442500931
3455 0.7737253442500931
3456 0.7740975065128396
3457 0.7767026423520655
3458 0.777074804614812
3459 0.777074804614812
3460 0.7781912914030518
3461 0.7781912914030518
3462 0.7781912914030518
3463 0.7781912914030518
3464 0.7785634536657983
3465 0.7785634536657983
3466 0.7785634536657983
3467 0.7785634536657983
3468 0.7793077781912914
3469 0.7793077781912914
3470 0.7793077781912914
3471 0.7781912914030518
3472 0.7793077781912914
3473 0.779679940454038
3474 0.7785634536657983
3475 0.7789356159285449
3476 0.7785634536657983
3477 0.7793077781912914
3478 0.7785634536657983
3479 0.7789356159285449
3480 0.7793077781912914
3481 0.7793077781912914
3482 0.7793077781912914
3483 0.7793077781912914
3484 0.7785634536657983
3485 0.7789356159285449
3486 0.7789356159285449
3487 0.7789356159285449
3488 0.7789356159285449
3489 0.779679940454038
3490 0.7811685895050242
3491 0.7815407517677707
3492 0.7819129140305173
3493 0.7819129140305173
3494 0.7819129140305173
3495 0.7819129140305173
3496 0.7819129140305173
3497 0.7815407517677707
3498 0.7815407517677707
3499 0.7815407517677707
3500 0.7822850762932638
3501 0.7807964272422776
3502 0.7807964272422776
3503 0.7826572385560104
3504 0.7834015630815035
3505 0.7834015630815035
3506 0.7834015630815035
3507 0.7826572385560104
3508 0.7826572385560104
3509 0.7841458876069967
3510 0.7830294008187569
3511 0.7830294008187569
3512 0.7834015630815035
3513 0.7811685895050242
3514 0.7807964272422776
3515 0.7807964272422776
3516 0.7815407517677707
3517 0.7815407517677707
3518 0.7822850762932638
3519 0.7826572385560104
3520 0.7819129140305173
3521 0.7819129140305173
3522 0.7819129140305173
3523 0.78377372534425
3524 0.7834015630815035
3525 0.7834015630815035
3526 0.7856345366579829
3527 0.7856345366579829
3528 0.7848902121324898
3529 0.7871231857089691
3530 0.7871231857089691
3531 0.7848902121324898
3532 0.7848902121324898
3533 0.7848902121324898
3534 0.7848902121324898
3535 0.7841458876069967
3536 0.786378861183476
3537 0.7848902121324898
3538 0.7856345366579829
3539 0.7852623743952363
3540 0.7852623743952363
3541 0.7852623743952363
3542 0.7848902121324898
3543 0.7848902121324898
3544 0.78377372534425
3545 0.7852623743952363
3546 0.7830294008187569
3547 0.7886118347599553
3548 0.7882396724972088
3549 0.7874953479717157
3550 0.7830294008187569
3551 0.7834015630815035
3552 0.7856345366579829
3553 0.7852623743952363
3554 0.7860066989207294
3555 0.7852623743952363
3556 0.7856345366579829
3557 0.7882396724972088
3558 0.7878675102344622
3559 0.7882396724972088
3560 0.7882396724972088
3561 0.7886118347599553
3562 0.7867510234462226
3563 0.786378861183476
3564 0.7841458876069967
3565 0.7841458876069967
3566 0.7841458876069967
3567 0.7848902121324898
3568 0.7845180498697432
3569 0.7845180498697432
3570 0.7878675102344622
3571 0.7874953479717157
3572 0.7874953479717157
3573 0.7874953479717157
3574 0.7867510234462226
3575 0.7871231857089691
3576 0.7867510234462226
3577 0.7860066989207294
3578 0.786378861183476
3579 0.7874953479717157
3580 0.7867510234462226
3581 0.7867510234462226
3582 0.786378861183476
3583 0.7610718273167101
