0 0.805731298846297
1 0.805731298846297
2 0.805731298846297
3 0.8042426497953108
4 0.8042426497953108
5 0.8042426497953108
6 0.8042426497953108
7 0.8042426497953108
8 0.8042426497953108
9 0.8042426497953108
10 0.8042426497953108
11 0.8049869743208039
12 0.8049869743208039
13 0.8049869743208039
14 0.8053591365835504
15 0.8053591365835504
16 0.8049869743208039
17 0.8049869743208039
18 0.8049869743208039
19 0.8031261630070711
20 0.8034983252698177
21 0.8034983252698177
22 0.8034983252698177
23 0.8034983252698177
24 0.8034983252698177
25 0.8031261630070711
26 0.8031261630070711
27 0.8031261630070711
28 0.8031261630070711
29 0.8031261630070711
30 0.8031261630070711
31 0.8031261630070711
32 0.8031261630070711
33 0.8031261630070711
34 0.8042426497953108
35 0.8042426497953108
36 0.8042426497953108
37 0.8042426497953108
38 0.8042426497953108
39 0.8042426497953108
40 0.8042426497953108
41 0.8042426497953108
42 0.8042426497953108
43 0.8042426497953108
44 0.8046148120580573
45 0.8038704875325642
46 0.8038704875325642
47 0.8038704875325642
48 0.8038704875325642
49 0.8038704875325642
50 0.8038704875325642
51 0.8038704875325642
52 0.8038704875325642
53 0.8061034611090435
54 0.8061034611090435
55 0.8061034611090435
56 0.8061034611090435
57 0.8061034611090435
58 0.8061034611090435
59 0.8064756233717901
60 0.8064756233717901
61 0.8064756233717901
62 0.8064756233717901
63 0.8061034611090435
64 0.8061034611090435
65 0.8061034611090435
66 0.8061034611090435
67 0.8061034611090435
68 0.8061034611090435
69 0.8061034611090435
70 0.8061034611090435
71 0.805731298846297
72 0.805731298846297
73 0.8064756233717901
74 0.8064756233717901
75 0.8064756233717901
76 0.8064756233717901
77 0.8068477856345366
78 0.8068477856345366
79 0.8068477856345366
80 0.8068477856345366
81 0.8072199478972832
82 0.8072199478972832
83 0.8072199478972832
84 0.8072199478972832
85 0.8072199478972832
86 0.8072199478972832
87 0.8061034611090435
88 0.8061034611090435
89 0.8061034611090435
90 0.8061034611090435
91 0.8061034611090435
92 0.8061034611090435
93 0.8049869743208039
94 0.8049869743208039
95 0.8049869743208039
96 0.8049869743208039
97 0.8049869743208039
98 0.8049869743208039
99 0.8053591365835504
100 0.805731298846297
101 0.805731298846297
102 0.8064756233717901
103 0.8064756233717901
104 0.8064756233717901
105 0.8061034611090435
106 0.805731298846297
107 0.8046148120580573
108 0.8046148120580573
109 0.8049869743208039
110 0.8049869743208039
111 0.8049869743208039
112 0.8049869743208039
113 0.8038704875325642
114 0.8038704875325642
115 0.8038704875325642
116 0.8042426497953108
117 0.8042426497953108
118 0.8042426497953108
119 0.8038704875325642
120 0.8034983252698177
121 0.8034983252698177
122 0.8034983252698177
123 0.8034983252698177
124 0.8031261630070711
125 0.8031261630070711
126 0.8027540007443246
127 0.8027540007443246
128 0.8027540007443246
129 0.8027540007443246
130 0.8012653516933383
131 0.8012653516933383
132 0.8020096762188315
133 0.8020096762188315
134 0.8020096762188315
135 0.8038704875325642
136 0.8038704875325642
137 0.8038704875325642
138 0.8038704875325642
139 0.8038704875325642
140 0.8038704875325642
141 0.8038704875325642
142 0.8038704875325642
143 0.8031261630070711
144 0.8031261630070711
145 0.8031261630070711
146 0.8031261630070711
147 0.8031261630070711
148 0.8031261630070711
149 0.8031261630070711
150 0.8031261630070711
151 0.802381838481578
152 0.802381838481578
153 0.8020096762188315
154 0.8020096762188315
155 0.8027540007443246
156 0.8027540007443246
157 0.8027540007443246
158 0.8020096762188315
159 0.8020096762188315
160 0.802381838481578
161 0.802381838481578
162 0.802381838481578
163 0.8027540007443246
164 0.8027540007443246
165 0.8031261630070711
166 0.8046148120580573
167 0.8046148120580573
168 0.8046148120580573
169 0.8046148120580573
170 0.8038704875325642
171 0.8038704875325642
172 0.8038704875325642
173 0.8038704875325642
174 0.8038704875325642
175 0.8034983252698177
176 0.8038704875325642
177 0.8038704875325642
178 0.8038704875325642
179 0.8038704875325642
180 0.8046148120580573
181 0.8046148120580573
182 0.8046148120580573
183 0.8046148120580573
184 0.8046148120580573
185 0.8046148120580573
186 0.8083364346855229
187 0.8083364346855229
188 0.8083364346855229
189 0.8042426497953108
190 0.8042426497953108
191 0.8042426497953108
192 0.8042426497953108
193 0.8049869743208039
194 0.8049869743208039
195 0.8049869743208039
196 0.8049869743208039
197 0.8049869743208039
198 0.8049869743208039
199 0.8038704875325642
200 0.8034983252698177
201 0.8034983252698177
202 0.8034983252698177
203 0.8034983252698177
204 0.8034983252698177
205 0.8034983252698177
206 0.8031261630070711
207 0.8031261630070711
208 0.8031261630070711
209 0.8031261630070711
210 0.8031261630070711
211 0.8020096762188315
212 0.8020096762188315
213 0.8020096762188315
214 0.8020096762188315
215 0.8016375139560848
216 0.8012653516933383
217 0.8008931894305917
218 0.8008931894305917
219 0.8008931894305917
220 0.8008931894305917
221 0.8012653516933383
222 0.8046148120580573
223 0.8049869743208039
224 0.8049869743208039
225 0.8053591365835504
226 0.8053591365835504
227 0.8053591365835504
228 0.8053591365835504
229 0.8053591365835504
230 0.8053591365835504
231 0.8053591365835504
232 0.8053591365835504
233 0.8053591365835504
234 0.8053591365835504
235 0.8053591365835504
236 0.8053591365835504
237 0.8053591365835504
238 0.8053591365835504
239 0.8042426497953108
240 0.8042426497953108
241 0.8042426497953108
242 0.8042426497953108
243 0.8034983252698177
244 0.8031261630070711
245 0.8031261630070711
246 0.8027540007443246
247 0.8027540007443246
248 0.8031261630070711
249 0.8034983252698177
250 0.8034983252698177
251 0.8049869743208039
252 0.8049869743208039
253 0.8049869743208039
254 0.8049869743208039
255 0.8053591365835504
256 0.8053591365835504
257 0.8053591365835504
258 0.8053591365835504
259 0.8053591365835504
260 0.8049869743208039
261 0.8049869743208039
262 0.8049869743208039
263 0.805731298846297
264 0.805731298846297
265 0.805731298846297
266 0.8049869743208039
267 0.8049869743208039
268 0.8049869743208039
269 0.8049869743208039
270 0.8049869743208039
271 0.8049869743208039
272 0.8049869743208039
273 0.8049869743208039
274 0.8049869743208039
275 0.8049869743208039
276 0.8049869743208039
277 0.8046148120580573
278 0.8046148120580573
279 0.8046148120580573
280 0.8046148120580573
281 0.8046148120580573
282 0.8046148120580573
283 0.8046148120580573
284 0.8046148120580573
285 0.8046148120580573
286 0.8046148120580573
287 0.8046148120580573
288 0.8046148120580573
289 0.8046148120580573
290 0.8046148120580573
291 0.8046148120580573
292 0.8046148120580573
293 0.8046148120580573
294 0.8046148120580573
295 0.8046148120580573
296 0.8046148120580573
297 0.8049869743208039
298 0.8049869743208039
299 0.8046148120580573
300 0.8046148120580573
301 0.8046148120580573
302 0.8042426497953108
303 0.8046148120580573
304 0.8046148120580573
305 0.8046148120580573
306 0.8046148120580573
307 0.8046148120580573
308 0.8046148120580573
309 0.8046148120580573
310 0.8046148120580573
311 0.8046148120580573
312 0.8042426497953108
313 0.8042426497953108
314 0.8042426497953108
315 0.8042426497953108
316 0.8042426497953108
317 0.8038704875325642
318 0.8038704875325642
319 0.8038704875325642
320 0.8042426497953108
321 0.8042426497953108
322 0.8042426497953108
323 0.8034983252698177
324 0.8034983252698177
325 0.8034983252698177
326 0.8034983252698177
327 0.8027540007443246
328 0.8038704875325642
329 0.8031261630070711
330 0.8031261630070711
331 0.8038704875325642
332 0.8038704875325642
333 0.8038704875325642
334 0.8038704875325642
335 0.8038704875325642
336 0.8038704875325642
337 0.8038704875325642
338 0.8027540007443246
339 0.8027540007443246
340 0.8027540007443246
341 0.8027540007443246
342 0.8031261630070711
343 0.8031261630070711
344 0.8031261630070711
345 0.8031261630070711
346 0.8034983252698177
347 0.8034983252698177
348 0.8031261630070711
349 0.8027540007443246
350 0.8016375139560848
351 0.8016375139560848
352 0.8016375139560848
353 0.8016375139560848
354 0.8016375139560848
355 0.8016375139560848
356 0.8038704875325642
357 0.8038704875325642
358 0.7994045403796055
359 0.7994045403796055
360 0.7994045403796055
361 0.7994045403796055
362 0.7994045403796055
363 0.7994045403796055
364 0.8005210271678452
365 0.8005210271678452
366 0.8005210271678452
367 0.8005210271678452
368 0.8001488649050986
369 0.8016375139560848
370 0.8016375139560848
371 0.8016375139560848
372 0.8016375139560848
373 0.8016375139560848
374 0.8016375139560848
375 0.8016375139560848
376 0.8016375139560848
377 0.8016375139560848
378 0.8016375139560848
379 0.8016375139560848
380 0.8016375139560848
381 0.8012653516933383
382 0.8012653516933383
383 0.8012653516933383
384 0.8008931894305917
385 0.8008931894305917
386 0.8008931894305917
387 0.8008931894305917
388 0.8012653516933383
389 0.8012653516933383
390 0.8012653516933383
391 0.8012653516933383
392 0.8012653516933383
393 0.8038704875325642
394 0.8038704875325642
395 0.8038704875325642
396 0.8038704875325642
397 0.8034983252698177
398 0.8034983252698177
399 0.8034983252698177
400 0.8034983252698177
401 0.8031261630070711
402 0.8031261630070711
403 0.8031261630070711
404 0.8031261630070711
405 0.8034983252698177
406 0.8034983252698177
407 0.8034983252698177
408 0.8034983252698177
409 0.8034983252698177
410 0.8031261630070711
411 0.8027540007443246
412 0.8027540007443246
413 0.8027540007443246
414 0.8031261630070711
415 0.8031261630070711
416 0.8027540007443246
417 0.8027540007443246
418 0.8031261630070711
419 0.8031261630070711
420 0.8031261630070711
421 0.8038704875325642
422 0.8027540007443246
423 0.8027540007443246
424 0.8027540007443246
425 0.8027540007443246
426 0.8027540007443246
427 0.8020096762188315
428 0.8020096762188315
429 0.8020096762188315
430 0.802381838481578
431 0.802381838481578
432 0.8016375139560848
433 0.8016375139560848
434 0.8016375139560848
435 0.8016375139560848
436 0.8016375139560848
437 0.8016375139560848
438 0.8016375139560848
439 0.8016375139560848
440 0.8020096762188315
441 0.8020096762188315
442 0.8020096762188315
443 0.8020096762188315
444 0.8020096762188315
445 0.8020096762188315
446 0.8020096762188315
447 0.8020096762188315
448 0.8020096762188315
449 0.8020096762188315
450 0.8020096762188315
451 0.8027540007443246
452 0.8027540007443246
453 0.8027540007443246
454 0.8027540007443246
455 0.802381838481578
456 0.802381838481578
457 0.802381838481578
458 0.802381838481578
459 0.802381838481578
460 0.802381838481578
461 0.802381838481578
462 0.802381838481578
463 0.802381838481578
464 0.802381838481578
465 0.8016375139560848
466 0.8020096762188315
467 0.8020096762188315
468 0.8020096762188315
469 0.8020096762188315
470 0.8020096762188315
471 0.802381838481578
472 0.802381838481578
473 0.802381838481578
474 0.802381838481578
475 0.802381838481578
476 0.802381838481578
477 0.8027540007443246
478 0.8016375139560848
479 0.8012653516933383
480 0.8012653516933383
481 0.8001488649050986
482 0.8001488649050986
483 0.8001488649050986
484 0.8016375139560848
485 0.8016375139560848
486 0.8016375139560848
487 0.8016375139560848
488 0.8016375139560848
489 0.8016375139560848
490 0.8012653516933383
491 0.8016375139560848
492 0.8016375139560848
493 0.8016375139560848
494 0.8016375139560848
495 0.8016375139560848
496 0.8016375139560848
497 0.8020096762188315
498 0.8016375139560848
499 0.8016375139560848
500 0.8016375139560848
501 0.8020096762188315
502 0.8020096762188315
503 0.8020096762188315
504 0.8020096762188315
505 0.8016375139560848
506 0.8016375139560848
507 0.8005210271678452
508 0.8008931894305917
509 0.8020096762188315
510 0.8020096762188315
511 0.8020096762188315
512 0.8020096762188315
513 0.8020096762188315
514 0.8020096762188315
515 0.8038704875325642
516 0.8038704875325642
517 0.8038704875325642
518 0.8042426497953108
519 0.8042426497953108
520 0.8042426497953108
521 0.8042426497953108
522 0.8042426497953108
523 0.8042426497953108
524 0.8049869743208039
525 0.8049869743208039
526 0.8053591365835504
527 0.8053591365835504
528 0.805731298846297
529 0.8064756233717901
530 0.8075921101600297
531 0.8075921101600297
532 0.8075921101600297
533 0.8075921101600297
534 0.8072199478972832
535 0.8075921101600297
536 0.8075921101600297
537 0.8075921101600297
538 0.8072199478972832
539 0.8072199478972832
540 0.8072199478972832
541 0.8083364346855229
542 0.8083364346855229
543 0.8079642724227764
544 0.8079642724227764
545 0.8079642724227764
546 0.8079642724227764
547 0.8079642724227764
548 0.8075921101600297
549 0.8087085969482695
550 0.8087085969482695
551 0.8087085969482695
552 0.8087085969482695
553 0.8087085969482695
554 0.8087085969482695
555 0.8087085969482695
556 0.8083364346855229
557 0.809080759211016
558 0.809080759211016
559 0.809080759211016
560 0.809080759211016
561 0.809080759211016
562 0.809080759211016
563 0.809080759211016
564 0.809080759211016
565 0.809080759211016
566 0.809080759211016
567 0.809080759211016
568 0.8087085969482695
569 0.8087085969482695
570 0.8087085969482695
571 0.8087085969482695
572 0.8087085969482695
573 0.8087085969482695
574 0.8083364346855229
575 0.8083364346855229
576 0.8083364346855229
577 0.8083364346855229
578 0.8087085969482695
579 0.809080759211016
580 0.809080759211016
581 0.8094529214737626
582 0.8098250837365091
583 0.8098250837365091
584 0.8094529214737626
585 0.8094529214737626
586 0.809080759211016
587 0.8079642724227764
588 0.8079642724227764
589 0.8079642724227764
590 0.8079642724227764
591 0.8034983252698177
592 0.8042426497953108
593 0.8042426497953108
594 0.8042426497953108
595 0.8042426497953108
596 0.8042426497953108
597 0.8031261630070711
598 0.8031261630070711
599 0.8031261630070711
600 0.8027540007443246
601 0.8027540007443246
602 0.8027540007443246
603 0.8027540007443246
604 0.8027540007443246
605 0.8027540007443246
606 0.8027540007443246
607 0.8027540007443246
608 0.8027540007443246
609 0.8027540007443246
610 0.8027540007443246
611 0.8049869743208039
612 0.8053591365835504
613 0.8053591365835504
614 0.8053591365835504
615 0.8053591365835504
616 0.8053591365835504
617 0.8053591365835504
618 0.8042426497953108
619 0.8042426497953108
620 0.8042426497953108
621 0.8046148120580573
622 0.8042426497953108
623 0.8042426497953108
624 0.8042426497953108
625 0.8027540007443246
626 0.8027540007443246
627 0.8027540007443246
628 0.8027540007443246
629 0.8027540007443246
630 0.8027540007443246
631 0.802381838481578
632 0.802381838481578
633 0.802381838481578
634 0.802381838481578
635 0.802381838481578
636 0.8034983252698177
637 0.8027540007443246
638 0.8038704875325642
639 0.802381838481578
640 0.802381838481578
641 0.8020096762188315
642 0.8020096762188315
643 0.8027540007443246
644 0.8027540007443246
645 0.8027540007443246
646 0.8027540007443246
647 0.8031261630070711
648 0.8031261630070711
649 0.8031261630070711
650 0.8031261630070711
651 0.8042426497953108
652 0.8068477856345366
653 0.8068477856345366
654 0.8068477856345366
655 0.8068477856345366
656 0.8068477856345366
657 0.8068477856345366
658 0.8068477856345366
659 0.8068477856345366
660 0.8068477856345366
661 0.8068477856345366
662 0.8068477856345366
663 0.8068477856345366
664 0.8068477856345366
665 0.8068477856345366
666 0.8079642724227764
667 0.8079642724227764
668 0.8079642724227764
669 0.8079642724227764
670 0.8079642724227764
671 0.8079642724227764
672 0.8079642724227764
673 0.8079642724227764
674 0.8079642724227764
675 0.8079642724227764
676 0.8079642724227764
677 0.8083364346855229
678 0.8083364346855229
679 0.8083364346855229
680 0.8083364346855229
681 0.8083364346855229
682 0.8087085969482695
683 0.8087085969482695
684 0.8087085969482695
685 0.8083364346855229
686 0.8083364346855229
687 0.8083364346855229
688 0.8083364346855229
689 0.8109415705247488
690 0.8109415705247488
691 0.8113137327874953
692 0.8113137327874953
693 0.8113137327874953
694 0.8120580573129884
695 0.8120580573129884
696 0.8120580573129884
697 0.8120580573129884
698 0.8120580573129884
699 0.8120580573129884
700 0.8120580573129884
701 0.8120580573129884
702 0.8120580573129884
703 0.8120580573129884
704 0.8116858950502419
705 0.8116858950502419
706 0.8120580573129884
707 0.8120580573129884
708 0.8128023818384815
709 0.8128023818384815
710 0.8128023818384815
711 0.8128023818384815
712 0.8128023818384815
713 0.815035355414961
714 0.815035355414961
715 0.815035355414961
716 0.815035355414961
717 0.812430219575735
718 0.8128023818384815
719 0.8131745441012281
720 0.8128023818384815
721 0.8154075176777075
722 0.8154075176777075
723 0.8154075176777075
724 0.8154075176777075
725 0.8154075176777075
726 0.8161518422032006
727 0.8161518422032006
728 0.8161518422032006
729 0.8172683289914403
730 0.8172683289914403
731 0.8168961667286937
732 0.8168961667286937
733 0.8168961667286937
734 0.8168961667286937
735 0.8168961667286937
736 0.8172683289914403
737 0.8172683289914403
738 0.8172683289914403
739 0.8172683289914403
740 0.8172683289914403
741 0.8172683289914403
742 0.8176404912541868
743 0.8176404912541868
744 0.8176404912541868
745 0.8176404912541868
746 0.8176404912541868
747 0.8176404912541868
748 0.8176404912541868
749 0.8183848157796799
750 0.8176404912541868
751 0.8176404912541868
752 0.8176404912541868
753 0.8176404912541868
754 0.8176404912541868
755 0.8176404912541868
756 0.8176404912541868
757 0.8172683289914403
758 0.8172683289914403
759 0.8168961667286937
760 0.8168961667286937
761 0.8168961667286937
762 0.8176404912541868
763 0.8176404912541868
764 0.8176404912541868
765 0.8176404912541868
766 0.8176404912541868
767 0.8176404912541868
768 0.8176404912541868
769 0.8176404912541868
770 0.8176404912541868
771 0.8172683289914403
772 0.8172683289914403
773 0.8172683289914403
774 0.8172683289914403
775 0.8172683289914403
776 0.8176404912541868
777 0.8176404912541868
778 0.8176404912541868
779 0.8176404912541868
780 0.8176404912541868
781 0.8176404912541868
782 0.8176404912541868
783 0.8176404912541868
784 0.8176404912541868
785 0.8172683289914403
786 0.8168961667286937
787 0.8165240044659472
788 0.8165240044659472
789 0.8165240044659472
790 0.8165240044659472
791 0.8165240044659472
792 0.8165240044659472
793 0.8168961667286937
794 0.8172683289914403
795 0.8172683289914403
796 0.8172683289914403
797 0.8176404912541868
798 0.8176404912541868
799 0.8176404912541868
800 0.8161518422032006
801 0.8161518422032006
802 0.8161518422032006
803 0.8161518422032006
804 0.8161518422032006
805 0.8161518422032006
806 0.8161518422032006
807 0.8161518422032006
808 0.8161518422032006
809 0.8165240044659472
810 0.8165240044659472
811 0.8172683289914403
812 0.8172683289914403
813 0.8168961667286937
814 0.8168961667286937
815 0.8168961667286937
816 0.8146631931522144
817 0.815035355414961
818 0.815035355414961
819 0.8165240044659472
820 0.8165240044659472
821 0.8165240044659472
822 0.8165240044659472
823 0.8165240044659472
824 0.8165240044659472
825 0.8168961667286937
826 0.8168961667286937
827 0.8168961667286937
828 0.8168961667286937
829 0.8168961667286937
830 0.8168961667286937
831 0.8168961667286937
832 0.8172683289914403
833 0.8172683289914403
834 0.8172683289914403
835 0.8172683289914403
836 0.8172683289914403
837 0.8187569780424265
838 0.819129140305173
839 0.819129140305173
840 0.8187569780424265
841 0.8187569780424265
842 0.8187569780424265
843 0.8187569780424265
844 0.8187569780424265
845 0.8157796799404541
846 0.8157796799404541
847 0.8157796799404541
848 0.8157796799404541
849 0.8157796799404541
850 0.8165240044659472
851 0.8165240044659472
852 0.8165240044659472
853 0.8157796799404541
854 0.8157796799404541
855 0.8161518422032006
856 0.8161518422032006
857 0.8161518422032006
858 0.8161518422032006
859 0.8161518422032006
860 0.8161518422032006
861 0.8161518422032006
862 0.8161518422032006
863 0.8161518422032006
864 0.8161518422032006
865 0.8157796799404541
866 0.8180126535169334
867 0.8180126535169334
868 0.8183848157796799
869 0.8187569780424265
870 0.8187569780424265
871 0.8187569780424265
872 0.8183848157796799
873 0.8183848157796799
874 0.8183848157796799
875 0.8195013025679196
876 0.8195013025679196
877 0.8195013025679196
878 0.8195013025679196
879 0.8195013025679196
880 0.8198734648306661
881 0.8198734648306661
882 0.8198734648306661
883 0.8198734648306661
884 0.819129140305173
885 0.819129140305173
886 0.819129140305173
887 0.8187569780424265
888 0.8187569780424265
889 0.8187569780424265
890 0.8180126535169334
891 0.8176404912541868
892 0.8176404912541868
893 0.8176404912541868
894 0.8198734648306661
895 0.8198734648306661
896 0.8198734648306661
897 0.8198734648306661
898 0.8202456270934128
899 0.8202456270934128
900 0.8202456270934128
901 0.8202456270934128
902 0.8202456270934128
903 0.8202456270934128
904 0.8206177893561593
905 0.8206177893561593
906 0.8206177893561593
907 0.8206177893561593
908 0.8213621138816524
909 0.8224786006698921
910 0.8206177893561593
911 0.8206177893561593
912 0.8206177893561593
913 0.8206177893561593
914 0.8206177893561593
915 0.8206177893561593
916 0.8198734648306661
917 0.8202456270934128
918 0.8202456270934128
919 0.8209899516189059
920 0.8209899516189059
921 0.8209899516189059
922 0.8209899516189059
923 0.8209899516189059
924 0.8209899516189059
925 0.821734276144399
926 0.821734276144399
927 0.8221064384071455
928 0.8221064384071455
929 0.8221064384071455
930 0.8221064384071455
931 0.8221064384071455
932 0.8221064384071455
933 0.8221064384071455
934 0.8228507629326386
935 0.8228507629326386
936 0.8228507629326386
937 0.8228507629326386
938 0.8228507629326386
939 0.8228507629326386
940 0.8228507629326386
941 0.8228507629326386
942 0.8228507629326386
943 0.8228507629326386
944 0.8224786006698921
945 0.8224786006698921
946 0.8224786006698921
947 0.8224786006698921
948 0.8221064384071455
949 0.8221064384071455
950 0.8221064384071455
951 0.8221064384071455
952 0.8221064384071455
953 0.8221064384071455
954 0.8221064384071455
955 0.8221064384071455
956 0.8209899516189059
957 0.8209899516189059
958 0.8209899516189059
959 0.8202456270934128
960 0.8202456270934128
961 0.8202456270934128
962 0.8202456270934128
963 0.8202456270934128
964 0.8202456270934128
965 0.8206177893561593
966 0.8206177893561593
967 0.821734276144399
968 0.8221064384071455
969 0.8221064384071455
970 0.8228507629326386
971 0.8228507629326386
972 0.8228507629326386
973 0.8228507629326386
974 0.8228507629326386
975 0.8228507629326386
976 0.8228507629326386
977 0.8228507629326386
978 0.8224786006698921
979 0.8224786006698921
980 0.8224786006698921
981 0.821734276144399
982 0.821734276144399
983 0.821734276144399
984 0.8224786006698921
985 0.8221064384071455
986 0.821734276144399
987 0.8198734648306661
988 0.8195013025679196
989 0.8195013025679196
990 0.819129140305173
991 0.8176404912541868
992 0.8176404912541868
993 0.8176404912541868
994 0.8176404912541868
995 0.8176404912541868
996 0.8176404912541868
997 0.8202456270934128
998 0.8209899516189059
999 0.8213621138816524
1000 0.8206177893561593
1001 0.8206177893561593
1002 0.8206177893561593
1003 0.8206177893561593
1004 0.8206177893561593
1005 0.8198734648306661
1006 0.8195013025679196
1007 0.8195013025679196
1008 0.819129140305173
1009 0.819129140305173
1010 0.819129140305173
1011 0.819129140305173
1012 0.8209899516189059
1013 0.8206177893561593
1014 0.8206177893561593
1015 0.8224786006698921
1016 0.8224786006698921
1017 0.8228507629326386
1018 0.8224786006698921
1019 0.8224786006698921
1020 0.8213621138816524
1021 0.8213621138816524
1022 0.8213621138816524
1023 0.8213621138816524
1024 0.8213621138816524
1025 0.8213621138816524
1026 0.8221064384071455
1027 0.8224786006698921
1028 0.8228507629326386
1029 0.8232229251953852
1030 0.8232229251953852
1031 0.8232229251953852
1032 0.8232229251953852
1033 0.8232229251953852
1034 0.8232229251953852
1035 0.8232229251953852
1036 0.8232229251953852
1037 0.8232229251953852
1038 0.8232229251953852
1039 0.8232229251953852
1040 0.8228507629326386
1041 0.8235950874581317
1042 0.8235950874581317
1043 0.8235950874581317
1044 0.8235950874581317
1045 0.821734276144399
1046 0.821734276144399
1047 0.821734276144399
1048 0.8221064384071455
1049 0.8221064384071455
1050 0.8221064384071455
1051 0.8228507629326386
1052 0.8228507629326386
1053 0.8228507629326386
1054 0.8228507629326386
1055 0.8224786006698921
1056 0.8224786006698921
1057 0.8221064384071455
1058 0.8228507629326386
1059 0.8228507629326386
1060 0.8228507629326386
1061 0.8228507629326386
1062 0.8228507629326386
1063 0.8228507629326386
1064 0.8228507629326386
1065 0.8228507629326386
1066 0.8232229251953852
1067 0.8232229251953852
1068 0.8228507629326386
1069 0.821734276144399
1070 0.821734276144399
1071 0.8213621138816524
1072 0.8213621138816524
1073 0.8213621138816524
1074 0.8209899516189059
1075 0.8209899516189059
1076 0.8209899516189059
1077 0.8209899516189059
1078 0.8209899516189059
1079 0.8209899516189059
1080 0.8209899516189059
1081 0.8195013025679196
1082 0.8195013025679196
1083 0.8176404912541868
1084 0.8172683289914403
1085 0.8168961667286937
1086 0.8168961667286937
1087 0.8172683289914403
1088 0.8172683289914403
1089 0.8172683289914403
1090 0.8172683289914403
1091 0.8172683289914403
1092 0.8172683289914403
1093 0.8172683289914403
1094 0.8176404912541868
1095 0.8176404912541868
1096 0.8168961667286937
1097 0.8165240044659472
1098 0.8165240044659472
1099 0.8168961667286937
1100 0.8168961667286937
1101 0.8168961667286937
1102 0.8168961667286937
1103 0.8142910308894679
1104 0.8139188686267212
1105 0.8135467063639747
1106 0.8139188686267212
1107 0.8139188686267212
1108 0.8139188686267212
1109 0.8139188686267212
1110 0.8142910308894679
1111 0.8142910308894679
1112 0.8142910308894679
1113 0.8142910308894679
1114 0.8142910308894679
1115 0.8142910308894679
1116 0.8142910308894679
1117 0.8142910308894679
1118 0.8142910308894679
1119 0.8128023818384815
1120 0.8128023818384815
1121 0.812430219575735
1122 0.812430219575735
1123 0.8128023818384815
1124 0.8161518422032006
1125 0.8161518422032006
1126 0.8154075176777075
1127 0.8154075176777075
1128 0.8154075176777075
1129 0.8154075176777075
1130 0.8154075176777075
1131 0.8154075176777075
1132 0.8154075176777075
1133 0.8154075176777075
1134 0.815035355414961
1135 0.815035355414961
1136 0.815035355414961
1137 0.8146631931522144
1138 0.8146631931522144
1139 0.8146631931522144
1140 0.8146631931522144
1141 0.8146631931522144
1142 0.8142910308894679
1143 0.8142910308894679
1144 0.8146631931522144
1145 0.8142910308894679
1146 0.815035355414961
1147 0.815035355414961
1148 0.815035355414961
1149 0.815035355414961
1150 0.8154075176777075
1151 0.8154075176777075
1152 0.8154075176777075
1153 0.815035355414961
1154 0.815035355414961
1155 0.8154075176777075
1156 0.8146631931522144
1157 0.815035355414961
1158 0.815035355414961
1159 0.815035355414961
1160 0.815035355414961
1161 0.815035355414961
1162 0.8154075176777075
1163 0.815035355414961
1164 0.815035355414961
1165 0.815035355414961
1166 0.815035355414961
1167 0.815035355414961
1168 0.8154075176777075
1169 0.8142910308894679
1170 0.8139188686267212
1171 0.8139188686267212
1172 0.8142910308894679
1173 0.8139188686267212
1174 0.8139188686267212
1175 0.8139188686267212
1176 0.8139188686267212
1177 0.8139188686267212
1178 0.8139188686267212
1179 0.8139188686267212
1180 0.8139188686267212
1181 0.8139188686267212
1182 0.815035355414961
1183 0.815035355414961
1184 0.8146631931522144
1185 0.8172683289914403
1186 0.8176404912541868
1187 0.8176404912541868
1188 0.8180126535169334
1189 0.8168961667286937
1190 0.8168961667286937
1191 0.8168961667286937
1192 0.8168961667286937
1193 0.8168961667286937
1194 0.8176404912541868
1195 0.8183848157796799
1196 0.8183848157796799
1197 0.8183848157796799
1198 0.8183848157796799
1199 0.8183848157796799
1200 0.8157796799404541
1201 0.8157796799404541
1202 0.8157796799404541
1203 0.8157796799404541
1204 0.8157796799404541
1205 0.8157796799404541
1206 0.8157796799404541
1207 0.815035355414961
1208 0.815035355414961
1209 0.815035355414961
1210 0.815035355414961
1211 0.8135467063639747
1212 0.8135467063639747
1213 0.8135467063639747
1214 0.8135467063639747
1215 0.8131745441012281
1216 0.8131745441012281
1217 0.8131745441012281
1218 0.8120580573129884
1219 0.8105694082620022
1220 0.8105694082620022
1221 0.8105694082620022
1222 0.8094529214737626
1223 0.8094529214737626
1224 0.809080759211016
1225 0.809080759211016
1226 0.8105694082620022
1227 0.8105694082620022
1228 0.8109415705247488
1229 0.8109415705247488
1230 0.8109415705247488
1231 0.8109415705247488
1232 0.8109415705247488
1233 0.8109415705247488
1234 0.8109415705247488
1235 0.8113137327874953
1236 0.8113137327874953
1237 0.8109415705247488
1238 0.8109415705247488
1239 0.8109415705247488
1240 0.8109415705247488
1241 0.8109415705247488
1242 0.8109415705247488
1243 0.8105694082620022
1244 0.8105694082620022
1245 0.8105694082620022
1246 0.8116858950502419
1247 0.8116858950502419
1248 0.8116858950502419
1249 0.8113137327874953
1250 0.8113137327874953
1251 0.8113137327874953
1252 0.8113137327874953
1253 0.8116858950502419
1254 0.8116858950502419
1255 0.8116858950502419
1256 0.8116858950502419
1257 0.8120580573129884
1258 0.8120580573129884
1259 0.8113137327874953
1260 0.8113137327874953
1261 0.8113137327874953
1262 0.8113137327874953
1263 0.815035355414961
1264 0.8154075176777075
1265 0.8154075176777075
1266 0.8154075176777075
1267 0.8154075176777075
1268 0.8154075176777075
1269 0.8154075176777075
1270 0.8157796799404541
1271 0.8157796799404541
1272 0.8157796799404541
1273 0.8154075176777075
1274 0.815035355414961
1275 0.815035355414961
1276 0.8146631931522144
1277 0.8154075176777075
1278 0.8154075176777075
1279 0.8142910308894679
1280 0.8142910308894679
1281 0.812430219575735
1282 0.8146631931522144
1283 0.8146631931522144
1284 0.815035355414961
1285 0.815035355414961
1286 0.8139188686267212
1287 0.8139188686267212
1288 0.8139188686267212
1289 0.8139188686267212
1290 0.8139188686267212
1291 0.8139188686267212
1292 0.8139188686267212
1293 0.8139188686267212
1294 0.8139188686267212
1295 0.812430219575735
1296 0.812430219575735
1297 0.812430219575735
1298 0.812430219575735
1299 0.8131745441012281
1300 0.8131745441012281
1301 0.8131745441012281
1302 0.8131745441012281
1303 0.8131745441012281
1304 0.8131745441012281
1305 0.8131745441012281
1306 0.8131745441012281
1307 0.8131745441012281
1308 0.8135467063639747
1309 0.8135467063639747
1310 0.8135467063639747
1311 0.8135467063639747
1312 0.8135467063639747
1313 0.8135467063639747
1314 0.8135467063639747
1315 0.8135467063639747
1316 0.8135467063639747
1317 0.8139188686267212
1318 0.8139188686267212
1319 0.8139188686267212
1320 0.812430219575735
1321 0.812430219575735
1322 0.812430219575735
1323 0.8128023818384815
1324 0.8128023818384815
1325 0.8128023818384815
1326 0.8131745441012281
1327 0.8161518422032006
1328 0.8142910308894679
1329 0.8142910308894679
1330 0.8146631931522144
1331 0.8146631931522144
1332 0.8154075176777075
1333 0.8154075176777075
1334 0.8157796799404541
1335 0.8157796799404541
1336 0.8168961667286937
1337 0.8168961667286937
1338 0.8165240044659472
1339 0.8165240044659472
1340 0.8165240044659472
1341 0.8165240044659472
1342 0.8165240044659472
1343 0.8168961667286937
1344 0.8168961667286937
1345 0.8168961667286937
1346 0.819129140305173
1347 0.8198734648306661
1348 0.8198734648306661
1349 0.8198734648306661
1350 0.8198734648306661
1351 0.8198734648306661
1352 0.8198734648306661
1353 0.8198734648306661
1354 0.8198734648306661
1355 0.8198734648306661
1356 0.8161518422032006
1357 0.8157796799404541
1358 0.8157796799404541
1359 0.8154075176777075
1360 0.8154075176777075
1361 0.815035355414961
1362 0.815035355414961
1363 0.815035355414961
1364 0.8154075176777075
1365 0.8157796799404541
1366 0.8157796799404541
1367 0.8157796799404541
1368 0.8157796799404541
1369 0.8161518422032006
1370 0.8161518422032006
1371 0.8161518422032006
1372 0.8161518422032006
1373 0.8161518422032006
1374 0.8157796799404541
1375 0.8157796799404541
1376 0.8157796799404541
1377 0.8157796799404541
1378 0.8157796799404541
1379 0.8157796799404541
1380 0.8157796799404541
1381 0.8157796799404541
1382 0.8157796799404541
1383 0.8154075176777075
1384 0.8154075176777075
1385 0.815035355414961
1386 0.815035355414961
1387 0.8157796799404541
1388 0.8157796799404541
1389 0.8146631931522144
1390 0.812430219575735
1391 0.8120580573129884
1392 0.8120580573129884
1393 0.8120580573129884
1394 0.8120580573129884
1395 0.8120580573129884
1396 0.8128023818384815
1397 0.8128023818384815
1398 0.8128023818384815
1399 0.8120580573129884
1400 0.8139188686267212
1401 0.8142910308894679
1402 0.8139188686267212
1403 0.8139188686267212
1404 0.8135467063639747
1405 0.8135467063639747
1406 0.8135467063639747
1407 0.8135467063639747
1408 0.8135467063639747
1409 0.8113137327874953
1410 0.8113137327874953
1411 0.8113137327874953
1412 0.812430219575735
1413 0.812430219575735
1414 0.812430219575735
1415 0.8128023818384815
1416 0.8128023818384815
1417 0.8128023818384815
1418 0.8128023818384815
1419 0.8128023818384815
1420 0.8128023818384815
1421 0.8128023818384815
1422 0.8128023818384815
1423 0.8131745441012281
1424 0.8142910308894679
1425 0.8142910308894679
1426 0.8142910308894679
1427 0.8142910308894679
1428 0.8142910308894679
1429 0.8142910308894679
1430 0.8142910308894679
1431 0.8142910308894679
1432 0.8142910308894679
1433 0.8146631931522144
1434 0.815035355414961
1435 0.815035355414961
1436 0.815035355414961
1437 0.815035355414961
1438 0.815035355414961
1439 0.815035355414961
1440 0.815035355414961
1441 0.815035355414961
1442 0.8154075176777075
1443 0.8154075176777075
1444 0.8154075176777075
1445 0.8154075176777075
1446 0.8165240044659472
1447 0.8168961667286937
1448 0.8172683289914403
1449 0.8172683289914403
1450 0.8154075176777075
1451 0.8142910308894679
1452 0.8142910308894679
1453 0.8142910308894679
1454 0.8142910308894679
1455 0.8142910308894679
1456 0.8154075176777075
1457 0.8154075176777075
1458 0.8154075176777075
1459 0.8154075176777075
1460 0.8154075176777075
1461 0.8154075176777075
1462 0.8157796799404541
1463 0.8157796799404541
1464 0.8157796799404541
1465 0.8161518422032006
1466 0.8161518422032006
1467 0.8161518422032006
1468 0.8161518422032006
1469 0.8161518422032006
1470 0.8161518422032006
1471 0.8161518422032006
1472 0.8161518422032006
1473 0.8161518422032006
1474 0.8157796799404541
1475 0.8157796799404541
1476 0.8157796799404541
1477 0.815035355414961
1478 0.815035355414961
1479 0.815035355414961
1480 0.8154075176777075
1481 0.8154075176777075
1482 0.8154075176777075
1483 0.8139188686267212
1484 0.8139188686267212
1485 0.8139188686267212
1486 0.8139188686267212
1487 0.8139188686267212
1488 0.8139188686267212
1489 0.8139188686267212
1490 0.8139188686267212
1491 0.815035355414961
1492 0.815035355414961
1493 0.815035355414961
1494 0.815035355414961
1495 0.8146631931522144
1496 0.8146631931522144
1497 0.8146631931522144
1498 0.8161518422032006
1499 0.8161518422032006
1500 0.8161518422032006
1501 0.8161518422032006
1502 0.8161518422032006
1503 0.8161518422032006
1504 0.8183848157796799
1505 0.8183848157796799
1506 0.8187569780424265
1507 0.8187569780424265
1508 0.8187569780424265
1509 0.8187569780424265
1510 0.8187569780424265
1511 0.8198734648306661
1512 0.8198734648306661
1513 0.8187569780424265
1514 0.819129140305173
1515 0.819129140305173
1516 0.819129140305173
1517 0.819129140305173
1518 0.819129140305173
1519 0.8198734648306661
1520 0.8198734648306661
1521 0.8198734648306661
1522 0.8198734648306661
1523 0.8202456270934128
1524 0.8195013025679196
1525 0.8195013025679196
1526 0.8195013025679196
1527 0.8195013025679196
1528 0.8195013025679196
1529 0.8195013025679196
1530 0.8195013025679196
1531 0.8195013025679196
1532 0.8195013025679196
1533 0.8206177893561593
1534 0.8206177893561593
1535 0.8202456270934128
1536 0.8195013025679196
1537 0.8195013025679196
1538 0.8195013025679196
1539 0.8195013025679196
1540 0.8195013025679196
1541 0.8195013025679196
1542 0.8195013025679196
1543 0.8195013025679196
1544 0.8195013025679196
1545 0.8195013025679196
1546 0.8232229251953852
1547 0.8213621138816524
1548 0.8206177893561593
1549 0.8206177893561593
1550 0.8206177893561593
1551 0.8206177893561593
1552 0.8198734648306661
1553 0.8202456270934128
1554 0.8202456270934128
1555 0.8195013025679196
1556 0.8195013025679196
1557 0.8195013025679196
1558 0.8195013025679196
1559 0.8195013025679196
1560 0.8202456270934128
1561 0.8202456270934128
1562 0.8202456270934128
1563 0.8202456270934128
1564 0.8198734648306661
1565 0.8198734648306661
1566 0.8198734648306661
1567 0.8198734648306661
1568 0.8198734648306661
1569 0.8198734648306661
1570 0.8198734648306661
1571 0.8198734648306661
1572 0.8198734648306661
1573 0.8198734648306661
1574 0.8195013025679196
1575 0.8213621138816524
1576 0.8213621138816524
1577 0.8213621138816524
1578 0.8213621138816524
1579 0.8213621138816524
1580 0.8213621138816524
1581 0.8213621138816524
1582 0.8213621138816524
1583 0.8209899516189059
1584 0.8221064384071455
1585 0.8221064384071455
1586 0.8187569780424265
1587 0.8187569780424265
1588 0.8187569780424265
1589 0.8187569780424265
1590 0.8187569780424265
1591 0.8180126535169334
1592 0.8180126535169334
1593 0.8180126535169334
1594 0.8183848157796799
1595 0.8183848157796799
1596 0.8187569780424265
1597 0.8187569780424265
1598 0.8187569780424265
1599 0.8187569780424265
1600 0.8187569780424265
1601 0.8187569780424265
1602 0.8183848157796799
1603 0.8183848157796799
1604 0.8183848157796799
1605 0.8183848157796799
1606 0.8187569780424265
1607 0.819129140305173
1608 0.819129140305173
1609 0.819129140305173
1610 0.819129140305173
1611 0.819129140305173
1612 0.819129140305173
1613 0.819129140305173
1614 0.819129140305173
1615 0.819129140305173
1616 0.819129140305173
1617 0.8187569780424265
1618 0.8187569780424265
1619 0.8187569780424265
1620 0.8187569780424265
1621 0.8172683289914403
1622 0.8172683289914403
1623 0.8172683289914403
1624 0.8172683289914403
1625 0.8172683289914403
1626 0.8172683289914403
1627 0.8172683289914403
1628 0.8172683289914403
1629 0.8172683289914403
1630 0.8168961667286937
1631 0.8168961667286937
1632 0.8168961667286937
1633 0.8168961667286937
1634 0.8168961667286937
1635 0.8161518422032006
1636 0.8161518422032006
1637 0.8161518422032006
1638 0.8161518422032006
1639 0.8161518422032006
1640 0.8165240044659472
1641 0.8165240044659472
1642 0.8165240044659472
1643 0.8176404912541868
1644 0.8176404912541868
1645 0.8176404912541868
1646 0.8176404912541868
1647 0.8180126535169334
1648 0.8195013025679196
1649 0.8195013025679196
1650 0.8183848157796799
1651 0.8195013025679196
1652 0.8195013025679196
1653 0.8198734648306661
1654 0.8183848157796799
1655 0.8195013025679196
1656 0.8198734648306661
1657 0.8198734648306661
1658 0.8198734648306661
1659 0.8198734648306661
1660 0.8198734648306661
1661 0.8198734648306661
1662 0.8198734648306661
1663 0.8198734648306661
1664 0.8198734648306661
1665 0.8198734648306661
1666 0.8198734648306661
1667 0.8202456270934128
1668 0.8202456270934128
1669 0.8202456270934128
1670 0.8202456270934128
1671 0.8198734648306661
1672 0.8198734648306661
1673 0.8198734648306661
1674 0.8195013025679196
1675 0.8195013025679196
1676 0.8195013025679196
1677 0.8195013025679196
1678 0.819129140305173
1679 0.819129140305173
1680 0.819129140305173
1681 0.819129140305173
1682 0.819129140305173
1683 0.819129140305173
1684 0.819129140305173
1685 0.8198734648306661
1686 0.8202456270934128
1687 0.8202456270934128
1688 0.8198734648306661
1689 0.8198734648306661
1690 0.8198734648306661
1691 0.819129140305173
1692 0.819129140305173
1693 0.8198734648306661
1694 0.8198734648306661
1695 0.8198734648306661
1696 0.8198734648306661
1697 0.8198734648306661
1698 0.8198734648306661
1699 0.8198734648306661
1700 0.8198734648306661
1701 0.8198734648306661
1702 0.8198734648306661
1703 0.8198734648306661
1704 0.8198734648306661
1705 0.8195013025679196
1706 0.8195013025679196
1707 0.8195013025679196
1708 0.8195013025679196
1709 0.8195013025679196
1710 0.8183848157796799
1711 0.8183848157796799
1712 0.8183848157796799
1713 0.8183848157796799
1714 0.8187569780424265
1715 0.8187569780424265
1716 0.8187569780424265
1717 0.819129140305173
1718 0.819129140305173
1719 0.819129140305173
1720 0.819129140305173
1721 0.8187569780424265
1722 0.8187569780424265
1723 0.819129140305173
1724 0.819129140305173
1725 0.819129140305173
1726 0.819129140305173
1727 0.8183848157796799
1728 0.8183848157796799
1729 0.8183848157796799
1730 0.8183848157796799
1731 0.8187569780424265
1732 0.8187569780424265
1733 0.8187569780424265
1734 0.8187569780424265
1735 0.8187569780424265
1736 0.819129140305173
1737 0.819129140305173
1738 0.819129140305173
1739 0.8195013025679196
1740 0.8195013025679196
1741 0.8195013025679196
1742 0.8198734648306661
1743 0.8198734648306661
1744 0.8195013025679196
1745 0.8195013025679196
1746 0.819129140305173
1747 0.819129140305173
1748 0.819129140305173
1749 0.819129140305173
1750 0.819129140305173
1751 0.819129140305173
1752 0.819129140305173
1753 0.819129140305173
1754 0.819129140305173
1755 0.8180126535169334
1756 0.8180126535169334
1757 0.8176404912541868
1758 0.8176404912541868
1759 0.8176404912541868
1760 0.8176404912541868
1761 0.8176404912541868
1762 0.8176404912541868
1763 0.8176404912541868
1764 0.8176404912541868
1765 0.819129140305173
1766 0.8213621138816524
1767 0.8232229251953852
1768 0.8232229251953852
1769 0.8232229251953852
1770 0.8232229251953852
1771 0.8232229251953852
1772 0.8232229251953852
1773 0.8232229251953852
1774 0.8235950874581317
1775 0.8228507629326386
1776 0.8224786006698921
1777 0.8228507629326386
1778 0.8228507629326386
1779 0.8228507629326386
1780 0.8228507629326386
1781 0.8228507629326386
1782 0.8224786006698921
1783 0.8221064384071455
1784 0.8221064384071455
1785 0.8221064384071455
1786 0.8209899516189059
1787 0.8202456270934128
1788 0.8202456270934128
1789 0.8202456270934128
1790 0.8202456270934128
1791 0.8183848157796799
1792 0.8195013025679196
1793 0.8195013025679196
1794 0.8195013025679196
1795 0.8195013025679196
1796 0.8180126535169334
1797 0.8180126535169334
1798 0.8180126535169334
1799 0.8180126535169334
1800 0.8180126535169334
1801 0.8180126535169334
1802 0.8183848157796799
1803 0.8180126535169334
1804 0.8180126535169334
1805 0.8180126535169334
1806 0.8180126535169334
1807 0.8180126535169334
1808 0.8180126535169334
1809 0.8176404912541868
1810 0.8176404912541868
1811 0.8183848157796799
1812 0.8183848157796799
1813 0.8161518422032006
1814 0.8154075176777075
1815 0.8154075176777075
1816 0.8146631931522144
1817 0.8146631931522144
1818 0.8154075176777075
1819 0.8154075176777075
1820 0.8154075176777075
1821 0.8154075176777075
1822 0.8157796799404541
1823 0.8154075176777075
1824 0.8154075176777075
1825 0.8154075176777075
1826 0.8154075176777075
1827 0.8154075176777075
1828 0.8154075176777075
1829 0.815035355414961
1830 0.815035355414961
1831 0.8131745441012281
1832 0.8139188686267212
1833 0.8139188686267212
1834 0.8142910308894679
1835 0.8142910308894679
1836 0.8135467063639747
1837 0.8135467063639747
1838 0.8131745441012281
1839 0.8131745441012281
1840 0.8131745441012281
1841 0.8131745441012281
1842 0.8135467063639747
1843 0.8135467063639747
1844 0.8135467063639747
1845 0.8135467063639747
1846 0.8135467063639747
1847 0.8135467063639747
1848 0.8139188686267212
1849 0.8139188686267212
1850 0.8131745441012281
1851 0.8131745441012281
1852 0.8131745441012281
1853 0.8131745441012281
1854 0.8131745441012281
1855 0.8131745441012281
1856 0.8135467063639747
1857 0.8139188686267212
1858 0.8139188686267212
1859 0.8142910308894679
1860 0.8142910308894679
1861 0.8142910308894679
1862 0.8142910308894679
1863 0.8142910308894679
1864 0.8139188686267212
1865 0.8139188686267212
1866 0.8135467063639747
1867 0.8135467063639747
1868 0.8135467063639747
1869 0.8135467063639747
1870 0.8135467063639747
1871 0.8135467063639747
1872 0.815035355414961
1873 0.815035355414961
1874 0.8146631931522144
1875 0.8146631931522144
1876 0.8146631931522144
1877 0.8146631931522144
1878 0.8135467063639747
1879 0.8135467063639747
1880 0.8135467063639747
1881 0.8128023818384815
1882 0.8128023818384815
1883 0.8128023818384815
1884 0.8128023818384815
1885 0.8128023818384815
1886 0.8131745441012281
1887 0.8131745441012281
1888 0.8120580573129884
1889 0.8120580573129884
1890 0.8120580573129884
1891 0.8120580573129884
1892 0.8120580573129884
1893 0.8120580573129884
1894 0.8120580573129884
1895 0.8120580573129884
1896 0.8120580573129884
1897 0.8120580573129884
1898 0.8131745441012281
1899 0.8131745441012281
1900 0.8128023818384815
1901 0.8128023818384815
1902 0.8128023818384815
1903 0.812430219575735
1904 0.812430219575735
1905 0.812430219575735
1906 0.8128023818384815
1907 0.8128023818384815
1908 0.8128023818384815
1909 0.8128023818384815
1910 0.8128023818384815
1911 0.8128023818384815
1912 0.8128023818384815
1913 0.8113137327874953
1914 0.8142910308894679
1915 0.8139188686267212
1916 0.8139188686267212
1917 0.8139188686267212
1918 0.8135467063639747
1919 0.8135467063639747
1920 0.8135467063639747
1921 0.8135467063639747
1922 0.8139188686267212
1923 0.8142910308894679
1924 0.8142910308894679
1925 0.8142910308894679
1926 0.8142910308894679
1927 0.8142910308894679
1928 0.8142910308894679
1929 0.8142910308894679
1930 0.8142910308894679
1931 0.8142910308894679
1932 0.8142910308894679
1933 0.815035355414961
1934 0.815035355414961
1935 0.815035355414961
1936 0.815035355414961
1937 0.815035355414961
1938 0.8146631931522144
1939 0.8146631931522144
1940 0.8146631931522144
1941 0.8146631931522144
1942 0.8146631931522144
1943 0.8146631931522144
1944 0.8146631931522144
1945 0.8146631931522144
1946 0.8146631931522144
1947 0.8146631931522144
1948 0.8139188686267212
1949 0.8139188686267212
1950 0.8139188686267212
1951 0.8142910308894679
1952 0.8142910308894679
1953 0.8139188686267212
1954 0.8139188686267212
1955 0.8139188686267212
1956 0.8146631931522144
1957 0.8161518422032006
1958 0.8161518422032006
1959 0.8161518422032006
1960 0.8161518422032006
1961 0.8161518422032006
1962 0.8161518422032006
1963 0.8161518422032006
1964 0.8161518422032006
1965 0.8157796799404541
1966 0.815035355414961
1967 0.815035355414961
1968 0.815035355414961
1969 0.815035355414961
1970 0.815035355414961
1971 0.815035355414961
1972 0.815035355414961
1973 0.8154075176777075
1974 0.8154075176777075
1975 0.8154075176777075
1976 0.8154075176777075
1977 0.8154075176777075
1978 0.8157796799404541
1979 0.8157796799404541
1980 0.8157796799404541
1981 0.8157796799404541
1982 0.8157796799404541
1983 0.8157796799404541
1984 0.8157796799404541
1985 0.8157796799404541
1986 0.8157796799404541
1987 0.8157796799404541
1988 0.8157796799404541
1989 0.8142910308894679
1990 0.8142910308894679
1991 0.8142910308894679
1992 0.8142910308894679
1993 0.8142910308894679
1994 0.8142910308894679
1995 0.8142910308894679
1996 0.8142910308894679
1997 0.8135467063639747
1998 0.8135467063639747
1999 0.8135467063639747
2000 0.8135467063639747
2001 0.8131745441012281
2002 0.8128023818384815
2003 0.8135467063639747
2004 0.8135467063639747
2005 0.8135467063639747
2006 0.8139188686267212
2007 0.8139188686267212
2008 0.8139188686267212
2009 0.8142910308894679
2010 0.8146631931522144
2011 0.8146631931522144
2012 0.8146631931522144
2013 0.8146631931522144
2014 0.8146631931522144
2015 0.8146631931522144
2016 0.8146631931522144
2017 0.8146631931522144
2018 0.8146631931522144
2019 0.8146631931522144
2020 0.8146631931522144
2021 0.8146631931522144
2022 0.8146631931522144
2023 0.8146631931522144
2024 0.8146631931522144
2025 0.8146631931522144
2026 0.8146631931522144
2027 0.8109415705247488
2028 0.8109415705247488
2029 0.8105694082620022
2030 0.8113137327874953
2031 0.8113137327874953
2032 0.8113137327874953
2033 0.8113137327874953
2034 0.8113137327874953
2035 0.8113137327874953
2036 0.8113137327874953
2037 0.8116858950502419
2038 0.8116858950502419
2039 0.8116858950502419
2040 0.8128023818384815
2041 0.8146631931522144
2042 0.8146631931522144
2043 0.8120580573129884
2044 0.8120580573129884
2045 0.8120580573129884
2046 0.8120580573129884
2047 0.8120580573129884
2048 0.8120580573129884
2049 0.8120580573129884
2050 0.8120580573129884
2051 0.8120580573129884
2052 0.8109415705247488
2053 0.8109415705247488
2054 0.8109415705247488
2055 0.8116858950502419
2056 0.8116858950502419
2057 0.8116858950502419
2058 0.8116858950502419
2059 0.8116858950502419
2060 0.8116858950502419
2061 0.8116858950502419
2062 0.8116858950502419
2063 0.8116858950502419
2064 0.8116858950502419
2065 0.812430219575735
2066 0.812430219575735
2067 0.812430219575735
2068 0.812430219575735
2069 0.812430219575735
2070 0.812430219575735
2071 0.8128023818384815
2072 0.8128023818384815
2073 0.8128023818384815
2074 0.8113137327874953
2075 0.8113137327874953
2076 0.8113137327874953
2077 0.8113137327874953
2078 0.8113137327874953
2079 0.8113137327874953
2080 0.8113137327874953
2081 0.8113137327874953
2082 0.8113137327874953
2083 0.8109415705247488
2084 0.8109415705247488
2085 0.8109415705247488
2086 0.8109415705247488
2087 0.8109415705247488
2088 0.8109415705247488
2089 0.8109415705247488
2090 0.8109415705247488
2091 0.8120580573129884
2092 0.8109415705247488
2093 0.8113137327874953
2094 0.8113137327874953
2095 0.8113137327874953
2096 0.8120580573129884
2097 0.8120580573129884
2098 0.8120580573129884
2099 0.8139188686267212
2100 0.8131745441012281
2101 0.8131745441012281
2102 0.8135467063639747
2103 0.8131745441012281
2104 0.8131745441012281
2105 0.8131745441012281
2106 0.8131745441012281
2107 0.8131745441012281
2108 0.8128023818384815
2109 0.8131745441012281
2110 0.8168961667286937
2111 0.8168961667286937
2112 0.8168961667286937
2113 0.8168961667286937
2114 0.8168961667286937
2115 0.8135467063639747
2116 0.8135467063639747
2117 0.8139188686267212
2118 0.8128023818384815
2119 0.8128023818384815
2120 0.8139188686267212
2121 0.815035355414961
2122 0.815035355414961
2123 0.815035355414961
2124 0.815035355414961
2125 0.815035355414961
2126 0.815035355414961
2127 0.815035355414961
2128 0.8154075176777075
2129 0.8154075176777075
2130 0.8154075176777075
2131 0.8157796799404541
2132 0.8157796799404541
2133 0.8154075176777075
2134 0.8154075176777075
2135 0.8146631931522144
2136 0.8146631931522144
2137 0.8142910308894679
2138 0.8146631931522144
2139 0.815035355414961
2140 0.815035355414961
2141 0.815035355414961
2142 0.815035355414961
2143 0.8154075176777075
2144 0.815035355414961
2145 0.815035355414961
2146 0.815035355414961
2147 0.815035355414961
2148 0.815035355414961
2149 0.815035355414961
2150 0.8142910308894679
2151 0.8139188686267212
2152 0.8142910308894679
2153 0.8142910308894679
2154 0.8142910308894679
2155 0.8135467063639747
2156 0.8135467063639747
2157 0.8135467063639747
2158 0.8135467063639747
2159 0.8135467063639747
2160 0.8131745441012281
2161 0.8135467063639747
2162 0.8135467063639747
2163 0.8135467063639747
2164 0.8131745441012281
2165 0.8131745441012281
2166 0.8131745441012281
2167 0.8131745441012281
2168 0.8131745441012281
2169 0.8135467063639747
2170 0.8135467063639747
2171 0.8135467063639747
2172 0.8135467063639747
2173 0.8135467063639747
2174 0.8120580573129884
2175 0.8120580573129884
2176 0.8120580573129884
2177 0.8116858950502419
2178 0.8116858950502419
2179 0.8116858950502419
2180 0.8116858950502419
2181 0.812430219575735
2182 0.812430219575735
2183 0.812430219575735
2184 0.812430219575735
2185 0.8098250837365091
2186 0.8094529214737626
2187 0.8094529214737626
2188 0.8094529214737626
2189 0.8094529214737626
2190 0.8094529214737626
2191 0.809080759211016
2192 0.8094529214737626
2193 0.8087085969482695
2194 0.8087085969482695
2195 0.8087085969482695
2196 0.8087085969482695
2197 0.8087085969482695
2198 0.8087085969482695
2199 0.8094529214737626
2200 0.8094529214737626
2201 0.8094529214737626
2202 0.8094529214737626
2203 0.8094529214737626
2204 0.8094529214737626
2205 0.8094529214737626
2206 0.8094529214737626
2207 0.8098250837365091
2208 0.8101972459992557
2209 0.8101972459992557
2210 0.8101972459992557
2211 0.8094529214737626
2212 0.8094529214737626
2213 0.8098250837365091
2214 0.8105694082620022
2215 0.8105694082620022
2216 0.8105694082620022
2217 0.8105694082620022
2218 0.8105694082620022
2219 0.8109415705247488
2220 0.8109415705247488
2221 0.8109415705247488
2222 0.8113137327874953
2223 0.8113137327874953
2224 0.8113137327874953
2225 0.8120580573129884
2226 0.812430219575735
2227 0.8131745441012281
2228 0.812430219575735
2229 0.8109415705247488
2230 0.8109415705247488
2231 0.8109415705247488
2232 0.8109415705247488
2233 0.8109415705247488
2234 0.8109415705247488
2235 0.8109415705247488
2236 0.8109415705247488
2237 0.8109415705247488
2238 0.8109415705247488
2239 0.8101972459992557
2240 0.8101972459992557
2241 0.8105694082620022
2242 0.8105694082620022
2243 0.8105694082620022
2244 0.8105694082620022
2245 0.8105694082620022
2246 0.8098250837365091
2247 0.8139188686267212
2248 0.8139188686267212
2249 0.8139188686267212
2250 0.8146631931522144
2251 0.8139188686267212
2252 0.8131745441012281
2253 0.8131745441012281
2254 0.8135467063639747
2255 0.8139188686267212
2256 0.8139188686267212
2257 0.8139188686267212
2258 0.8139188686267212
2259 0.8139188686267212
2260 0.8146631931522144
2261 0.8146631931522144
2262 0.8146631931522144
2263 0.8135467063639747
2264 0.8135467063639747
2265 0.8135467063639747
2266 0.8135467063639747
2267 0.8135467063639747
2268 0.8135467063639747
2269 0.8139188686267212
2270 0.8139188686267212
2271 0.8139188686267212
2272 0.8139188686267212
2273 0.8139188686267212
2274 0.8139188686267212
2275 0.8135467063639747
2276 0.8135467063639747
2277 0.8135467063639747
2278 0.8135467063639747
2279 0.8135467063639747
2280 0.8135467063639747
2281 0.8135467063639747
2282 0.8135467063639747
2283 0.8131745441012281
2284 0.8131745441012281
2285 0.8131745441012281
2286 0.8142910308894679
2287 0.8146631931522144
2288 0.8135467063639747
2289 0.8135467063639747
2290 0.8131745441012281
2291 0.8131745441012281
2292 0.8146631931522144
2293 0.8146631931522144
2294 0.8146631931522144
2295 0.8146631931522144
2296 0.8139188686267212
2297 0.8139188686267212
2298 0.8139188686267212
2299 0.8139188686267212
2300 0.8139188686267212
2301 0.8139188686267212
2302 0.8146631931522144
2303 0.8146631931522144
2304 0.8146631931522144
2305 0.8146631931522144
2306 0.8146631931522144
2307 0.8146631931522144
2308 0.8146631931522144
2309 0.8146631931522144
2310 0.8146631931522144
2311 0.8146631931522144
2312 0.8146631931522144
2313 0.8146631931522144
2314 0.8146631931522144
2315 0.8146631931522144
2316 0.8146631931522144
2317 0.8146631931522144
2318 0.8146631931522144
2319 0.8154075176777075
2320 0.8180126535169334
2321 0.8180126535169334
2322 0.8176404912541868
2323 0.8176404912541868
2324 0.8180126535169334
2325 0.8180126535169334
2326 0.8180126535169334
2327 0.8180126535169334
2328 0.8157796799404541
2329 0.8157796799404541
2330 0.8157796799404541
2331 0.8157796799404541
2332 0.815035355414961
2333 0.815035355414961
2334 0.815035355414961
2335 0.815035355414961
2336 0.8146631931522144
2337 0.8146631931522144
2338 0.8146631931522144
2339 0.812430219575735
2340 0.8120580573129884
2341 0.8113137327874953
2342 0.8113137327874953
2343 0.8113137327874953
2344 0.8128023818384815
2345 0.8128023818384815
2346 0.8139188686267212
2347 0.8139188686267212
2348 0.8139188686267212
2349 0.8139188686267212
2350 0.8135467063639747
2351 0.8135467063639747
2352 0.8135467063639747
2353 0.8135467063639747
2354 0.8135467063639747
2355 0.8135467063639747
2356 0.8135467063639747
2357 0.8135467063639747
2358 0.8135467063639747
2359 0.8128023818384815
2360 0.8131745441012281
2361 0.8131745441012281
2362 0.8131745441012281
2363 0.8131745441012281
2364 0.8131745441012281
2365 0.8131745441012281
2366 0.8131745441012281
2367 0.8131745441012281
2368 0.8131745441012281
2369 0.8131745441012281
2370 0.8131745441012281
2371 0.8131745441012281
2372 0.8128023818384815
2373 0.8128023818384815
2374 0.8128023818384815
2375 0.8128023818384815
2376 0.8128023818384815
2377 0.8135467063639747
2378 0.8135467063639747
2379 0.8139188686267212
2380 0.8161518422032006
2381 0.8165240044659472
2382 0.8165240044659472
2383 0.8165240044659472
2384 0.8165240044659472
2385 0.8165240044659472
2386 0.8161518422032006
2387 0.8176404912541868
2388 0.8176404912541868
2389 0.8176404912541868
2390 0.8176404912541868
2391 0.8176404912541868
2392 0.8176404912541868
2393 0.8176404912541868
2394 0.8176404912541868
2395 0.8176404912541868
2396 0.8176404912541868
2397 0.8176404912541868
2398 0.8176404912541868
2399 0.8176404912541868
2400 0.8176404912541868
2401 0.8176404912541868
2402 0.8168961667286937
2403 0.8168961667286937
2404 0.8168961667286937
2405 0.8157796799404541
2406 0.8157796799404541
2407 0.8157796799404541
2408 0.8157796799404541
2409 0.8157796799404541
2410 0.8157796799404541
2411 0.8157796799404541
2412 0.8157796799404541
2413 0.8157796799404541
2414 0.8180126535169334
2415 0.8180126535169334
2416 0.8176404912541868
2417 0.8195013025679196
2418 0.8195013025679196
2419 0.8195013025679196
2420 0.8195013025679196
2421 0.8195013025679196
2422 0.819129140305173
2423 0.8180126535169334
2424 0.8180126535169334
2425 0.8180126535169334
2426 0.8180126535169334
2427 0.8183848157796799
2428 0.8183848157796799
2429 0.8183848157796799
2430 0.8183848157796799
2431 0.8183848157796799
2432 0.8183848157796799
2433 0.8183848157796799
2434 0.8183848157796799
2435 0.8183848157796799
2436 0.8183848157796799
2437 0.8183848157796799
2438 0.8183848157796799
2439 0.8183848157796799
2440 0.8187569780424265
2441 0.8187569780424265
2442 0.8183848157796799
2443 0.8180126535169334
2444 0.8176404912541868
2445 0.8176404912541868
2446 0.8176404912541868
2447 0.8176404912541868
2448 0.8176404912541868
2449 0.8176404912541868
2450 0.8176404912541868
2451 0.8176404912541868
2452 0.8176404912541868
2453 0.8176404912541868
2454 0.8176404912541868
2455 0.8172683289914403
2456 0.8172683289914403
2457 0.8172683289914403
2458 0.8168961667286937
2459 0.8165240044659472
2460 0.8165240044659472
2461 0.8165240044659472
2462 0.8165240044659472
2463 0.8165240044659472
2464 0.8165240044659472
2465 0.8165240044659472
2466 0.8165240044659472
2467 0.8165240044659472
2468 0.8165240044659472
2469 0.8165240044659472
2470 0.8168961667286937
2471 0.8168961667286937
2472 0.8168961667286937
2473 0.8165240044659472
2474 0.8180126535169334
2475 0.8161518422032006
2476 0.8161518422032006
2477 0.8161518422032006
2478 0.8165240044659472
2479 0.8172683289914403
2480 0.8180126535169334
2481 0.8180126535169334
2482 0.8180126535169334
2483 0.8180126535169334
2484 0.8180126535169334
2485 0.8180126535169334
2486 0.8180126535169334
2487 0.8180126535169334
2488 0.8180126535169334
2489 0.8183848157796799
2490 0.8180126535169334
2491 0.8180126535169334
2492 0.8176404912541868
2493 0.8176404912541868
2494 0.8187569780424265
2495 0.8187569780424265
2496 0.8176404912541868
2497 0.8172683289914403
2498 0.8172683289914403
2499 0.815035355414961
2500 0.815035355414961
2501 0.815035355414961
2502 0.815035355414961
2503 0.8142910308894679
2504 0.8142910308894679
2505 0.8142910308894679
2506 0.8139188686267212
2507 0.8139188686267212
2508 0.8139188686267212
2509 0.8120580573129884
2510 0.8105694082620022
2511 0.8105694082620022
2512 0.8105694082620022
2513 0.8105694082620022
2514 0.8105694082620022
2515 0.8105694082620022
2516 0.8105694082620022
2517 0.8105694082620022
2518 0.8105694082620022
2519 0.8105694082620022
2520 0.8109415705247488
2521 0.8105694082620022
2522 0.8105694082620022
2523 0.8105694082620022
2524 0.8105694082620022
2525 0.8105694082620022
2526 0.8105694082620022
2527 0.8105694082620022
2528 0.8105694082620022
2529 0.8105694082620022
2530 0.8105694082620022
2531 0.8116858950502419
2532 0.8116858950502419
2533 0.8116858950502419
2534 0.8131745441012281
2535 0.8131745441012281
2536 0.8131745441012281
2537 0.8131745441012281
2538 0.8131745441012281
2539 0.8131745441012281
2540 0.8131745441012281
2541 0.8128023818384815
2542 0.8128023818384815
2543 0.8128023818384815
2544 0.812430219575735
2545 0.812430219575735
2546 0.8113137327874953
2547 0.8113137327874953
2548 0.8113137327874953
2549 0.8113137327874953
2550 0.8113137327874953
2551 0.8113137327874953
2552 0.8113137327874953
2553 0.8113137327874953
2554 0.8116858950502419
2555 0.8116858950502419
2556 0.812430219575735
2557 0.812430219575735
2558 0.812430219575735
2559 0.812430219575735
2560 0.812430219575735
2561 0.812430219575735
2562 0.8116858950502419
2563 0.8116858950502419
2564 0.812430219575735
2565 0.8116858950502419
2566 0.815035355414961
2567 0.815035355414961
2568 0.815035355414961
2569 0.815035355414961
2570 0.8146631931522144
2571 0.8146631931522144
2572 0.8157796799404541
2573 0.8146631931522144
2574 0.8146631931522144
2575 0.8146631931522144
2576 0.8146631931522144
2577 0.8154075176777075
2578 0.8154075176777075
2579 0.8154075176777075
2580 0.8154075176777075
2581 0.815035355414961
2582 0.815035355414961
2583 0.815035355414961
2584 0.815035355414961
2585 0.815035355414961
2586 0.815035355414961
2587 0.815035355414961
2588 0.815035355414961
2589 0.8142910308894679
2590 0.8142910308894679
2591 0.8142910308894679
2592 0.8142910308894679
2593 0.8142910308894679
2594 0.8142910308894679
2595 0.8142910308894679
2596 0.8142910308894679
2597 0.8142910308894679
2598 0.8142910308894679
2599 0.8142910308894679
2600 0.8142910308894679
2601 0.8161518422032006
2602 0.8161518422032006
2603 0.8161518422032006
2604 0.8161518422032006
2605 0.815035355414961
2606 0.815035355414961
2607 0.815035355414961
2608 0.815035355414961
2609 0.815035355414961
2610 0.815035355414961
2611 0.815035355414961
2612 0.8154075176777075
2613 0.8154075176777075
2614 0.8157796799404541
2615 0.8157796799404541
2616 0.8157796799404541
2617 0.8157796799404541
2618 0.8157796799404541
2619 0.8157796799404541
2620 0.8157796799404541
2621 0.8157796799404541
2622 0.8157796799404541
2623 0.8157796799404541
2624 0.8157796799404541
2625 0.8157796799404541
2626 0.8165240044659472
2627 0.8165240044659472
2628 0.8165240044659472
2629 0.8165240044659472
2630 0.8165240044659472
2631 0.8165240044659472
2632 0.8165240044659472
2633 0.8165240044659472
2634 0.8165240044659472
2635 0.8165240044659472
2636 0.8165240044659472
2637 0.8161518422032006
2638 0.8161518422032006
2639 0.8161518422032006
2640 0.8161518422032006
2641 0.8161518422032006
2642 0.8161518422032006
2643 0.8154075176777075
2644 0.815035355414961
2645 0.815035355414961
2646 0.815035355414961
2647 0.8139188686267212
2648 0.8120580573129884
2649 0.8128023818384815
2650 0.8128023818384815
2651 0.8128023818384815
2652 0.8128023818384815
2653 0.8131745441012281
2654 0.8131745441012281
2655 0.8131745441012281
2656 0.8131745441012281
2657 0.8131745441012281
2658 0.8131745441012281
2659 0.8135467063639747
2660 0.8131745441012281
2661 0.8131745441012281
2662 0.8131745441012281
2663 0.8131745441012281
2664 0.8131745441012281
2665 0.8131745441012281
2666 0.8131745441012281
2667 0.812430219575735
2668 0.812430219575735
2669 0.812430219575735
2670 0.812430219575735
2671 0.8128023818384815
2672 0.8128023818384815
2673 0.8128023818384815
2674 0.8128023818384815
2675 0.8128023818384815
2676 0.8128023818384815
2677 0.8128023818384815
2678 0.8128023818384815
2679 0.8128023818384815
2680 0.8146631931522144
2681 0.8146631931522144
2682 0.815035355414961
2683 0.815035355414961
2684 0.815035355414961
2685 0.8157796799404541
2686 0.8157796799404541
2687 0.8157796799404541
2688 0.8157796799404541
2689 0.8157796799404541
2690 0.8157796799404541
2691 0.8157796799404541
2692 0.8157796799404541
2693 0.8157796799404541
2694 0.8157796799404541
2695 0.8157796799404541
2696 0.8157796799404541
2697 0.8157796799404541
2698 0.8157796799404541
2699 0.8157796799404541
2700 0.8157796799404541
2701 0.8161518422032006
2702 0.8165240044659472
2703 0.8161518422032006
2704 0.8161518422032006
2705 0.8161518422032006
2706 0.8161518422032006
2707 0.8161518422032006
2708 0.8161518422032006
2709 0.8161518422032006
2710 0.8157796799404541
2711 0.8161518422032006
2712 0.8161518422032006
2713 0.8161518422032006
2714 0.8161518422032006
2715 0.8161518422032006
2716 0.8161518422032006
2717 0.8161518422032006
2718 0.8161518422032006
2719 0.8161518422032006
2720 0.8161518422032006
2721 0.8161518422032006
2722 0.8161518422032006
2723 0.8161518422032006
2724 0.8161518422032006
2725 0.8161518422032006
2726 0.8161518422032006
2727 0.8161518422032006
2728 0.8161518422032006
2729 0.8161518422032006
2730 0.8161518422032006
2731 0.8161518422032006
2732 0.8161518422032006
2733 0.8161518422032006
2734 0.8161518422032006
2735 0.8161518422032006
2736 0.8161518422032006
2737 0.8161518422032006
2738 0.8161518422032006
2739 0.8161518422032006
2740 0.8161518422032006
2741 0.8157796799404541
2742 0.8157796799404541
2743 0.8157796799404541
2744 0.8157796799404541
2745 0.8157796799404541
2746 0.8157796799404541
2747 0.8157796799404541
2748 0.8157796799404541
2749 0.8157796799404541
2750 0.8157796799404541
2751 0.8157796799404541
2752 0.8157796799404541
2753 0.8157796799404541
2754 0.8157796799404541
2755 0.8157796799404541
2756 0.8157796799404541
2757 0.8157796799404541
2758 0.815035355414961
2759 0.815035355414961
2760 0.815035355414961
2761 0.815035355414961
2762 0.815035355414961
2763 0.815035355414961
2764 0.815035355414961
2765 0.815035355414961
2766 0.8161518422032006
2767 0.8161518422032006
2768 0.8161518422032006
2769 0.8165240044659472
2770 0.8165240044659472
2771 0.8161518422032006
2772 0.8161518422032006
2773 0.8168961667286937
2774 0.8168961667286937
2775 0.8168961667286937
2776 0.8168961667286937
2777 0.8168961667286937
2778 0.8168961667286937
2779 0.8168961667286937
2780 0.8187569780424265
2781 0.8187569780424265
2782 0.8187569780424265
2783 0.8187569780424265
2784 0.8187569780424265
2785 0.8187569780424265
2786 0.8180126535169334
2787 0.8180126535169334
2788 0.8168961667286937
2789 0.8168961667286937
2790 0.8157796799404541
2791 0.8157796799404541
2792 0.8161518422032006
2793 0.8161518422032006
2794 0.8161518422032006
2795 0.8161518422032006
2796 0.8161518422032006
2797 0.8161518422032006
2798 0.8157796799404541
2799 0.8157796799404541
2800 0.8157796799404541
2801 0.8157796799404541
2802 0.8157796799404541
2803 0.8157796799404541
2804 0.8157796799404541
2805 0.815035355414961
2806 0.815035355414961
2807 0.815035355414961
2808 0.815035355414961
2809 0.815035355414961
2810 0.815035355414961
2811 0.815035355414961
2812 0.815035355414961
2813 0.815035355414961
2814 0.815035355414961
2815 0.8146631931522144
2816 0.8146631931522144
2817 0.8146631931522144
2818 0.8146631931522144
2819 0.8146631931522144
2820 0.8161518422032006
2821 0.8161518422032006
2822 0.8154075176777075
2823 0.8161518422032006
2824 0.8165240044659472
2825 0.8165240044659472
2826 0.8165240044659472
2827 0.8168961667286937
2828 0.8172683289914403
2829 0.815035355414961
2830 0.815035355414961
2831 0.815035355414961
2832 0.815035355414961
2833 0.8146631931522144
2834 0.8146631931522144
2835 0.8146631931522144
2836 0.8146631931522144
2837 0.815035355414961
2838 0.8146631931522144
2839 0.815035355414961
2840 0.815035355414961
2841 0.815035355414961
2842 0.815035355414961
2843 0.815035355414961
2844 0.815035355414961
2845 0.815035355414961
2846 0.8146631931522144
2847 0.8146631931522144
2848 0.8146631931522144
2849 0.8146631931522144
2850 0.8146631931522144
2851 0.8161518422032006
2852 0.8161518422032006
2853 0.8161518422032006
2854 0.8161518422032006
2855 0.815035355414961
2856 0.815035355414961
2857 0.815035355414961
2858 0.815035355414961
2859 0.8146631931522144
2860 0.8146631931522144
2861 0.8146631931522144
2862 0.8146631931522144
2863 0.8146631931522144
2864 0.8146631931522144
2865 0.8142910308894679
2866 0.8161518422032006
2867 0.8083364346855229
2868 0.8083364346855229
2869 0.8083364346855229
2870 0.8083364346855229
2871 0.809080759211016
2872 0.8098250837365091
2873 0.8098250837365091
2874 0.8098250837365091
2875 0.8098250837365091
2876 0.8109415705247488
2877 0.8109415705247488
2878 0.8109415705247488
2879 0.8109415705247488
2880 0.8109415705247488
2881 0.8113137327874953
2882 0.8113137327874953
2883 0.8113137327874953
2884 0.8113137327874953
2885 0.8109415705247488
2886 0.8109415705247488
2887 0.8109415705247488
2888 0.8109415705247488
2889 0.8094529214737626
2890 0.8094529214737626
2891 0.8094529214737626
2892 0.8094529214737626
2893 0.8094529214737626
2894 0.8098250837365091
2895 0.8098250837365091
2896 0.8098250837365091
2897 0.8079642724227764
2898 0.8079642724227764
2899 0.8049869743208039
2900 0.8049869743208039
2901 0.8049869743208039
2902 0.8049869743208039
2903 0.8049869743208039
2904 0.8049869743208039
2905 0.8064756233717901
2906 0.8064756233717901
2907 0.8064756233717901
2908 0.8064756233717901
2909 0.8064756233717901
2910 0.8068477856345366
2911 0.8068477856345366
2912 0.8068477856345366
2913 0.8068477856345366
2914 0.805731298846297
2915 0.805731298846297
2916 0.805731298846297
2917 0.8053591365835504
2918 0.8053591365835504
2919 0.8053591365835504
2920 0.8053591365835504
2921 0.8053591365835504
2922 0.8053591365835504
2923 0.8053591365835504
2924 0.8053591365835504
2925 0.8053591365835504
2926 0.8053591365835504
2927 0.8053591365835504
2928 0.8061034611090435
2929 0.8061034611090435
2930 0.8068477856345366
2931 0.8068477856345366
2932 0.8068477856345366
2933 0.8068477856345366
2934 0.8068477856345366
2935 0.8068477856345366
2936 0.8068477856345366
2937 0.8068477856345366
2938 0.8068477856345366
2939 0.8068477856345366
2940 0.8068477856345366
2941 0.8068477856345366
2942 0.8068477856345366
2943 0.8068477856345366
2944 0.8068477856345366
2945 0.8068477856345366
2946 0.8072199478972832
2947 0.8072199478972832
2948 0.8072199478972832
2949 0.8072199478972832
2950 0.8072199478972832
2951 0.8072199478972832
2952 0.8072199478972832
2953 0.8075921101600297
2954 0.8075921101600297
2955 0.8075921101600297
2956 0.8075921101600297
2957 0.8075921101600297
2958 0.8075921101600297
2959 0.8075921101600297
2960 0.8075921101600297
2961 0.8075921101600297
2962 0.8075921101600297
2963 0.8075921101600297
2964 0.8075921101600297
2965 0.8075921101600297
2966 0.8075921101600297
2967 0.8075921101600297
2968 0.8075921101600297
2969 0.8075921101600297
2970 0.8075921101600297
2971 0.8075921101600297
2972 0.8075921101600297
2973 0.8075921101600297
2974 0.8075921101600297
2975 0.8075921101600297
2976 0.8075921101600297
2977 0.8075921101600297
2978 0.8075921101600297
2979 0.8075921101600297
2980 0.8075921101600297
2981 0.8075921101600297
2982 0.8075921101600297
2983 0.8075921101600297
2984 0.8075921101600297
2985 0.8075921101600297
2986 0.8075921101600297
2987 0.8075921101600297
2988 0.8075921101600297
2989 0.8075921101600297
2990 0.8075921101600297
2991 0.8075921101600297
2992 0.8075921101600297
2993 0.8072199478972832
2994 0.809080759211016
2995 0.809080759211016
2996 0.809080759211016
2997 0.809080759211016
2998 0.809080759211016
2999 0.809080759211016
3000 0.809080759211016
3001 0.809080759211016
3002 0.8068477856345366
3003 0.8068477856345366
3004 0.8068477856345366
3005 0.8068477856345366
3006 0.8094529214737626
3007 0.8094529214737626
3008 0.809080759211016
3009 0.809080759211016
3010 0.809080759211016
3011 0.809080759211016
3012 0.809080759211016
3013 0.809080759211016
3014 0.809080759211016
3015 0.809080759211016
3016 0.8098250837365091
3017 0.8098250837365091
3018 0.8098250837365091
3019 0.8098250837365091
3020 0.8098250837365091
3021 0.8098250837365091
3022 0.8098250837365091
3023 0.8098250837365091
3024 0.8098250837365091
3025 0.8101972459992557
3026 0.8101972459992557
3027 0.8101972459992557
3028 0.8101972459992557
3029 0.8101972459992557
3030 0.8101972459992557
3031 0.8101972459992557
3032 0.8101972459992557
3033 0.8101972459992557
3034 0.8101972459992557
3035 0.8101972459992557
3036 0.8101972459992557
3037 0.8101972459992557
3038 0.8101972459992557
3039 0.8101972459992557
3040 0.8105694082620022
3041 0.8105694082620022
3042 0.8105694082620022
3043 0.8105694082620022
3044 0.8105694082620022
3045 0.8105694082620022
3046 0.8105694082620022
3047 0.8105694082620022
3048 0.8105694082620022
3049 0.8105694082620022
3050 0.8105694082620022
3051 0.8105694082620022
3052 0.8105694082620022
3053 0.8105694082620022
3054 0.8105694082620022
3055 0.8105694082620022
3056 0.8105694082620022
3057 0.8105694082620022
3058 0.8105694082620022
3059 0.8105694082620022
3060 0.8105694082620022
3061 0.8105694082620022
3062 0.8098250837365091
3063 0.8098250837365091
3064 0.8098250837365091
3065 0.8098250837365091
3066 0.8087085969482695
3067 0.8087085969482695
3068 0.8087085969482695
3069 0.8087085969482695
3070 0.8101972459992557
3071 0.8101972459992557
3072 0.8101972459992557
3073 0.8101972459992557
3074 0.8101972459992557
3075 0.8101972459992557
3076 0.8101972459992557
3077 0.8098250837365091
3078 0.8083364346855229
3079 0.8079642724227764
3080 0.8079642724227764
3081 0.8079642724227764
3082 0.8079642724227764
3083 0.8079642724227764
3084 0.8079642724227764
3085 0.8079642724227764
3086 0.8079642724227764
3087 0.8079642724227764
3088 0.8079642724227764
3089 0.8064756233717901
3090 0.8064756233717901
3091 0.8064756233717901
3092 0.8064756233717901
3093 0.8064756233717901
3094 0.8064756233717901
3095 0.8064756233717901
3096 0.805731298846297
3097 0.805731298846297
3098 0.805731298846297
3099 0.8053591365835504
3100 0.8053591365835504
3101 0.8053591365835504
3102 0.8053591365835504
3103 0.8053591365835504
3104 0.8053591365835504
3105 0.8053591365835504
3106 0.8049869743208039
3107 0.8053591365835504
3108 0.8053591365835504
3109 0.8053591365835504
3110 0.8053591365835504
3111 0.8049869743208039
3112 0.8049869743208039
3113 0.8049869743208039
3114 0.8049869743208039
3115 0.8049869743208039
3116 0.8049869743208039
3117 0.805731298846297
3118 0.805731298846297
3119 0.805731298846297
3120 0.805731298846297
3121 0.805731298846297
3122 0.805731298846297
3123 0.805731298846297
3124 0.8053591365835504
3125 0.8053591365835504
3126 0.8053591365835504
3127 0.8046148120580573
3128 0.8046148120580573
3129 0.8046148120580573
3130 0.8046148120580573
3131 0.8046148120580573
3132 0.8061034611090435
3133 0.8064756233717901
3134 0.8064756233717901
3135 0.8061034611090435
3136 0.8061034611090435
3137 0.8064756233717901
3138 0.8064756233717901
3139 0.8064756233717901
3140 0.8064756233717901
3141 0.8064756233717901
3142 0.8064756233717901
3143 0.8064756233717901
3144 0.8068477856345366
3145 0.8068477856345366
3146 0.8072199478972832
3147 0.8072199478972832
3148 0.8072199478972832
3149 0.8068477856345366
3150 0.8068477856345366
3151 0.8064756233717901
3152 0.8064756233717901
3153 0.8064756233717901
3154 0.8064756233717901
3155 0.8064756233717901
3156 0.8061034611090435
3157 0.8068477856345366
3158 0.8083364346855229
3159 0.8083364346855229
3160 0.8072199478972832
3161 0.8072199478972832
3162 0.8061034611090435
3163 0.8061034611090435
3164 0.8061034611090435
3165 0.8061034611090435
3166 0.8061034611090435
3167 0.805731298846297
3168 0.805731298846297
3169 0.805731298846297
3170 0.805731298846297
3171 0.805731298846297
3172 0.805731298846297
3173 0.805731298846297
3174 0.805731298846297
3175 0.8064756233717901
3176 0.8064756233717901
3177 0.8068477856345366
3178 0.8068477856345366
3179 0.8068477856345366
3180 0.8068477856345366
3181 0.8068477856345366
3182 0.8061034611090435
3183 0.805731298846297
3184 0.805731298846297
3185 0.805731298846297
3186 0.805731298846297
3187 0.805731298846297
3188 0.805731298846297
3189 0.805731298846297
3190 0.805731298846297
3191 0.8061034611090435
3192 0.8061034611090435
3193 0.8053591365835504
3194 0.8053591365835504
3195 0.8053591365835504
3196 0.8053591365835504
3197 0.8053591365835504
3198 0.8053591365835504
3199 0.8053591365835504
3200 0.8049869743208039
3201 0.8049869743208039
3202 0.8049869743208039
3203 0.8049869743208039
3204 0.8053591365835504
3205 0.8053591365835504
3206 0.8053591365835504
3207 0.8053591365835504
3208 0.8053591365835504
3209 0.8053591365835504
3210 0.8053591365835504
3211 0.8053591365835504
3212 0.8053591365835504
3213 0.8049869743208039
3214 0.8049869743208039
3215 0.8049869743208039
3216 0.8049869743208039
3217 0.8049869743208039
3218 0.8049869743208039
3219 0.8049869743208039
3220 0.8049869743208039
3221 0.8049869743208039
3222 0.8049869743208039
3223 0.805731298846297
3224 0.805731298846297
3225 0.8064756233717901
3226 0.8064756233717901
3227 0.8064756233717901
3228 0.8064756233717901
3229 0.8064756233717901
3230 0.8064756233717901
3231 0.8064756233717901
3232 0.8064756233717901
3233 0.8064756233717901
3234 0.8064756233717901
3235 0.8064756233717901
3236 0.8064756233717901
3237 0.8064756233717901
3238 0.8064756233717901
3239 0.8061034611090435
3240 0.8061034611090435
3241 0.8061034611090435
3242 0.8061034611090435
3243 0.8061034611090435
3244 0.8068477856345366
3245 0.8068477856345366
3246 0.8068477856345366
3247 0.8068477856345366
3248 0.8068477856345366
3249 0.8072199478972832
3250 0.8072199478972832
3251 0.8072199478972832
3252 0.8072199478972832
3253 0.8072199478972832
3254 0.8072199478972832
3255 0.8061034611090435
3256 0.8064756233717901
3257 0.8064756233717901
3258 0.8046148120580573
3259 0.8046148120580573
3260 0.8046148120580573
3261 0.8046148120580573
3262 0.8046148120580573
3263 0.8046148120580573
3264 0.8046148120580573
3265 0.8049869743208039
3266 0.8049869743208039
3267 0.8049869743208039
3268 0.8049869743208039
3269 0.805731298846297
3270 0.805731298846297
3271 0.8049869743208039
3272 0.8049869743208039
3273 0.8049869743208039
3274 0.8049869743208039
3275 0.8049869743208039
3276 0.8049869743208039
3277 0.8061034611090435
3278 0.8064756233717901
3279 0.8064756233717901
3280 0.805731298846297
3281 0.805731298846297
3282 0.805731298846297
3283 0.805731298846297
3284 0.8049869743208039
3285 0.8046148120580573
3286 0.8046148120580573
3287 0.8046148120580573
3288 0.8046148120580573
3289 0.8046148120580573
3290 0.8061034611090435
3291 0.805731298846297
3292 0.805731298846297
3293 0.805731298846297
3294 0.805731298846297
3295 0.805731298846297
3296 0.805731298846297
3297 0.8053591365835504
3298 0.8053591365835504
3299 0.8053591365835504
3300 0.8053591365835504
3301 0.8053591365835504
3302 0.8053591365835504
3303 0.8061034611090435
3304 0.8061034611090435
3305 0.8061034611090435
3306 0.8064756233717901
3307 0.8061034611090435
3308 0.8061034611090435
3309 0.8061034611090435
3310 0.805731298846297
3311 0.805731298846297
3312 0.805731298846297
3313 0.805731298846297
3314 0.805731298846297
3315 0.805731298846297
3316 0.805731298846297
3317 0.8053591365835504
3318 0.8061034611090435
3319 0.8061034611090435
3320 0.8061034611090435
3321 0.8061034611090435
3322 0.8061034611090435
3323 0.8061034611090435
3324 0.805731298846297
3325 0.805731298846297
3326 0.805731298846297
3327 0.805731298846297
3328 0.805731298846297
3329 0.805731298846297
3330 0.805731298846297
3331 0.805731298846297
3332 0.805731298846297
3333 0.805731298846297
3334 0.8042426497953108
3335 0.8042426497953108
3336 0.8042426497953108
3337 0.8042426497953108
3338 0.8042426497953108
3339 0.8031261630070711
3340 0.8031261630070711
3341 0.8031261630070711
3342 0.8031261630070711
3343 0.8031261630070711
3344 0.8031261630070711
3345 0.8031261630070711
3346 0.8031261630070711
3347 0.8031261630070711
3348 0.8031261630070711
3349 0.8031261630070711
3350 0.8031261630070711
3351 0.8031261630070711
3352 0.8031261630070711
3353 0.8034983252698177
3354 0.8034983252698177
3355 0.8034983252698177
3356 0.8034983252698177
3357 0.802381838481578
3358 0.802381838481578
3359 0.802381838481578
3360 0.802381838481578
3361 0.802381838481578
3362 0.8027540007443246
3363 0.8027540007443246
3364 0.8027540007443246
3365 0.8027540007443246
3366 0.8027540007443246
3367 0.8027540007443246
3368 0.8027540007443246
3369 0.8027540007443246
3370 0.8034983252698177
3371 0.8034983252698177
3372 0.8034983252698177
3373 0.8034983252698177
3374 0.8034983252698177
3375 0.8034983252698177
3376 0.8034983252698177
3377 0.8038704875325642
3378 0.8038704875325642
3379 0.8038704875325642
3380 0.8046148120580573
3381 0.8046148120580573
3382 0.8046148120580573
3383 0.8053591365835504
3384 0.8049869743208039
3385 0.8049869743208039
3386 0.8049869743208039
3387 0.8049869743208039
3388 0.8049869743208039
3389 0.8049869743208039
3390 0.8042426497953108
3391 0.8042426497953108
3392 0.8042426497953108
3393 0.8042426497953108
3394 0.8042426497953108
3395 0.8042426497953108
3396 0.8042426497953108
3397 0.8042426497953108
3398 0.8042426497953108
3399 0.8046148120580573
3400 0.8046148120580573
3401 0.8042426497953108
3402 0.8042426497953108
3403 0.8042426497953108
3404 0.8042426497953108
3405 0.8042426497953108
3406 0.8031261630070711
3407 0.8031261630070711
3408 0.8031261630070711
3409 0.8031261630070711
3410 0.8031261630070711
3411 0.8031261630070711
3412 0.8031261630070711
3413 0.8031261630070711
3414 0.8031261630070711
3415 0.8031261630070711
3416 0.8038704875325642
3417 0.8038704875325642
3418 0.8038704875325642
3419 0.8038704875325642
3420 0.8038704875325642
3421 0.8038704875325642
3422 0.8038704875325642
3423 0.8038704875325642
3424 0.8038704875325642
3425 0.8038704875325642
3426 0.8034983252698177
3427 0.8034983252698177
3428 0.8034983252698177
3429 0.8034983252698177
3430 0.8034983252698177
3431 0.8042426497953108
3432 0.8046148120580573
3433 0.8046148120580573
3434 0.8038704875325642
3435 0.8038704875325642
3436 0.8042426497953108
3437 0.8042426497953108
3438 0.8027540007443246
3439 0.802381838481578
3440 0.8020096762188315
3441 0.8016375139560848
3442 0.8016375139560848
3443 0.8020096762188315
3444 0.8012653516933383
3445 0.8034983252698177
3446 0.8027540007443246
3447 0.8027540007443246
3448 0.8038704875325642
3449 0.8038704875325642
3450 0.8042426497953108
3451 0.8042426497953108
3452 0.8061034611090435
3453 0.8061034611090435
3454 0.8061034611090435
3455 0.8061034611090435
3456 0.8061034611090435
3457 0.8061034611090435
3458 0.805731298846297
3459 0.805731298846297
3460 0.805731298846297
3461 0.805731298846297
3462 0.805731298846297
3463 0.805731298846297
3464 0.805731298846297
3465 0.805731298846297
3466 0.805731298846297
3467 0.805731298846297
3468 0.805731298846297
3469 0.8049869743208039
3470 0.8049869743208039
3471 0.8049869743208039
3472 0.8053591365835504
3473 0.8053591365835504
3474 0.8064756233717901
3475 0.8064756233717901
3476 0.8064756233717901
3477 0.8064756233717901
3478 0.8064756233717901
3479 0.8072199478972832
3480 0.8072199478972832
3481 0.8072199478972832
3482 0.8072199478972832
3483 0.8075921101600297
3484 0.8079642724227764
3485 0.8087085969482695
3486 0.8087085969482695
3487 0.8087085969482695
3488 0.8087085969482695
3489 0.8087085969482695
3490 0.8087085969482695
3491 0.8087085969482695
3492 0.8087085969482695
3493 0.8087085969482695
3494 0.8087085969482695
3495 0.8087085969482695
3496 0.8087085969482695
3497 0.8087085969482695
3498 0.8087085969482695
3499 0.8087085969482695
3500 0.8087085969482695
3501 0.8087085969482695
3502 0.8087085969482695
3503 0.8087085969482695
3504 0.8094529214737626
3505 0.8094529214737626
3506 0.8094529214737626
3507 0.8094529214737626
3508 0.8094529214737626
3509 0.8094529214737626
3510 0.8094529214737626
3511 0.8094529214737626
3512 0.809080759211016
3513 0.809080759211016
3514 0.8087085969482695
3515 0.8087085969482695
3516 0.809080759211016
3517 0.809080759211016
3518 0.809080759211016
3519 0.809080759211016
3520 0.809080759211016
3521 0.809080759211016
3522 0.8083364346855229
3523 0.8083364346855229
3524 0.8083364346855229
3525 0.8083364346855229
3526 0.8083364346855229
3527 0.8083364346855229
3528 0.8083364346855229
3529 0.8087085969482695
3530 0.8087085969482695
3531 0.8101972459992557
3532 0.8101972459992557
3533 0.8101972459992557
3534 0.8101972459992557
3535 0.8094529214737626
3536 0.8094529214737626
3537 0.8094529214737626
3538 0.8094529214737626
3539 0.8094529214737626
3540 0.8094529214737626
3541 0.8094529214737626
3542 0.8094529214737626
3543 0.8094529214737626
3544 0.8101972459992557
3545 0.8101972459992557
3546 0.8098250837365091
3547 0.8101972459992557
3548 0.8101972459992557
3549 0.8101972459992557
3550 0.8105694082620022
3551 0.8101972459992557
3552 0.8094529214737626
3553 0.8094529214737626
3554 0.8094529214737626
3555 0.8094529214737626
3556 0.8094529214737626
3557 0.8098250837365091
3558 0.8098250837365091
3559 0.8094529214737626
3560 0.8094529214737626
3561 0.8094529214737626
3562 0.8094529214737626
3563 0.8098250837365091
3564 0.8098250837365091
3565 0.8098250837365091
3566 0.8098250837365091
3567 0.8098250837365091
3568 0.8098250837365091
3569 0.8101972459992557
3570 0.8105694082620022
3571 0.8105694082620022
3572 0.8105694082620022
3573 0.8105694082620022
3574 0.8101972459992557
3575 0.8101972459992557
3576 0.8101972459992557
3577 0.8109415705247488
3578 0.8109415705247488
3579 0.8109415705247488
3580 0.8113137327874953
3581 0.8109415705247488
3582 0.8098250837365091
3583 0.805731298846297
