0 1.0
1 1.0
2 1.0
3 1.0
4 0.8
5 0.6666666666666666
6 0.7142857142857143
7 0.75
8 0.6666666666666666
9 0.6
10 0.6363636363636364
11 0.5833333333333334
12 0.6153846153846154
13 0.6428571428571429
14 0.6666666666666666
15 0.6875
16 0.7058823529411765
17 0.7222222222222222
18 0.7368421052631579
19 0.7
20 0.7142857142857143
21 0.7272727272727273
22 0.7391304347826086
23 0.75
24 0.76
25 0.7692307692307693
26 0.7777777777777778
27 0.7857142857142857
28 0.7931034482758621
29 0.7666666666666667
30 0.7741935483870968
31 0.78125
32 0.7878787878787878
33 0.7941176470588235
34 0.7714285714285715
35 0.7777777777777778
36 0.7837837837837838
37 0.7894736842105263
38 0.7948717948717948
39 0.775
40 0.7804878048780488
41 0.7857142857142857
42 0.7906976744186046
43 0.7954545454545454
44 0.8
45 0.8043478260869565
46 0.8085106382978723
47 0.8125
48 0.8163265306122449
49 0.8
50 0.803921568627451
51 0.8076923076923077
52 0.7924528301886793
53 0.7962962962962963
54 0.8
55 0.8035714285714286
56 0.8070175438596491
57 0.8103448275862069
58 0.8135593220338984
59 0.8166666666666667
60 0.819672131147541
61 0.8225806451612904
62 0.8253968253968254
63 0.828125
64 0.8307692307692308
65 0.8333333333333334
66 0.835820895522388
67 0.8382352941176471
68 0.8405797101449275
69 0.8428571428571429
70 0.8450704225352113
71 0.8333333333333334
72 0.8356164383561644
73 0.8378378378378378
74 0.8266666666666667
75 0.8289473684210527
76 0.8181818181818182
77 0.8205128205128205
78 0.8227848101265823
79 0.825
80 0.8271604938271605
81 0.8292682926829268
82 0.8313253012048193
83 0.8333333333333334
84 0.8352941176470589
85 0.8372093023255814
86 0.8390804597701149
87 0.8409090909090909
88 0.8426966292134831
89 0.8444444444444444
90 0.8351648351648352
91 0.8369565217391305
92 0.8387096774193549
93 0.8404255319148937
94 0.8421052631578947
95 0.84375
96 0.845360824742268
97 0.8469387755102041
98 0.8484848484848485
99 0.85
100 0.8514851485148515
101 0.8529411764705882
102 0.8446601941747572
103 0.8461538461538461
104 0.8476190476190476
105 0.8490566037735849
106 0.8504672897196262
107 0.8518518518518519
108 0.8440366972477065
109 0.8363636363636363
110 0.8378378378378378
111 0.8392857142857143
112 0.8407079646017699
113 0.8333333333333334
114 0.8347826086956521
115 0.8275862068965517
116 0.8290598290598291
117 0.8220338983050848
118 0.8235294117647058
119 0.825
120 0.8264462809917356
121 0.8278688524590164
122 0.8292682926829268
123 0.8306451612903226
124 0.824
125 0.8253968253968254
126 0.8188976377952756
127 0.8203125
128 0.8217054263565892
129 0.823076923076923
130 0.816793893129771
131 0.8181818181818182
132 0.8120300751879699
133 0.8134328358208955
134 0.8148148148148148
135 0.8161764705882353
136 0.8175182481751825
137 0.8115942028985508
138 0.8129496402877698
139 0.8071428571428572
140 0.8085106382978723
141 0.8098591549295775
142 0.8111888111888111
143 0.8055555555555556
144 0.8068965517241379
145 0.8082191780821918
146 0.8095238095238095
147 0.8108108108108109
148 0.8120805369127517
149 0.8133333333333334
150 0.8079470198675497
151 0.8092105263157895
152 0.8104575163398693
153 0.8051948051948052
154 0.8064516129032258
155 0.8076923076923077
156 0.8089171974522293
157 0.8037974683544303
158 0.8050314465408805
159 0.80625
160 0.8074534161490683
161 0.8024691358024691
162 0.803680981595092
163 0.8048780487804879
164 0.806060606060606
165 0.8072289156626506
166 0.8083832335329342
167 0.8095238095238095
168 0.8047337278106509
169 0.8058823529411765
170 0.8070175438596491
171 0.8081395348837209
172 0.8034682080924855
173 0.8045977011494253
174 0.8057142857142857
175 0.8011363636363636
176 0.8022598870056498
177 0.8033707865168539
178 0.7988826815642458
179 0.8
180 0.8011049723756906
181 0.8021978021978022
182 0.7978142076502732
183 0.7989130434782609
184 0.8
185 0.8010752688172043
186 0.8021390374331551
187 0.8031914893617021
188 0.8042328042328042
189 0.8
190 0.8010471204188482
191 0.8020833333333334
192 0.7979274611398963
193 0.7938144329896907
194 0.7948717948717948
195 0.7959183673469388
196 0.7969543147208121
197 0.797979797979798
198 0.7989949748743719
199 0.8
200 0.8009950248756219
201 0.801980198019802
202 0.7980295566502463
203 0.7990196078431373
204 0.8
205 0.8009708737864077
206 0.8019323671497585
207 0.8028846153846154
208 0.8038277511961722
209 0.8047619047619048
210 0.8056872037914692
211 0.8066037735849056
212 0.8075117370892019
213 0.8084112149532711
214 0.8093023255813954
215 0.8101851851851852
216 0.8110599078341014
217 0.8119266055045872
218 0.8082191780821918
219 0.8090909090909091
220 0.8099547511312217
221 0.8108108108108109
222 0.8071748878923767
223 0.8080357142857143
224 0.8088888888888889
225 0.8053097345132744
226 0.8061674008810573
227 0.8070175438596491
228 0.8078602620087336
229 0.808695652173913
230 0.8051948051948052
231 0.8060344827586207
232 0.8068669527896996
233 0.8076923076923077
234 0.8085106382978723
235 0.809322033898305
236 0.810126582278481
237 0.8109243697478992
238 0.8117154811715481
239 0.8083333333333333
240 0.8049792531120332
241 0.8057851239669421
242 0.8065843621399177
243 0.8032786885245902
244 0.8
245 0.7967479674796748
246 0.7975708502024291
247 0.7983870967741935
248 0.7991967871485943
249 0.8
250 0.8007968127490039
251 0.8015873015873016
252 0.8023715415019763
253 0.7992125984251969
254 0.8
255 0.80078125
256 0.8015564202334631
257 0.8023255813953488
258 0.803088803088803
259 0.8038461538461539
260 0.8045977011494253
261 0.8015267175572519
262 0.8022813688212928
263 0.803030303030303
264 0.8
265 0.8007518796992481
266 0.8014981273408239
267 0.8022388059701493
268 0.8029739776951673
269 0.8037037037037037
270 0.8044280442804428
271 0.8051470588235294
272 0.8021978021978022
273 0.7992700729927007
274 0.8
275 0.7971014492753623
276 0.7978339350180506
277 0.7949640287769785
278 0.7956989247311828
279 0.7964285714285714
280 0.797153024911032
281 0.7978723404255319
282 0.7950530035335689
283 0.795774647887324
284 0.7964912280701755
285 0.7937062937062938
286 0.794425087108014
287 0.7951388888888888
288 0.7958477508650519
289 0.7965517241379311
290 0.7972508591065293
291 0.797945205479452
292 0.7986348122866894
293 0.7993197278911565
294 0.8
295 0.7972972972972973
296 0.797979797979798
297 0.7986577181208053
298 0.7993311036789298
299 0.8
300 0.8006644518272426
301 0.8013245033112583
302 0.801980198019802
303 0.8026315789473685
304 0.8032786885245902
305 0.803921568627451
306 0.8045602605863192
307 0.8051948051948052
308 0.8025889967637541
309 0.8
310 0.8006430868167203
311 0.8012820512820513
312 0.8019169329073482
313 0.802547770700637
314 0.8031746031746032
315 0.8037974683544303
316 0.804416403785489
317 0.8050314465408805
318 0.8025078369905956
319 0.803125
320 0.8037383177570093
321 0.8012422360248447
322 0.8018575851393189
323 0.7993827160493827
324 0.8
325 0.8006134969325154
326 0.8012232415902141
327 0.801829268292683
328 0.8024316109422492
329 0.803030303030303
330 0.8006042296072508
331 0.7981927710843374
332 0.7987987987987988
333 0.7994011976047904
334 0.8
335 0.8005952380952381
336 0.8011869436201781
337 0.8017751479289941
338 0.8023598820058997
339 0.8029411764705883
340 0.8035190615835777
341 0.804093567251462
342 0.8046647230320699
343 0.8052325581395349
344 0.8057971014492754
345 0.8063583815028902
346 0.8069164265129684
347 0.8074712643678161
348 0.8080229226361032
349 0.8085714285714286
350 0.8091168091168092
351 0.8096590909090909
352 0.8073654390934845
353 0.807909604519774
354 0.8084507042253521
355 0.8089887640449438
356 0.8095238095238095
357 0.8100558659217877
358 0.8105849582172702
359 0.8111111111111111
360 0.8116343490304709
361 0.8121546961325967
362 0.8126721763085399
363 0.8131868131868132
364 0.810958904109589
365 0.8114754098360656
366 0.8119891008174387
367 0.8097826086956522
368 0.8075880758807588
369 0.8081081081081081
370 0.8086253369272237
371 0.8091397849462365
372 0.806970509383378
373 0.8074866310160428
374 0.808
375 0.8085106382978723
376 0.8090185676392573
377 0.8068783068783069
378 0.8073878627968337
379 0.8078947368421052
380 0.8057742782152231
381 0.8036649214659686
382 0.804177545691906
383 0.8046875
384 0.8025974025974026
385 0.8031088082901554
386 0.8036175710594315
387 0.8041237113402062
388 0.8046272493573264
389 0.8051282051282052
390 0.8056265984654731
391 0.8035714285714286
392 0.8040712468193384
393 0.8045685279187818
394 0.8050632911392405
395 0.8055555555555556
396 0.8060453400503779
397 0.8065326633165829
398 0.8070175438596491
399 0.8075
400 0.8079800498753117
401 0.8084577114427861
402 0.8089330024813896
403 0.8094059405940595
404 0.8098765432098766
405 0.8103448275862069
406 0.8108108108108109
407 0.8112745098039216
408 0.8117359413202934
409 0.8121951219512196
410 0.8126520681265207
411 0.8131067961165048
412 0.8135593220338984
413 0.8140096618357487
414 0.8120481927710843
415 0.8125
416 0.8129496402877698
417 0.8133971291866029
418 0.8114558472553699
419 0.8095238095238095
420 0.8099762470308789
421 0.8104265402843602
422 0.8108747044917257
423 0.8113207547169812
424 0.8117647058823529
425 0.8098591549295775
426 0.810304449648712
427 0.8107476635514018
428 0.8111888111888111
429 0.8093023255813954
430 0.8097447795823666
431 0.8101851851851852
432 0.8106235565819861
433 0.8110599078341014
434 0.8114942528735632
435 0.8119266055045872
436 0.8123569794050344
437 0.8127853881278538
438 0.8132118451025057
439 0.8136363636363636
440 0.8117913832199547
441 0.8122171945701357
442 0.8126410835214447
443 0.8130630630630631
444 0.8134831460674158
445 0.8139013452914798
446 0.814317673378076
447 0.8147321428571429
448 0.8151447661469933
449 0.8155555555555556
450 0.8159645232815964
451 0.8163716814159292
452 0.8167770419426048
453 0.8171806167400881
454 0.8175824175824176
455 0.8179824561403509
456 0.8183807439824945
457 0.8187772925764192
458 0.8191721132897604
459 0.8195652173913044
460 0.8199566160520607
461 0.8203463203463204
462 0.8207343412526998
463 0.8211206896551724
464 0.821505376344086
465 0.8218884120171673
466 0.8222698072805139
467 0.8226495726495726
468 0.8230277185501066
469 0.823404255319149
470 0.8237791932059448
471 0.8241525423728814
472 0.8245243128964059
473 0.8248945147679325
474 0.8252631578947368
475 0.8256302521008403
476 0.8259958071278826
477 0.8263598326359832
478 0.826722338204593
479 0.8270833333333333
480 0.8274428274428275
481 0.8257261410788381
482 0.8260869565217391
483 0.8264462809917356
484 0.8247422680412371
485 0.8251028806584362
486 0.8254620123203286
487 0.8258196721311475
488 0.8261758691206544
489 0.826530612244898
490 0.824847250509165
491 0.823170731707317
492 0.8235294117647058
493 0.8238866396761133
494 0.8242424242424242
495 0.8245967741935484
496 0.8249496981891348
497 0.8253012048192772
498 0.8236472945891784
499 0.822
500 0.8223552894211577
501 0.8227091633466136
502 0.8230616302186878
503 0.8234126984126984
504 0.8237623762376237
505 0.8241106719367589
506 0.8244575936883629
507 0.8248031496062992
508 0.825147347740668
509 0.8235294117647058
510 0.8238747553816047
511 0.82421875
512 0.8245614035087719
513 0.8249027237354085
514 0.8252427184466019
515 0.8236434108527132
516 0.8239845261121856
517 0.8223938223938224
518 0.8227360308285164
519 0.8211538461538461
520 0.8214971209213052
521 0.8218390804597702
522 0.8221797323135756
523 0.8225190839694656
524 0.820952380952381
525 0.8193916349809885
526 0.8197343453510436
527 0.8200757575757576
528 0.8204158790170132
529 0.8188679245283019
530 0.8173258003766478
531 0.8176691729323309
532 0.8180112570356473
533 0.8164794007490637
534 0.8149532710280374
535 0.8134328358208955
536 0.813780260707635
537 0.8141263940520446
538 0.8126159554730983
539 0.812962962962963
540 0.8133086876155268
541 0.8118081180811808
542 0.8121546961325967
543 0.8125
544 0.8128440366972477
545 0.8131868131868132
546 0.8135283363802559
547 0.8138686131386861
548 0.8123861566484517
549 0.8127272727272727
550 0.8130671506352087
551 0.8134057971014492
552 0.8137432188065099
553 0.8140794223826715
554 0.8126126126126126
555 0.8129496402877698
556 0.8114901256732495
557 0.8100358422939068
558 0.8103756708407871
559 0.8107142857142857
560 0.8110516934046346
561 0.8113879003558719
562 0.8117229129662522
563 0.8120567375886525
564 0.8123893805309734
565 0.8127208480565371
566 0.8130511463844797
567 0.8133802816901409
568 0.8137082601054482
569 0.8140350877192982
570 0.8143607705779334
571 0.8129370629370629
572 0.8132635253054101
573 0.813588850174216
574 0.8139130434782609
575 0.8142361111111112
576 0.8145580589254766
577 0.8148788927335641
578 0.8151986183074266
579 0.8155172413793104
580 0.8158347676419966
581 0.8161512027491409
582 0.8147512864493996
583 0.815068493150685
584 0.8153846153846154
585 0.8156996587030717
586 0.8160136286201022
587 0.8163265306122449
588 0.8166383701188455
589 0.8169491525423729
590 0.817258883248731
591 0.8158783783783784
592 0.8145025295109612
593 0.8131313131313131
594 0.8134453781512605
595 0.8137583892617449
596 0.8140703517587939
597 0.81438127090301
598 0.8146911519198664
599 0.815
600 0.8136439267886856
601 0.813953488372093
602 0.814262023217247
603 0.8145695364238411
604 0.8132231404958677
605 0.8135313531353136
606 0.8138385502471169
607 0.8141447368421053
608 0.8144499178981938
609 0.8147540983606557
610 0.8150572831423896
611 0.815359477124183
612 0.8156606851549756
613 0.8159609120521173
614 0.816260162601626
615 0.814935064935065
616 0.8152350081037277
617 0.8155339805825242
618 0.81421647819063
619 0.8129032258064516
620 0.8132045088566827
621 0.8135048231511254
622 0.8138041733547352
623 0.8141025641025641
624 0.8144
625 0.8130990415335463
626 0.8133971291866029
627 0.8136942675159236
628 0.8139904610492846
629 0.8142857142857143
630 0.8145800316957211
631 0.8132911392405063
632 0.8135860979462876
633 0.8138801261829653
634 0.8141732283464567
635 0.8144654088050315
636 0.8131868131868132
637 0.8134796238244514
638 0.8137715179968701
639 0.8140625
640 0.8143525741029641
641 0.8146417445482866
642 0.8149300155520995
643 0.8152173913043478
644 0.8155038759689922
645 0.8157894736842105
646 0.8160741885625966
647 0.816358024691358
648 0.8166409861325116
649 0.816923076923077
650 0.8172043010752689
651 0.8159509202453987
652 0.8162327718223583
653 0.8165137614678899
654 0.816793893129771
655 0.8170731707317073
656 0.817351598173516
657 0.817629179331307
658 0.8179059180576631
659 0.8181818181818182
660 0.8184568835098336
661 0.8187311178247734
662 0.8190045248868778
663 0.8192771084337349
664 0.8195488721804511
665 0.8198198198198198
666 0.8185907046476761
667 0.8188622754491018
668 0.8191330343796711
669 0.8194029850746268
670 0.8181818181818182
671 0.8169642857142857
672 0.8172362555720654
673 0.8175074183976261
674 0.8177777777777778
675 0.8180473372781065
676 0.8183161004431314
677 0.8185840707964602
678 0.8188512518409425
679 0.8191176470588235
680 0.8193832599118943
681 0.8196480938416423
682 0.8184480234260615
683 0.8187134502923976
684 0.8189781021897811
685 0.8177842565597667
686 0.8180494905385735
687 0.8183139534883721
688 0.818577648766328
689 0.8188405797101449
690 0.8191027496382055
691 0.8179190751445087
692 0.8181818181818182
693 0.8170028818443804
694 0.8158273381294964
695 0.8160919540229885
696 0.8163558106169297
697 0.8166189111747851
698 0.8168812589413448
699 0.8171428571428572
700 0.8159771754636234
701 0.8162393162393162
702 0.8165007112375533
703 0.8167613636363636
704 0.8156028368794326
705 0.8158640226628895
706 0.8161244695898161
707 0.8163841807909604
708 0.8152327221438646
709 0.8154929577464789
710 0.8157524613220816
711 0.8160112359550562
712 0.8162692847124825
713 0.8165266106442577
714 0.8167832167832167
715 0.8170391061452514
716 0.8172942817294282
717 0.8175487465181058
718 0.8178025034770514
719 0.8180555555555555
720 0.8183079056865464
721 0.8185595567867036
722 0.8188105117565698
723 0.819060773480663
724 0.8193103448275862
725 0.8195592286501377
726 0.8198074277854195
727 0.820054945054945
728 0.8189300411522634
729 0.8191780821917808
730 0.8194254445964432
731 0.8183060109289617
732 0.8185538881309686
733 0.8188010899182562
734 0.819047619047619
735 0.8179347826086957
736 0.8168249660786974
737 0.8170731707317073
738 0.8173207036535859
739 0.8175675675675675
740 0.8178137651821862
741 0.8180592991913747
742 0.8183041722745625
743 0.8185483870967742
744 0.8187919463087249
745 0.8190348525469169
746 0.8179384203480589
747 0.8181818181818182
748 0.8184245660881175
749 0.8173333333333334
750 0.8175765645805593
751 0.8178191489361702
752 0.8180610889774237
753 0.8183023872679045
754 0.8185430463576159
755 0.8187830687830688
756 0.8190224570673712
757 0.8179419525065963
758 0.8181818181818182
759 0.8171052631578948
760 0.8173455978975033
761 0.8175853018372703
762 0.8165137614678899
763 0.8167539267015707
764 0.8156862745098039
765 0.8159268929503917
766 0.8148631029986962
767 0.8151041666666666
768 0.8153446033810143
769 0.8155844155844156
770 0.8158236057068742
771 0.8160621761658031
772 0.815006468305304
773 0.8152454780361758
774 0.8154838709677419
775 0.8157216494845361
776 0.8159588159588159
777 0.8161953727506427
778 0.8164313222079589
779 0.8166666666666667
780 0.8169014084507042
781 0.8171355498721228
782 0.8173690932311622
783 0.8176020408163265
784 0.8178343949044586
785 0.8180661577608143
786 0.8170266836086404
787 0.817258883248731
788 0.8174904942965779
789 0.8177215189873418
790 0.8179519595448799
791 0.8181818181818182
792 0.8184110970996217
793 0.818639798488665
794 0.8188679245283019
795 0.8190954773869347
796 0.8193224592220828
797 0.818295739348371
798 0.818523153942428
799 0.81875
800 0.818976279650437
801 0.8192019950124688
802 0.8194271481942715
803 0.8196517412935324
804 0.8198757763975155
805 0.8200992555831266
806 0.8203221809169765
807 0.8205445544554455
808 0.8207663782447466
809 0.8209876543209876
810 0.8212083847102343
811 0.8201970443349754
812 0.8204182041820418
813 0.8206388206388207
814 0.8208588957055215
815 0.821078431372549
816 0.8212974296205631
817 0.8215158924205379
818 0.8217338217338217
819 0.8207317073170731
820 0.8209500609013398
821 0.8199513381995134
822 0.8201701093560145
823 0.8203883495145631
824 0.8206060606060606
825 0.8208232445520581
826 0.8210399032648126
827 0.821256038647343
828 0.8214716525934861
829 0.8204819277108434
830 0.8206979542719615
831 0.8209134615384616
832 0.8211284513805522
833 0.8213429256594724
834 0.8215568862275449
835 0.8217703349282297
836 0.8219832735961768
837 0.8210023866348448
838 0.8212157330154947
839 0.8214285714285714
840 0.821640903686088
841 0.8218527315914489
842 0.8220640569395018
843 0.8222748815165877
844 0.8224852071005917
845 0.8226950354609929
846 0.8229043683589138
847 0.8231132075471698
848 0.823321554770318
849 0.8223529411764706
850 0.8213866039952996
851 0.8215962441314554
852 0.8218053927315357
853 0.8220140515222483
854 0.8222222222222222
855 0.822429906542056
856 0.822637106184364
857 0.8228438228438228
858 0.8230500582072177
859 0.8232558139534883
860 0.8234610917537747
861 0.8236658932714617
862 0.8227114716106605
863 0.8229166666666666
864 0.8219653179190751
865 0.8221709006928406
866 0.8212226066897347
867 0.8214285714285714
868 0.8216340621403913
869 0.8206896551724138
870 0.8208955223880597
871 0.8211009174311926
872 0.8213058419243986
873 0.8215102974828375
874 0.8217142857142857
875 0.821917808219178
876 0.82212086659065
877 0.8223234624145785
878 0.8225255972696246
879 0.8227272727272728
880 0.8229284903518729
881 0.8231292517006803
882 0.8221970554926388
883 0.8223981900452488
884 0.8225988700564971
885 0.8227990970654627
886 0.8229988726042841
887 0.8231981981981982
888 0.8222722159730034
889 0.8224719101123595
890 0.8226711560044894
891 0.8217488789237668
892 0.8208286674132139
893 0.8210290827740492
894 0.8201117318435754
895 0.8203125
896 0.8205128205128205
897 0.8207126948775055
898 0.8197997775305895
899 0.82
900 0.8201997780244173
901 0.8203991130820399
902 0.8205980066445183
903 0.8207964601769911
904 0.8209944751381215
905 0.8200883002207505
906 0.8202866593164277
907 0.8204845814977973
908 0.8206820682068207
909 0.8208791208791208
910 0.8210757409440176
911 0.8212719298245614
912 0.8214676889375685
913 0.8216630196936543
914 0.8218579234972677
915 0.8220524017467249
916 0.8211559432933478
917 0.8202614379084967
918 0.8204570184983678
919 0.8195652173913044
920 0.8186753528773073
921 0.8188720173535792
922 0.819068255687974
923 0.8192640692640693
924 0.8194594594594594
925 0.8196544276457883
926 0.819848975188781
927 0.8200431034482759
928 0.8202368137782562
929 0.8204301075268817
930 0.8206229860365198
931 0.8208154506437768
932 0.8210075026795284
933 0.8211991434689507
934 0.8203208556149733
935 0.8205128205128205
936 0.8207043756670224
937 0.8208955223880597
938 0.8210862619808307
939 0.8212765957446808
940 0.8214665249734325
941 0.821656050955414
942 0.8218451749734889
943 0.8220338983050848
944 0.8211640211640212
945 0.821353065539112
946 0.8215417106652587
947 0.8217299578059072
948 0.8208640674394099
949 0.8210526315789474
950 0.8212407991587802
951 0.8214285714285714
952 0.8216159496327388
953 0.8218029350104822
954 0.8219895287958116
955 0.8221757322175732
956 0.8223615464994776
957 0.8225469728601252
958 0.8227320125130344
959 0.821875
960 0.8210197710718002
961 0.8212058212058212
962 0.8213914849428868
963 0.8215767634854771
964 0.8207253886010363
965 0.8209109730848861
966 0.8210961737331954
967 0.8212809917355371
968 0.8214654282765738
969 0.8206185567010309
970 0.8208032955715757
971 0.8209876543209876
972 0.8211716341212744
973 0.8213552361396304
974 0.8215384615384616
975 0.8217213114754098
976 0.8219037871033776
977 0.8220858895705522
978 0.822267620020429
979 0.8214285714285714
980 0.8205912334352702
981 0.8197556008146639
982 0.8189216683621566
983 0.8191056910569106
984 0.8192893401015229
985 0.8194726166328601
986 0.8196555217831814
987 0.819838056680162
988 0.8200202224469161
989 0.8202020202020202
990 0.8203834510595358
991 0.8205645161290323
992 0.8207452165156093
993 0.8209255533199196
994 0.821105527638191
995 0.821285140562249
996 0.8204613841524574
997 0.8206412825651302
998 0.8208208208208209
999 0.821
1000 0.8211788211788211
1001 0.8213572854291418
1002 0.8215353938185443
1003 0.8217131474103586
1004 0.8218905472636816
1005 0.8220675944333996
1006 0.8222442899702085
1007 0.8224206349206349
1008 0.8225966303270565
1009 0.8227722772277227
1010 0.8229475766567754
1011 0.8221343873517787
1012 0.8213228035538006
1013 0.8214990138067061
1014 0.8206896551724138
1015 0.8208661417322834
1016 0.8210422812192724
1017 0.8202357563850687
1018 0.8194308145240432
1019 0.8186274509803921
1020 0.8188050930460333
1021 0.8189823874755382
1022 0.8191593352883676
1023 0.8193359375
1024 0.8195121951219512
1025 0.8196881091617934
1026 0.8198636806231743
1027 0.8190661478599222
1028 0.8192419825072886
1029 0.8194174757281554
1030 0.8195926285160039
1031 0.8197674418604651
1032 0.818973862536302
1033 0.8191489361702128
1034 0.8193236714975846
1035 0.8194980694980695
1036 0.819672131147541
1037 0.8198458574181118
1038 0.8190567853705486
1039 0.8192307692307692
1040 0.8184438040345822
1041 0.8186180422264875
1042 0.8187919463087249
1043 0.8189655172413793
1044 0.8181818181818182
1045 0.8183556405353728
1046 0.8185291308500477
1047 0.8187022900763359
1048 0.8188751191611058
1049 0.8180952380952381
1050 0.8173168411037107
1051 0.8174904942965779
1052 0.8176638176638177
1053 0.8178368121442126
1054 0.8180094786729858
1055 0.8181818181818182
1056 0.8183538315988647
1057 0.8185255198487713
1058 0.8186968838526912
1059 0.8188679245283019
1060 0.819038642789821
1061 0.8192090395480226
1062 0.819379115710254
1063 0.8195488721804511
1064 0.8187793427230047
1065 0.8180112570356473
1066 0.8181818181818182
1067 0.8183520599250936
1068 0.8175865294667914
1069 0.8168224299065421
1070 0.8169934640522876
1071 0.8171641791044776
1072 0.8173345759552656
1073 0.8175046554934823
1074 0.8176744186046512
1075 0.8169144981412639
1076 0.8161559888579387
1077 0.8163265306122449
1078 0.8164967562557924
1079 0.8166666666666667
1080 0.816836262719704
1081 0.8170055452865065
1082 0.8162511542012927
1083 0.816420664206642
1084 0.815668202764977
1085 0.8158379373848987
1086 0.8160073597056118
1087 0.8161764705882353
1088 0.8163452708907254
1089 0.8155963302752294
1090 0.8157653528872594
1091 0.8159340659340659
1092 0.8161024702653248
1093 0.8153564899451554
1094 0.8155251141552512
1095 0.8147810218978102
1096 0.8149498632634458
1097 0.8151183970856102
1098 0.8143767060964513
1099 0.8145454545454546
1100 0.8138056312443234
1101 0.8139745916515426
1102 0.814143245693563
1103 0.8134057971014492
1104 0.8126696832579186
1105 0.8128390596745028
1106 0.8130081300813008
1107 0.8131768953068592
1108 0.8133453561767358
1109 0.8135135135135135
1110 0.8136813681368137
1111 0.8138489208633094
1112 0.8140161725067385
1113 0.8141831238779175
1114 0.8143497757847533
1115 0.8136200716845878
1116 0.8128916741271263
1117 0.8130590339892666
1118 0.8123324396782842
1119 0.8125
1120 0.8117752007136485
1121 0.8119429590017825
1122 0.8121104185218165
1123 0.8122775800711743
1124 0.8124444444444444
1125 0.8126110124333925
1126 0.8127772848269743
1127 0.8129432624113475
1128 0.8131089459698848
1129 0.8132743362831858
1130 0.8134394341290893
1131 0.8136042402826855
1132 0.8137687555163283
1133 0.8139329805996472
1134 0.8140969162995595
1135 0.8142605633802817
1136 0.8144239226033422
1137 0.8145869947275922
1138 0.8138718173836699
1139 0.8140350877192982
1140 0.8141980718667835
1141 0.8143607705779334
1142 0.8145231846019247
1143 0.8146853146853147
1144 0.8148471615720524
1145 0.8141361256544503
1146 0.8142981691368788
1147 0.8144599303135889
1148 0.8137510879025239
1149 0.8130434782608695
1150 0.8123370981754996
1151 0.8125
1152 0.8126626192541196
1153 0.8119584055459272
1154 0.8121212121212121
1155 0.8122837370242214
1156 0.8115816767502161
1157 0.810880829015544
1158 0.811044003451251
1159 0.8112068965517242
1160 0.8113695090439277
1161 0.8115318416523236
1162 0.8116938950988822
1163 0.8118556701030928
1164 0.8120171673819743
1165 0.8121783876500858
1166 0.8123393316195373
1167 0.8125
1168 0.8126603934987169
1169 0.8128205128205128
1170 0.8129803586678053
1171 0.8122866894197952
1172 0.8124467178175618
1173 0.8126064735945485
1174 0.8127659574468085
1175 0.8129251700680272
1176 0.8130841121495327
1177 0.8132427843803056
1178 0.8125530110262935
1179 0.8127118644067797
1180 0.8128704487722269
1181 0.8130287648054145
1182 0.8131868131868132
1183 0.8133445945945946
1184 0.8126582278481013
1185 0.8128161888701517
1186 0.8129738837405224
1187 0.8131313131313131
1188 0.8132884777123633
1189 0.8134453781512605
1190 0.8136020151133502
1191 0.8137583892617449
1192 0.8139145012573344
1193 0.8140703517587939
1194 0.8142259414225942
1195 0.81438127090301
1196 0.8145363408521303
1197 0.8146911519198664
1198 0.8148457047539617
1199 0.815
1200 0.8143213988343048
1201 0.8144758735440932
1202 0.8146300914380715
1203 0.8147840531561462
1204 0.8149377593360996
1205 0.814262023217247
1206 0.8135874067937034
1207 0.8129139072847682
1208 0.8130686517783292
1209 0.8132231404958677
1210 0.8125516102394715
1211 0.8127062706270627
1212 0.8128606760098929
1213 0.8130148270181219
1214 0.8123456790123457
1215 0.8125
1216 0.8126540673788003
1217 0.812807881773399
1218 0.8129614438063987
1219 0.8131147540983606
1220 0.8132678132678133
1221 0.8126022913256956
1222 0.8119378577269011
1223 0.8112745098039216
1224 0.8106122448979591
1225 0.8099510603588908
1226 0.8101059494702526
1227 0.8094462540716613
1228 0.8096013018714402
1229 0.8097560975609757
1230 0.8090982940698619
1231 0.8092532467532467
1232 0.8085969180859692
1233 0.8087520259319287
1234 0.8089068825910931
1235 0.8090614886731392
1236 0.809215844785772
1237 0.8093699515347335
1238 0.8095238095238095
1239 0.8088709677419355
1240 0.8090249798549557
1241 0.8091787439613527
1242 0.8093322606596943
1243 0.8086816720257235
1244 0.8088353413654619
1245 0.8081861958266453
1246 0.8075380914194066
1247 0.8076923076923077
1248 0.8078462770216173
1249 0.808
1250 0.8073541167066347
1251 0.8075079872204473
1252 0.8076616121308858
1253 0.8078149920255183
1254 0.8079681274900399
1255 0.8081210191082803
1256 0.8082736674622116
1257 0.8084260731319555
1258 0.8085782366957903
1259 0.8087301587301587
1260 0.8088818398096749
1261 0.8090332805071315
1262 0.8091844813935075
1263 0.8093354430379747
1264 0.8094861660079051
1265 0.8096366508688784
1266 0.8089976322020521
1267 0.8091482649842271
1268 0.8092986603624901
1269 0.8094488188976378
1270 0.8095987411487018
1271 0.809748427672956
1272 0.809897879025923
1273 0.8100470957613815
1274 0.8094117647058824
1275 0.8095611285266457
1276 0.8097102584181676
1277 0.8098591549295775
1278 0.8100078186082877
1279 0.81015625
1280 0.810304449648712
1281 0.8096723868954758
1282 0.809041309431021
1283 0.809190031152648
1284 0.8093385214007782
1285 0.8094867807153966
1286 0.8096348096348096
1287 0.8097826086956522
1288 0.8091543832428238
1289 0.8093023255813954
1290 0.8094500387296669
1291 0.8095975232198143
1292 0.8097447795823666
1293 0.8091190108191654
1294 0.8092664092664092
1295 0.8094135802469136
1296 0.8095605242868157
1297 0.8097072419106317
1298 0.8090839107005389
1299 0.8092307692307692
1300 0.8093774019984628
1301 0.8095238095238095
1302 0.8096699923254029
1303 0.8098159509202454
1304 0.8099616858237548
1305 0.8101071975497703
1306 0.8102524866105585
1307 0.8103975535168195
1308 0.8105423987776929
1309 0.8106870229007633
1310 0.8108314263920672
1311 0.8109756097560976
1312 0.8111195734958111
1313 0.8112633181126332
1314 0.8114068441064639
1315 0.8115501519756839
1316 0.8116932422171602
1317 0.8118361153262519
1318 0.8119787717968158
1319 0.8121212121212121
1320 0.8122634367903103
1321 0.8124054462934948
1322 0.8117913832199547
1323 0.8119335347432024
1324 0.8120754716981132
1325 0.8114630467571644
1326 0.8108515448379804
1327 0.8109939759036144
1328 0.8111361926260346
1329 0.8112781954887218
1330 0.8114199849737039
1331 0.8115615615615616
1332 0.8117029257314329
1333 0.8118440779610195
1334 0.8119850187265918
1335 0.812125748502994
1336 0.8115183246073299
1337 0.8116591928251121
1338 0.8117998506348021
1339 0.8119402985074626
1340 0.8120805369127517
1341 0.812220566318927
1342 0.8123603871928519
1343 0.8117559523809523
1344 0.8111524163568773
1345 0.8112927191679049
1346 0.8106904231625836
1347 0.8108308605341247
1348 0.8109710896960711
1349 0.8111111111111111
1350 0.8112509252405625
1351 0.8106508875739645
1352 0.8100517368810052
1353 0.810192023633678
1354 0.8095940959409594
1355 0.8097345132743363
1356 0.8098747236551216
1357 0.8092783505154639
1358 0.8094186902133922
1359 0.8095588235294118
1360 0.8096987509184423
1361 0.8098384728340675
1362 0.80997798972854
1363 0.8093841642228738
1364 0.8095238095238095
1365 0.8096632503660323
1366 0.8098024871982443
1367 0.8099415204678363
1368 0.8100803506208911
1369 0.8102189781021898
1370 0.8096280087527352
1371 0.8090379008746356
1372 0.8091769847050255
1373 0.8085880640465793
1374 0.8087272727272727
1375 0.8088662790697675
1376 0.8090050835148874
1377 0.809143686502177
1378 0.8092820884699057
1379 0.808695652173913
1380 0.8088341781317886
1381 0.808972503617945
1382 0.8091106290672451
1383 0.8092485549132948
1384 0.8093862815884476
1385 0.8095238095238095
1386 0.809661139149243
1387 0.8090778097982709
1388 0.8092152627789777
1389 0.8093525179856115
1390 0.8087706685837527
1391 0.8089080459770115
1392 0.8090452261306532
1393 0.8084648493543759
1394 0.8078853046594983
1395 0.8080229226361032
1396 0.8081603435934145
1397 0.8075822603719599
1398 0.8070050035739814
1399 0.8071428571428572
1400 0.806566738044254
1401 0.8067047075606276
1402 0.8068424803991446
1403 0.8069800569800569
1404 0.80711743772242
1405 0.8072546230440967
1406 0.8073916133617626
1407 0.8075284090909091
1408 0.8069552874378992
1409 0.8070921985815603
1410 0.8072289156626506
1411 0.8073654390934845
1412 0.8075017692852088
1413 0.806930693069307
1414 0.8063604240282686
1415 0.806497175141243
1416 0.8066337332392378
1417 0.8067700987306065
1418 0.806906272022551
1419 0.8070422535211268
1420 0.8071780436312456
1421 0.8066104078762306
1422 0.8067463106113844
1423 0.8068820224719101
1424 0.8070175438596491
1425 0.8064516129032258
1426 0.8065872459705676
1427 0.8067226890756303
1428 0.8068579426172149
1429 0.806993006993007
1430 0.8071278825995807
1431 0.8072625698324022
1432 0.8073970690858339
1433 0.8075313807531381
1434 0.8076655052264808
1435 0.807799442896936
1436 0.8079331941544885
1437 0.808066759388039
1438 0.8082001389854065
1439 0.8083333333333333
1440 0.8084663428174879
1441 0.8085991678224688
1442 0.8087318087318087
1443 0.8088642659279779
1444 0.8089965397923875
1445 0.8091286307053942
1446 0.8092605390463027
1447 0.8093922651933702
1448 0.8095238095238095
1449 0.8096551724137931
1450 0.8097863542384562
1451 0.809228650137741
1452 0.8093599449415003
1453 0.8094910591471802
1454 0.8096219931271478
1455 0.8097527472527473
1456 0.8098833218943033
1457 0.8100137174211248
1458 0.8101439342015079
1459 0.8102739726027397
1460 0.810403832991102
1461 0.8098495212038304
1462 0.8092959671907041
1463 0.8094262295081968
1464 0.8095563139931741
1465 0.8096862210095498
1466 0.809134287661895
1467 0.8092643051771117
1468 0.8093941456773315
1469 0.808843537414966
1470 0.8089734874235214
1471 0.8091032608695652
1472 0.8092328581126952
1473 0.8093622795115333
1474 0.8094915254237288
1475 0.809620596205962
1476 0.8097494922139472
1477 0.8098782138024357
1478 0.8100067613252198
1479 0.8094594594594594
1480 0.8095881161377447
1481 0.8097165991902834
1482 0.8098449089683075
1483 0.8099730458221024
1484 0.8101010101010101
1485 0.8102288021534321
1486 0.8103564223268326
1487 0.8104838709677419
1488 0.8106111484217595
1489 0.810738255033557
1490 0.8108651911468813
1491 0.8109919571045576
1492 0.8111185532484929
1493 0.8105756358768407
1494 0.8107023411371237
1495 0.8108288770053476
1496 0.8109552438209753
1497 0.8104138851802403
1498 0.8105403602401601
1499 0.8106666666666666
1500 0.810126582278481
1501 0.8102529960053262
1502 0.8097139055222887
1503 0.8091755319148937
1504 0.8086378737541529
1505 0.8081009296148738
1506 0.8082282680822827
1507 0.8083554376657824
1508 0.8084824387011266
1509 0.8086092715231789
1510 0.8087359364659166
1511 0.8088624338624338
1512 0.8083278255122274
1513 0.808454425363276
1514 0.8085808580858086
1515 0.8087071240105541
1516 0.8088332234673699
1517 0.808300395256917
1518 0.8084265964450297
1519 0.8085526315789474
1520 0.8086785009861933
1521 0.8081471747700394
1522 0.8082731451083388
1523 0.8083989501312336
1524 0.8085245901639344
1525 0.8079947575360419
1526 0.808120497707924
1527 0.8082460732984293
1528 0.8083714846304775
1529 0.8084967320261438
1530 0.8086218158066623
1531 0.8087467362924282
1532 0.8088714938030006
1533 0.8089960886571056
1534 0.8084690553745928
1535 0.80859375
1536 0.8087182823682498
1537 0.8088426527958388
1538 0.8089668615984406
1539 0.8090909090909091
1540 0.8092147955872809
1541 0.8086900129701686
1542 0.8088139987038238
1543 0.8089378238341969
1544 0.8084142394822007
1545 0.8078913324708926
1546 0.8080155138978669
1547 0.8081395348837209
1548 0.8082633957391866
1549 0.807741935483871
1550 0.8072211476466795
1551 0.8073453608247423
1552 0.8074694140373471
1553 0.806949806949807
1554 0.8070739549839229
1555 0.8071979434447301
1556 0.8073217726396917
1557 0.8074454428754814
1558 0.8069275176395125
1559 0.8070512820512821
1560 0.8071748878923767
1561 0.8072983354673495
1562 0.8074216250799744
1563 0.8069053708439897
1564 0.8070287539936102
1565 0.8071519795657727
1566 0.807275047862157
1567 0.8073979591836735
1568 0.8075207138304653
1569 0.8076433121019109
1570 0.8077657542966263
1571 0.8078880407124682
1572 0.8080101716465353
1573 0.8074968233799238
1574 0.8076190476190476
1575 0.807741116751269
1576 0.807863031071655
1577 0.8079847908745247
1578 0.8081063964534515
1579 0.8082278481012658
1580 0.8083491461100569
1581 0.8084702907711757
1582 0.8085912823752369
1583 0.8087121212121212
1584 0.8082018927444795
1585 0.8076923076923077
1586 0.8078134845620668
1587 0.8079345088161209
1588 0.8074260541220893
1589 0.8075471698113208
1590 0.8076681332495286
1591 0.8077889447236181
1592 0.807909604519774
1593 0.8080301129234629
1594 0.8081504702194358
1595 0.8082706766917294
1596 0.8083907326236693
1597 0.8078848560700876
1598 0.8073796122576611
1599 0.8075
1600 0.8076202373516552
1601 0.8077403245942572
1602 0.8078602620087336
1603 0.8079800498753117
1604 0.8074766355140187
1605 0.8075965130759651
1606 0.8077162414436839
1607 0.8078358208955224
1608 0.8079552517091361
1609 0.8080745341614907
1610 0.8081936685288641
1611 0.8083126550868487
1612 0.8084314941103534
1613 0.8085501858736059
1614 0.8086687306501548
1615 0.8087871287128713
1616 0.8089053803339518
1617 0.8090234857849197
1618 0.8091414453366276
1619 0.808641975308642
1620 0.8087600246761258
1621 0.8082614056720099
1622 0.8083795440542206
1623 0.8084975369458128
1624 0.8086153846153846
1625 0.8087330873308733
1626 0.8088506453595574
1627 0.808968058968059
1628 0.809085328422345
1629 0.8085889570552147
1630 0.8080931943592887
1631 0.8082107843137255
1632 0.8083282302510717
1633 0.8084455324357405
1634 0.8085626911314985
1635 0.808679706601467
1636 0.8081857055589493
1637 0.8083028083028083
1638 0.8084197681513118
1639 0.8085365853658537
1640 0.8086532602071907
1641 0.8087697929354446
1642 0.8088861838101035
1643 0.8090024330900243
1644 0.8091185410334346
1645 0.8086269744835966
1646 0.8081360048573163
1647 0.8076456310679612
1648 0.8071558520315343
1649 0.8066666666666666
1650 0.8067837674136886
1651 0.8069007263922519
1652 0.8070175438596491
1653 0.8065296251511487
1654 0.8060422960725075
1655 0.8061594202898551
1656 0.8062764031382016
1657 0.8063932448733414
1658 0.8065099457504521
1659 0.8066265060240964
1660 0.8067429259482239
1661 0.8062575210589651
1662 0.8063740228502706
1663 0.8064903846153846
1664 0.8066066066066067
1665 0.8067226890756303
1666 0.8068386322735452
1667 0.8069544364508393
1668 0.8070701018573997
1669 0.8065868263473054
1670 0.8067025733093955
1671 0.8068181818181818
1672 0.8063359234907352
1673 0.8064516129032258
1674 0.8065671641791045
1675 0.8066825775656324
1676 0.8062015503875969
1677 0.8063170441001192
1678 0.806432400238237
1679 0.8065476190476191
1680 0.8066627007733492
1681 0.8067776456599287
1682 0.8068924539512775
1683 0.8070071258907363
1684 0.8071216617210683
1685 0.8072360616844603
1686 0.8073503260225252
1687 0.8074644549763034
1688 0.8075784487862641
1689 0.8071005917159764
1690 0.8072146658781786
1691 0.8073286052009456
1692 0.8074424099232133
1693 0.807556080283353
1694 0.807669616519174
1695 0.8077830188679245
1696 0.8078962875662935
1697 0.8080094228504122
1698 0.8081224249558564
1699 0.808235294117647
1700 0.8077601410934744
1701 0.8072855464159812
1702 0.8073987081620669
1703 0.8075117370892019
1704 0.807624633431085
1705 0.8077373974208675
1706 0.8078500292911541
1707 0.8079625292740047
1708 0.8080748976009362
1709 0.808187134502924
1710 0.8077147866744594
1711 0.8078271028037384
1712 0.8079392877991827
1713 0.8074679113185531
1714 0.8075801749271136
1715 0.8076923076923077
1716 0.8072218986604542
1717 0.8073341094295693
1718 0.8074461896451425
1719 0.8075581395348838
1720 0.8076699593259733
1721 0.8077816492450639
1722 0.807893209518282
1723 0.8080046403712297
1724 0.8081159420289855
1725 0.8082271147161066
1726 0.80833815865663
1727 0.8084490740740741
1728 0.8085598611914402
1729 0.8086705202312139
1730 0.8087810514153668
1731 0.808891454965358
1732 0.809001731102135
1733 0.8091118800461361
1734 0.809221902017291
1735 0.8087557603686636
1736 0.8088658606793322
1737 0.8084004602991944
1738 0.8079355951696378
1739 0.8080459770114943
1740 0.8075818495117748
1741 0.8076923076923077
1742 0.8078026391279404
1743 0.8073394495412844
1744 0.8074498567335243
1745 0.8075601374570447
1746 0.8070978820835718
1747 0.8072082379862701
1748 0.8067467124070897
1749 0.8068571428571428
1750 0.806967447173044
1751 0.8070776255707762
1752 0.80718767826583
1753 0.8072976054732041
1754 0.8074074074074075
1755 0.8075170842824602
1756 0.8076266363118952
1757 0.8077360637087599
1758 0.8078453666856168
1759 0.8079545454545455
1760 0.8080636002271436
1761 0.8081725312145289
1762 0.8082813386273398
1763 0.8078231292517006
1764 0.8073654390934845
1765 0.8069082672706682
1766 0.8070175438596491
1767 0.8071266968325792
1768 0.8072357263990956
1769 0.8073446327683615
1770 0.8074534161490683
1771 0.8075620767494357
1772 0.8071065989847716
1773 0.8072153325817362
1774 0.8073239436619718
1775 0.8074324324324325
1776 0.8075407990996061
1777 0.8076490438695163
1778 0.8077571669477235
1779 0.8078651685393259
1780 0.8074115665356542
1781 0.8075196408529742
1782 0.807627593942793
1783 0.8071748878923767
1784 0.8072829131652661
1785 0.8068309070548713
1786 0.8069390039171797
1787 0.8070469798657718
1788 0.8065958636109558
1789 0.8067039106145252
1790 0.8062534896705751
1791 0.8063616071428571
1792 0.8064696040156163
1793 0.806577480490524
1794 0.8066852367688022
1795 0.8067928730512249
1796 0.8063439065108514
1797 0.8064516129032258
1798 0.8065591995553085
1799 0.8061111111111111
1800 0.8056635202665186
1801 0.8057713651498335
1802 0.8058790904048807
1803 0.8059866962305987
1804 0.8055401662049861
1805 0.805094130675526
1806 0.805201992252352
1807 0.8053097345132744
1808 0.8054173576561636
1809 0.8055248618784531
1810 0.8056322473771397
1811 0.8051876379690949
1812 0.8047435190292334
1813 0.8042998897464168
1814 0.8038567493112948
1815 0.8039647577092511
1816 0.8040726472206935
1817 0.8041804180418042
1818 0.8042880703683343
1819 0.8043956043956044
1820 0.8045030203185063
1821 0.8040614709110867
1822 0.8041689522764673
1823 0.8042763157894737
1824 0.8043835616438356
1825 0.8044906900328587
1826 0.8045977011494253
1827 0.8047045951859956
1828 0.8048113723346091
1829 0.8049180327868852
1830 0.8050245767340252
1831 0.8051310043668122
1832 0.8052373158756138
1833 0.8053435114503816
1834 0.805449591280654
1835 0.8055555555555556
1836 0.8051170386499727
1837 0.8052230685527747
1838 0.8053289831430125
1839 0.8054347826086956
1840 0.8055404671374253
1841 0.8051031487513572
1842 0.8052088985349973
1843 0.8053145336225597
1844 0.805420054200542
1845 0.8055254604550379
1846 0.805630752571738
1847 0.8057359307359307
1848 0.8053001622498648
1849 0.8054054054054054
1850 0.8055105348460292
1851 0.8056155507559395
1852 0.8057204533189423
1853 0.8058252427184466
1854 0.8053908355795149
1855 0.8049568965517241
1856 0.8050619278406032
1857 0.8051668460710442
1858 0.8052716514254976
1859 0.8053763440860215
1860 0.8054809242342826
1861 0.8055853920515574
1862 0.8056897477187333
1863 0.805793991416309
1864 0.8053619302949062
1865 0.8054662379421221
1866 0.8055704338510981
1867 0.8056745182012848
1868 0.8057784911717496
1869 0.8058823529411765
1870 0.8054516301443079
1871 0.8055555555555556
1872 0.8056593699946609
1873 0.8057630736392742
1874 0.8058666666666666
1875 0.8059701492537313
1876 0.8055407565263719
1877 0.8056443024494143
1878 0.8052155401809473
1879 0.8053191489361702
1880 0.8054226475279107
1881 0.8055260361317748
1882 0.8056293149229952
1883 0.8057324840764332
1884 0.8058355437665783
1885 0.8059384941675504
1886 0.8055113937466879
1887 0.805614406779661
1888 0.8057173107464267
1889 0.8052910052910053
1890 0.8053939714436806
1891 0.804968287526427
1892 0.8045430533544639
1893 0.8046462513199577
1894 0.8047493403693932
1895 0.8048523206751055
1896 0.804955192409067
1897 0.8050579557428873
1898 0.8051606108478147
1899 0.8052631578947368
1900 0.8048395581273015
1901 0.8049421661409043
1902 0.8050446663163426
1903 0.8046218487394958
1904 0.8047244094488188
1905 0.804302203567681
1906 0.8044048243314106
1907 0.8045073375262054
1908 0.8046097433211106
1909 0.8047120418848167
1910 0.80429094714809
1911 0.8043933054393305
1912 0.8044955567171981
1913 0.8045977011494253
1914 0.8046997389033943
1915 0.8042797494780793
1916 0.8038601982263954
1917 0.8039624608967675
1918 0.8040646169880146
1919 0.8041666666666667
1920 0.803748047891723
1921 0.8033298647242456
1922 0.8034321372854915
1923 0.8035343035343036
1924 0.8031168831168831
1925 0.8032191069574247
1926 0.8033212247016087
1927 0.8034232365145229
1928 0.8035251425609123
1929 0.8036269430051813
1930 0.803728638011393
1931 0.8038302277432712
1932 0.8039317123642007
1933 0.8040330920372285
1934 0.8041343669250646
1935 0.8042355371900827
1936 0.8038203407330924
1937 0.803921568627451
1938 0.8040226921093347
1939 0.8041237113402062
1940 0.8042246264811953
1941 0.8043254376930999
1942 0.804426145136387
1943 0.8045267489711934
1944 0.8046272493573264
1945 0.8047276464542652
1946 0.8048279404211608
1947 0.8049281314168378
1948 0.8050282195997948
1949 0.8051282051282052
1950 0.805228088159918
1951 0.805327868852459
1952 0.8054275473630312
1953 0.8055271238485159
1954 0.8051150895140665
1955 0.8052147239263804
1956 0.805314256515074
1957 0.804902962206333
1958 0.8050025523226135
1959 0.8051020408163265
1960 0.8052014278429372
1961 0.8053007135575942
1962 0.804890473764646
1963 0.804989816700611
1964 0.805089058524173
1965 0.8051881993896236
1966 0.8052872394509405
1967 0.8053861788617886
1968 0.8054850177755206
1969 0.8055837563451776
1970 0.8056823947234906
1971 0.8052738336713996
1972 0.8053725291434364
1973 0.8054711246200608
1974 0.8055696202531646
1975 0.805161943319838
1976 0.8052604957005564
1977 0.8053589484327603
1978 0.8054573016675088
1979 0.8055555555555556
1980 0.8056537102473498
1981 0.8057517658930373
1982 0.8058497226424609
1983 0.8059475806451613
1984 0.8060453400503779
1985 0.8061430010070494
1986 0.8062405636638148
1987 0.8058350100603622
1988 0.8059326294620413
1989 0.8060301507537688
1990 0.8056253139126067
1991 0.8057228915662651
1992 0.8058203712995484
1993 0.8054162487462387
1994 0.8055137844611528
1995 0.8056112224448898
1996 0.8057085628442664
1997 0.8053053053053053
1998 0.8054027013506754
1999 0.8055
2000 0.8055972013993004
2001 0.8056943056943057
2002 0.8057913130304544
2003 0.8058882235528942
2004 0.8059850374064838
2005 0.8060817547357926
2006 0.8061783756851021
2007 0.8062749003984063
2008 0.8063713290194127
2009 0.8059701492537313
2010 0.8060666335156639
2011 0.8061630218687873
2012 0.8062593144560357
2013 0.8063555114200596
2014 0.8064516129032258
2015 0.8060515873015873
2016 0.8061477441745166
2017 0.8062438057482656
2018 0.8058444774640912
2019 0.805940594059406
2020 0.805541810984661
2021 0.8056379821958457
2022 0.805239742956006
2023 0.8053359683794467
2024 0.8049382716049382
2025 0.8050345508390918
2026 0.8051307350764677
2027 0.8052268244575936
2028 0.8048299655002464
2029 0.8049261083743843
2030 0.8050221565731167
2031 0.8046259842519685
2032 0.8042302016724053
2033 0.8043264503441495
2034 0.8044226044226044
2035 0.8045186640471512
2036 0.8046146293568974
2037 0.8047105004906772
2038 0.8048062775870525
2039 0.8044117647058824
2040 0.8045075943165115
2041 0.8041136141038198
2042 0.8042094958394518
2043 0.8043052837573386
2044 0.80440097799511
2045 0.804496578690127
2046 0.8041035661944309
2047 0.8037109375
2048 0.8038067349926794
2049 0.8039024390243903
2050 0.8039980497318381
2051 0.804093567251462
2052 0.8041889917194349
2053 0.804284323271665
2054 0.8043795620437956
2055 0.8044747081712063
2056 0.8045697617890131
2057 0.8046647230320699
2058 0.8047595920349684
2059 0.8048543689320389
2060 0.8049490538573508
2061 0.8050436469447139
2062 0.8051381483276782
2063 0.8052325581395349
2064 0.8048426150121065
2065 0.8049370764762827
2066 0.8050314465408805
2067 0.8051257253384912
2068 0.804736587723538
2069 0.8048309178743961
2070 0.8044422984065669
2071 0.8040540540540541
2072 0.8041485769416304
2073 0.8042430086788814
2074 0.8043373493975904
2075 0.8039499036608864
2076 0.8040442946557534
2077 0.8041385948026949
2078 0.8042328042328042
2079 0.8038461538461539
2080 0.8039404132628544
2081 0.803554274735831
2082 0.8036485837734038
2083 0.8032629558541267
2084 0.8033573141486811
2085 0.8034515819750719
2086 0.8035457594633445
2087 0.803639846743295
2088 0.8032551460028722
2089 0.8028708133971292
2090 0.8024868483978957
2091 0.8025812619502868
2092 0.802675585284281
2093 0.8022922636103151
2094 0.8023866348448687
2095 0.8024809160305344
2096 0.8020982355746304
2097 0.8021925643469972
2098 0.802286803239638
2099 0.8023809523809524
2100 0.8024750118990956
2101 0.8025689819219791
2102 0.8026628625772706
2103 0.8022813688212928
2104 0.8019002375296912
2105 0.8015194681861348
2106 0.8011390602752729
2107 0.8012333965844403
2108 0.8013276434329066
2109 0.8014218009478673
2110 0.8015158692562766
2111 0.8011363636363636
2112 0.8012304779933743
2113 0.8013245033112583
2114 0.8014184397163121
2115 0.8015122873345936
2116 0.8016060462919226
2117 0.8016997167138811
2118 0.8013213780084946
2119 0.8014150943396227
2120 0.8015087223008015
2121 0.8016022620169652
2122 0.8016957136128121
2123 0.801789077212806
2124 0.8018823529411765
2125 0.8019755409219191
2126 0.8020686412787964
2127 0.8021616541353384
2128 0.8022545796148427
2129 0.8023474178403756
2130 0.8024401689347724
2131 0.8025328330206379
2132 0.802625410220347
2133 0.802717900656045
2134 0.8023419203747073
2135 0.802434456928839
2136 0.802526906878802
2137 0.8021515434985969
2138 0.8022440392706872
2139 0.8023364485981308
2140 0.8019617001401215
2141 0.8020541549953315
2142 0.8016798880074661
2143 0.8017723880597015
2144 0.8018648018648019
2145 0.8019571295433364
2146 0.8020493712156498
2147 0.8016759776536313
2148 0.801768264308981
2149 0.8018604651162791
2150 0.8019525801952581
2151 0.8020446096654275
2152 0.8021365536460753
2153 0.8022284122562674
2154 0.8023201856148492
2155 0.8024118738404453
2156 0.8020398701900788
2157 0.8016682113067656
2158 0.8017600741083835
2159 0.8018518518518518
2160 0.8019435446552522
2161 0.8020351526364478
2162 0.8021266759130837
2163 0.8022181146025879
2164 0.8018475750577367
2165 0.8019390581717452
2166 0.8020304568527918
2167 0.8021217712177122
2168 0.8022130013831259
2169 0.8023041474654378
2170 0.8019345923537541
2171 0.8020257826887661
2172 0.8021168890934193
2173 0.8017479300827967
2174 0.8018390804597701
2175 0.8019301470588235
2176 0.8020211299954065
2177 0.8021120293847567
2178 0.8022028453419
2179 0.8022935779816514
2180 0.8019257221458047
2181 0.8015582034830431
2182 0.8016491067338525
2183 0.8017399267399268
2184 0.8018306636155607
2185 0.8019213174748399
2186 0.8020118884316415
2187 0.8016453382084096
2188 0.8017359524897213
2189 0.8013698630136986
2190 0.8014605203103605
2191 0.801094890510949
2192 0.8007295941632467
2193 0.8003646308113036
2194 0.8004555808656036
2195 0.8005464480874317
2196 0.8006372325898953
2197 0.8007279344858963
2198 0.800818553888131
2199 0.8009090909090909
2200 0.8009995456610631
2201 0.8010899182561307
2202 0.8011802088061734
2203 0.8012704174228675
2204 0.8013605442176871
2205 0.8014505893019039
2206 0.8015405527865881
2207 0.8016304347826086
2208 0.8017202354006338
2209 0.8018099547511313
2210 0.8018995929443691
2211 0.8019891500904159
2212 0.8016267510167194
2213 0.8012646793134598
2214 0.801354401805869
2215 0.8014440433212996
2216 0.8010825439783491
2217 0.8011722272317403
2218 0.8012618296529969
2219 0.8013513513513514
2220 0.8009905447996398
2221 0.8010801080108011
2222 0.8011695906432749
2223 0.8008093525179856
2224 0.8008988764044944
2225 0.8009883198562444
2226 0.8010776829815895
2227 0.8011669658886894
2228 0.8012561686855092
2229 0.8013452914798206
2230 0.8014343343792022
2231 0.8015232974910395
2232 0.8016121809225257
2233 0.8017009847806625
2234 0.8017897091722596
2235 0.8018783542039356
2236 0.8015198927134555
2237 0.8016085790884718
2238 0.8016971862438589
2239 0.8017857142857143
2240 0.8018741633199464
2241 0.8019625334522748
2242 0.8016049933125279
2243 0.801693404634581
2244 0.8017817371937639
2245 0.8018699910952805
2246 0.8019581664441477
2247 0.8020462633451957
2248 0.802134281903068
2249 0.8017777777777778
2250 0.8018658374055975
2251 0.8019538188277087
2252 0.8020417221482468
2253 0.8016858917480035
2254 0.8017738359201774
2255 0.8018617021276596
2256 0.8019494904740806
2257 0.8020372010628876
2258 0.8021248339973439
2259 0.802212389380531
2260 0.8018575851393189
2261 0.801945181255526
2262 0.8015908086610694
2263 0.801678445229682
2264 0.8013245033112583
2265 0.8014121800529568
2266 0.8014997794441994
2267 0.8015873015873016
2268 0.8016747465843984
2269 0.801762114537445
2270 0.8014090708938794
2271 0.8014964788732394
2272 0.8015838099428069
2273 0.8012313104661389
2274 0.8013186813186813
2275 0.8014059753954306
2276 0.8014931927975406
2277 0.8015803336259877
2278 0.8016673979815708
2279 0.8017543859649123
2280 0.8018412976764577
2281 0.8019281332164768
2282 0.8020148926850635
2283 0.8021015761821366
2284 0.8021881838074398
2285 0.8022747156605424
2286 0.8023611718408395
2287 0.8024475524475524
2288 0.8025338575797292
2289 0.8026200873362446
2290 0.8022697512003492
2291 0.8019197207678883
2292 0.8020061055385957
2293 0.8020924149956408
2294 0.8021786492374727
2295 0.8022648083623694
2296 0.802350892468437
2297 0.8024369016536118
2298 0.802522836015659
2299 0.8021739130434783
2300 0.8022598870056498
2301 0.8023457862728063
2302 0.8024316109422492
2303 0.8020833333333334
2304 0.8021691973969631
2305 0.8022549869904597
2306 0.8023407022106632
2307 0.8024263431542461
2308 0.8025119099177133
2309 0.8025974025974026
2310 0.8026828212894851
2311 0.8027681660899654
2312 0.8028534370946823
2313 0.8025064822817631
2314 0.8025917926565874
2315 0.802245250431779
2316 0.8023305999136815
2317 0.8019844693701467
2318 0.8020698576972833
2319 0.8021551724137931
2320 0.8022404136148212
2321 0.8023255813953488
2322 0.801980198019802
2323 0.802065404475043
2324 0.8021505376344086
2325 0.8018056749785039
2326 0.801890846583584
2327 0.8015463917525774
2328 0.8016316015457278
2329 0.8017167381974248
2330 0.8018018018018018
2331 0.8018867924528302
2332 0.8015430775825118
2333 0.8016281062553556
2334 0.8012847965738759
2335 0.8013698630136986
2336 0.8014548566538297
2337 0.8015397775876818
2338 0.8016246259085079
2339 0.8012820512820513
2340 0.8013669372063221
2341 0.8010247651579846
2342 0.8011096884336321
2343 0.8011945392491467
2344 0.8012793176972282
2345 0.8009377664109122
2346 0.8005965061780997
2347 0.8006814310051107
2348 0.8007662835249042
2349 0.8008510638297872
2350 0.8009357720119098
2351 0.8010204081632653
2352 0.8011049723756906
2353 0.8007646559048428
2354 0.8008492569002124
2355 0.8009337860780985
2356 0.800593975392448
2357 0.8006785411365565
2358 0.8003391267486223
2359 0.8004237288135593
2360 0.8005082592121983
2361 0.8005927180355631
2362 0.8006771053745239
2363 0.800761421319797
2364 0.8008456659619451
2365 0.8009298393913779
2366 0.8010139416983524
2367 0.801097972972973
2368 0.801181933305192
2369 0.8012658227848102
2370 0.8013496415014761
2371 0.801433389544688
2372 0.8015170670037927
2373 0.8016006739679865
2374 0.8016842105263158
2375 0.8013468013468014
2376 0.8014303744215397
2377 0.8010933557611438
2378 0.8011769651113914
2379 0.8012605042016807
2380 0.8013439731205376
2381 0.801007556675063
2382 0.8010910616869492
2383 0.8011744966442953
2384 0.8012578616352202
2385 0.8013411567476949
2386 0.8014243820695434
2387 0.8015075376884422
2388 0.8015906236919214
2389 0.801673640167364
2390 0.8017565872020075
2391 0.8018394648829431
2392 0.8019222732971166
2393 0.8020050125313283
2394 0.8020876826722338
2395 0.8021702838063439
2396 0.8022528160200251
2397 0.8023352793994996
2398 0.8024176740308462
2399 0.8025
2400 0.802582257392753
2401 0.8026644462947544
2402 0.8027465667915106
2403 0.802828618968386
2404 0.8029106029106029
2405 0.8029925187032418
2406 0.8030743664312422
2407 0.803156146179402
2408 0.8032378580323786
2409 0.8029045643153527
2410 0.8025715470759022
2411 0.802653399668325
2412 0.8023207625362619
2413 0.8024026512013256
2414 0.8024844720496894
2415 0.8025662251655629
2416 0.8026479106330161
2417 0.8027295285359801
2418 0.8028110789582472
2419 0.802892561983471
2420 0.8029739776951673
2421 0.8026424442609413
2422 0.8027238959966984
2423 0.8028052805280528
2424 0.8028865979381443
2425 0.8029678483099753
2426 0.8030490317264112
2427 0.8031301482701813
2428 0.8032111980238782
2429 0.8032921810699588
2430 0.8029617441382148
2431 0.8030427631578947
2432 0.8031237155774764
2433 0.8032046014790468
2434 0.8032854209445586
2435 0.8033661740558292
2436 0.8030365203118588
2437 0.8031173092698933
2438 0.8027880278802788
2439 0.8028688524590164
2440 0.8029496108152396
2441 0.803030303030303
2442 0.8031109291854277
2443 0.8031914893617021
2444 0.8028629856850715
2445 0.802943581357318
2446 0.8030241111565182
2447 0.8026960784313726
2448 0.8027766435279706
2449 0.8028571428571428
2450 0.8025295797633619
2451 0.8022022838499184
2452 0.8022829188748472
2453 0.8019559902200489
2454 0.8016293279022403
2455 0.8017100977198697
2456 0.8013838013838014
2457 0.8014646053702197
2458 0.8015453436356242
2459 0.8016260162601626
2460 0.8017066233238521
2461 0.80178716490658
2462 0.8018676410881039
2463 0.801948051948052
2464 0.8020283975659229
2465 0.8021086780210868
2466 0.8021888933927848
2467 0.8022690437601296
2468 0.8023491292021061
2469 0.8024291497975709
2470 0.8025091056252529
2471 0.8025889967637541
2472 0.8022644561261626
2473 0.8023443815683104
2474 0.8024242424242424
2475 0.8025040387722132
2476 0.8025837706903513
2477 0.8026634382566586
2478 0.8027430415490117
2479 0.8028225806451613
2480 0.8029020556227328
2481 0.8029814665592264
2482 0.8030608135320177
2483 0.8031400966183575
2484 0.8032193158953722
2485 0.8032984714400644
2486 0.8033775633293124
2487 0.8034565916398714
2488 0.8035355564483728
2489 0.8036144578313253
2490 0.8036932958651144
2491 0.8033707865168539
2492 0.8030485359005215
2493 0.8031275060144346
2494 0.8028056112224449
2495 0.8028846153846154
2496 0.802563075690829
2497 0.8026421136909527
2498 0.8023209283713485
2499 0.8024
2500 0.8024790083966413
2501 0.802158273381295
2502 0.8022373152217339
2503 0.8023162939297125
2504 0.8023952095808383
2505 0.8024740622505986
2506 0.8025528520143598
2507 0.8026315789473685
2508 0.8027102431247509
2509 0.8027888446215139
2510 0.8028673835125448
2511 0.8029458598726115
2512 0.8030242737763629
2513 0.8027048528241846
2514 0.8027833001988072
2515 0.8028616852146264
2516 0.8025427095748907
2517 0.8026211278792693
2518 0.8026994839221914
2519 0.8027777777777778
2520 0.8028560095200318
2521 0.802934179222839
2522 0.8030122869599683
2523 0.8030903328050714
2524 0.8031683168316832
2525 0.8032462391132225
2526 0.8033240997229917
2527 0.8034018987341772
2528 0.8034796362198497
2529 0.8035573122529645
2530 0.8036349269063611
2531 0.8037124802527646
2532 0.8037899723647849
2533 0.8038674033149171
2534 0.8039447731755424
2535 0.8040220820189274
2536 0.8037051635790303
2537 0.8037825059101655
2538 0.8038597873178417
2539 0.8035433070866141
2540 0.80362062180244
2541 0.8033044846577498
2542 0.8033818324813212
2543 0.8034591194968553
2544 0.8035363457760314
2545 0.8036135113904164
2546 0.8036906164114644
2547 0.8037676609105181
2548 0.8038446449588074
2549 0.803921568627451
2550 0.8039984319874559
2551 0.8040752351097179
2552 0.8037602820211516
2553 0.8038371182458888
2554 0.8039138943248533
2555 0.8039906103286385
2556 0.8040672663277278
2557 0.8041438623924941
2558 0.8042203985932005
2559 0.804296875
2560 0.8043732916829364
2561 0.8040593286494926
2562 0.8041357783847054
2563 0.8042121684867395
2564 0.8042884990253412
2565 0.8043647700701481
2566 0.8044409816906896
2567 0.8045171339563862
2568 0.8042039704165045
2569 0.8042801556420234
2570 0.8043562816024893
2571 0.8044323483670296
2572 0.8045083560046639
2573 0.8045843045843046
2574 0.8042718446601942
2575 0.8043478260869565
2576 0.8044237485448196
2577 0.804499612102405
2578 0.804575416828228
2579 0.8046511627906977
2580 0.8047268500581171
2581 0.8044151820294345
2582 0.8044909020518777
2583 0.8041795665634675
2584 0.8042553191489362
2585 0.8039443155452436
2586 0.8040201005025126
2587 0.8040958268933539
2588 0.8041714947856315
2589 0.8042471042471042
2590 0.8043226553454265
2591 0.8043981481481481
2592 0.8040879290397224
2593 0.8041634541249036
2594 0.8042389210019267
2595 0.8043143297380585
2596 0.8043896804004621
2597 0.8044649730561971
2598 0.8045402077722201
2599 0.8046153846153846
2600 0.8046905036524413
2601 0.8047655649500385
2602 0.8048405685747215
2603 0.804915514592934
2604 0.8049904030710173
2605 0.805065234075211
2606 0.8051400076716533
2607 0.8052147239263804
2608 0.8052893829053277
2609 0.8053639846743295
2610 0.8050555342780544
2611 0.8051301684532925
2612 0.8052047455032529
2613 0.8052792654934966
2614 0.8053537284894837
2615 0.8054281345565749
2616 0.8055024837600305
2617 0.8051948051948052
2618 0.8052691867124857
2619 0.8049618320610687
2620 0.8050362457077451
2621 0.8047292143401983
2622 0.8048036599313763
2623 0.8048780487804879
2624 0.804952380952381
2625 0.805026656511805
2626 0.8051008755234107
2627 0.8051750380517504
2628 0.804868771395968
2629 0.8049429657794677
2630 0.8050171037628279
2631 0.8050911854103343
2632 0.8051652107861754
2633 0.8052391799544419
2634 0.8053130929791271
2635 0.8053869499241275
2636 0.8054607508532423
2637 0.8055344958301743
2638 0.8056081849185297
2639 0.8053030303030303
2640 0.8049981067777358
2641 0.8050719152157456
2642 0.8051456678017405
2643 0.8052193645990923
2644 0.8052930056710775
2645 0.8053665910808768
2646 0.8054401208915754
2647 0.8055135951661632
2648 0.805587013967535
2649 0.8056603773584906
2650 0.8053564692568842
2651 0.8054298642533937
2652 0.8055032039200904
2653 0.8055764883195177
2654 0.8056497175141243
2655 0.8057228915662651
2656 0.8057960105382009
2657 0.8058690744920993
2658 0.8055660022564874
2659 0.8052631578947368
2660 0.8053363397219091
2661 0.8054094665664914
2662 0.8051070221554638
2663 0.8051801801801802
2664 0.8052532833020638
2665 0.8053263315828957
2666 0.8050243719535058
2667 0.8050974512743628
2668 0.8051704758336455
2669 0.8052434456928839
2670 0.8053163609135155
2671 0.8053892215568862
2672 0.8054620276842499
2673 0.8055347793567689
2674 0.805607476635514
2675 0.8056801195814649
2676 0.8053791557713859
2677 0.8054518297236744
2678 0.8055244494214259
2679 0.8052238805970149
2680 0.8052965311450951
2681 0.8053691275167785
2682 0.8050689526649273
2683 0.8051415797317437
2684 0.8052141527001863
2685 0.8049143708116158
2686 0.8049869743208039
2687 0.8050595238095238
2688 0.8051320193380439
2689 0.8052044609665427
2690 0.8052768487551096
2691 0.8053491827637445
2692 0.805421463052358
2693 0.8051224944320713
2694 0.8051948051948052
2695 0.80526706231454
2696 0.8053392658509455
2697 0.8054114158636027
2698 0.8051130048165988
2699 0.8051851851851852
2700 0.8052573121066272
2701 0.8053293856402665
2702 0.8050314465408805
2703 0.805103550295858
2704 0.8051756007393716
2705 0.8048780487804879
2706 0.8049501292944219
2707 0.8050221565731167
2708 0.8047249907715024
2709 0.8047970479704797
2710 0.8048690520103283
2711 0.8049410029498525
2712 0.80501290084777
2713 0.8050847457627118
2714 0.8051565377532228
2715 0.804860088365243
2716 0.804931910195068
2717 0.8050036791758646
2718 0.8050753953659434
2719 0.8051470588235294
2720 0.8052186696067622
2721 0.8052902277736959
2722 0.8049944913698127
2723 0.8050660792951542
2724 0.8051376146788991
2725 0.8052090975788702
2726 0.8052805280528053
2727 0.8053519061583577
2728 0.8050567973616709
2729 0.8051282051282052
2730 0.8051995606005127
2731 0.8052708638360175
2732 0.80534211489206
2733 0.8054133138258961
2734 0.8054844606946984
2735 0.8055555555555556
2736 0.8056265984654731
2737 0.8053323593864135
2738 0.805403431909456
2739 0.8054744525547445
2740 0.8051805910251733
2741 0.8052516411378556
2742 0.8053226394458622
2743 0.8050291545189504
2744 0.8051001821493625
2745 0.8048069919883467
2746 0.8048780487804879
2747 0.8049490538573508
2748 0.8050200072753728
2749 0.8050909090909091
2750 0.8051617593602326
2751 0.8048691860465116
2752 0.8049400653832183
2753 0.8050108932461874
2754 0.8047186932849365
2755 0.8044267053701016
2756 0.8044976423648894
2757 0.8045685279187818
2758 0.8046393620877129
2759 0.8043478260869565
2760 0.8044186888808402
2761 0.8044895003620565
2762 0.8045602605863192
2763 0.804630969609262
2764 0.8043399638336347
2765 0.8040491684743312
2766 0.8041199855439104
2767 0.8038294797687862
2768 0.8039003250270856
2769 0.8036101083032491
2770 0.803680981595092
2771 0.8037518037518038
2772 0.8038225748287053
2773 0.8035328046142755
2774 0.8032432432432433
2775 0.803314121037464
2776 0.8033849477853799
2777 0.8034557235421166
2778 0.8035264483627204
2779 0.8035971223021583
2780 0.8036677454153183
2781 0.8037383177570093
2782 0.8034495149119655
2783 0.8035201149425287
2784 0.8032315978456014
2785 0.8033022254127782
2786 0.803372802296376
2787 0.8034433285509326
2788 0.8035138042309071
2789 0.803584229390681
2790 0.8036546040845575
2791 0.8037249283667621
2792 0.8037952022914429
2793 0.80386542591267
2794 0.8039355992844365
2795 0.804005722460658
2796 0.8040757954951734
2797 0.8037884203002145
2798 0.8038585209003215
2799 0.8039285714285714
2800 0.8036415565869333
2801 0.8037116345467523
2802 0.8037816625044595
2803 0.8038516405135521
2804 0.803921568627451
2805 0.8039914468995011
2806 0.8040612753829711
2807 0.8041310541310541
2808 0.8038447846208615
2809 0.803914590747331
2810 0.8036286019210246
2811 0.8036984352773826
2812 0.8037682189832919
2813 0.8034825870646766
2814 0.8035523978685613
2815 0.8032670454545454
2816 0.8033368832090877
2817 0.8034066713981547
2818 0.8034764100744946
2819 0.8035460992907801
2820 0.80361573909961
2821 0.8036853295535081
2822 0.8034006376195537
2823 0.8034702549575071
2824 0.8035398230088495
2825 0.8036093418259024
2826 0.803325079589671
2827 0.8033946251768034
2828 0.8034641215977377
2829 0.8035335689045936
2830 0.8036029671494171
2831 0.8036723163841808
2832 0.8037416166607836
2833 0.8034580098800282
2834 0.8035273368606702
2835 0.8032440056417489
2836 0.8033133591822348
2837 0.8033826638477801
2838 0.8030996829869672
2839 0.803169014084507
2840 0.803238296374516
2841 0.8033075299085152
2842 0.8033767147379529
2843 0.8034458509142054
2844 0.8031634446397188
2845 0.803232607167955
2846 0.8029504741833509
2847 0.8030196629213483
2848 0.803088803088803
2849 0.8031578947368421
2850 0.8028761837951596
2851 0.802945301542777
2852 0.8026638626007712
2853 0.8027330063069377
2854 0.8028021015761821
2855 0.8028711484593838
2856 0.8025901295064753
2857 0.8026592022393282
2858 0.8023784540048968
2859 0.8020979020979021
2860 0.8021670744494932
2861 0.8018867924528302
2862 0.8019559902200489
2863 0.8016759776536313
2864 0.8017452006980803
2865 0.8014654570830426
2866 0.8015347052668295
2867 0.8016039051603905
2868 0.8013245033112583
2869 0.8010452961672474
2870 0.8011145942180425
2871 0.8011838440111421
2872 0.801253045596937
2873 0.8009742519137091
2874 0.8010434782608695
2875 0.8011126564673157
2876 0.8011817865832465
2877 0.8012508686587908
2878 0.8013199027440083
2879 0.8013888888888889
2880 0.801457827143353
2881 0.8015267175572519
2882 0.8015955601803677
2883 0.8016643550624133
2884 0.801733102253033
2885 0.8018018018018018
2886 0.8018704537582265
2887 0.8019390581717452
2888 0.8016614745586709
2889 0.8017301038062283
2890 0.8017986855759253
2891 0.8018672199170125
2892 0.8015900449360526
2893 0.801658604008293
2894 0.801727115716753
2895 0.8017955801104972
2896 0.8018639972385226
2897 0.8019323671497585
2898 0.8020006898930666
2899 0.8020689655172414
2900 0.80213719407101
2901 0.8018607856650586
2902 0.8019290389252497
2903 0.8019972451790633
2904 0.8017211703958692
2905 0.8017894012388163
2906 0.8018575851393189
2907 0.8019257221458047
2908 0.8019938123066346
2909 0.8017182130584193
2910 0.8017863277224322
2911 0.8018543956043956
2912 0.8019224167524889
2913 0.801990391214825
2914 0.8017152658662092
2915 0.801440329218107
2916 0.8015083990401097
2917 0.8015764222069911
2918 0.8013018156903049
2919 0.8013698630136986
2920 0.8014378637452927
2921 0.8015058179329226
2922 0.8015737256243586
2923 0.801641586867305
2924 0.8017094017094017
2925 0.8017771701982228
2926 0.8018448923812778
2927 0.8019125683060109
2928 0.801980198019802
2929 0.8020477815699659
2930 0.8017741385192767
2931 0.8018417462482946
2932 0.801909307875895
2933 0.8019768234492161
2934 0.8020442930153322
2935 0.8017711171662125
2936 0.8018386108273748
2937 0.8019060585432267
2938 0.8019734603606669
2939 0.8020408163265306
2940 0.8017681060863652
2941 0.8018354860639021
2942 0.8019028202514441
2943 0.8016304347826086
2944 0.8016977928692699
2945 0.8014256619144603
2946 0.8014930437733289
2947 0.8015603799185889
2948 0.8016276703967447
2949 0.8016949152542373
2950 0.801762114537445
2951 0.801829268292683
2952 0.8018963765662038
2953 0.8019634394041977
2954 0.8020304568527918
2955 0.8020974289580515
2956 0.802164355765979
2957 0.801893171061528
2958 0.8019601216627239
2959 0.802027027027027
2960 0.8020938872002702
2961 0.8021607022282242
2962 0.8022274721565981
2963 0.8022941970310391
2964 0.8023608768971332
2965 0.8024275118004046
2966 0.8024941017863162
2967 0.8025606469002695
2968 0.8022903334456046
2969 0.8023569023569024
2970 0.8024234264557388
2971 0.8024899057873486
2972 0.8025563403969055
2973 0.8026227303295226
2974 0.802689075630252
2975 0.802755376344086
2976 0.8028216325159556
2977 0.802887844190732
2978 0.8029540114132259
2979 0.803020134228188
2980 0.8030862126803087
2981 0.8031522468142186
2982 0.8032182366744888
2983 0.80328418230563
2984 0.8033500837520938
2985 0.803415941058272
2986 0.8031469702042183
2987 0.8028781793842035
2988 0.8029441284710606
2989 0.803010033444816
2990 0.8030758943497158
2991 0.8031417112299465
2992 0.8032074841296358
2993 0.802939211756847
2994 0.8030050083472454
2995 0.8027369826435247
2996 0.8028028028028028
2997 0.8028685790527018
2998 0.8029343114371457
2999 0.803
3000 0.8030656447850717
3001 0.8031312458361093
3002 0.8031968031968032
3003 0.8029294274300932
3004 0.8029950083194676
3005 0.8030605455755156
3006 0.8031260392417692
3007 0.8028590425531915
3008 0.8029245596543703
3009 0.8029900332225913
3010 0.8030554633012288
3011 0.8031208499335989
3012 0.8031861931629605
3013 0.803251493032515
3014 0.8033167495854063
3015 0.8033819628647215
3016 0.8034471329134902
3017 0.8035122597746852
3018 0.8032461079827757
3019 0.8029801324503312
3020 0.8030453492221119
3021 0.8031105228325612
3022 0.8031756533245121
3023 0.8032407407407407
3024 0.8033057851239669
3025 0.8033707865168539
3026 0.8031053848695078
3027 0.8031704095112285
3028 0.8032353912182238
3029 0.8033003300330033
3030 0.8033652259980204
3031 0.8034300791556728
3032 0.8034948895483021
3033 0.8032300593276203
3034 0.8029654036243822
3035 0.8027009222661396
3036 0.8027658873888706
3037 0.8025016458196181
3038 0.8025666337611056
3039 0.8026315789473685
3040 0.8026964814205854
3041 0.8027613412228797
3042 0.8028261583963194
3043 0.8028909329829172
3044 0.8029556650246306
3045 0.8030203545633617
3046 0.8030850016409583
3047 0.8031496062992126
3048 0.8032141685798623
3049 0.8032786885245902
3050 0.8033431661750245
3051 0.8034076015727392
3052 0.803144448083852
3053 0.8032089063523248
3054 0.8032733224222586
3055 0.8030104712041884
3056 0.8030749100425254
3057 0.8031393067364291
3058 0.8032036613272311
3059 0.8029411764705883
3060 0.8030055537406077
3061 0.8030698889614631
3062 0.8031341821743389
3063 0.8031984334203656
3064 0.8032626427406199
3065 0.8033268101761253
3066 0.8033909357678514
3067 0.803129074315515
3068 0.8031932225480612
3069 0.8032573289902281
3070 0.8033213936828395
3071 0.8033854166666666
3072 0.8034493979824276
3073 0.8031880286271958
3074 0.8032520325203252
3075 0.8029908972691807
3076 0.8030549236269093
3077 0.8031189083820662
3078 0.8031828515751868
3079 0.8029220779220779
3080 0.8029860434923726
3081 0.8030499675535366
3082 0.8031138501459617
3083 0.8031776913099871
3084 0.8032414910858995
3085 0.8033052495139339
3086 0.8033689666342727
3087 0.8034326424870466
3088 0.8034962771123341
3089 0.8035598705501618
3090 0.8032999029440311
3091 0.8033635187580854
3092 0.8034270934367927
3093 0.8031674208144797
3094 0.802907915993538
3095 0.8029715762273901
3096 0.8030351953503391
3097 0.8030987734021949
3098 0.803162310422717
3099 0.8032258064516129
3100 0.8032892615285392
3101 0.8033526756931012
3102 0.8034160489848534
3103 0.803479381443299
3104 0.8035426731078905
3105 0.8036059240180297
3106 0.8036691342130673
3107 0.8037323037323038
3108 0.8037954326149888
3109 0.8038585209003215
3110 0.803921568627451
3111 0.8036632390745502
3112 0.8037263090266624
3113 0.8037893384714194
3114 0.8038523274478331
3115 0.8039152759948652
3116 0.8036573628488932
3117 0.8037203335471456
3118 0.8037832638666239
3119 0.8035256410256411
3120 0.8032681832745915
3121 0.803331197950032
3122 0.803073967339097
3123 0.8028169014084507
3124 0.80256
3125 0.8026231605886116
3126 0.8026862807803006
3127 0.8027493606138107
3128 0.8028124001278364
3129 0.8028753993610224
3130 0.8029383583519643
3131 0.8026819923371648
3132 0.8027449728694542
3133 0.8028079132099554
3134 0.8028708133971292
3135 0.8029336734693877
3136 0.802996493465094
3137 0.8030592734225621
3138 0.8028034405861739
3139 0.802547770700637
3140 0.8026106335561923
3141 0.8026734563971992
3142 0.8027362392618518
3143 0.8027989821882952
3144 0.8028616852146264
3145 0.8029243483788938
3146 0.8029869717190976
3147 0.8030495552731893
3148 0.802794537948555
3149 0.8028571428571428
3150 0.8029197080291971
3151 0.8026649746192893
3152 0.8027275610529654
3153 0.8027901077996196
3154 0.8028526148969889
3155 0.802915082382763
3156 0.8029775102945834
3157 0.8030398986700443
3158 0.8027856916745806
3159 0.8028481012658227
3160 0.8029104713698196
3161 0.8029728020240354
3162 0.8027189377173569
3163 0.8027812895069533
3164 0.8028436018957346
3165 0.802905874921036
3166 0.8026523523839596
3167 0.8027146464646465
3168 0.8024613442726413
3169 0.8025236593059937
3170 0.8025859350362662
3171 0.8026481715006305
3172 0.8027103687362118
3173 0.8027725267800883
3174 0.8028346456692913
3175 0.802896725440806
3176 0.8029587661315707
3177 0.8030207677784771
3178 0.8030827304183705
3179 0.8031446540880504
3180 0.8032065388242691
3181 0.8032683846637335
3182 0.8030160226201697
3183 0.8030778894472361
3184 0.8031397174254317
3185 0.803201506591337
3186 0.8032632569814873
3187 0.8033249686323714
3188 0.8033866415804327
3189 0.803448275862069
3190 0.8035098715136321
3191 0.8035714285714286
3192 0.8036329470717194
3193 0.8036944270507201
3194 0.8037558685446009
3195 0.8035043804755945
3196 0.8035658429777917
3197 0.8036272670419012
3198 0.8036886527039699
3199 0.80375
3200 0.8038113089659481
3201 0.8035602748282323
3202 0.8033093974399
3203 0.8033707865168539
3204 0.8031201248049922
3205 0.8031815346225827
3206 0.8032429061428126
3207 0.8029925187032418
3208 0.8030539108756622
3209 0.8031152647975078
3210 0.8031765805045157
3211 0.8032378580323786
3212 0.8032990974167444
3213 0.8033602986932171
3214 0.8034214618973562
3215 0.8034825870646766
3216 0.8035436742306497
3217 0.8036047234307023
3218 0.8036657347002174
3219 0.8037267080745342
3220 0.8034771809996896
3221 0.8035381750465549
3222 0.8035991312441825
3223 0.8036600496277916
3224 0.8037209302325582
3225 0.8037817730936144
3226 0.803842578246049
3227 0.8039033457249071
3228 0.80365438216166
3229 0.8034055727554179
3230 0.8031569173630455
3231 0.8032178217821783
3232 0.8032786885245902
3233 0.8033395176252319
3234 0.8034003091190108
3235 0.8034610630407911
3236 0.8035217794253939
3237 0.8032736256948734
3238 0.8033343624575486
3239 0.803395061728395
3240 0.8031471767972848
3241 0.8032078963602715
3242 0.8032685784767191
3243 0.8033292231812577
3244 0.8033898305084746
3245 0.8034504004929144
3246 0.8035109331690792
3247 0.8032635467980296
3248 0.8030163127116036
3249 0.803076923076923
3250 0.8031374961550293
3251 0.8031980319803198
3252 0.8032585305871504
3253 0.803318992009834
3254 0.8033794162826421
3255 0.8034398034398035
3256 0.8035001535155051
3257 0.8035604665438919
3258 0.8036207425590672
3259 0.803680981595092
3260 0.8034345292854952
3261 0.8034947884733292
3262 0.8032485442844008
3263 0.8033088235294118
3264 0.8033690658499234
3265 0.8034292712798531
3266 0.8031833486378941
3267 0.8032435740514076
3268 0.8033037626185378
3269 0.8033639143730887
3270 0.803424029348823
3271 0.8034841075794621
3272 0.8035441490986862
3273 0.8036041539401344
3274 0.8036641221374046
3275 0.8037240537240538
3276 0.8034787915776624
3277 0.8035387431360586
3278 0.8032936870997255
3279 0.8033536585365854
3280 0.8034135934166413
3281 0.8031687995124924
3282 0.8032287541882425
3283 0.8029841656516443
3284 0.8030441400304414
3285 0.803104077906269
3286 0.803163979312443
3287 0.8032238442822385
3288 0.8029796290665856
3289 0.8030395136778116
3290 0.8030993618960802
3291 0.8031591737545565
3292 0.8029152748253872
3293 0.8029751062537948
3294 0.8030349013657057
3295 0.8030946601941747
3296 0.8031543827722172
3297 0.8032140691328078
3298 0.8032737193088815
3299 0.8033333333333333
3300 0.8033929112390185
3301 0.8034524530587522
3302 0.8035119588253103
3303 0.8035714285714286
3304 0.8036308623298033
3305 0.8036902601330913
3306 0.8037496220139099
3307 0.8038089480048367
3308 0.8038682381384104
3309 0.8036253776435045
3310 0.8033826638477801
3311 0.8034420289855072
3312 0.8035013582855418
3313 0.8035606517803259
3314 0.8036199095022625
3315 0.8036791314837153
3316 0.8037383177570093
3317 0.8037974683544303
3318 0.8038565833082254
3319 0.8039156626506024
3320 0.8036735922914785
3321 0.8037326911499096
3322 0.8037917544387602
3323 0.8035499398315282
3324 0.8033082706766917
3325 0.8030667468430547
3326 0.8031259392846408
3327 0.8031850961538461
3328 0.8032442174827276
3329 0.8033033033033034
3330 0.8030621435004504
3331 0.8031212484993998
3332 0.8028802880288028
3333 0.8029394121175765
3334 0.8029985007496252
3335 0.802757793764988
3336 0.8028169014084507
3337 0.8028759736369083
3338 0.8029350104821803
3339 0.8029940119760479
3340 0.8027536665668962
3341 0.8028126870137642
3342 0.8028716721507628
3343 0.8029306220095693
3344 0.8026905829596412
3345 0.8027495517035266
3346 0.8028084852106364
3347 0.8025686977299881
3348 0.8026276500447895
3349 0.8026865671641791
3350 0.8027454491196657
3351 0.8028042959427207
3352 0.8028631076647779
3353 0.8029218843172331
3354 0.8029806259314456
3355 0.8030393325387366
3356 0.8030980041703902
3357 0.8031566408576534
3358 0.802917534980649
3359 0.8029761904761905
3360 0.8030348110681345
3361 0.8027959547888162
3362 0.8028545941123997
3363 0.8029131985731273
3364 0.8029717682020803
3365 0.803030303030303
3366 0.8027918027918028
3367 0.8025534441805225
3368 0.8026120510537251
3369 0.8026706231454006
3370 0.8027291604865026
3371 0.8027876631079478
3372 0.8028461310406166
3373 0.8029045643153527
3374 0.802962962962963
3375 0.803021327014218
3376 0.8030796564998519
3377 0.8031379514505624
3378 0.803196211897011
3379 0.8032544378698225
3380 0.80301685891748
3381 0.8030751034890597
3382 0.8031333136269583
3383 0.8031914893617021
3384 0.8032496307237814
3385 0.8033077377436503
3386 0.8033658104517272
3387 0.8034238488783944
3388 0.8034818530539982
3389 0.8035398230088495
3390 0.8035977587732233
3391 0.8033608490566038
3392 0.8031240789861479
3393 0.8028874484384207
3394 0.8029455081001473
3395 0.8030035335689046
3396 0.8030615248748896
3397 0.8031194820482637
3398 0.8031774051191527
3399 0.803235294117647
3400 0.8032931490738018
3401 0.8030570252792475
3402 0.8031148986188658
3403 0.8031727379553466
3404 0.8032305433186491
3405 0.8032883147386964
3406 0.8033460522453771
3407 0.8031103286384976
3408 0.8031680844822529
3409 0.8032258064516129
3410 0.8032834945763706
3411 0.8033411488862837
3412 0.8033987694110754
3413 0.8034563561804335
3414 0.8035139092240117
3415 0.8035714285714286
3416 0.8036289142522681
3417 0.8036863662960796
3418 0.8037437847323778
3419 0.8038011695906433
3420 0.8035662087109032
3421 0.8033313851548802
3422 0.8033888401986562
3423 0.803446261682243
3424 0.8035036496350365
3425 0.8035610040863981
3426 0.8036183250656551
3427 0.8036756126021003
3428 0.8037328667249927
3429 0.8034985422740525
3430 0.8032643544156223
3431 0.803030303030303
3432 0.8030876784153801
3433 0.8031450203843914
3434 0.8032023289665211
3435 0.8032596041909197
3436 0.8033168460867035
3437 0.8033740546829552
3438 0.8034312300087235
3439 0.8034883720930233
3440 0.8032548677709967
3441 0.8030214991284137
3442 0.802788266047052
3443 0.8028455284552846
3444 0.8029027576197387
3445 0.8029599535693558
3446 0.8030171163330432
3447 0.8030742459396751
3448 0.8028414033053058
3449 0.8028985507246377
3450 0.8026658939437844
3451 0.8027230590961761
3452 0.8027801911381407
3453 0.8028372900984366
3454 0.8026049204052098
3455 0.8023726851851852
3456 0.8024298524732427
3457 0.8024869866975131
3458 0.8022549869904597
3459 0.8023121387283237
3460 0.8023692574400463
3461 0.8024263431542461
3462 0.8021946289344499
3463 0.8022517321016166
3464 0.802020202020202
3465 0.8020773225620311
3466 0.8021344101528699
3467 0.8021914648212226
3468 0.8022484865955607
3469 0.8023054755043227
3470 0.8023624315759147
3471 0.8024193548387096
3472 0.8024762453210481
3473 0.8025331030512378
3474 0.8023021582733812
3475 0.8023590333716916
3476 0.8024158757549612
3477 0.8024726854514088
3478 0.8025294624892211
3479 0.8025862068965517
3480 0.8026429187015226
3481 0.8026995979322229
3482 0.8024691358024691
3483 0.8025258323765786
3484 0.8022955523672883
3485 0.8023522662076878
3486 0.8024089475193577
3487 0.8021788990825688
3488 0.8022355975924333
3489 0.8020057306590258
3490 0.8020624462904612
3491 0.8018327605956472
3492 0.8018894932722588
3493 0.8019461934745278
3494 0.8017167381974248
3495 0.8017734553775744
3496 0.8018301401201029
3497 0.8018867924528302
3498 0.8019434124035438
3499 0.8017142857142857
3500 0.8017709225935447
3501 0.8018275271273558
3502 0.80188409934342
3503 0.8019406392694064
3504 0.8019971469329529
3505 0.8020536223616657
3506 0.8021100655831195
3507 0.8021664766248575
3508 0.8022228555143915
3509 0.8022792022792022
3510 0.8023355169467388
3511 0.8023917995444191
3512 0.8024480500996299
3513 0.8025042686397268
3514 0.8025604551920341
3515 0.8026166097838453
3516 0.8026727324424225
3517 0.8027288231949972
3518 0.8027848820687695
3519 0.8025568181818182
3520 0.8026128940641863
3521 0.8026689381033504
3522 0.8027249503264263
3523 0.8027809307604994
3524 0.8028368794326242
3525 0.8028927963698241
3526 0.8026651545222568
3527 0.802437641723356
3528 0.8024936242561632
3529 0.8025495750708215
3530 0.8026054941942793
3531 0.8026613816534541
3532 0.8027172374752335
3533 0.8027730616864742
3534 0.8028288543140029
3535 0.8026018099547512
3536 0.8026576194515126
3537 0.8024307518371961
3538 0.802486578129415
3539 0.8025423728813559
3540 0.8023157300197684
3541 0.8023715415019763
3542 0.8021450747953711
3543 0.8022009029345373
3544 0.8022566995768688
3545 0.802312464749013
3546 0.8020862700873977
3547 0.8021420518602029
3548 0.8021978021978022
3549 0.8019718309859155
3550 0.8020275978597579
3551 0.8018018018018018
3552 0.8018575851393189
3553 0.8016319639842431
3554 0.8016877637130801
3555 0.8017435320584927
3556 0.8017992690469496
3557 0.8018549747048904
3558 0.8019106490587243
3559 0.8016853932584269
3560 0.8017410839651783
3561 0.8017967434025828
3562 0.8018523715969689
3563 0.8019079685746352
3564 0.8019635343618513
3565 0.802019068984857
3566 0.8020745724698626
3567 0.8018497757847534
3568 0.8019052956010086
3569 0.8019607843137255
3570 0.8017362083450014
3571 0.8017917133258678
3572 0.8018471872376155
3573 0.8016228315612759
