0 1.0
1 0.5
2 0.3333333333333333
3 0.25
4 0.2
5 0.3333333333333333
6 0.2857142857142857
7 0.25
8 0.3333333333333333
9 0.4
10 0.45454545454545453
11 0.5
12 0.5384615384615384
13 0.5
14 0.5333333333333333
15 0.5
16 0.47058823529411764
17 0.4444444444444444
18 0.47368421052631576
19 0.45
20 0.47619047619047616
21 0.5
22 0.4782608695652174
23 0.4583333333333333
24 0.48
25 0.5
26 0.48148148148148145
27 0.5
28 0.5172413793103449
29 0.5
30 0.4838709677419355
31 0.46875
32 0.48484848484848486
33 0.5
34 0.5142857142857142
35 0.5
36 0.4864864864864865
37 0.47368421052631576
38 0.46153846153846156
39 0.475
40 0.4878048780487805
41 0.47619047619047616
42 0.4883720930232558
43 0.4772727272727273
44 0.4888888888888889
45 0.4782608695652174
46 0.48936170212765956
47 0.4791666666666667
48 0.46938775510204084
49 0.48
50 0.49019607843137253
51 0.4807692307692308
52 0.49056603773584906
53 0.48148148148148145
54 0.4909090909090909
55 0.5
56 0.5087719298245614
57 0.5
58 0.5084745762711864
59 0.5166666666666667
60 0.5081967213114754
61 0.5161290322580645
62 0.5238095238095238
63 0.515625
64 0.5076923076923077
65 0.5
66 0.5074626865671642
67 0.5147058823529411
68 0.5072463768115942
69 0.5142857142857142
70 0.5211267605633803
71 0.5277777777777778
72 0.5342465753424658
73 0.5405405405405406
74 0.5333333333333333
75 0.5394736842105263
76 0.5454545454545454
77 0.5512820512820513
78 0.5569620253164557
79 0.5625
80 0.5679012345679012
81 0.573170731707317
82 0.5662650602409639
83 0.5595238095238095
84 0.5647058823529412
85 0.5697674418604651
86 0.5747126436781609
87 0.5681818181818182
88 0.5730337078651685
89 0.5777777777777777
90 0.5824175824175825
91 0.5760869565217391
92 0.5698924731182796
93 0.574468085106383
94 0.5789473684210527
95 0.5833333333333334
96 0.5773195876288659
97 0.5714285714285714
98 0.5757575757575758
99 0.58
100 0.5742574257425742
101 0.5784313725490197
102 0.5728155339805825
103 0.5769230769230769
104 0.580952380952381
105 0.5754716981132075
106 0.5794392523364486
107 0.5833333333333334
108 0.5871559633027523
109 0.5909090909090909
110 0.5945945945945946
111 0.5982142857142857
112 0.5929203539823009
113 0.5877192982456141
114 0.591304347826087
115 0.5862068965517241
116 0.5811965811965812
117 0.576271186440678
118 0.5714285714285714
119 0.575
120 0.5785123966942148
121 0.5737704918032787
122 0.5772357723577236
123 0.5806451612903226
124 0.584
125 0.5873015873015873
126 0.5905511811023622
127 0.59375
128 0.5968992248062015
129 0.6
130 0.6030534351145038
131 0.5984848484848485
132 0.5939849624060151
133 0.5895522388059702
134 0.5851851851851851
135 0.5882352941176471
136 0.583941605839416
137 0.5869565217391305
138 0.5827338129496403
139 0.5857142857142857
140 0.5886524822695035
141 0.5845070422535211
142 0.5874125874125874
143 0.5902777777777778
144 0.593103448275862
145 0.5958904109589042
146 0.5918367346938775
147 0.5878378378378378
148 0.5906040268456376
149 0.5933333333333334
150 0.5894039735099338
151 0.5921052631578947
152 0.5882352941176471
153 0.5909090909090909
154 0.5935483870967742
155 0.5961538461538461
156 0.5987261146496815
157 0.6012658227848101
158 0.6037735849056604
159 0.60625
160 0.6086956521739131
161 0.6111111111111112
162 0.6134969325153374
163 0.6158536585365854
164 0.6121212121212121
165 0.608433734939759
166 0.6107784431137725
167 0.6071428571428571
168 0.6094674556213018
169 0.611764705882353
170 0.6140350877192983
171 0.6162790697674418
172 0.6184971098265896
173 0.6149425287356322
174 0.6171428571428571
175 0.6193181818181818
176 0.615819209039548
177 0.6179775280898876
178 0.6201117318435754
179 0.6166666666666667
180 0.6187845303867403
181 0.6208791208791209
182 0.6229508196721312
183 0.625
184 0.6270270270270271
185 0.6290322580645161
186 0.6310160427807486
187 0.6329787234042553
188 0.6349206349206349
189 0.631578947368421
190 0.6282722513089005
191 0.6302083333333334
192 0.6321243523316062
193 0.6288659793814433
194 0.6256410256410256
195 0.6275510204081632
196 0.6243654822335025
197 0.6262626262626263
198 0.628140703517588
199 0.63
200 0.6318407960199005
201 0.6336633663366337
202 0.6305418719211823
203 0.6323529411764706
204 0.6341463414634146
205 0.6359223300970874
206 0.6376811594202898
207 0.6394230769230769
208 0.6411483253588517
209 0.6428571428571429
210 0.6445497630331753
211 0.6462264150943396
212 0.6431924882629108
213 0.6401869158878505
214 0.641860465116279
215 0.6388888888888888
216 0.6405529953917051
217 0.6376146788990825
218 0.639269406392694
219 0.6409090909090909
220 0.6425339366515838
221 0.6441441441441441
222 0.6457399103139013
223 0.6473214285714286
224 0.6488888888888888
225 0.6460176991150443
226 0.6475770925110133
227 0.6491228070175439
228 0.6462882096069869
229 0.6434782608695652
230 0.6406926406926406
231 0.6422413793103449
232 0.6394849785407726
233 0.6410256410256411
234 0.6382978723404256
235 0.6398305084745762
236 0.6413502109704642
237 0.6428571428571429
238 0.6401673640167364
239 0.6416666666666667
240 0.6431535269709544
241 0.6446280991735537
242 0.6460905349794238
243 0.6475409836065574
244 0.6448979591836734
245 0.6463414634146342
246 0.6477732793522267
247 0.6451612903225806
248 0.642570281124498
249 0.644
250 0.6454183266932271
251 0.6468253968253969
252 0.6482213438735178
253 0.6456692913385826
254 0.6470588235294118
255 0.64453125
256 0.6459143968871596
257 0.6434108527131783
258 0.6447876447876448
259 0.6423076923076924
260 0.6398467432950191
261 0.6374045801526718
262 0.6349809885931559
263 0.6325757575757576
264 0.630188679245283
265 0.631578947368421
266 0.6329588014981273
267 0.6343283582089553
268 0.6356877323420075
269 0.6370370370370371
270 0.6383763837638377
