0 0.5311256647109985
1 0.5525205135345459
2 0.5087538957595825
3 0.5068734884262085
4 0.51382976770401
5 0.526908278465271
6 0.5465869903564453
7 0.5075289607048035
8 0.5504087209701538
9 0.5524669289588928
10 0.5651077628135681
11 0.5413017272949219
12 0.6093059182167053
13 0.5962252616882324
14 0.5931046605110168
15 0.5075824856758118
16 0.5406042337417603
17 0.5087580680847168
18 0.6185663342475891
19 0.5376580953598022
20 0.5830457210540771
21 0.5526749491691589
22 0.5389459133148193
23 0.5231519341468811
24 0.5167521238327026
25 0.5183594822883606
26 0.5137251615524292
27 0.5179546475410461
28 0.6005039811134338
29 0.6207383871078491
30 0.5519058704376221
31 0.5604647994041443
32 0.5368093252182007
33 0.5776437520980835
34 0.6465668082237244
35 0.5136550664901733
36 0.5000099539756775
37 0.584907054901123
38 0.608392059803009
39 0.5619359016418457
40 0.5070431232452393
41 0.5508028268814087
42 0.5481704473495483
43 0.5631995797157288
44 0.5597757697105408
45 0.5967702865600586
46 0.6081246733665466
47 0.6060019135475159
48 0.5392702221870422
49 0.5623185038566589
50 0.5536146759986877
51 0.502876877784729
52 0.5723526477813721
53 0.5121816992759705
54 0.6045447587966919
55 0.5575915575027466
56 0.5361601114273071
57 0.5436385273933411
58 0.5308154225349426
59 0.6260700821876526
60 0.5484026074409485
61 0.5293175578117371
62 0.5568837523460388
63 0.5375967025756836
64 0.5350070595741272
65 0.5023968815803528
66 0.5942094326019287
67 0.559519350528717
68 0.5361846089363098
69 0.5115349888801575
70 0.5237840414047241
71 0.5447297692298889
72 0.5317228436470032
73 0.6063653230667114
74 0.5288909673690796
75 0.5646809339523315
76 0.568919837474823
77 0.5638027787208557
78 0.5415880680084229
79 0.5025767683982849
80 0.6355751156806946
81 0.5841338038444519
82 0.5169540643692017
83 0.5041089653968811
84 0.5582433342933655
85 0.6144922375679016
86 0.5252174139022827
87 0.5191679000854492
88 0.6026854515075684
89 0.6202334761619568
90 0.6139634251594543
91 0.5549715161323547
92 0.5081112384796143
93 0.5634847283363342
94 0.5370014905929565
95 0.6065349578857422
96 0.5872504115104675
97 0.5168460607528687
98 0.5490552186965942
99 0.5529002547264099
100 0.5423999428749084
101 0.5100904703140259
102 0.540169358253479
103 0.612612247467041
104 0.6110396385192871
105 0.6272268295288086
106 0.5610283017158508
107 0.5547782778739929
108 0.6042635440826416
109 0.5117948651313782
110 0.6078047156333923
111 0.5872861742973328
112 0.5273259878158569
113 0.608266294002533
114 0.5305830240249634
115 0.5191305875778198
116 0.5407594442367554
117 0.5400001406669617
118 0.5390778183937073
119 0.6000529527664185
120 0.5962957143783569
121 0.5879274606704712
122 0.5364797115325928
123 0.5679931640625
124 0.5392350554466248
125 0.5558779835700989
126 0.5057740807533264
127 0.5428186655044556
128 0.531478226184845
129 0.5540856122970581
130 0.5421369671821594
131 0.5142967700958252
132 0.5264182090759277
133 0.5511147379875183
134 0.5177873373031616
135 0.5836681127548218
136 0.5837521553039551
137 0.5476760864257812
138 0.501683235168457
139 0.5081592202186584
140 0.5361063480377197
141 0.5916853547096252
142 0.5233778357505798
143 0.5487992167472839
144 0.5025651454925537
145 0.5487672090530396
146 0.5320447683334351
147 0.604435920715332
148 0.6189335584640503
149 0.5293446779251099
150 0.5995801091194153
151 0.5766809582710266
152 0.5590208172798157
153 0.6196818351745605
154 0.6038569808006287
155 0.5797553062438965
156 0.5695817470550537
157 0.580090343952179
158 0.5379966497421265
159 0.5785480737686157
160 0.512474536895752
161 0.6018555760383606
162 0.5813414454460144
163 0.5388756990432739
164 0.5094590187072754
165 0.5954535603523254
166 0.536132276058197
167 0.5585783123970032
168 0.5494900345802307
169 0.6342262029647827
170 0.5481298565864563
171 0.5057018399238586
172 0.5417765974998474
173 0.5445283651351929
174 0.5159971117973328
175 0.5858694911003113
176 0.5422323942184448
177 0.5112088918685913
178 0.5832792520523071
179 0.5381283164024353
180 0.5474510192871094
181 0.597645103931427
182 0.5528790950775146
183 0.5272089838981628
184 0.5371991991996765
185 0.6229645013809204
186 0.5079559683799744
187 0.5978168845176697
188 0.5533077716827393
189 0.5206565260887146
190 0.6012634038925171
191 0.5707732439041138
192 0.572310209274292
193 0.540266215801239
194 0.5090590715408325
195 0.5268997550010681
196 0.5244712233543396
197 0.5489442348480225
198 0.6239901781082153
199 0.5455738306045532
200 0.5181772708892822
201 0.6016562581062317
202 0.5264381170272827
203 0.5937637090682983
204 0.5687716007232666
205 0.5221129059791565
206 0.602076530456543
207 0.5159119963645935
208 0.5563133358955383
209 0.5053526163101196
210 0.5461397171020508
211 0.5575670599937439
212 0.5629211664199829
213 0.543062686920166
214 0.5482680797576904
215 0.6241834163665771
216 0.5638970732688904
217 0.5108409523963928
218 0.5272771716117859
219 0.5540090799331665
220 0.6305223703384399
221 0.6104790568351746
222 0.5634858012199402
223 0.575127363204956
224 0.512762188911438
225 0.5566504597663879
226 0.5316401124000549
227 0.5207494497299194
228 0.5073045492172241
229 0.5060534477233887
230 0.5002214908599854
231 0.6103255152702332
232 0.5434355735778809
233 0.5055031776428223
234 0.5351253747940063
235 0.5618091225624084
236 0.5213987231254578
237 0.5927625298500061
238 0.5818740129470825
239 0.5288909673690796
240 0.5806925892829895
241 0.6341733336448669
242 0.5145003199577332
243 0.5092422962188721
244 0.5076583027839661
245 0.5639853477478027
246 0.5284567475318909
247 0.5252824425697327
248 0.5789130926132202
249 0.5526703596115112
250 0.5945492386817932
251 0.5775247812271118
252 0.5681016445159912
253 0.5011305809020996
254 0.6192445158958435
255 0.5545651316642761
256 0.5233268737792969
257 0.5489708185195923
258 0.5466893911361694
259 0.5281018018722534
260 0.5287182331085205
261 0.5425688624382019
262 0.5177234411239624
263 0.5126168727874756
264 0.5131441354751587
265 0.5517277121543884
266 0.5357417464256287
267 0.6010395288467407
268 0.5771539807319641
269 0.5670950412750244
270 0.6384055614471436
