0 0.8215588723051409
1 0.8016583747927032
2 0.8135986733001659
3 0.8096185737976783
4 0.8049751243781095
5 0.7976782752902156
6 0.7873963515754561
7 0.7900497512437811
8 0.8023217247097844
9 0.7976782752902156
10 0.7893864013266998
11 0.7854063018242122
12 0.7963515754560531
13 0.7797678275290215
14 0.7864013266998342
15 0.7817578772802654
16 0.7953565505804312
17 0.7864013266998342
18 0.7810945273631841
19 0.7741293532338308
20 0.7701492537313432
21 0.7572139303482587
22 0.7479270315091211
23 0.71575456053068
24 0.687893864013267
25 0.67893864013267
26 0.6928689883913765
27 0.6912106135986733
28 0.7260364842454394
29 0.6434494195688225
30 0.6693200663349917
31 0.6796019900497512
32 0.6703150912106136
33 0.663681592039801
34 0.6855721393034826
35 0.6762852404643449
36 0.6872305140961857
37 0.6759535655058043
38 0.6998341625207297
39 0.6845771144278607
40 0.6988391376451077
41 0.7114427860696517
42 0.7087893864013267
43 0.7131011608623549
44 0.6961857379767827
45 0.7011608623548922
46 0.705804311774461
47 0.705804311774461
48 0.699502487562189
49 0.7028192371475953
50 0.696849087893864
51 0.7021558872305141
52 0.6961857379767827
53 0.6892205638474295
54 0.6951907131011609
55 0.6892205638474295
56 0.6945273631840796
57 0.6885572139303483
58 0.6971807628524046
59 0.6912106135986733
60 0.6849087893864013
61 0.6922056384742952
62 0.6951907131011609
63 0.7194029850746269
64 0.708457711442786
65 0.6935323383084577
66 0.6520729684908789
67 0.6825870646766169
68 0.6713101160862355
69 0.6839137645107795
70 0.6557213930348259
71 0.6371475953565506
72 0.6749585406301825
73 0.6669983416252073
74 0.6480928689883914
75 0.6653399668325042
76 0.6988391376451077
77 0.6868988391376452
78 0.6623548922056385
79 0.6736318407960199
80 0.6593698175787728
81 0.6676616915422886
82 0.6547263681592039
83 0.6772802653399669
84 0.6713101160862355
85 0.6464344941956882
86 0.6709784411276949
87 0.6822553897180763
88 0.6799336650082919
89 0.6819237147595356
90 0.6812603648424544
91 0.6706467661691542
92 0.6723051409618573
93 0.6703150912106136
94 0.6530679933665008
95 0.6620232172470979
96 0.6686567164179105
97 0.6669983416252073
98 0.668988391376451
99 0.6938640132669983
100 0.6640132669983416
101 0.6640132669983416
102 0.6590381426202322
103 0.6461028192371476
104 0.6676616915422886
105 0.6540630182421228
106 0.6723051409618573
107 0.6888888888888889
108 0.6776119402985075
109 0.6812603648424544
110 0.687893864013267
111 0.6729684908789386
112 0.6762852404643449
113 0.6865671641791045
114 0.6759535655058043
115 0.6517412935323383
116 0.6368159203980099
117 0.6660033167495855
118 0.6696517412935323
119 0.6706467661691542
120 0.6759535655058043
121 0.6749585406301825
122 0.6646766169154229
123 0.6895522388059702
124 0.693200663349917
125 0.6825870646766169
126 0.6719734660033168
127 0.6696517412935323
128 0.6507462686567164
129 0.6454394693200664
130 0.6444444444444445
131 0.6457711442786069
132 0.6504145936981758
133 0.6470978441127695
134 0.6533996683250415
135 0.6371475953565506
136 0.6713101160862355
137 0.6998341625207297
138 0.7034825870646766
139 0.6945273631840796
140 0.7041459369817579
141 0.7014925373134329
142 0.6975124378109453
143 0.6845771144278607
144 0.68424543946932
145 0.6786069651741293
146 0.6328358208955224
147 0.712106135986733
148 0.6729684908789386
149 0.6892205638474295
150 0.6706467661691542
