0 0.7104242823459909
1 0.9444993066082104
2 0.9871507890505504
3 0.5353481458599705
4 0.6684576149623543
5 0.660683268082114
6 0.9311912994594795
7 0.9156329674809778
8 0.8330741813450822
9 0.8911197915784644
10 0.5537390177460565
11 0.5777182781690378
12 0.7056409231700613
13 0.8089209119208721
14 0.9549264926950807
15 0.9587955398270898
16 0.6924467642527145
17 0.5160118866342281
18 0.5667180340601544
19 0.660532210996212
20 0.9426818670093777
21 0.9786711743858835
22 0.9049737727686447
23 0.6013182531455126
24 0.9388782782823744
25 0.9310997019241442
26 0.9501943413512738
27 0.6661644359811132
28 0.5453459588083764
29 0.9185353767284726
30 0.5013051657801328
31 0.5197102086317974
32 0.6811499503880984
33 0.5075839274441883
34 0.6131766577113161
35 0.8963779510161108
36 0.7704349021678091
37 0.7439483005215888
38 0.8114816011944256
39 0.8669430184973891
40 0.8721900224732719
41 0.9511185443391181
42 0.958485804387753
43 0.5261420025296955
44 0.5181988238519539
45 0.9132280911648095
46 0.521516748589883
47 0.9509789089543209
48 0.9453836817147377
49 0.5654451895680819
50 0.5078929095086698
51 0.5866925172119867
52 0.9714086002673186
53 0.5236108371673619
54 0.9409505650963405
55 0.7108070958713141
56 0.9447162167617524
57 0.7490172366659059
58 0.942933884670537
59 0.8596744105253847
60 0.5409268848262824
61 0.962502942353278
62 0.9077780805556089
63 0.6105095833983752
64 0.5919707683981791
65 0.5181279345162197
66 0.5259514338361413
67 0.606919113298235
68 0.9406469453682541
69 0.9440584677714731
70 0.9495611775982046
71 0.5781655922085205
72 0.5691899025622339
73 0.7474501496468776
74 0.7503413052045014
75 0.5342007709267289
76 0.6476514958034408
77 0.5628857753540399
78 0.6245762769115033
79 0.7764511742319636
80 0.5266822233285968
81 0.7038301025446534
82 0.9481084695485643
83 0.9816208827817126
84 0.5569576644114608
85 0.9129273703628233
86 0.9211311407453813
87 0.588556504809867
88 0.9339870864716081
89 0.899659480813804
90 0.6846828902234536
91 0.8934095701938637
92 0.9300298808973185
93 0.6471226703731575
94 0.9348404910056413
95 0.5046629853540047
96 0.7616161448455522
97 0.7412969315695309
98 0.831111466051205
99 0.8332136113906704
100 0.7997863829399372
101 0.5685771005332639
102 0.9927261780938522
103 0.9672628916901387
104 0.9646770862241193
105 0.8798732219342975
106 0.6755655365409585
107 0.808154595373133
108 0.8780243965500345
109 0.8664788756182819
110 0.8007324453456851
111 0.7526881148319627
112 0.9714087338133467
113 0.9408375973191625
114 0.9319970472507444
115 0.8907730777437857
116 0.9662928871577664
117 0.521855976861278
118 0.8437653560484659
119 0.5931052170829076
120 0.8450433512022274
121 0.5028617331543752
122 0.9722900030674659
123 0.9683979643104381
124 0.9107073424873176
125 0.9264619081635209
126 0.5111198375125214
127 0.5994364595596966
128 0.9720046926122016
129 0.9651082329689983
130 0.6136195602932016
131 0.9753374974260913
132 0.6064829244565624
133 0.5050439288817832
134 0.5559639456151679
135 0.9803205470078014
136 0.8176275065215295
137 0.7303003996230569
138 0.9374961888972972
139 0.5126572047191066
140 0.6132381512078947
141 0.9931597418701502
142 0.6529459109274084
143 0.9236139997263365
144 0.6776610306614124
145 0.9148989544536553
146 0.6240935559094866
147 0.82122904574314
148 0.9224103218297639
149 0.5878572980173976
150 0.9491597089346937
151 0.8130282302471777
152 0.8586112824984633
153 0.5252405425287554
154 0.6333463976015759
155 0.9335612294629194
156 0.9607065601220819
157 0.8138467939841643
158 0.668015936552584
159 0.6546892714527064
160 0.5465617984165985
161 0.9371143235928922
162 0.5520952550976723
163 0.6995894473935406
164 0.608731178569361
165 0.8429655678749609
166 0.8904128022813479
167 0.9684970209557079
168 0.7701154403345623
169 0.5869378842136802
170 0.6671809403801586
171 0.7067650361994504
172 0.9425472047895604
173 0.9500436204127106
174 0.8739694880526693
175 0.9726585268949894
176 0.6648782292891925
177 0.8639616958116222
178 0.9915708279227006
179 0.863496442391532
180 0.5510788393093172
181 0.9791783868051077
182 0.5327517866950882
183 0.5575538675043287
184 0.8203991349856203
185 0.9572039963000554
186 0.9765947127291682
187 0.9910737218815995
188 0.8943255582422922
189 0.9510620666286207
190 0.6176185382855282
191 0.7263534884222015
192 0.608824194568132
193 0.904809699950184
194 0.9242573005961856
195 0.862720676963097
196 0.9800154628543603
197 0.9585449008278609
198 0.9622209626803807
199 0.9703369485890012
200 0.5903098772431173
201 0.5408415940071832
202 0.6109003908948636
203 0.9398990903215968
204 0.7635795007617938
205 0.5702676502921649
206 0.6365400232271118
207 0.61017766727441
208 0.509248421242475
209 0.5892025099763448
210 0.7845734840933043
211 0.670679585523294
212 0.5726952590949363
213 0.7596262915470857
214 0.9858749427558036
215 0.8885626442538066
216 0.6298143431384147
217 0.9668139549640242
218 0.972443852647867
219 0.5444798850924792
220 0.8832372490888436
221 0.5561952688703097
222 0.9892875878353081
223 0.969369285160857
224 0.8719188316084808
225 0.9733147764037609
226 0.9434889154207547
227 0.9697186971948666
228 0.5794471352254731
229 0.5101172774587878
230 0.8437395261588825
231 0.552256465362796
232 0.9332546446829131
233 0.8689221428143084
234 0.8627003042078412
235 0.8672816822843501
236 0.8204451772254264
237 0.8470972372386023
238 0.678214718329864
239 0.7513006512061533
240 0.6352223389667456
241 0.6257382055964145
242 0.6177381317632038
243 0.728837170683137
244 0.9547946559942438
245 0.9831209219183642
246 0.5117913366972522
247 0.5207598857884507
248 0.5835739211702607
249 0.956872730140408
250 0.9084084592890624
251 0.5773457864680406
252 0.9678127916111733
253 0.8956773603132047
254 0.9177974100684557
255 0.9465204942000266
256 0.9854718362655772
257 0.9218193705120445
258 0.6609988258857172
259 0.5366273100446144
260 0.5731763590845877
261 0.6675538738935116
262 0.7251619991237411
263 0.6216429529998403
264 0.615147155892371
265 0.9262189290744497
266 0.9549591789388991
267 0.975945901473648
268 0.5729874669537045
269 0.5822203118773415
270 0.5819460004064588
271 0.9641631393212357
272 0.5902193059005271
273 0.9932855860987891
274 0.7326164558718801
275 0.9658081230155582
276 0.7857780645607557
277 0.6461473702019879
278 0.7472492322281032
279 0.9541999382118118
280 0.6443148698506782
281 0.6658356399594062
282 0.8615825438417561
283 0.5683267766636892
284 0.8713642839698879
285 0.5825918779210022
286 0.9197084254634612
287 0.974665810432736
288 0.9531890433516884
289 0.6104388296586956
290 0.7605166018929349
291 0.6259458488009996
292 0.6381233492911721
293 0.9770130967773941
294 0.9426902356676738
295 0.9462958791517947
296 0.5205039643281544
297 0.768426696570406
298 0.5011637844843017
299 0.9666484052545621
300 0.7227191616305724
301 0.76788877346059
302 0.8216731883718842
303 0.9343567883493601
304 0.9777016188713807
305 0.5309337131151901
306 0.73331107037604
307 0.9210282852508228
308 0.6475369762543278
309 0.6282436967446909
310 0.9160426354739905
311 0.6800324214244867
312 0.7414245179771353
313 0.6730908907892987
314 0.8904180563191453
315 0.8411399035313679
316 0.5178688693894877
317 0.611976966538104
318 0.8240388606841038
319 0.7324223194998548
320 0.9536702567002899
321 0.9600762959714385
322 0.6297407099126645
323 0.5037297898320828
324 0.8104799128453509
325 0.9623998206262788
326 0.5679938943918643
327 0.8131373524562497
328 0.669033483413259
329 0.8643463421067517
330 0.6421711858214102
331 0.94446772101134
332 0.9024017188924605
333 0.651353700422127
334 0.5659335014586929
335 0.8811440938145052
336 0.5472261730667294
337 0.5676522299409162
338 0.52493340954627
339 0.5535336378366281
340 0.5897278136708222
341 0.7676804718123367
342 0.8121829451060854
343 0.9386585885375167
344 0.9823929228333923
345 0.7158236959794404
346 0.7242529788753929
347 0.9147633239201374
348 0.8814963836670799
349 0.9344153032590202
350 0.5050120420598165
351 0.9398847958083917
352 0.9101787820736914
353 0.8963925375984498
354 0.6827609238259231
355 0.6957099146763807
356 0.9623674445639344
357 0.6119742351087926
358 0.960391867121231
359 0.5784805219455607
360 0.74657082011287
361 0.8536036722155292
362 0.9298334946983398
363 0.6414972124745297
364 0.9685515465310831
365 0.5584363611972344
366 0.5514377892817532
367 0.8921531297122566
368 0.6376712877289907
369 0.70862847985828
370 0.6943327176432206
371 0.9134599584108318
372 0.7625662197971966
373 0.9643715006676976
374 0.7434435859400358
375 0.9710574444812382
376 0.750067187305262
377 0.9904585559354291
378 0.9172908405784348
379 0.8513946048514125
380 0.5714475648685032
381 0.8832832919596912
382 0.942669774369331
383 0.982963351009787
384 0.9637365903224331
385 0.9496783413584323
386 0.8413798764628979
387 0.8602871962537839
388 0.5775541375170727
389 0.5462947044535823
390 0.8678124876506591
391 0.8597116082338868
392 0.6698477770617894
393 0.6209451946972837
394 0.8660992993710137
395 0.6852198475932196
396 0.9030879894027031
397 0.6922242407733523
398 0.9487601022213086
399 0.8830901145287061
400 0.9787165543147912
401 0.9804062470058248
402 0.5804070296620623
403 0.9476536473707563
404 0.9074126325237466
405 0.9309283424198229
406 0.6933188594677214
407 0.8838375906511636
408 0.7776312849397323
409 0.7451665268445418
410 0.917544339838359
411 0.5394293054130337
412 0.583746965497803
413 0.6338098134603871
414 0.9706901816094471
415 0.842078531470861
416 0.7455674901051769
417 0.7410071991880558
418 0.5150558550534791
419 0.7025648334573348
420 0.9893482234331181
421 0.5497903283352846
422 0.9659520099084016
423 0.9333000528053907
424 0.7329071626125311
425 0.9511269593463663
426 0.9496080799659793
427 0.9647833320544487
428 0.7104484849161399
429 0.6490039169463084
430 0.9659237952600733
431 0.9408672937305973
432 0.808935358692548
433 0.5147256385462023
434 0.7853207882161624
435 0.6793097194052536
436 0.8728660972773321
437 0.968268588128515
438 0.9671833379544362
439 0.5443832975905697
440 0.9579186430180603
441 0.957458268972226
442 0.982895238697121
443 0.5792451380104507
444 0.9852342815597375
445 0.9477821455870893
446 0.8740840063901121
447 0.9355888202015314
448 0.5355841258311524
449 0.8404670614779285
450 0.5124026459386463
451 0.6200261397606207
452 0.90898589795936
453 0.9497573450241925
454 0.5419067724274607
455 0.9023439915135498
456 0.6709315713769263
457 0.9475951063160103
458 0.957530463839476
459 0.9571848807489393
460 0.9416295966408944
461 0.7714736406132179
462 0.8844301318099784
463 0.9564173640500349
464 0.9733018328680275
465 0.9777481156790093
466 0.9402996720860688
467 0.7629545602265164
468 0.8916567072559246
469 0.916553222305648
470 0.5452479138108283
471 0.9775591986151722
472 0.8821891803024772
473 0.9598352778793791
474 0.79919297045595
475 0.9145401135559375
476 0.7611993601355321
477 0.7746684344953898
478 0.9818823740037637
479 0.6009896574789767
480 0.5143075764658002
481 0.9532606489788402
482 0.9116010323644216
483 0.9476344130436695
484 0.9802938547724872
485 0.9289324746521792
486 0.5225244413120534
487 0.8181992504895446
488 0.6606417836637342
489 0.5488195525010817
490 0.9784691002870097
491 0.8863448909843141
492 0.9177492151027398
493 0.9600395059092407
494 0.939421838541754
495 0.933894811009079
496 0.6118549814556791
497 0.987823528044304
498 0.9446337633940012
499 0.87646286338911
500 0.913635061728271
501 0.8743325809166475
502 0.6385672426830394
503 0.9142749242777322
504 0.8495328039231611
505 0.905449432132178
506 0.9184022387160636
507 0.7281527090252284
508 0.6729311749020369
509 0.8921883792383818
510 0.9231106218076592
511 0.9287022602039621
512 0.6516230977548405
513 0.9260133383564197
514 0.9741770148460546
515 0.9676985846572584
516 0.6468743258348049
517 0.8723090572338938
518 0.9686556118821762
519 0.9634406814130583
520 0.5088026709734451
521 0.6941180699649664
522 0.6092755818052746
523 0.6807948894287851
524 0.582129264114968
525 0.5309752757072467
526 0.6363459340511004
527 0.9558610261656622
528 0.7264125592405819
529 0.6880435595045532
530 0.5590214445970351
531 0.5036279429730451
532 0.956401620637864
533 0.5063974661275189
534 0.9698007738223476
535 0.9405306748673699
536 0.945213324847733
537 0.7686191369316747
538 0.5637305596000376
539 0.9742434419278329
540 0.6440314118481093
541 0.5220174633311226
542 0.5693790060390346
543 0.7275547995149524
544 0.7134628323050591
545 0.7381306570508835
546 0.5377441356437629
547 0.9531222391956813
548 0.7097995213357281
549 0.9831397449536882
550 0.7830994367310968
551 0.7692978913045656
552 0.9727862840555299
553 0.8664782076164916
554 0.963026729561705
555 0.5209911982814126
556 0.7608975575018686
557 0.8918129954728833
558 0.9630963755671808
559 0.9055947759408972
560 0.5123700083525347
561 0.7391139465160466
562 0.654247420625223
563 0.9686039938439609
564 0.9455801035622582
565 0.9513349948775717
566 0.9797534685220939
567 0.8417899076956327
568 0.9850781896877533
569 0.9619471093711669
570 0.6642578311090902
571 0.5558094738206021
572 0.9872771909653212
573 0.8263937211844252
574 0.5644350897097533
575 0.9639031646215034
576 0.9819281035405235
577 0.5493640870247839
578 0.5618799023419891
579 0.5750079434938679
580 0.6723185164019041
581 0.9686989858814474
582 0.9662160889628356
583 0.5721455074198766
584 0.9721249320125601
585 0.5625775115533882
586 0.9609364773240751
587 0.9512324871153379
588 0.9414811320505134
589 0.6232137855291912
590 0.9459075827595715
591 0.6180367598291234
592 0.5330476545958414
593 0.9199533000724149
594 0.9664089870469316
595 0.9347978268098216
596 0.5938054110540876
597 0.7041101355570175
598 0.6309009205661149
599 0.9424892124878447
600 0.8431722602762743
601 0.8036400402341759
602 0.9611065090321959
603 0.9533323534259343
604 0.9166300024059201
605 0.8213900101856869
606 0.5631516313593359
607 0.5668296851446138
608 0.9540110429179554
609 0.5529807434307956
610 0.9329315044651875
611 0.9213391047758979
612 0.9435651831155266
613 0.9557232288933476
614 0.5045658134221267
615 0.5554263780336886
616 0.9454336694595591
617 0.5887271146039036
618 0.8453097368092047
619 0.9144875976229163
620 0.9479617787919968
621 0.8952571572545833
622 0.9468370602166567
623 0.9116110508962784
624 0.9067417823912566
625 0.5938673937337403
626 0.9599011889346488
627 0.6692994249920914
628 0.9337263136580618
629 0.9613144079288352
630 0.5908112200252792
631 0.861081706138473
632 0.6901217555427002
633 0.731708078335616
634 0.5298165946622396
635 0.6857134266091308
636 0.7909109439573049
637 0.7488681003839157
638 0.8880985629535015
639 0.9390039534662933
640 0.9715736589542138
641 0.9411613285567099
642 0.5010268460213066
643 0.9403889068286042
644 0.9812827661633485
645 0.9404248798856512
646 0.5586036240295007
647 0.5166648419020978
648 0.9457067761217632
649 0.5533461001498334
650 0.5548622800736847
651 0.6970406453252515
652 0.6855201304857789
653 0.932184073866982
654 0.6413600253603347
655 0.673272735991977
656 0.9406663982540956
657 0.8881538559779154
658 0.6446388870521785
659 0.6028444918812652
660 0.5663704773960797
661 0.8312847691983198
662 0.5086746200828713
663 0.930254590564994
664 0.9590952668729423
665 0.90980605027312
666 0.5050262192480206
667 0.5502093538058275
668 0.9385050270130251
669 0.6567962928589618
670 0.8205812276994022
671 0.5066544848275438
672 0.5287717478080359
673 0.9574924117045169
674 0.9707647523962767
675 0.8812811202003632
676 0.6417515668699834
677 0.5241560201347891
678 0.6840214229718505
679 0.5977901913471849
680 0.9467375945068679
681 0.5695724333967812
682 0.9250883765212315
683 0.6578563091348002
684 0.721420294708779
685 0.8252441767028865
686 0.9723951522144441
687 0.9543243532253015
688 0.9669906996093807
689 0.8970278762705247
690 0.8015869084324923
691 0.9645626123426642
692 0.6305330792809881
693 0.5737214126805963
694 0.6438307746321594
695 0.9513629073239065
696 0.9807707359635051
697 0.9241259936517937
698 0.5711194415920476
699 0.6041019062842965
700 0.5632655922679315
701 0.9387644339964178
702 0.962893205731972
703 0.9330607626125811
704 0.5491125686274526
705 0.6662536519946127
706 0.9703772561028156
707 0.7976822942448203
708 0.8728263736757738
709 0.5306465111971169
710 0.6239681430538155
711 0.9711295573945902
712 0.9050396823900962
713 0.9829702780845495
714 0.7138938933716656
715 0.7395768748751842
716 0.906382238091515
717 0.6559767288580777
718 0.5757424236391653
719 0.9938547250425079
720 0.9605988414003073
721 0.9674237455219535
722 0.5165706456991974
723 0.9624467297724931
724 0.6452133470301278
725 0.5398219138145103
726 0.5521158539542576
727 0.9856023566766732
728 0.5697995921773118
729 0.5536504739422583
730 0.98641413195255
731 0.501067165438169
732 0.9896183705742406
733 0.9530753651515353
734 0.9091462872017533
735 0.5509373715028147
736 0.9676195704135452
737 0.5663792755615893
738 0.5225923925848353
739 0.973009821579537
740 0.7267091452863564
741 0.5986094099458399
742 0.7399480332906389
743 0.950068421781393
744 0.9793939915218907
745 0.9827811613629762
746 0.5006951857477151
747 0.9664216209315346
748 0.8636840360316455
749 0.9839716194933644
750 0.986734668987781
751 0.8520617447986246
752 0.9779335243399716
753 0.9572052388670422
754 0.991583284696619
755 0.9550222545442466
756 0.9632287845243389
757 0.5888184117177031
758 0.6522959966381783
759 0.5380723276398022
760 0.6414945993085447
761 0.9407624970034703
762 0.5180256531520218
763 0.5902825259988059
764 0.921977374955098
765 0.6148680940495835
766 0.6834087276357661
767 0.9878066274676306
768 0.6143989073938851
769 0.9817177820134779
770 0.5083310586872588
771 0.6465791100328673
772 0.9791072204967498
773 0.6481829670708784
774 0.5267737728702829
775 0.5344523012297645
776 0.9815300858264471
777 0.6011245015024137
778 0.5317461552906985
779 0.9683624845111841
780 0.9700650350772118
781 0.9928791673223941
782 0.9768544563382087
783 0.8526564211899262
784 0.64532196493285
785 0.6043821603421019
786 0.6408970089181609
787 0.9852397453957525
788 0.5950460678517455
789 0.5832120722282426
790 0.8430121738202071
791 0.5637337919394357
792 0.5953980112321482
793 0.5923170450379162
794 0.5298672435783276
795 0.5267081088348952
796 0.9130001117930135
797 0.9522337745332915
798 0.9050258588331069
799 0.6255381191320685
800 0.9904785939379086
801 0.5674644181598317
802 0.9550403200116038
803 0.5840599081850673
804 0.8578693603731948
805 0.7388173541528752
806 0.5480717781319339
807 0.9708278278257048
808 0.9907530687331186
809 0.5988677406043432
810 0.928414225519518
811 0.8338001013826107
812 0.9608081204549132
813 0.6738728743793683
814 0.9936073655309311
815 0.5915325180843622
816 0.7885370870504153
817 0.9668597314453787
818 0.9665577031137702
819 0.5123896692759482
820 0.9943227991254086
821 0.8556414355679155
822 0.8342291415074117
823 0.8707562414913665
824 0.9703168904997106
825 0.63319335390795
826 0.9756145049527767
827 0.8830982418669708
828 0.5940172865714487
829 0.9542852166482013
830 0.8932799597716183
831 0.6495225823454376
832 0.5866286493287031
833 0.8185025619510967
834 0.5887223030467855
835 0.907209461966171
836 0.9573609256959142
837 0.5869148803017303
838 0.5659996825080759
839 0.6028277429734898
840 0.9034598751198027
841 0.5231955006429312
842 0.7689315473079901
843 0.6499721321981929
844 0.976528403639122
845 0.9537396285668939
846 0.7013293298425424
847 0.5776596704999251
848 0.5695051189085171
849 0.9787116779338659
850 0.9923459762490072
851 0.6936291869899965
852 0.960093418560412
853 0.9252826216118983
854 0.6082418424674509
855 0.892368506884827
856 0.9567616508709619
857 0.7205043192959476
858 0.9739605379093607
859 0.9084089109244439
860 0.8814382448234929
861 0.9630906761152654
862 0.9009308489457105
863 0.931639598579539
864 0.5096640587433334
865 0.9458272367965675
866 0.9725948152578601
867 0.9833161450364528
868 0.9670893177637044
869 0.5805420057113282
870 0.5248154116020379
871 0.9155194232082902
872 0.7513372544235271
873 0.8975226943445125
874 0.8265542639791399
875 0.7336194180194227
876 0.9899178893465803
877 0.7765555909980714
878 0.9750282067350212
879 0.564783617344415
880 0.9669645731978633
881 0.9656166040175235
882 0.9649955220576946
883 0.9731516507788994
884 0.9625115125942574
885 0.5311266167291836
886 0.9707011683487438
887 0.6019727962456618
888 0.5142669216436768
889 0.9371786130796917
890 0.9958366562249426
891 0.9328983092362727
892 0.8109489459295454
893 0.978668644110036
894 0.9492760153515807
895 0.6976016195074187
896 0.5682312090236393
897 0.9875483080560266
898 0.9725819350135588
899 0.7953563912549054
900 0.6434199240966094
901 0.5790736044785303
902 0.5944878008738143
903 0.6832336863310902
904 0.9722399380495909
905 0.8782808028742455
906 0.9584823486083922
907 0.6509611918406811
908 0.7130515851332764
909 0.9615452096438503
910 0.788151187032686
911 0.9744495360677917
912 0.7293509468791716
913 0.9713188407744202
914 0.9851637328771352
915 0.528652880276972
916 0.9767367516220282
917 0.5724978786918701
918 0.9930410764805115
919 0.9858726960427725
920 0.561687892022636
921 0.9662140437514132
922 0.7573207245346458
923 0.5101020524202062
924 0.8369586650191699
925 0.9923768620863964
926 0.982185572532578
927 0.593408611237846
928 0.7508304691860491
929 0.9464842693574373
930 0.9851459369106931
931 0.5620662458868168
932 0.9517567311796302
933 0.9854239077637148
934 0.9773169841724987
935 0.9515642614473121
936 0.582027800245467
937 0.5806711034574024
938 0.9812528839489514
939 0.9797718699530582
940 0.9940675915452195
941 0.694577241880335
942 0.881069974092032
943 0.5027172094236173
944 0.9832370094057254
945 0.9806757257143565
946 0.6638640111604566
947 0.6809968599104224
948 0.8203795625889634
949 0.5403183073226352
950 0.5581353871500003
951 0.9885456001011701
952 0.6615379591518479
953 0.6308897912209912
954 0.9876972424877326
955 0.5777896670176765
956 0.5401268351544044
957 0.7911700404551265
958 0.9643590141475675
959 0.9883020978230603
960 0.7619818350561229
961 0.9702223528264011
962 0.9879699331161689
963 0.9729596189410485
964 0.5225338691871402
965 0.9703639602172442
966 0.9805697846906305
967 0.5217807533514577
968 0.7257436941636939
969 0.9752408233285421
970 0.9928932765946102
971 0.9002809364334531
972 0.8774103641426442
973 0.8770616351399808
974 0.7509566172724306
975 0.9177093588539155
976 0.7256665559521812
977 0.7857385637657918
978 0.9117416640177949
979 0.8688226731244818
980 0.9014891125012974
981 0.9402944250268008
982 0.9460251600272371
983 0.7020471747231625
984 0.7924893768486628
985 0.9549289243186807
986 0.9693687740641711
987 0.8122896387444648
988 0.9180967640721567
989 0.9021534131859361
990 0.96205295343635
991 0.8178605289749851
992 0.9951166524376674
993 0.8225575023319374
994 0.7629172559928206
995 0.8719376377131833
996 0.9685615715375776
997 0.9677441879706924
998 0.9926075275858518
999 0.6672926036487308
1000 0.6406209065651874
1001 0.9548833171500375
1002 0.8146291003870063
1003 0.9667480648515889
1004 0.5900050235228785
1005 0.5777635009001455
1006 0.8804094556297168
1007 0.9627533245653312
1008 0.5287905247163397
1009 0.9721355629437027
1010 0.9757267150576419
1011 0.9931171182673504
1012 0.9862086167248295
1013 0.8026007670690178
1014 0.5885303219270368
1015 0.9437793830387902
1016 0.9833042183965509
1017 0.928922937244003
1018 0.9301390870135836
1019 0.6462918465007331
1020 0.9640393129538621
1021 0.5655474168735981
1022 0.62138555934188
1023 0.7615670017041577
1024 0.8809755873438632
1025 0.8963643103972386
1026 0.9330288748863804
1027 0.5286023020894706
1028 0.5453805313111505
1029 0.9895222759549593
1030 0.9712271857610841
1031 0.972858341263231
1032 0.9284196322110863
1033 0.9130561689093107
1034 0.5936357911236532
1035 0.8966263726282284
1036 0.5243782580254144
1037 0.9830006667244547
1038 0.930023705032966
1039 0.5123204010018109
1040 0.5020291080842822
1041 0.6351405483463265
1042 0.9901918059375985
1043 0.6242590289717991
1044 0.9905969623362365
1045 0.9654744683121176
1046 0.9470251817416174
1047 0.9734439366207849
1048 0.5048416570547805
1049 0.6858443940208034
1050 0.6475883817347081
1051 0.9834834363291161
1052 0.9704330176362589
1053 0.5439676797319255
1054 0.6825169058680806
1055 0.8910053983922471
1056 0.5512781154817997
1057 0.5672892760296577
1058 0.6102518639947846
1059 0.9950709895668532
1060 0.7833635709498437
1061 0.9882966439346459
1062 0.5972641069051127
1063 0.702543196204032
1064 0.946157636502836
1065 0.9024264039998934
1066 0.8166327172690556
1067 0.9802977301182234
1068 0.6417652005400789
1069 0.555317091156027
1070 0.9468744990356562
1071 0.8643910093368385
1072 0.9642836644831723
1073 0.977728934237161
1074 0.9078867976424086
1075 0.5374368048698648
1076 0.9750527864563661
1077 0.5947622285874051
1078 0.7232977590650557
1079 0.7126988006257859
1080 0.6080482971946605
1081 0.6078176628495162
1082 0.7338586308284817
1083 0.9590285802445901
1084 0.9759407234279387
1085 0.9658777798632653
1086 0.5138101498893348
1087 0.7631884417512561
1088 0.8101086384318014
1089 0.7344632768177477
1090 0.9028653508156576
1091 0.874325284747606
1092 0.9777500975280301
1093 0.5360461713531085
1094 0.9739135226542948
1095 0.5911962954894606
1096 0.9662827630127422
1097 0.6317276529875532
1098 0.5504103241646988
1099 0.9805308046673721
1100 0.6938980499344415
1101 0.5745858178600877
1102 0.5947627041769604
1103 0.9577212468049771
1104 0.5007854244536464
1105 0.7076535735017412
1106 0.9873932923546951
1107 0.9764528339985011
1108 0.9907009246194272
1109 0.5606073567686223
1110 0.9901064414343043
1111 0.6643878022301996
1112 0.764336422541127
1113 0.7479513811285491
1114 0.9763626121441672
1115 0.9754036786780683
1116 0.9900528771712714
1117 0.9799494706865733
1118 0.9237791754731219
1119 0.8446437055049093
1120 0.9611703603827113
1121 0.9629482416912873
1122 0.5408026818150664
1123 0.6409008703305382
1124 0.9837636221181154
1125 0.6071718016684812
1126 0.9505596473303604
1127 0.8904370302498477
1128 0.5702943496898765
1129 0.9570349031798864
1130 0.9661924713020852
1131 0.9912283033304957
1132 0.6722195444372665
1133 0.5521298742516543
1134 0.561296478490682
1135 0.6829176640635325
1136 0.9519326641583096
1137 0.9637752019953835
1138 0.8899017573228329
1139 0.9785298980085081
1140 0.8009756882709851
1141 0.6987877068147755
1142 0.9717337432674593
1143 0.6969730787070533
1144 0.7247151521910705
1145 0.5106928115214056
1146 0.8720878052645645
1147 0.7684863262033025
1148 0.7073679846765492
1149 0.6613432045480496
1150 0.7080202505173491
1151 0.6207139763163745
1152 0.7935774903863747
1153 0.972034818830765
1154 0.8056384346109575
1155 0.9375214670927019
1156 0.9740338709783144
1157 0.9721109304743013
1158 0.8844284520494748
1159 0.6950530107137505
1160 0.6277151089835897
1161 0.9725742167289154
1162 0.7336838441098562
1163 0.9781320929599079
1164 0.9725563198045688
1165 0.964537928003107
1166 0.9824059509476174
1167 0.979866629950323
1168 0.554565385784569
1169 0.6600718423711686
1170 0.9679703186128008
1171 0.9790340114508228
1172 0.5894474287597369
1173 0.9567477429987576
1174 0.9750924876756724
1175 0.9766933853522582
1176 0.8880898948330564
1177 0.6132802375384389
1178 0.520857373749044
1179 0.5580343864165853
1180 0.967152599226142
1181 0.6250575997616851
1182 0.9886920893642531
1183 0.6805494840478777
1184 0.5710987640024783
1185 0.5657683565550746
1186 0.9656084353251811
1187 0.9743444260311296
1188 0.9802471688259219
1189 0.5657162017854606
1190 0.9498850562326964
1191 0.6788710835010693
1192 0.5978374348455096
1193 0.6069597678452144
1194 0.9757786081369667
1195 0.9871142294799614
1196 0.9378663686591476
1197 0.9507754646204524
1198 0.9372873491942905
1199 0.9979328568542611
1200 0.9741595770653179
1201 0.8588791447567894
1202 0.9910322392462779
1203 0.9754461609883057
1204 0.7842568937087255
1205 0.8185844350326532
1206 0.9483536027430238
1207 0.7598773117926358
1208 0.6342507432270074
1209 0.8777629925563295
1210 0.5595977055732584
1211 0.9814108951083788
1212 0.736520872565053
1213 0.9831447156153197
1214 0.5061473483369577
1215 0.9834736788393438
1216 0.6091271590831087
1217 0.5308457960668351
1218 0.7393627986109922
1219 0.7968906052538794
1220 0.7470702436233182
1221 0.9810622160167701
1222 0.9693410677632734
1223 0.9432936465452624
1224 0.6044651424070017
1225 0.8820614021314834
1226 0.8875574635649894
1227 0.8716818413038921
1228 0.5458702217946257
1229 0.8551776440956911
1230 0.9023371583757258
1231 0.5302251558733104
1232 0.5589059770989734
1233 0.8931076340394906
1234 0.9453477692930563
1235 0.9506071361151961
1236 0.9170775902453056
1237 0.9620072945957326
1238 0.9699460363139136
1239 0.5847148497060354
1240 0.8433437759148477
1241 0.9675969797729106
1242 0.7547754487935576
1243 0.9518257232765834
1244 0.9863387088440447
1245 0.9388446106746442
1246 0.9619441037057724
1247 0.6970981108612737
1248 0.9039057183036422
1249 0.5242286564343229
1250 0.9683944101125423
1251 0.8456359440440658
1252 0.9554022011033267
1253 0.9356655912815586
1254 0.6156976920131225
1255 0.840388539647645
1256 0.9675298079444712
1257 0.9908143251859226
1258 0.8402838323946435
1259 0.9816793951985007
1260 0.9680166992872037
1261 0.9894191464389318
1262 0.8418272652341448
1263 0.9162224964604347
1264 0.6726948006980379
1265 0.9757439925452803
1266 0.9709079965815861
1267 0.5562385414358595
1268 0.7682422626651675
1269 0.891508967355075
1270 0.988460867157888
1271 0.5388718209614167
1272 0.8890718874069223
1273 0.99186144652614
1274 0.7977829230069606
1275 0.51357786342671
1276 0.806406862411171
1277 0.730870273215099
1278 0.7609853411201565
1279 0.9958238828159162
1280 0.9930433905627559
1281 0.809150334253464
1282 0.9419287960276076
1283 0.9283515110185899
1284 0.9922086635071803
1285 0.9160856545754631
1286 0.7546484387388304
1287 0.698579789194663
1288 0.7990350315904333
1289 0.5143013343682898
1290 0.9614335937819466
1291 0.5624199384299325
1292 0.5250561845268381
1293 0.6025606656361109
1294 0.6430367001775296
1295 0.8892400698274331
1296 0.5306904541096756
1297 0.8855293458865628
1298 0.7196744083740476
1299 0.9640912840235375
1300 0.9884253418043406
1301 0.7112736498828729
1302 0.9699969763015412
1303 0.8447947297849018
1304 0.9476567265433695
1305 0.9786373906997157
1306 0.5869868186293116
1307 0.6043206072485332
1308 0.9121997784438486
1309 0.6981189608963624
1310 0.878974168039135
1311 0.9818797674824791
1312 0.7287946871301891
1313 0.9886527020657672
1314 0.856866995961647
1315 0.9899130644982517
1316 0.9932849005631849
1317 0.6046350883354095
1318 0.9905764818775133
1319 0.743653263498646
1320 0.5238482979328908
1321 0.6964144009854879
1322 0.6484232208473684
1323 0.9506093151977696
1324 0.5302823468911954
1325 0.682437074536568
1326 0.9830168079928587
1327 0.8130580974668556
1328 0.9564784124247655
1329 0.9942660781303413
1330 0.9913443444394652
1331 0.6512324767456099
1332 0.8487534153661423
1333 0.59578865590545
1334 0.6899564984314408
1335 0.9573815901657121
1336 0.5608192422085323
1337 0.8383179898148587
1338 0.9840367701627143
1339 0.9949284265399362
1340 0.5819235004909771
1341 0.5785500470612351
1342 0.9781659273677648
1343 0.6370129105666675
1344 0.7193879238253877
1345 0.9948055817699968
1346 0.9938186220266683
1347 0.765457918250543
1348 0.96040957002966
1349 0.9313530260803068
1350 0.6255623438693562
1351 0.6036984650387498
1352 0.7103329328072729
1353 0.9645963576012454
1354 0.913416952800837
1355 0.836810495617708
1356 0.7150251252099564
1357 0.9815062142508377
1358 0.969347695950112
1359 0.5455451409615771
1360 0.9753001274113929
1361 0.9857877556495694
1362 0.7675846994277098
1363 0.8120966622643047
1364 0.992602821025151
1365 0.9755097040488222
1366 0.9378997524944774
1367 0.988193240064072
1368 0.6163886913804129
1369 0.5454094685548446
1370 0.9564842505022874
1371 0.8691064061110353
1372 0.7699745345274779
1373 0.7768561073263636
1374 0.6342047714961191
1375 0.9822597659825444
1376 0.5418065733881886
1377 0.578107004449976
1378 0.8119443960197862
1379 0.7568828626235704
1380 0.5949051857092805
1381 0.6479090698019125
1382 0.8496992037166613
1383 0.5063967162570687
1384 0.6677758433445323
1385 0.7933561707941176
1386 0.7576660994955048
1387 0.5547463372026518
1388 0.8300344629225154
1389 0.7774360923049336
1390 0.8865262473803396
1391 0.779051733699472
1392 0.9487578894389969
1393 0.9180300629567257
1394 0.9693091950839586
1395 0.8572419094049308
1396 0.8833104467714767
1397 0.9931819170569322
1398 0.7762777158740126
1399 0.5950556522339289
1400 0.6520881388233919
1401 0.6506754274287179
1402 0.9890268773865615
1403 0.7199247787909688
1404 0.8811285687209117
1405 0.9516953989040982
1406 0.7021455613123155
1407 0.7969033888441581
1408 0.5853982935963622
1409 0.8653754499643234
1410 0.5332101524418021
1411 0.9103685068344219
1412 0.5231561052460106
1413 0.8009584337404018
1414 0.658215168816928
1415 0.882522336776558
1416 0.8630457608761956
1417 0.9751081810786124
1418 0.8054707903030898
1419 0.9608672285981207
1420 0.9042645250737313
1421 0.9333612171796445
1422 0.6381923956043701
1423 0.6394507396909228
1424 0.8937442809940348
1425 0.6965570595609226
1426 0.7332997404781463
1427 0.9179645446058947
1428 0.5873569949508404
1429 0.8976771417769056
1430 0.905346924952651
1431 0.9299239323135088
1432 0.5350551939769826
1433 0.8482254527626085
1434 0.7950139543097128
1435 0.981443492448334
1436 0.911474730326261
1437 0.9884715362497966
1438 0.9780428830690511
1439 0.9917694056145108
1440 0.9672784189367261
1441 0.9012284005304102
1442 0.90399168542304
1443 0.8274218314476063
1444 0.9814365502387911
1445 0.9344136142407762
1446 0.8572841018457616
1447 0.9807821047909768
1448 0.9092931488822337
1449 0.7725442638250053
1450 0.5806588447637965
1451 0.9462676825600895
1452 0.8998057524940758
1453 0.5111870544052514
1454 0.8864713395690039
1455 0.5984616903467945
1456 0.8595538720363824
1457 0.5618390947462001
1458 0.5452719001055615
1459 0.9116283676327369
1460 0.7905178328096214
1461 0.6571926983968599
1462 0.5152507891268732
1463 0.7829593913371627
1464 0.7414419836970312
1465 0.7038225258723849
1466 0.8271274187092191
1467 0.8633961496530622
1468 0.5815271674928839
1469 0.8276608609256845
1470 0.8188670823677633
1471 0.898619451288927
1472 0.8780792692212971
1473 0.9545980223829835
1474 0.6816437514978928
1475 0.9029923392867424
1476 0.9175121992618638
1477 0.5123227092022494
1478 0.9013951175863663
1479 0.6704263209410422
1480 0.7119526385240698
1481 0.7561054849439751
1482 0.5692449907747146
1483 0.7147279502445102
1484 0.8586412830377627
1485 0.909707224479329
1486 0.8393853562803727
1487 0.9227368879786818
1488 0.9162850323359074
1489 0.8170703421488446
1490 0.8609662404642715
1491 0.9103356713433735
1492 0.878290619643381
1493 0.7393596388046147
1494 0.931542161417816
1495 0.8679003028018346
1496 0.8619696397829337
1497 0.7321885763844107
1498 0.9677966804325062
1499 0.7186696441685068
1500 0.8819504099897376
1501 0.8127148748006892
1502 0.9609251657162661
1503 0.6188059726265397
1504 0.8505028425350836
1505 0.5809953000823741
1506 0.5611770452438729
1507 0.7631833685159518
1508 0.5757118993102684
1509 0.8323710673565929
1510 0.8477166705939657
1511 0.5523470419264334
1512 0.9719219633156483
1513 0.643695655570556
1514 0.8633818159818479
1515 0.7913696453731074
1516 0.8774769386469271
1517 0.6027611440350115
1518 0.7454358658843436
1519 0.7965429554721223
1520 0.5812650374328934
1521 0.7806656889015782
1522 0.8923285392159773
1523 0.6440373388955871
1524 0.7239731756428349
1525 0.5398073334840092
1526 0.8126045192739713
1527 0.6129127235286964
1528 0.6561109792077672
1529 0.8359448620669871
1530 0.9054912844116453
1531 0.7894320458220043
1532 0.9016601475511656
1533 0.5660206221560987
1534 0.5195527718723225
1535 0.788088651597509
1536 0.9439355404145146
1537 0.6091024237419912
1538 0.6175475687109836
1539 0.8371424138021093
1540 0.8102468044106499
1541 0.8170228015929192
1542 0.5367779304631604
1543 0.915868793454011
1544 0.5726268858190446
1545 0.6014167499747585
1546 0.9197630065544755
1547 0.7564322845203173
1548 0.948415246974219
1549 0.8973663462634668
1550 0.9406031434699639
1551 0.5691354596626661
1552 0.5586042382740193
1553 0.7320658473341142
1554 0.9435206309576998
1555 0.8497637871531417
1556 0.7762769907217765
1557 0.8990020756066723
1558 0.9376443658705972
1559 0.8607738851271154
1560 0.8175860468355343
1561 0.7815828644813887
1562 0.7981327978116096
1563 0.928896566646735
1564 0.7581371603342586
1565 0.8209525577004242
1566 0.5137644477442435
1567 0.5344220885211013
1568 0.8965332844060931
1569 0.5005966735878665
1570 0.8811062576408413
1571 0.8925933326702528
1572 0.7791029188998082
1573 0.9460164870924238
1574 0.8426887438617642
1575 0.9118524889864279
1576 0.7251466904160005
1577 0.888522966336293
1578 0.5589418697795936
1579 0.9336218315054502
1580 0.5077292214767689
1581 0.9551910798173724
1582 0.5666720054879743
1583 0.6652387601785144
1584 0.5436024297598042
1585 0.922214887265666
1586 0.8675104143427621
1587 0.8208588866612757
1588 0.9459749862674733
1589 0.7685737889240104
1590 0.9164755575227578
1591 0.6087768882776143
1592 0.6178857094060916
1593 0.5288137346882222
1594 0.8329987788319148
1595 0.9470632783262156
1596 0.5407812107373111
1597 0.6855273357924698
1598 0.7507840626213609
1599 0.9438919036201502
1600 0.7291915497673609
1601 0.5987009346759588
1602 0.5071177531568697
1603 0.9364581678346594
1604 0.95846036964144
1605 0.5282156051748222
1606 0.5578362126467055
1607 0.8999892380018065
1608 0.7901162648383546
1609 0.9163971890168553
1610 0.8291046114802729
1611 0.9163830890767383
1612 0.9362012507534623
1613 0.918703798408053
1614 0.6588296801934759
1615 0.9946553910993546
1616 0.9590959754812081
1617 0.9944590131386808
1618 0.7853717746025674
1619 0.9947436916208118
1620 0.7161761161840069
1621 0.9920148565586046
1622 0.921644992700783
1623 0.674706576011154
1624 0.6483229419312365
1625 0.8409087760687656
1626 0.9943153938092163
1627 0.7095189245672444
1628 0.9940878654692683
1629 0.6112557613565335
1630 0.8844724749643261
1631 0.7930823430042979
1632 0.9035267612272145
1633 0.9910610271975672
1634 0.9518399297953575
1635 0.9560616051349742
1636 0.9506232463421076
1637 0.9708639015952826
1638 0.9496289032359224
1639 0.9949333171602811
1640 0.5781250990161356
1641 0.938674460636286
1642 0.9740670145596032
1643 0.7728811999807014
1644 0.7019207335503433
1645 0.9267650948527592
1646 0.9187938222594425
1647 0.8682942281075441
1648 0.9683958486822142
1649 0.6564298065770453
1650 0.6487948190147014
1651 0.7563619690698757
1652 0.5353301292666119
1653 0.9412024848402529
1654 0.6563121760431021
1655 0.9458546637365326
1656 0.7849392241151749
1657 0.9019104128156921
1658 0.9399825855716224
1659 0.7431422924976677
1660 0.7682385811385374
1661 0.9646053564096911
1662 0.8031888247247848
1663 0.5811542521107007
1664 0.9465347520312122
1665 0.9644241699559281
1666 0.8354992183039236
1667 0.9438493329820415
1668 0.802645581019351
1669 0.7071852199410354
1670 0.6840080955466105
1671 0.6794740047460435
1672 0.7605500327690882
1673 0.9684507521852366
1674 0.8404314644502192
1675 0.7151741641650903
1676 0.9268841967489306
1677 0.9712762818360068
1678 0.9676435288880347
1679 0.9670203236268955
1680 0.5569098600840506
1681 0.545287465848955
1682 0.7644742551546547
1683 0.5677420433226502
1684 0.8389729864683686
1685 0.9238109149085689
1686 0.7761698648685269
1687 0.9112259308456279
1688 0.8982689730145664
1689 0.9435926365985394
1690 0.7105785102159496
1691 0.6175242677978349
1692 0.8430187475841291
1693 0.9340931162321905
1694 0.7483529287082917
1695 0.9528986390794024
1696 0.849819841219371
1697 0.7741662153083253
1698 0.8222709398250924
1699 0.7249190964983779
1700 0.7860961450590223
1701 0.8923734796430687
1702 0.6224995567627372
1703 0.8924457200255459
1704 0.8633221509411467
1705 0.6651012351996968
1706 0.7238752951044927
1707 0.5058092693832447
1708 0.6857992945927615
1709 0.7440166575104168
1710 0.6326367494438297
1711 0.8373074570271016
1712 0.7786122229198391
1713 0.9028555388282484
1714 0.9431029144857997
1715 0.8626423723846806
1716 0.910752293276916
1717 0.8371200971689177
1718 0.9039619972625482
1719 0.6612172421323373
1720 0.7155371967469886
1721 0.6547935829029972
1722 0.7691469049447762
1723 0.7905881832183929
1724 0.8575853186314139
1725 0.583139262637411
1726 0.7345099297712807
1727 0.7574901229235207
1728 0.9096346930474988
1729 0.9020605627383805
1730 0.9122332098483698
1731 0.9059719518687149
1732 0.9117846642343298
1733 0.8423533913653608
1734 0.9491908177588417
1735 0.8155115011380326
1736 0.6482112234890098
1737 0.9369517658425534
1738 0.8533989251629716
1739 0.6974685526509199
1740 0.9023581018587166
1741 0.5553803567180124
1742 0.9323172666620997
1743 0.9433914231042883
1744 0.623558883284409
1745 0.8610343812845312
1746 0.7543299600866304
1747 0.9202674754792749
1748 0.9298145275336858
1749 0.9319543041395216
1750 0.7080361776889265
1751 0.9396521414508345
1752 0.9335164450063189
1753 0.6375237422976152
1754 0.7573968151053967
1755 0.6252994752429931
1756 0.9329481125395638
1757 0.6552570507083335
1758 0.9382290963825594
1759 0.6642066442209126
1760 0.9444997079084748
1761 0.5950136850696888
1762 0.7176322482841101
1763 0.8386469241659362
1764 0.9662688296262736
1765 0.7422660169144596
1766 0.8401079444381611
1767 0.9416407898083003
1768 0.6744905760195916
1769 0.6999427462012384
1770 0.9485326686529026
1771 0.6727732353153307
1772 0.9123023837598847
1773 0.9469850147835294
1774 0.7081831606046861
1775 0.6749845190566741
1776 0.6586338787778162
1777 0.9155641957210181
1778 0.802459532376404
1779 0.8527267365675968
1780 0.8918566762675186
1781 0.713405112860833
1782 0.8649302349008368
1783 0.7777087988585072
1784 0.9568666097495216
1785 0.9618454230793018
1786 0.5688791469470958
1787 0.5638678010407632
1788 0.8592907953683265
1789 0.9291144934852152
1790 0.6385471524147176
1791 0.7002412049845047
1792 0.5239334205208526
1793 0.5073667426972585
1794 0.9883507524834614
1795 0.9817498664838628
1796 0.9775447755888146
1797 0.8266816831523824
1798 0.9758767789144309
1799 0.9536743708897684
1800 0.9733176782018504
1801 0.9621321502561577
1802 0.8544504933260276
1803 0.8671668077917412
1804 0.979306720621355
1805 0.9148537137404154
1806 0.9381128475261739
1807 0.803499842616691
1808 0.7210779549679603
1809 0.9418144637056989
1810 0.9519116946941749
1811 0.6732007401394938
1812 0.9195006805885523
1813 0.919259147854654
1814 0.6892431839184178
1815 0.9869655293407973
1816 0.9709042646202928
1817 0.9565501027243637
1818 0.6550709126897387
1819 0.9576301894882853
1820 0.7367858946924969
1821 0.9765503692144871
1822 0.9558576106723866
1823 0.9621826123672608
1824 0.883395919216089
1825 0.7989854400430159
1826 0.9257315675518322
1827 0.9726200114196188
1828 0.9951646935667517
1829 0.606105413945668
1830 0.9827999654271627
1831 0.6105857222848974
1832 0.9787856134979118
1833 0.9534686987794725
1834 0.8921050429873318
1835 0.5613933845990943
1836 0.7051765931255243
1837 0.7414394137014163
1838 0.8245094696002232
1839 0.7559784182135469
1840 0.9625862732846278
1841 0.8947658720400512
1842 0.8846443484108472
1843 0.9699416584995725
1844 0.917761307100131
1845 0.5489409263753344
1846 0.9604053142346608
1847 0.8468602474956523
1848 0.5957255723369757
1849 0.5965658212006971
1850 0.8269750904745731
1851 0.9563112772263735
1852 0.9362261259205735
1853 0.9595712332473836
1854 0.9225266230983296
1855 0.6112488450431455
1856 0.6972159900360428
1857 0.6233872710948066
1858 0.7653815290618174
1859 0.7915780791460485
1860 0.9796288258762936
1861 0.7649869566805497
1862 0.8429490263775583
1863 0.7922026160821357
1864 0.7234606167715596
1865 0.9421992346257265
1866 0.7199922106673436
1867 0.9654678501979527
1868 0.8927821832956097
1869 0.633076413052015
1870 0.9585183666451299
1871 0.9629481080074376
1872 0.9637386649585378
1873 0.6168583143729149
1874 0.9378592705615588
1875 0.9686144073155194
1876 0.9286208626303423
1877 0.9095692189094434
1878 0.8600438989265091
1879 0.9298143254811844
1880 0.6277736600106213
1881 0.7030526229195693
1882 0.9326206374266236
1883 0.6809258003104746
1884 0.8513004180752561
1885 0.6554596736945928
1886 0.9145423575594502
1887 0.5495547419300942
1888 0.6644515781715042
1889 0.9031256413532522
1890 0.8129786065716244
1891 0.6083760137243751
1892 0.5970649223931483
1893 0.9673139346673095
1894 0.5473754701917471
1895 0.5800368007389741
1896 0.9434055645076687
1897 0.8905234120169959
1898 0.6790872905736376
1899 0.9353682172632672
1900 0.7265674739863626
1901 0.8765292168296945
1902 0.9599012420182932
1903 0.6434331692196521
1904 0.9467721022382501
1905 0.9148783441778017
1906 0.5374391009845714
1907 0.9133635716062949
1908 0.606519982820031
1909 0.9303007905746867
1910 0.9227859760526805
1911 0.9131399327574747
1912 0.9560380241193339
1913 0.5178383952496046
1914 0.6805238460236889
1915 0.607514196701647
1916 0.9334867029962
1917 0.9550694388862745
1918 0.962807576533322
1919 0.925877443520418
1920 0.9283809212987437
1921 0.7103919254613159
1922 0.8696631619707288
1923 0.8318688300529271
1924 0.6100316616607926
1925 0.9292501233149019
1926 0.9656277645272329
1927 0.6824094593630419
1928 0.9392646582888858
1929 0.92029719527963
1930 0.5810265010605824
1931 0.9150479047862569
1932 0.5347143518063019
1933 0.7890249345123707
1934 0.890893041904511
1935 0.7006630001695537
1936 0.8843946966085094
1937 0.8162132708721515
1938 0.7101644854861481
1939 0.7893511646590123
1940 0.9344670335563443
1941 0.8378671183770604
1942 0.9580260505394315
1943 0.927538896882357
1944 0.8088486452493624
1945 0.5125501338433724
1946 0.8311865918400592
1947 0.8769338181476686
1948 0.9266610951975195
1949 0.6200240635809924
1950 0.767252422919244
1951 0.9242899164194902
1952 0.9429214841332506
1953 0.5794849296254676
1954 0.744563934879821
1955 0.8245212329128345
1956 0.8978680957322823
1957 0.7133090413595925
1958 0.95815731386006
1959 0.9300086014921903
1960 0.9427135093547163
1961 0.8706383572004042
1962 0.927571251457094
1963 0.9429352934749845
1964 0.7901691753502111
1965 0.9063970819874062
1966 0.8989753805016434
1967 0.7342790587329422
1968 0.9379623602704644
1969 0.5597660480395149
1970 0.7571294608406064
1971 0.9726750660000819
1972 0.6953648597648047
1973 0.9254763849495686
1974 0.6846820722784696
1975 0.9769793915968333
1976 0.986032131053228
1977 0.5851543922307261
1978 0.6811834605010648
1979 0.5617652523179729
1980 0.9253771464127448
1981 0.9919739192509888
1982 0.9920209529776286
1983 0.5026745528027062
1984 0.9729819267762755
1985 0.9963870881068047
1986 0.648485979967946
1987 0.9921336083383655
1988 0.9927535859897343
1989 0.9862661429776416
1990 0.8298452369325642
1991 0.7112536767697415
1992 0.8218511522178606
1993 0.9965307132341545
1994 0.9155114905170844
1995 0.5305034112132437
1996 0.7159452620724337
1997 0.9656752099435812
1998 0.9264791180959251
1999 0.7811024587129982
2000 0.9745898583511574
2001 0.7348436486016761
2002 0.8832061511303168
2003 0.5182163535418617
2004 0.9903720497314799
2005 0.9363801164865369
2006 0.7717210868431321
2007 0.9907210151626621
2008 0.9531129220678917
2009 0.9274073194534687
2010 0.7867179003749587
2011 0.9771464103570585
2012 0.994593598238712
2013 0.8059323254197035
2014 0.9852887103606824
2015 0.9737908045290162
2016 0.9835947253960129
2017 0.6526788568988696
2018 0.653615338077675
2019 0.9354828515068501
2020 0.7060816672861168
2021 0.5124358954158375
2022 0.6733577983935592
2023 0.867625987075117
2024 0.78667346589392
2025 0.5602050624541338
2026 0.5002963860403435
2027 0.8008851787421182
2028 0.9339794569974847
2029 0.9396236362185479
2030 0.7869678459764142
2031 0.8507788608696402
2032 0.8700254857771742
2033 0.9658266849799455
2034 0.9225346121037913
2035 0.559422625748756
2036 0.6879701968602715
2037 0.9075805880467634
2038 0.8067393209245682
2039 0.5735423996568607
2040 0.5824877250400894
2041 0.9891459446787111
2042 0.9015627682196892
2043 0.7362773134614419
2044 0.9900713024895058
2045 0.9359811811483686
2046 0.9741861140742979
2047 0.6117717291697986
2048 0.9953998125380998
2049 0.5730774240777684
2050 0.9253458290372478
2051 0.9464608781486691
2052 0.9829693102446718
2053 0.9843345271495104
2054 0.9747115038712789
2055 0.8519421297668606
2056 0.9059548028062678
2057 0.9543091071695703
2058 0.5403568661425547
2059 0.5499846058994198
2060 0.577761913073242
2061 0.6344388640413494
2062 0.6541485581823828
2063 0.6805808791717024
2064 0.8789518865946337
2065 0.9470291670884257
2066 0.653612041286466
2067 0.5358936889823077
2068 0.8455418457257791
2069 0.7180887115546405
2070 0.8296940054419556
2071 0.515241619854824
2072 0.8213022478210309
2073 0.6446282905213447
2074 0.8868368023259512
2075 0.9398474008814072
2076 0.712221809546663
2077 0.9682829910640676
2078 0.9582551020152388
2079 0.9569145338200168
2080 0.8973603220329538
2081 0.7733872148769713
2082 0.5048528023031703
2083 0.7838910789373243
2084 0.9599115971679901
2085 0.6254553849197875
2086 0.6676233062279264
2087 0.7180090655889766
2088 0.8437554954078531
2089 0.9914857103565916
2090 0.5941421577596583
2091 0.9620881887387512
2092 0.6966797838803954
2093 0.9919183137625566
2094 0.8959690213739014
2095 0.504684970104568
2096 0.6881827070924019
2097 0.9548554141360527
2098 0.969971868392148
2099 0.5632060025787692
2100 0.6410335825638559
2101 0.9711833633749669
2102 0.7443837850940277
2103 0.9149568621281748
2104 0.9209457329580486
2105 0.98029053203003
2106 0.59206264495582
2107 0.8659346887625324
2108 0.9691544270994222
2109 0.9512026861576247
2110 0.9920784436277192
2111 0.9224250608988368
2112 0.8978044083122626
2113 0.6199589688416007
2114 0.7858428042185898
2115 0.9282616824950136
2116 0.7938492612300289
2117 0.643680287847274
2118 0.8085308774792482
2119 0.8912691735968249
2120 0.7459115466010384
2121 0.947049201230855
2122 0.6661099828930749
2123 0.968311955737379
2124 0.5377148087916469
2125 0.5157539669184669
2126 0.8609260922437932
2127 0.8175933915504295
2128 0.6051401529996656
2129 0.9703705212804619
2130 0.7942924502092172
2131 0.8835764112380815
2132 0.9153372560885568
2133 0.77754105000145
2134 0.752284399130426
2135 0.7205254799234413
2136 0.5156566677301088
2137 0.9704614942243993
2138 0.6212638372492811
2139 0.6605309231028788
2140 0.8087348453857888
2141 0.7977883680628854
2142 0.9075879895162796
2143 0.6547818562851057
2144 0.8788640459038723
2145 0.9696433869584151
2146 0.6285686938160728
2147 0.5772797638093988
2148 0.7117170056746434
2149 0.9544798869949798
2150 0.9303876248690243
2151 0.9845713451414415
2152 0.9811649915107525
2153 0.9801669293666605
2154 0.9880099877177434
2155 0.9966047377256614
2156 0.9788360784657444
2157 0.5473765002883281
2158 0.8569071446063218
2159 0.9630661393862642
2160 0.5974962694401708
2161 0.6441263194643295
2162 0.8179355572329307
2163 0.9819422934737563
2164 0.7348598778876202
2165 0.8983180069088986
2166 0.9372383233281882
2167 0.7670532709428415
2168 0.6850161510871665
2169 0.843553873069387
2170 0.6625049161240129
2171 0.7364490276789866
2172 0.575450771798325
2173 0.7647573644138081
2174 0.9811306395473633
2175 0.7497221995532
2176 0.7781324351124699
2177 0.8228436072529608
2178 0.9807350469647602
2179 0.5576289675202522
2180 0.7166848300272433
2181 0.9979863217113306
2182 0.9444096848307953
2183 0.7929889540751752
2184 0.7336256690203935
2185 0.6108894411141385
2186 0.5899218652152005
2187 0.6231527616719751
2188 0.626480963771715
2189 0.7539783345108816
2190 0.9778903666146889
2191 0.9901004021260804
2192 0.7423974474508206
2193 0.6248260919290799
2194 0.9788830405545808
2195 0.9688338469011166
2196 0.9766186100594908
2197 0.913724024487512
2198 0.9718668777266362
2199 0.9785302848236689
2200 0.9697633653701985
2201 0.9470006079985496
2202 0.9930162827988733
2203 0.5855548185493394
2204 0.9856630418567419
2205 0.714465714095629
2206 0.6196186281664061
2207 0.9375189969161813
2208 0.5876050191935996
2209 0.9580939457221814
2210 0.715275494441706
2211 0.98571913219373
2212 0.6741617685392881
2213 0.5460288992890274
2214 0.9854878166659069
2215 0.9830392439695282
2216 0.6004537007272984
2217 0.9380692732607718
2218 0.6214896493643152
2219 0.8347243373703589
2220 0.7209944174667574
2221 0.6956752178202094
2222 0.6744948948027071
2223 0.6482350519894976
2224 0.9752254467817832
2225 0.9984808402226844
2226 0.8334308598688621
2227 0.6563879590288949
2228 0.6790515401692769
2229 0.7339301940112369
2230 0.9681739119629745
2231 0.9853174278528687
2232 0.9754416738575402
2233 0.6568178624921014
2234 0.9797129154497991
2235 0.9673539051110356
2236 0.9889076460670161
2237 0.9907778175042884
2238 0.5580960681166428
2239 0.9919476073298028
2240 0.9612922667275927
2241 0.6738770215083857
2242 0.7973679270945404
2243 0.9635208440747435
2244 0.7182709628547305
2245 0.9907320795066176
2246 0.9441680368739561
2247 0.7469251277005938
2248 0.9949798407260435
2249 0.9484311900858677
2250 0.7022610369266483
2251 0.6416756530583865
2252 0.6637239351401861
2253 0.982482997884066
2254 0.956939619208618
2255 0.8984310657837451
2256 0.9312052357428552
2257 0.7413272214455509
2258 0.9493894484698527
2259 0.7467528495112299
2260 0.954410535140272
2261 0.961985281049425
2262 0.9721223217922426
2263 0.58968602604581
2264 0.9136392721227207
2265 0.8840934439856684
2266 0.7231044115175187
2267 0.5807187624082443
2268 0.6519918544721435
2269 0.8048569649558163
2270 0.502176100699208
2271 0.9834917751408261
2272 0.909167251347667
2273 0.5892278534810228
2274 0.8101802538385074
2275 0.994155152093117
2276 0.5300337850629383
2277 0.7878621323790473
2278 0.7533190008089097
2279 0.9927945713251382
2280 0.7517708566346103
2281 0.5260156464834881
2282 0.5017372425938357
2283 0.7048011362955747
2284 0.771268363432368
2285 0.6722022678683707
2286 0.5942182099889006
2287 0.9761610964495596
2288 0.9792809458795071
2289 0.8562204984453085
2290 0.5952404301063481
2291 0.5488550947847421
2292 0.9537868616162021
2293 0.9734328120697077
2294 0.8288653439167849
2295 0.6173493396154551
2296 0.8484233984053137
2297 0.5720013867683815
2298 0.9224546932542964
2299 0.9619452884805199
2300 0.957884816992945
2301 0.9601167830688667
2302 0.9255768629063565
2303 0.8825142898324374
2304 0.9000709136502367
2305 0.9771269564077578
2306 0.9048530096333135
2307 0.6229228601690798
2308 0.971257625824612
2309 0.5165990701826841
2310 0.6506951190450193
2311 0.5722423369079319
2312 0.9633251824896145
2313 0.9633317726836708
2314 0.7670113165635927
2315 0.9861328618403141
2316 0.7425303778181638
2317 0.7450228918048649
2318 0.9935803228314287
2319 0.9356875452544723
2320 0.9492988731072679
2321 0.9793876270843174
2322 0.9247026961814324
2323 0.6136367469887937
2324 0.9750385931144608
2325 0.9710986800158034
2326 0.8875112183745814
2327 0.9836456400852099
2328 0.6811079229580012
2329 0.9910943295801815
2330 0.9528101148059938
2331 0.5272970674027669
2332 0.682507253415626
2333 0.9700425219624005
2334 0.7892832459781358
2335 0.6576672567293077
2336 0.9219760699965458
2337 0.8521055299900522
2338 0.9593299429826716
2339 0.9817909639981038
2340 0.5167835373477916
2341 0.6838943698694362
2342 0.8103440732750785
2343 0.7297095039826668
2344 0.7870788671746376
2345 0.9699876758746845
2346 0.7956962378094418
2347 0.9604082470632588
2348 0.5575037648505711
2349 0.6752260953105951
2350 0.9181104280887884
2351 0.719130443229417
2352 0.9667096228932621
2353 0.5597483547140317
2354 0.9944773805686459
2355 0.8284509064301802
2356 0.7343446603244669
2357 0.7954252314134952
2358 0.986598369503247
2359 0.5686928150723239
2360 0.9875285665249286
2361 0.8543688668807149
2362 0.8070419847229686
2363 0.9629823898154266
2364 0.8353115489408756
2365 0.7511335537270694
2366 0.5944675576825961
2367 0.9647973996121437
2368 0.9017022337550135
2369 0.7883579968040738
2370 0.966903675564828
2371 0.7157567946225586
2372 0.8946528850811678
2373 0.904582456780085
2374 0.9665349964524382
2375 0.9461641685705471
2376 0.8845161540575991
2377 0.9856304464649843
2378 0.7680559394755042
2379 0.685470715926569
2380 0.6171402776984818
2381 0.703027208979772
2382 0.781546535256926
2383 0.9225829229127691
2384 0.5384073664465631
2385 0.9523588622146587
2386 0.8315354850952608
2387 0.6781165221664869
2388 0.8547607500851074
2389 0.9021116360507593
2390 0.9105313386296081
2391 0.8474640908525055
2392 0.5310018922431172
2393 0.9395836038908572
2394 0.9813282120748268
2395 0.6190006826411765
2396 0.8770243635435085
2397 0.9176756872742791
2398 0.9672481360208921
2399 0.857579370328158
2400 0.9523450710308171
2401 0.9553465874227929
2402 0.9698822826172754
2403 0.9087362737461959
2404 0.6322455149764507
2405 0.7508003660014859
2406 0.9100889686797345
2407 0.6114935269562299
2408 0.8034035815539428
2409 0.988010896831247
2410 0.8386881456383386
2411 0.9612419903029972
2412 0.9764887110035737
2413 0.7313599156848971
2414 0.9352595616269247
2415 0.8771656066247754
2416 0.7887160329298069
2417 0.7689069955276705
2418 0.8787640152563925
2419 0.7974048921651271
2420 0.7470213098485876
2421 0.8112271311038709
2422 0.733052342902789
2423 0.777924569350077
2424 0.7250685811575173
2425 0.7844335396962416
2426 0.9295848173052659
2427 0.7871857601754522
2428 0.9019612131592193
2429 0.9189087446907604
2430 0.7645930099559515
2431 0.9127635253197839
2432 0.8205825284428659
2433 0.7512250606023554
2434 0.8865561184428178
2435 0.745289658031073
2436 0.9531711550426982
2437 0.9620390206493584
2438 0.6850828272328566
2439 0.7992582524133947
2440 0.9258319233641514
2441 0.785891513225333
2442 0.8259512003967115
2443 0.6797797316811619
2444 0.9512127624584491
2445 0.9356171979538125
2446 0.6984678491341393
2447 0.9294102157229344
2448 0.8163807108840877
2449 0.9138962889742704
2450 0.8563084485005862
2451 0.8509934887164907
2452 0.8550936137376323
2453 0.9649186849544303
2454 0.7844416960790402
2455 0.9101682314875713
2456 0.8578645274676325
2457 0.932321240884276
2458 0.8992528921998585
2459 0.8652005349255208
2460 0.6596843703019432
2461 0.7250536198472568
2462 0.8816897953410776
2463 0.8609984834769792
2464 0.945192910024935
2465 0.9750207932428482
2466 0.9700933361034504
2467 0.9631741446266433
2468 0.811880331330633
2469 0.8402186944084162
2470 0.9609248083245667
2471 0.9389873483352295
2472 0.6924011836917191
2473 0.8529742791665457
2474 0.8817361963221552
2475 0.8527109950812605
2476 0.958475973306285
2477 0.8379980433802396
2478 0.8445985228892614
2479 0.9388205095395818
2480 0.6019737778325305
2481 0.7877028155474866
2482 0.9605034461147544
2483 0.9262393688402183
2484 0.9486310714468381
2485 0.966011932179368
2486 0.9472709543963267
2487 0.9590873887687756
2488 0.6019369255560607
2489 0.811812477464922
2490 0.9187529751427144
2491 0.9406089436283241
2492 0.9535345799013811
2493 0.9616271795579353
2494 0.8232665709252138
2495 0.7152452191883941
2496 0.9352749605624768
2497 0.9332561309853227
2498 0.903220204829217
2499 0.9075973204173423
2500 0.8983634946710204
2501 0.9481136771065395
2502 0.9723326930941951
2503 0.9602685778701668
2504 0.9156642374657965
2505 0.9040616473337494
2506 0.6289770197927639
2507 0.881957250326391
2508 0.9364721218493415
2509 0.9712852319021125
2510 0.9617187485520502
2511 0.6361086967776145
2512 0.9050484533153585
2513 0.7226340464903935
2514 0.5537665230392472
2515 0.6242339252283451
2516 0.8501755012945027
2517 0.7693463947307647
2518 0.7627805169211276
2519 0.9432703282632883
2520 0.9598864981334391
2521 0.6139517590832722
2522 0.891062725235554
2523 0.6427636847518456
2524 0.9552712897066735
2525 0.6130169405570914
2526 0.506085915484227
2527 0.9007687510581929
2528 0.9717478574042893
2529 0.9607680687793079
2530 0.9730351863158268
2531 0.8784175662093797
2532 0.8251841016138509
2533 0.8270689710617227
2534 0.9344216577786638
2535 0.9773263362013259
2536 0.9607925861024191
2537 0.8280702719054691
2538 0.8449522195222205
2539 0.9461400766855582
2540 0.9013062465231779
2541 0.9342654344319198
2542 0.8910950288588075
2543 0.8814120655177994
2544 0.964858591802891
2545 0.9598193320415839
2546 0.9147304002702915
2547 0.9172093526982679
2548 0.9289320291294144
2549 0.9808253093854052
2550 0.9060194577149681
2551 0.973840157386936
2552 0.6694871234110935
2553 0.6814396858427022
2554 0.7289099848478291
2555 0.7339659738654946
2556 0.9248919127279288
2557 0.9356259007257132
2558 0.9510739849226465
2559 0.9627494131985264
2560 0.9837627452471581
2561 0.7932386086870336
2562 0.9704810501125368
2563 0.8544544010562002
2564 0.8954062164506665
2565 0.8642051765579337
2566 0.9447761006119
2567 0.7434989325622577
2568 0.9821172144549867
2569 0.9121749931753687
2570 0.9500081463251857
2571 0.9556846930594851
2572 0.6836509092900259
2573 0.6448025312704143
2574 0.9579245736376159
2575 0.9842318386778929
2576 0.5681857807030144
2577 0.9646230783501748
2578 0.9652871933369535
2579 0.9585864888134745
2580 0.6158095003115904
2581 0.7406608506818626
2582 0.5384200623712816
2583 0.7464438073329541
2584 0.9805795251308139
2585 0.8483823804408953
2586 0.9737837797989247
2587 0.8956319777865555
2588 0.8890772616095612
2589 0.9694626391432186
2590 0.906053421805624
2591 0.8828531489924254
2592 0.9663157463649247
2593 0.985902484145345
2594 0.9661361243850771
2595 0.5782334213319423
2596 0.8819787450058526
2597 0.9591864627886724
2598 0.9605867269410064
2599 0.9803606460317076
2600 0.5921315200722864
2601 0.9799667800654622
2602 0.9036082649803432
2603 0.7305667283982774
2604 0.9846202947255709
2605 0.8134596636658703
2606 0.9549843264194557
2607 0.9524191385811278
2608 0.8647359046247942
2609 0.9647196193718047
2610 0.6055885860976729
2611 0.9572971692846514
2612 0.8422090476414326
2613 0.9712912571845894
2614 0.7543803307563693
2615 0.8072191686722797
2616 0.7484845849680686
2617 0.9590122913867012
2618 0.617871913154517
2619 0.5207455025709053
2620 0.9056371282306688
2621 0.8899791051901358
2622 0.9139874057941872
2623 0.967567347620092
2624 0.6584705170321492
2625 0.8827104411688812
2626 0.9645698940961153
2627 0.5050585124029545
2628 0.9816140581923325
2629 0.5935656642585369
2630 0.9505556494868603
2631 0.9656206227195344
2632 0.8720956072919336
2633 0.7388219180395678
2634 0.6895571505170778
2635 0.8741854833193191
2636 0.9348532993762158
2637 0.5427422408216451
2638 0.925202074952773
2639 0.7359619871293355
2640 0.8747776127212704
2641 0.9325721351967833
2642 0.8207650775673418
2643 0.9719947118927015
2644 0.5107134304114119
2645 0.6412418630754257
2646 0.8974098895444674
2647 0.9173268797171564
2648 0.584627375010763
2649 0.9824131712790418
2650 0.8520273703490941
2651 0.8724302664490475
2652 0.9309603535462309
2653 0.5837834751404393
2654 0.8522933785369354
2655 0.6676847039871963
2656 0.9656810614438017
2657 0.926841288922028
2658 0.6787521516460011
2659 0.9224574332673203
2660 0.7083846862048963
2661 0.9816875101109616
2662 0.8310673324588967
2663 0.8820338872926023
2664 0.9578129299810298
2665 0.9227675277524064
2666 0.9276842634185544
2667 0.9753696864194953
2668 0.6500797622946621
2669 0.6663193169041007
2670 0.7913431015773085
2671 0.9838389060874578
2672 0.9104365974066903
2673 0.8494883300253631
2674 0.9809897738025315
2675 0.8314530194635389
2676 0.9804068305682613
2677 0.7592729707021277
2678 0.9330788994900953
2679 0.927577115875478
2680 0.9505805386368966
2681 0.8925843349611641
2682 0.9630917569895769
2683 0.6316178636409457
2684 0.8689648889249779
2685 0.9700410073754345
2686 0.9911062252638018
2687 0.8399319111671304
2688 0.9959148105564793
2689 0.9804769374185563
2690 0.6334928598871159
2691 0.8675139072793268
2692 0.7549742410106646
2693 0.718582713699537
2694 0.998588315282877
2695 0.9953740995390064
2696 0.9703326346571728
2697 0.7835085255544196
2698 0.9960441309830316
2699 0.9263132905125668
2700 0.640154055186682
2701 0.9295278099236157
2702 0.9946016781841692
2703 0.559990285966858
2704 0.5266019034736392
2705 0.9950058051926365
2706 0.8249081463574337
2707 0.9200382151799263
2708 0.9669899729829657
2709 0.827125876061047
2710 0.9863859879733861
2711 0.6964009135799645
2712 0.989116432084939
2713 0.8313058130404543
2714 0.6472338399767414
2715 0.9838484066529535
2716 0.7608345208991063
2717 0.9175496427069579
2718 0.6149560310573022
2719 0.9813852216961646
2720 0.9894960741200256
2721 0.9622220462945663
2722 0.5162880716819598
2723 0.9828110389631562
2724 0.8956609227525788
2725 0.9038190198851624
2726 0.9308998139239528
2727 0.7487182428435439
2728 0.812224255244536
2729 0.9464308240509633
2730 0.8926879725336241
2731 0.8489146925560405
2732 0.9875849637422387
2733 0.9169704148404004
2734 0.9878428101846917
2735 0.613026505532345
2736 0.7647728211182281
2737 0.8766523533715448
2738 0.9854263176474953
2739 0.5166134345757597
2740 0.5782286812398811
2741 0.9752393035610887
2742 0.6808438741690803
2743 0.8975626158343134
2744 0.9902301851241977
2745 0.8512944192213725
2746 0.9951158359264545
2747 0.9093994809194924
2748 0.929888069029711
2749 0.9951305937983517
2750 0.9245044902824286
2751 0.6442252440382585
2752 0.9955928353606774
2753 0.8894264854827206
2754 0.5490004130853419
2755 0.5841717427725811
2756 0.7431664074639345
2757 0.8987761733983329
2758 0.8438533522801277
2759 0.5950043408453278
2760 0.9909753013745051
2761 0.5049384512046126
2762 0.5389497079248872
2763 0.9090162358709416
2764 0.9684850398899477
2765 0.9272869077217466
2766 0.9923395486815975
2767 0.9263417034187743
2768 0.9686876138886154
2769 0.895101618952517
2770 0.6974479510864712
2771 0.9016953617048039
2772 0.9872751717422381
2773 0.9876823153128101
2774 0.9046051317425235
2775 0.9937485505298139
2776 0.6384509705628013
2777 0.8184491840999011
2778 0.8505558769429389
2779 0.7084826476019838
2780 0.8660920105206846
2781 0.9804076722242124
2782 0.9670439164422948
2783 0.9878229463449824
2784 0.530074278490857
2785 0.9663591130665167
2786 0.8854727101006361
2787 0.6473289006315893
2788 0.9511586987899101
2789 0.9886124810965717
2790 0.9294390945524212
2791 0.8316096464189743
2792 0.9800356287292932
2793 0.7800518442832556
2794 0.5845563538301429
2795 0.5585155833260277
2796 0.9410153523811694
2797 0.9494723952943416
2798 0.9502003861713971
2799 0.8413461329963116
2800 0.9691819865632194
2801 0.9676848402355379
2802 0.978970047104724
2803 0.5522226869541111
2804 0.6261324226167302
2805 0.9865792405153044
2806 0.9854762166269904
2807 0.9911659876968697
2808 0.7418849180171126
2809 0.6212060303043512
2810 0.622383570553845
2811 0.6478265369678652
2812 0.9754337097753889
2813 0.9552649870797001
2814 0.5146671450232448
2815 0.6646236583139373
2816 0.8882011947420935
2817 0.5966015261563946
2818 0.9751035340585701
2819 0.9523600220206219
2820 0.7347340545177926
2821 0.9249812736750815
2822 0.952585179248587
2823 0.9801664458861047
2824 0.7319195113005771
2825 0.8842371827921855
2826 0.8887537088583197
2827 0.6202255991220962
2828 0.7832011146035632
2829 0.9783353952534247
2830 0.8298124480220143
2831 0.9618968586549542
2832 0.8127411617281076
2833 0.9867650561849836
2834 0.6987784363554174
2835 0.9776519815918757
2836 0.7997362025969692
2837 0.8690933808795019
2838 0.9807912450348075
2839 0.8544435360330322
2840 0.8646930534959631
2841 0.7906924887527192
2842 0.8954308266179103
2843 0.6467140562007471
2844 0.6130499589602796
2845 0.9876058882859011
2846 0.9566372797512984
2847 0.8709395455687401
2848 0.8445361855818161
2849 0.9537403402196034
2850 0.9113443658866486
2851 0.7739555584625375
2852 0.9798671961047031
2853 0.9418490450455841
2854 0.9897365034089309
2855 0.9928847993252243
2856 0.5212860262965303
2857 0.5603041929475779
2858 0.9185654476555293
2859 0.7181985825273428
2860 0.9895082856483519
2861 0.8102108696747168
2862 0.9885523138840199
2863 0.9806994939749953
2864 0.996358284762019
2865 0.9909537229047931
2866 0.8389591848256737
2867 0.9975183164185443
2868 0.9960720560339084
2869 0.9788024849418651
2870 0.9219229891997783
2871 0.9948756914994378
2872 0.9906711172197332
2873 0.8125881531415103
2874 0.9974630298375444
2875 0.5659214937722071
2876 0.9654433160912451
2877 0.9746435498979175
2878 0.9938463766584832
2879 0.9938706540696246
2880 0.6172214925504899
2881 0.7870544792865387
2882 0.5481277189350215
2883 0.7593918390832965
2884 0.7677538809451786
2885 0.9933524683577282
2886 0.9948745885928428
2887 0.886358938740091
2888 0.7579789380518884
2889 0.8487574246776554
2890 0.9944301453407146
2891 0.9888899757079239
2892 0.8044089632789588
2893 0.6368746723575838
2894 0.9940438845939126
2895 0.9240835373911784
2896 0.9435914761572005
2897 0.9153462006229922
2898 0.8793440462175605
2899 0.9789974554503059
2900 0.9910252844002866
2901 0.9063979537940818
2902 0.9813723571013111
2903 0.9742663167483564
2904 0.9942135382960436
2905 0.6165049281882011
2906 0.5108016863453341
2907 0.9717115037366969
2908 0.9847950278820516
2909 0.5018339153045135
2910 0.9167886601345003
2911 0.892276949782848
2912 0.8756653241317971
2913 0.7846930495417682
2914 0.9205358131683478
2915 0.893733251909916
2916 0.9862395395779886
2917 0.5159745789467508
2918 0.9282244869561216
2919 0.9198085308703599
2920 0.9145542359198353
2921 0.9417497110557072
2922 0.5991201184827584
2923 0.8597033172393351
2924 0.9602612649372366
2925 0.7761945909698649
2926 0.7012548372894567
2927 0.5546153141592474
2928 0.8316180735516546
2929 0.9351045692715537
2930 0.512022995445747
2931 0.9065326716867416
2932 0.9296520956965697
2933 0.8951817446944533
2934 0.9171380187713483
2935 0.864733529924525
2936 0.9498097358769553
2937 0.5728239568147296
2938 0.9752326766481015
2939 0.7525699764889224
2940 0.9432527059285916
2941 0.9095810762314821
2942 0.9121045038733717
2943 0.7737240936384655
2944 0.877591298894164
2945 0.8947108441041989
2946 0.8946272042489611
2947 0.9155306027413792
2948 0.7438820818540807
2949 0.9354558667189934
2950 0.9214617370488319
2951 0.840482458975622
2952 0.9429324336996742
2953 0.9024027120282552
2954 0.6345958258577444
2955 0.9619106803504692
2956 0.9499915747926196
2957 0.9479134469529734
2958 0.5456478757992642
2959 0.7631913446477072
2960 0.9288122369873087
2961 0.9227306572224481
2962 0.9451515866776086
2963 0.5279101471871402
2964 0.6368553107025137
2965 0.892919591590307
2966 0.535175383510812
2967 0.9652386790102355
2968 0.9766569424199018
2969 0.7594086401582971
2970 0.9444344479328851
2971 0.6796106101083917
2972 0.8465164796849498
2973 0.6553196483510535
2974 0.9823145790725937
2975 0.8619364288576296
2976 0.9666175856103957
2977 0.9518633153043817
2978 0.8111120663376284
2979 0.9598066419342339
2980 0.9290499916619712
2981 0.9422381093725091
2982 0.6053361290469288
2983 0.9512504561679017
2984 0.9694886494352286
2985 0.5753149348698401
2986 0.960403302319542
2987 0.6995627825976523
2988 0.8449144590049527
2989 0.9358055361273929
2990 0.6038232134370626
2991 0.8492108145751075
2992 0.7156333028566728
2993 0.8613193598666111
2994 0.9713373790705921
2995 0.882480129316442
2996 0.8974724677969966
2997 0.5239550814839384
2998 0.977219926886732
2999 0.788772234568243
3000 0.7379616222995193
3001 0.6953961117351471
3002 0.9535190152859832
3003 0.7512517017469159
3004 0.6664826937732101
3005 0.9112035763452583
3006 0.9390509228730555
3007 0.8446741286872732
3008 0.8322637253677022
3009 0.9246463504033086
3010 0.7365205805922438
3011 0.8470338331967482
3012 0.9655943504757981
3013 0.9408125757871555
3014 0.962243983134028
3015 0.6790592190561597
3016 0.8094156313390775
3017 0.8246888908467117
3018 0.9671777007869617
3019 0.8260179739465903
3020 0.5300487680297092
3021 0.9263834316607168
3022 0.7779418638595661
3023 0.9578022040140662
3024 0.9666416976623107
3025 0.9680182690521075
3026 0.6636372987006297
3027 0.825478361127374
3028 0.7216603836199024
3029 0.9257724898257707
3030 0.6525539787408752
3031 0.9582871792038685
3032 0.9771874438918405
3033 0.8194595670032455
3034 0.6589531308042708
3035 0.87828959499888
3036 0.9118787665726779
3037 0.654892478491137
3038 0.8887973467722831
3039 0.9606524915545019
3040 0.8178455342997472
3041 0.9248567706938488
3042 0.5568442361399013
3043 0.9236945839047647
3044 0.9164322210560065
3045 0.9314830485699167
3046 0.5778008242475438
3047 0.9717531794949152
3048 0.894551504519809
3049 0.9333050310066419
3050 0.7754499083774345
3051 0.6235589189098873
3052 0.8960998595661209
3053 0.8215760557592743
3054 0.9424909946264831
3055 0.9952155364247582
3056 0.7933254968467315
3057 0.8998508031329941
3058 0.9292055989487211
3059 0.9961679176311533
3060 0.9869131589120859
3061 0.5617542844977187
3062 0.9216806918547996
3063 0.63230849365489
3064 0.9615050612933321
3065 0.9540045148916272
3066 0.9300103533367557
3067 0.9929398634311498
3068 0.9884248136572731
3069 0.9891817100527692
3070 0.9925563367282326
3071 0.9904432266351259
3072 0.9200185722663066
3073 0.9931737425231221
3074 0.9244088705278277
3075 0.9922667316106895
3076 0.6661278987728184
3077 0.83829716859597
3078 0.9901887503597312
3079 0.8043367812136126
3080 0.9963534075791047
3081 0.8256050569112116
3082 0.9884726306094717
3083 0.9198743819107538
3084 0.8836538823458494
3085 0.9005766258857207
3086 0.8216312675306819
3087 0.8909664885494646
3088 0.9745028974262308
3089 0.9628581046719752
3090 0.9868970729750595
3091 0.9938958492902062
3092 0.8331936079007525
3093 0.9875181742703366
3094 0.9943882069970961
3095 0.9950349561462936
3096 0.9941835964622358
3097 0.9944736939667008
3098 0.9706487913510251
3099 0.6119872717386089
3100 0.9909332723487316
3101 0.8437798749065037
3102 0.9616948307357829
3103 0.9176766608969018
3104 0.9901520904146565
3105 0.7083644414764253
3106 0.8270034862386848
3107 0.9532102365467097
3108 0.7683319020087342
3109 0.680067383819814
3110 0.9817302738859659
3111 0.9780323308592156
3112 0.9785712926538708
3113 0.8152845090504985
3114 0.5933856340544087
3115 0.923609621682492
3116 0.9141493006199906
3117 0.9871646114009148
3118 0.8071179342367949
3119 0.6923204084123419
3120 0.9611579973306408
3121 0.6157243597113319
3122 0.9734505495876886
3123 0.726434665395472
3124 0.9897407674097902
3125 0.9749141202965279
3126 0.9720064056337295
3127 0.9849457393372939
3128 0.7183795679168326
3129 0.9217350362920118
3130 0.9684092844322698
3131 0.6034613404059315
3132 0.9664562216205319
3133 0.9862821189778516
3134 0.9076860056255247
3135 0.5200737550183782
3136 0.9863072479938053
3137 0.9886226050828653
3138 0.5045869128507461
3139 0.9555778046671304
3140 0.9392042373992
3141 0.586764241245793
3142 0.963040972603024
3143 0.7431106351535796
3144 0.9866026559044044
3145 0.5224942281558068
3146 0.9751986864285099
3147 0.9515618095232079
3148 0.9887641457217129
3149 0.6692801971669652
3150 0.9655068286328271
3151 0.6855461475123928
3152 0.8800539313182074
3153 0.8678682250652242
3154 0.8383359099437655
3155 0.9897337852734079
3156 0.9901132789641415
3157 0.9900587164507528
3158 0.8071713011395485
3159 0.9309085504893405
3160 0.8372551425117364
3161 0.9907381647651603
3162 0.8785202550167907
3163 0.6812978119364104
3164 0.8049938718688593
3165 0.971476213336749
3166 0.989844520772719
3167 0.9892508551096159
3168 0.9687719647089053
3169 0.9657640966131241
3170 0.8257795190333664
3171 0.991228273268184
3172 0.8274957050276344
3173 0.9901921595801029
3174 0.9815768484189549
3175 0.9671349141621057
3176 0.9247816864708251
3177 0.706937945701033
3178 0.9860125977957509
3179 0.9497164955722824
3180 0.5488610238610037
3181 0.9323384418152886
3182 0.5374011495893875
3183 0.501347028617524
3184 0.9662038092444756
3185 0.8826579837783702
3186 0.584901814577483
3187 0.9817558490208093
3188 0.8483508559457681
3189 0.9848418482702701
3190 0.984627140659609
3191 0.7171575832634467
3192 0.9008905758922445
3193 0.9587142191561865
3194 0.9811454779389001
3195 0.5883932703314266
3196 0.8796468972171955
3197 0.7283189260907883
3198 0.9566451840923532
3199 0.9698338311614495
3200 0.983563255060111
3201 0.7080242584989752
3202 0.6795621491550641
3203 0.8780004541005421
3204 0.985939551607293
3205 0.8784965966218381
3206 0.9844524500364511
3207 0.9822046381578113
3208 0.9421531018575648
3209 0.9898948319328994
3210 0.7427454520026396
3211 0.8231538039988374
3212 0.9903701480515185
3213 0.9813379224348314
3214 0.7484489923838307
3215 0.981894257891285
3216 0.8568572301041508
3217 0.9826608545862041
3218 0.5805290098648186
3219 0.9718848143508135
3220 0.9894323511960132
3221 0.9890383369455616
3222 0.9362445364922138
3223 0.9955111433755618
3224 0.9989992475260816
3225 0.9939628590625982
3226 0.9840461166396668
3227 0.7766366197665243
3228 0.6637797776985173
3229 0.7875723993897707
3230 0.8153982672646424
3231 0.8012165070281619
3232 0.9969891253843354
3233 0.9052532827974356
3234 0.8708732853966257
3235 0.994939131059191
3236 0.8539036152956936
3237 0.9928190477496872
3238 0.992429464267311
3239 0.9981987551141777
3240 0.9889033860250689
3241 0.9296926068837171
3242 0.529059221900399
3243 0.7416498421188462
3244 0.998738085764145
3245 0.9971160836593451
3246 0.5755979147660977
3247 0.9388495409168698
3248 0.9972726582924559
3249 0.9861140736696224
3250 0.9910232987282026
3251 0.930987037692736
3252 0.8906984844802257
3253 0.9663859818234333
3254 0.7800407598778571
3255 0.8933843185972989
3256 0.9979533100775831
3257 0.8072350539341913
3258 0.9848604078926282
3259 0.5088292759893502
3260 0.9981909691765689
3261 0.9927383830545494
3262 0.9026393641342381
3263 0.9662127210778227
3264 0.9321155140552019
3265 0.7402096205833482
3266 0.9926242601612887
3267 0.6465115001280164
3268 0.9984732457366083
3269 0.9975706927582456
3270 0.926458331005744
3271 0.9877039490684867
3272 0.7379426629920386
3273 0.9906961476048581
3274 0.5828108889020823
3275 0.7881725570573664
3276 0.699382968001224
3277 0.7261312464912713
3278 0.9939427919740175
3279 0.9981774571049952
3280 0.6101224576369948
3281 0.7127594679975278
3282 0.8077855401244431
3283 0.5762996282070627
3284 0.5457193782149773
3285 0.9864753346356343
3286 0.9755718341166791
3287 0.9968768876835324
3288 0.5542173094152916
3289 0.9285661870297958
3290 0.8976816763563481
3291 0.9886830622452845
3292 0.9862110106664587
3293 0.9720660760914266
3294 0.9952856964913803
3295 0.7907628730784277
3296 0.9033507580484927
3297 0.8889319291823795
3298 0.9973286518328077
3299 0.9937730293826902
3300 0.9906597966077048
3301 0.9869766947342555
3302 0.6907414249135544
3303 0.9088409484750253
3304 0.9956016062308821
3305 0.9206346019438683
3306 0.9306518236218849
3307 0.5421275780352436
3308 0.8325369492609281
3309 0.7867747461944344
3310 0.9963041508828604
3311 0.9877229197850224
3312 0.8883714894171361
3313 0.9940074284218247
3314 0.9089474411538988
3315 0.994091938492802
3316 0.8551515190758742
3317 0.9750359536198204
3318 0.8494420945795467
3319 0.9282605077595806
3320 0.6397244842106196
3321 0.5186679336219521
3322 0.8530637250348501
3323 0.9679850267765331
3324 0.9849206037962582
3325 0.9667379945742592
3326 0.7697677618712577
3327 0.9900551225524775
3328 0.9565220206833883
3329 0.5150407892143435
3330 0.9835214614665875
3331 0.9860802401006751
3332 0.8729361123712176
3333 0.6528810611526181
3334 0.9787404962975333
3335 0.8802107333592075
3336 0.7312432357436863
3337 0.9867195122365087
3338 0.9861257945116312
3339 0.9854620192877903
3340 0.9148658958410969
3341 0.9140910145046425
3342 0.9389833396200328
3343 0.7103809262219125
3344 0.9437771300342788
3345 0.9555881268343696
3346 0.9576136023231573
3347 0.9189325170663759
3348 0.9496217210455888
3349 0.5541601077382373
3350 0.9835177920527967
3351 0.752238908515299
3352 0.6129807318976469
3353 0.579544972174383
3354 0.8189617969585922
3355 0.9093774656455448
3356 0.560424328626495
3357 0.9698061853201124
3358 0.973068752098511
3359 0.959100943925465
3360 0.851168098553798
3361 0.9081885894023495
3362 0.9811652247200526
3363 0.6511876399191356
3364 0.9097298002168956
3365 0.9888019248078597
3366 0.9733237795362647
3367 0.5069678864590184
3368 0.9515933104979448
3369 0.6760881323640685
3370 0.9891787265133313
3371 0.9022382787553929
3372 0.6808505529235711
3373 0.6739189895399328
3374 0.9752811842330574
3375 0.6980184419786543
3376 0.8931382706591934
3377 0.7791688073416764
3378 0.9505744770956783
3379 0.9758187402124882
3380 0.8232805425410844
3381 0.9798162540280492
3382 0.9228253145909433
3383 0.7603828897742069
3384 0.9208378120661328
3385 0.9887666136627701
3386 0.9031616278707899
3387 0.9722509923724241
3388 0.9177011728780796
3389 0.9123786365866784
3390 0.8756095432440664
3391 0.9422671425813113
3392 0.6084824540875815
3393 0.9722584398804437
3394 0.9738149609872538
3395 0.9043261877595313
3396 0.8367944383202216
3397 0.8602630925678897
3398 0.9784519314584199
3399 0.9965856027251558
3400 0.8746839005310867
3401 0.9953619642447439
3402 0.8629951152842049
3403 0.9979787557451967
3404 0.780787450690384
3405 0.889778747477688
3406 0.9977045825876473
3407 0.9962983810606415
3408 0.7747625663834345
3409 0.9977159954294885
3410 0.6669046001317986
3411 0.9639020811294616
3412 0.9981618623719628
3413 0.5583630556781191
3414 0.9122504308778031
3415 0.9977478034032524
3416 0.985303041773485
3417 0.9970261803071119
3418 0.9955392596140059
3419 0.607174636274322
3420 0.9981843743492931
3421 0.8782457831867294
3422 0.7888741286088663
3423 0.9086033942801108
3424 0.9983904835245633
3425 0.5905478948796541
3426 0.5302644925618467
3427 0.9302758847244029
3428 0.9014735054579005
3429 0.8951169640949665
3430 0.9959542555756772
3431 0.9196957204998931
3432 0.9302837197400448
3433 0.9589701438244131
3434 0.9702877898240309
3435 0.9930806200979093
3436 0.9171448111444149
3437 0.9952853580662662
3438 0.9957395557598093
3439 0.5369675560603797
3440 0.9813437726829166
3441 0.9518092929540303
3442 0.9004477980720516
3443 0.9932106715625937
3444 0.9174077287951272
3445 0.8686451672489526
3446 0.9939673733312824
3447 0.8463908637809074
3448 0.8818580560003748
3449 0.9283891030919388
3450 0.9943167151959896
3451 0.883047273327146
3452 0.9950170572439859
3453 0.6149156380714238
3454 0.9949742490534514
3455 0.9780214788073889
3456 0.8296192596756592
3457 0.9909756207116346
3458 0.9948102639648844
3459 0.6729946374986112
3460 0.6727829389095733
3461 0.7203964882514762
3462 0.9879821095710876
3463 0.7421308866397591
3464 0.6506371969670514
3465 0.9708053832142994
3466 0.952967266746332
3467 0.6384568308987888
3468 0.898720721602895
3469 0.941120929738565
3470 0.882124426826544
3471 0.5350658747596079
3472 0.9037878564696823
3473 0.5943584973821594
3474 0.9901654451731533
3475 0.9793389737222232
3476 0.9906379034610708
3477 0.5131954811744329
3478 0.8662095837616431
3479 0.9029457175251328
3480 0.7259631141992695
3481 0.6094948188674065
3482 0.8673718567471552
3483 0.9835004749609089
3484 0.901447713787136
3485 0.9445099393133104
3486 0.9767609953647283
3487 0.5082524657649226
3488 0.9505380163790734
3489 0.5552684640775841
3490 0.870161295734491
3491 0.5855761836478927
3492 0.8566238035123741
3493 0.8569286526159734
3494 0.8114286493199335
3495 0.8759556805640327
3496 0.6274779241143458
3497 0.8338550036794543
3498 0.7082277160573835
3499 0.9838990570306974
3500 0.9677481071416751
3501 0.9912819666007602
3502 0.9132256890715938
3503 0.8839451371424116
3504 0.962560313139819
3505 0.9195777940769264
3506 0.9625142317288885
3507 0.9504744332725713
3508 0.9158459929731214
3509 0.9267671197743751
3510 0.6338581775684756
3511 0.920403499495142
3512 0.978004076614864
3513 0.8425355500760202
3514 0.8468813582799803
3515 0.9824329856631074
3516 0.9330327864819321
3517 0.7519050485531454
3518 0.9615419790581595
3519 0.5349538501416764
3520 0.8617075540255407
3521 0.5221325421364811
3522 0.9112046530464273
3523 0.9826579395332256
3524 0.982287868918647
3525 0.9729981106235166
3526 0.9031589852113646
3527 0.9858838226110103
3528 0.9750813203438224
3529 0.6211231219358947
3530 0.9506553501069559
3531 0.8852862835683488
3532 0.9239209024497841
3533 0.9226317616300909
3534 0.911170605402899
3535 0.9560628176450449
3536 0.8343153661121622
3537 0.8677249143936477
3538 0.635090609284478
3539 0.9155842136914708
3540 0.9801889500805957
3541 0.6720856765452249
3542 0.9232429497606436
3543 0.8646359459532819
3544 0.6001430904875213
3545 0.8502184206525676
3546 0.846995855455875
3547 0.8691805435477905
3548 0.801472824607657
3549 0.9717525149708989
3550 0.951821187642922
3551 0.537740311613404
3552 0.9708284897949482
3553 0.8555268851060663
3554 0.5142695401154507
3555 0.9759309007947271
3556 0.9714657423214947
3557 0.8878737247364477
3558 0.9505759522286485
3559 0.9844844253722281
3560 0.8229951356966367
3561 0.908475930424206
3562 0.957742592064617
3563 0.9706052243261694
3564 0.5537271122383487
3565 0.8856337318428745
3566 0.8995314239124481
3567 0.9596454919640172
3568 0.8897356922028993
3569 0.552737900490029
3570 0.6206710527983396
3571 0.6891473435662193
3572 0.9490831498077249
3573 0.9382261729349364
3574 0.9445838256377672
3575 0.6611930155140058
3576 0.9516413358737115
