0 1.0
1 1.0
2 0.6666666666666666
3 0.75
4 0.8
5 0.8333333333333334
6 0.8571428571428571
7 0.875
8 0.8888888888888888
9 0.9
10 0.9090909090909091
11 0.9166666666666666
12 0.9230769230769231
13 0.8571428571428571
14 0.8666666666666667
15 0.875
16 0.8823529411764706
17 0.8888888888888888
18 0.8947368421052632
19 0.9
20 0.9047619047619048
21 0.9090909090909091
22 0.9130434782608695
23 0.9166666666666666
24 0.92
25 0.9230769230769231
26 0.9259259259259259
27 0.9285714285714286
28 0.9310344827586207
29 0.9333333333333333
30 0.9354838709677419
31 0.9375
32 0.9393939393939394
33 0.9411764705882353
34 0.9428571428571428
35 0.9444444444444444
36 0.9459459459459459
37 0.9473684210526315
38 0.9487179487179487
39 0.925
40 0.926829268292683
41 0.9285714285714286
42 0.9302325581395349
43 0.9318181818181818
44 0.9111111111111111
45 0.9130434782608695
46 0.9148936170212766
47 0.9166666666666666
48 0.9183673469387755
49 0.9
50 0.9019607843137255
51 0.9038461538461539
52 0.9056603773584906
53 0.9074074074074074
54 0.9090909090909091
55 0.9107142857142857
56 0.9122807017543859
57 0.9137931034482759
58 0.9152542372881356
59 0.9166666666666666
60 0.9180327868852459
61 0.9193548387096774
62 0.9047619047619048
63 0.90625
64 0.8923076923076924
65 0.8939393939393939
66 0.8955223880597015
67 0.8970588235294118
68 0.8985507246376812
69 0.9
70 0.9014084507042254
71 0.9027777777777778
72 0.8904109589041096
73 0.8918918918918919
74 0.8933333333333333
75 0.8947368421052632
76 0.8961038961038961
77 0.8846153846153846
78 0.8860759493670886
79 0.8875
80 0.8765432098765432
81 0.8780487804878049
82 0.8795180722891566
83 0.8809523809523809
84 0.8823529411764706
85 0.8837209302325582
86 0.8850574712643678
87 0.8863636363636364
88 0.8876404494382022
89 0.8888888888888888
90 0.8901098901098901
91 0.8913043478260869
92 0.8924731182795699
93 0.8936170212765957
94 0.8947368421052632
95 0.8958333333333334
96 0.8865979381443299
97 0.8877551020408163
98 0.8888888888888888
99 0.88
100 0.8811881188118812
101 0.8823529411764706
102 0.883495145631068
103 0.8846153846153846
104 0.8761904761904762
105 0.8773584905660378
106 0.8785046728971962
107 0.8796296296296297
108 0.8807339449541285
109 0.8818181818181818
110 0.8828828828828829
111 0.8839285714285714
112 0.8849557522123894
113 0.8859649122807017
114 0.8869565217391304
115 0.8879310344827587
116 0.8888888888888888
117 0.8813559322033898
118 0.8823529411764706
119 0.8833333333333333
120 0.8842975206611571
121 0.8852459016393442
122 0.8861788617886179
123 0.8870967741935484
124 0.888
125 0.8888888888888888
126 0.889763779527559
127 0.890625
128 0.8914728682170543
129 0.8923076923076924
130 0.8931297709923665
131 0.8939393939393939
132 0.8872180451127819
133 0.8880597014925373
134 0.8888888888888888
135 0.8897058823529411
136 0.8905109489051095
137 0.8913043478260869
138 0.8920863309352518
139 0.8928571428571429
140 0.8936170212765957
141 0.8943661971830986
142 0.8951048951048951
143 0.8958333333333334
144 0.896551724137931
145 0.8972602739726028
146 0.8979591836734694
147 0.8986486486486487
148 0.8993288590604027
149 0.9
150 0.9006622516556292
151 0.8947368421052632
152 0.8954248366013072
153 0.8961038961038961
154 0.896774193548387
155 0.8974358974358975
156 0.89171974522293
157 0.8924050632911392
158 0.8930817610062893
159 0.89375
160 0.8944099378881988
161 0.8950617283950617
162 0.8957055214723927
163 0.8963414634146342
164 0.896969696969697
165 0.891566265060241
166 0.8922155688622755
167 0.8928571428571429
168 0.893491124260355
169 0.8941176470588236
170 0.8947368421052632
171 0.8953488372093024
172 0.8901734104046243
173 0.8908045977011494
174 0.8857142857142857
175 0.8863636363636364
176 0.8870056497175142
177 0.8876404494382022
178 0.888268156424581
179 0.8888888888888888
180 0.8895027624309392
181 0.8901098901098901
182 0.8907103825136612
183 0.8913043478260869
184 0.8918918918918919
185 0.8924731182795699
186 0.893048128342246
187 0.8936170212765957
188 0.8941798941798942
189 0.8894736842105263
190 0.8900523560209425
191 0.890625
192 0.8911917098445595
193 0.8917525773195877
194 0.8923076923076924
195 0.8877551020408163
196 0.8883248730964467
197 0.8888888888888888
198 0.8894472361809045
199 0.89
200 0.8905472636815921
201 0.8910891089108911
202 0.8916256157635468
203 0.8921568627450981
204 0.8926829268292683
205 0.8932038834951457
206 0.8888888888888888
207 0.8894230769230769
208 0.8899521531100478
209 0.8904761904761904
210 0.8909952606635071
211 0.8915094339622641
212 0.892018779342723
213 0.8878504672897196
214 0.8883720930232558
215 0.8888888888888888
216 0.8847926267281107
217 0.8853211009174312
218 0.8858447488584474
219 0.8863636363636364
220 0.8868778280542986
221 0.8873873873873874
222 0.8878923766816144
223 0.8883928571428571
224 0.8888888888888888
225 0.8893805309734514
226 0.8898678414096917
227 0.8903508771929824
228 0.8908296943231441
229 0.8913043478260869
230 0.8917748917748918
231 0.8922413793103449
232 0.8927038626609443
233 0.8931623931623932
234 0.8936170212765957
235 0.8940677966101694
236 0.8945147679324894
237 0.8949579831932774
238 0.895397489539749
239 0.8958333333333334
240 0.8962655601659751
241 0.8966942148760331
242 0.897119341563786
243 0.8975409836065574
244 0.8979591836734694
245 0.8983739837398373
246 0.8987854251012146
247 0.8951612903225806
248 0.8955823293172691
249 0.896
250 0.896414342629482
251 0.8968253968253969
252 0.8972332015810277
253 0.8976377952755905
254 0.8980392156862745
255 0.8984375
256 0.8988326848249028
257 0.8992248062015504
258 0.8957528957528957
259 0.8961538461538462
260 0.896551724137931
261 0.8969465648854962
262 0.8973384030418251
263 0.8977272727272727
264 0.8981132075471698
265 0.8984962406015038
266 0.898876404494382
267 0.8992537313432836
268 0.8996282527881041
269 0.9
270 0.9003690036900369
271 0.9007352941176471
272 0.8974358974358975
273 0.8978102189781022
274 0.8981818181818182
275 0.8985507246376812
276 0.8989169675090253
277 0.8992805755395683
278 0.8960573476702509
279 0.8964285714285715
280 0.896797153024911
281 0.8971631205673759
282 0.8975265017667845
283 0.897887323943662
284 0.8982456140350877
285 0.8986013986013986
286 0.8989547038327527
287 0.8993055555555556
288 0.8996539792387543
289 0.9
290 0.9003436426116839
291 0.9006849315068494
292 0.9010238907849829
293 0.9013605442176871
294 0.9016949152542373
295 0.8986486486486487
296 0.898989898989899
297 0.8993288590604027
298 0.8996655518394648
299 0.9
300 0.9003322259136213
301 0.9006622516556292
302 0.900990099009901
303 0.9013157894736842
304 0.9016393442622951
305 0.9019607843137255
306 0.9022801302931596
307 0.9025974025974026
308 0.9029126213592233
309 0.9032258064516129
310 0.9035369774919614
311 0.9038461538461539
312 0.9009584664536742
313 0.9012738853503185
314 0.8984126984126984
315 0.8955696202531646
316 0.8927444794952681
317 0.8930817610062893
318 0.8934169278996865
319 0.89375
320 0.8940809968847352
321 0.8944099378881988
322 0.8947368421052632
323 0.8950617283950617
324 0.8953846153846153
325 0.8957055214723927
326 0.8929663608562691
327 0.8932926829268293
328 0.8905775075987842
329 0.8909090909090909
330 0.8912386706948641
331 0.8885542168674698
332 0.8888888888888888
333 0.8892215568862275
334 0.8865671641791045
335 0.8869047619047619
336 0.887240356083086
337 0.8875739644970414
338 0.887905604719764
339 0.888235294117647
340 0.8885630498533724
341 0.8888888888888888
342 0.8892128279883382
343 0.8895348837209303
344 0.8898550724637682
345 0.8901734104046243
346 0.8904899135446686
347 0.8908045977011494
348 0.8882521489971347
349 0.8885714285714286
350 0.8888888888888888
351 0.8892045454545454
352 0.8895184135977338
353 0.8898305084745762
354 0.8901408450704226
355 0.8904494382022472
356 0.8907563025210085
357 0.8910614525139665
358 0.8885793871866295
359 0.8888888888888888
360 0.889196675900277
361 0.8867403314917127
362 0.8870523415977961
363 0.8873626373626373
364 0.8876712328767123
365 0.8879781420765027
366 0.888283378746594
367 0.8885869565217391
368 0.8888888888888888
369 0.8891891891891892
370 0.889487870619946
371 0.8897849462365591
372 0.8900804289544236
373 0.8877005347593583
374 0.888
375 0.8882978723404256
376 0.8885941644562334
377 0.8888888888888888
378 0.8891820580474934
379 0.8894736842105263
380 0.889763779527559
381 0.8900523560209425
382 0.8903394255874674
383 0.890625
384 0.8909090909090909
385 0.8911917098445595
386 0.8914728682170543
387 0.8917525773195877
388 0.8920308483290489
389 0.8923076923076924
390 0.8925831202046036
391 0.8928571428571429
392 0.8931297709923665
393 0.8934010152284264
394 0.8936708860759494
395 0.8939393939393939
396 0.8942065491183879
397 0.8944723618090452
398 0.8947368421052632
399 0.895
400 0.8952618453865336
401 0.8955223880597015
402 0.8957816377171216
403 0.8960396039603961
404 0.8962962962962963
405 0.896551724137931
406 0.8968058968058968
407 0.8970588235294118
408 0.8973105134474327
409 0.8975609756097561
410 0.8978102189781022
411 0.8980582524271845
412 0.8983050847457628
413 0.8985507246376812
414 0.8987951807228916
415 0.8966346153846154
416 0.8968824940047961
417 0.8947368421052632
418 0.8949880668257757
419 0.8952380952380953
420 0.8954869358669834
421 0.8957345971563981
422 0.8959810874704491
423 0.8962264150943396
424 0.8964705882352941
425 0.8967136150234741
426 0.8969555035128806
427 0.897196261682243
428 0.8974358974358975
429 0.8976744186046511
430 0.8979118329466357
431 0.8981481481481481
432 0.8983833718244804
433 0.8986175115207373
434 0.8988505747126436
435 0.8990825688073395
436 0.8993135011441648
437 0.8972602739726028
438 0.8952164009111617
439 0.8954545454545455
440 0.8956916099773242
441 0.8959276018099548
442 0.8961625282167043
443 0.8963963963963963
444 0.8966292134831461
445 0.8968609865470852
446 0.8970917225950783
447 0.8973214285714286
448 0.8975501113585747
449 0.8977777777777778
450 0.8957871396895787
451 0.8960176991150443
452 0.8962472406181016
453 0.8964757709251101
454 0.8967032967032967
455 0.8969298245614035
456 0.8971553610503282
457 0.8973799126637555
458 0.8976034858387799
459 0.8978260869565218
460 0.8980477223427332
461 0.8961038961038961
462 0.896328293736501
463 0.896551724137931
464 0.896774193548387
465 0.8969957081545065
466 0.8972162740899358
467 0.8974358974358975
468 0.8976545842217484
469 0.8978723404255319
470 0.8980891719745223
471 0.8983050847457628
472 0.8985200845665962
473 0.8987341772151899
474 0.8989473684210526
475 0.8991596638655462
476 0.89937106918239
477 0.899581589958159
478 0.8997912317327766
479 0.9
480 0.9002079002079002
481 0.9004149377593361
482 0.9006211180124224
483 0.8987603305785123
484 0.8989690721649485
485 0.8991769547325102
486 0.8993839835728953
487 0.8995901639344263
488 0.8997955010224948
489 0.9
490 0.90020366598778
491 0.9004065040650406
492 0.9006085192697769
493 0.9008097165991903
494 0.901010101010101
495 0.9012096774193549
496 0.9014084507042254
497 0.9016064257028112
498 0.9018036072144289
499 0.902
500 0.9021956087824351
501 0.9023904382470119
502 0.9025844930417495
503 0.9027777777777778
504 0.902970297029703
505 0.9031620553359684
506 0.903353057199211
507 0.9035433070866141
508 0.9037328094302554
509 0.903921568627451
510 0.9041095890410958
511 0.904296875
512 0.9044834307992202
513 0.9046692607003891
514 0.9048543689320389
515 0.9031007751937985
516 0.9032882011605415
517 0.9034749034749034
518 0.9036608863198459
519 0.9038461538461539
520 0.9040307101727447
521 0.9042145593869731
522 0.904397705544933
523 0.9045801526717557
524 0.9047619047619048
525 0.9049429657794676
526 0.905123339658444
527 0.9053030303030303
528 0.9054820415879017
529 0.9056603773584906
530 0.9058380414312618
531 0.9060150375939849
532 0.9061913696060038
533 0.9044943820224719
534 0.9046728971962616
535 0.9048507462686567
536 0.9050279329608939
537 0.9052044609665427
538 0.9053803339517625
539 0.9055555555555556
540 0.9038817005545287
541 0.9040590405904059
542 0.9042357274401474
543 0.9044117647058824
544 0.9045871559633027
545 0.9047619047619048
546 0.9049360146252285
547 0.9051094890510949
548 0.9052823315118397
549 0.9036363636363637
550 0.9038112522686026
551 0.9039855072463768
552 0.9041591320072333
553 0.9043321299638989
554 0.9045045045045045
555 0.9046762589928058
556 0.9048473967684022
557 0.9032258064516129
558 0.9033989266547406
559 0.9017857142857143
560 0.9019607843137255
561 0.902135231316726
562 0.9023090586145648
563 0.9024822695035462
564 0.9026548672566371
565 0.9028268551236749
566 0.9029982363315696
567 0.903169014084507
568 0.9033391915641477
569 0.9035087719298246
570 0.9036777583187391
571 0.9038461538461539
572 0.9040139616055847
573 0.9041811846689896
574 0.9043478260869565
575 0.9045138888888888
576 0.9046793760831889
577 0.9048442906574394
578 0.9050086355785838
579 0.9051724137931034
580 0.9053356282271945
581 0.9054982817869416
582 0.9039451114922813
583 0.9041095890410958
584 0.9042735042735043
585 0.9044368600682594
586 0.9028960817717206
587 0.9030612244897959
588 0.9032258064516129
589 0.9033898305084745
590 0.9035532994923858
591 0.9037162162162162
592 0.9038785834738617
593 0.9040404040404041
594 0.9042016806722689
595 0.9043624161073825
596 0.9028475711892797
597 0.903010033444816
598 0.9031719532554258
599 0.9033333333333333
600 0.9034941763727121
601 0.9036544850498339
602 0.9038142620232172
603 0.9039735099337748
604 0.9041322314049587
605 0.9042904290429042
606 0.9044481054365733
607 0.9046052631578947
608 0.9047619047619048
609 0.9049180327868852
610 0.9050736497545008
611 0.9052287581699346
612 0.9037520391517129
613 0.9022801302931596
614 0.9024390243902439
615 0.9025974025974026
616 0.9027552674230146
617 0.9029126213592233
618 0.9030694668820679
619 0.9032258064516129
620 0.9033816425120773
621 0.9035369774919614
622 0.9036918138041734
623 0.9038461538461539
624 0.904
625 0.9041533546325878
626 0.9027113237639554
627 0.9028662420382165
628 0.9030206677265501
629 0.9031746031746032
630 0.9033280507131537
631 0.9034810126582279
632 0.9020537124802528
633 0.9022082018927445
634 0.9023622047244094
635 0.9025157232704403
636 0.902668759811617
637 0.9028213166144201
638 0.9029733959311425
639 0.903125
640 0.9032761310452418
641 0.9034267912772586
642 0.9035769828926905
643 0.9037267080745341
644 0.9038759689922481
645 0.9040247678018576
646 0.9041731066460588
647 0.904320987654321
648 0.9044684129429892
649 0.9046153846153846
650 0.9047619047619048
651 0.9049079754601227
652 0.9050535987748851
653 0.9051987767584098
654 0.9053435114503817
655 0.9054878048780488
656 0.9056316590563166
657 0.9057750759878419
658 0.9059180576631259
659 0.906060606060606
660 0.9062027231467473
661 0.9063444108761329
662 0.9064856711915535
663 0.9066265060240963
664 0.9067669172932331
665 0.9069069069069069
666 0.9070464767616192
667 0.907185628742515
668 0.9073243647234679
669 0.9074626865671642
670 0.9076005961251863
671 0.90625
672 0.9063893016344725
673 0.9065281899109793
674 0.9066666666666666
675 0.9068047337278107
676 0.9069423929098966
677 0.9070796460176991
678 0.9072164948453608
679 0.9073529411764706
680 0.9074889867841409
681 0.907624633431085
682 0.9077598828696926
683 0.9078947368421053
684 0.908029197080292
685 0.9081632653061225
686 0.9082969432314411
687 0.9084302325581395
688 0.9085631349782293
689 0.908695652173913
690 0.9088277858176556
691 0.9075144508670521
692 0.9076479076479076
693 0.9077809798270894
694 0.9079136690647482
695 0.9080459770114943
696 0.9081779053084649
697 0.9083094555873925
698 0.9084406294706724
699 0.9071428571428571
700 0.9072753209700428
701 0.9074074074074074
702 0.9075391180654339
703 0.9076704545454546
704 0.9078014184397163
705 0.9079320113314447
706 0.9080622347949081
707 0.9081920903954802
708 0.9083215796897038
709 0.9084507042253521
710 0.9085794655414908
711 0.9087078651685393
712 0.908835904628331
713 0.9089635854341737
714 0.9090909090909091
715 0.909217877094972
716 0.9093444909344491
717 0.9094707520891365
718 0.9095966620305981
719 0.9097222222222222
720 0.9098474341192788
721 0.909972299168975
722 0.9100968188105117
723 0.9102209944751382
724 0.9103448275862069
725 0.9104683195592287
726 0.9092159559834938
727 0.9093406593406593
728 0.9094650205761317
729 0.9095890410958904
730 0.9097127222982216
731 0.9098360655737705
732 0.9099590723055935
733 0.9100817438692098
734 0.9102040816326531
735 0.9103260869565217
736 0.9104477611940298
737 0.9105691056910569
738 0.9106901217861976
739 0.9108108108108108
740 0.9109311740890689
741 0.9110512129380054
742 0.9111709286675639
743 0.9112903225806451
744 0.9114093959731544
745 0.9115281501340483
746 0.9103078982597055
747 0.9090909090909091
748 0.9092122830440588
749 0.9093333333333333
750 0.9094540612516645
751 0.9095744680851063
752 0.9096945551128818
753 0.9098143236074271
754 0.909933774834437
755 0.91005291005291
756 0.9101717305151915
757 0.9102902374670184
758 0.9090909090909091
759 0.9092105263157895
760 0.9093298291721419
761 0.9081364829396326
762 0.9069462647444299
763 0.9070680628272252
764 0.9071895424836601
765 0.9073107049608355
766 0.9061277705345502
767 0.9049479166666666
768 0.9037711313394018
769 0.9038961038961039
770 0.9040207522697795
771 0.9041450777202072
772 0.9042690815006468
773 0.9043927648578811
774 0.9045161290322581
775 0.904639175257732
776 0.9047619047619048
777 0.9048843187660668
778 0.9050064184852374
779 0.9051282051282051
780 0.9052496798975672
781 0.9053708439897699
782 0.9054916985951469
783 0.9056122448979592
784 0.9044585987261147
785 0.9045801526717557
786 0.9047013977128335
787 0.9048223350253807
788 0.9049429657794676
789 0.9037974683544304
790 0.9039190897597977
791 0.9040404040404041
792 0.9041614123581336
793 0.9042821158690176
794 0.9044025157232705
795 0.9045226130653267
796 0.904642409033877
797 0.9047619047619048
798 0.904881101376721
799 0.905
800 0.9051186017478152
801 0.9052369077306733
802 0.9053549190535491
803 0.9054726368159204
804 0.9055900621118013
805 0.9057071960297767
806 0.9058240396530359
807 0.905940594059406
808 0.9060568603213844
809 0.9061728395061729
810 0.906288532675709
811 0.9064039408866995
812 0.906519065190652
813 0.9066339066339066
814 0.9067484662576687
815 0.9068627450980392
816 0.9069767441860465
817 0.9070904645476773
818 0.9072039072039072
819 0.9060975609756098
820 0.9062119366626066
821 0.9063260340632603
822 0.9064398541919806
823 0.9065533980582524
824 0.9066666666666666
825 0.9067796610169492
826 0.9068923821039904
827 0.9070048309178744
828 0.9071170084439083
829 0.9072289156626506
830 0.9073405535499398
831 0.9074519230769231
832 0.907563025210084
833 0.907673860911271
834 0.9077844311377246
835 0.9078947368421053
836 0.9068100358422939
837 0.9069212410501193
838 0.9058402860548271
839 0.905952380952381
840 0.906064209274673
841 0.9049881235154394
842 0.9051008303677343
843 0.9052132701421801
844 0.9053254437869822
845 0.9054373522458629
846 0.9055489964580874
847 0.9056603773584906
848 0.9057714958775029
849 0.9058823529411765
850 0.9059929494712103
851 0.9061032863849765
852 0.9062133645955451
853 0.9063231850117096
854 0.9064327485380117
855 0.9065420560747663
856 0.9066511085180864
857 0.9067599067599068
858 0.9068684516880093
859 0.9069767441860465
860 0.9070847851335656
861 0.9071925754060325
862 0.9073001158748552
863 0.9074074074074074
864 0.9075144508670521
865 0.9076212471131639
866 0.9077277970011534
867 0.9078341013824884
868 0.906789413118527
869 0.906896551724138
870 0.9058553386911596
871 0.9048165137614679
872 0.9049255441008018
873 0.9050343249427918
874 0.9051428571428571
875 0.9052511415525114
876 0.9053591790193842
877 0.9054669703872438
878 0.9055745164960182
879 0.9056818181818181
880 0.905788876276958
881 0.9058956916099773
882 0.9060022650056625
883 0.9049773755656109
884 0.9050847457627119
885 0.9051918735891648
886 0.9052987598647125
887 0.9054054054054054
888 0.905511811023622
889 0.9056179775280899
890 0.9057239057239057
891 0.9047085201793722
892 0.9048152295632699
893 0.9049217002237137
894 0.9050279329608939
895 0.9051339285714286
896 0.9041248606465998
897 0.9042316258351893
898 0.9043381535038932
899 0.9044444444444445
900 0.904550499445061
901 0.9046563192904656
902 0.9047619047619048
903 0.9037610619469026
904 0.9027624309392265
905 0.9028697571743929
906 0.9029768467475193
907 0.9030837004405287
908 0.9031903190319032
909 0.9032967032967033
910 0.9023051591657519
911 0.9024122807017544
912 0.9025191675794085
913 0.9026258205689278
914 0.9027322404371585
915 0.9028384279475983
916 0.9029443838604144
917 0.9019607843137255
918 0.9020674646354734
919 0.9021739130434783
920 0.9022801302931596
921 0.9023861171366594
922 0.9024918743228603
923 0.9015151515151515
924 0.9016216216216216
925 0.9017278617710583
926 0.9018338727076591
927 0.9019396551724138
928 0.9020452099031216
929 0.9021505376344086
930 0.9011815252416756
931 0.9012875536480687
932 0.9013933547695605
933 0.9014989293361885
934 0.9016042780748663
935 0.9017094017094017
936 0.9018143009605123
937 0.9008528784648188
938 0.9009584664536742
939 0.9010638297872341
940 0.9011689691817216
941 0.9002123142250531
942 0.9003181336161188
943 0.9004237288135594
944 0.9005291005291005
945 0.9006342494714588
946 0.9007391763463569
947 0.9008438818565401
948 0.9009483667017913
949 0.9010526315789473
950 0.9011566771819137
951 0.9012605042016807
952 0.9013641133263379
953 0.9014675052410901
954 0.9015706806282723
955 0.9016736401673641
956 0.9017763845350052
957 0.9018789144050104
958 0.9019812304483837
959 0.9020833333333333
960 0.9021852237252862
961 0.9022869022869023
962 0.9023883696780893
963 0.9024896265560166
964 0.9025906735751296
965 0.9026915113871635
966 0.9027921406411582
967 0.9028925619834711
968 0.9019607843137255
969 0.9020618556701031
970 0.90216271884655
971 0.9022633744855967
972 0.9023638232271326
973 0.9024640657084189
974 0.9025641025641026
975 0.9026639344262295
976 0.9027635619242579
977 0.9028629856850716
978 0.9029622063329928
979 0.9030612244897959
980 0.9031600407747197
981 0.9032586558044806
982 0.9033570701932858
983 0.9034552845528455
984 0.9035532994923858
985 0.9036511156186613
986 0.9037487335359676
987 0.9038461538461539
988 0.9039433771486349
989 0.9040404040404041
990 0.9041372351160444
991 0.9042338709677419
992 0.904330312185297
993 0.9044265593561368
994 0.9045226130653267
995 0.9046184738955824
996 0.9047141424272819
997 0.9048096192384769
998 0.9049049049049049
999 0.905
1000 0.9050949050949051
1001 0.9051896207584831
1002 0.905284147557328
1003 0.9053784860557769
1004 0.9054726368159204
1005 0.9055666003976143
1006 0.9056603773584906
1007 0.9057539682539683
1008 0.9058473736372646
1009 0.905940594059406
1010 0.9060336300692384
1011 0.9061264822134387
1012 0.9062191510365252
1013 0.9063116370808678
1014 0.9064039408866995
1015 0.906496062992126
1016 0.9065880039331367
1017 0.906679764243615
1018 0.9067713444553483
1019 0.9068627450980392
1020 0.9069539666993144
1021 0.9070450097847358
1022 0.9071358748778103
1023 0.9072265625
1024 0.9073170731707317
1025 0.9074074074074074
1026 0.9074975657254138
1027 0.9075875486381323
1028 0.9076773566569485
1029 0.9077669902912622
1030 0.9078564500484966
1031 0.9079457364341085
1032 0.9070667957405615
1033 0.90715667311412
1034 0.9072463768115943
1035 0.9073359073359073
1036 0.9074252651880425
1037 0.9075144508670521
1038 0.9076034648700674
1039 0.9067307692307692
1040 0.9068203650336215
1041 0.9069097888675623
1042 0.9069990412272292
1043 0.907088122605364
1044 0.907177033492823
1045 0.9072657743785851
1046 0.9073543457497613
1047 0.9074427480916031
1048 0.9075309818875119
1049 0.9076190476190477
1050 0.9077069457659372
1051 0.9077946768060836
1052 0.9078822412155746
1053 0.9079696394686907
1054 0.9071090047393365
1055 0.9071969696969697
1056 0.9072847682119205
1057 0.9073724007561437
1058 0.9065155807365439
1059 0.9066037735849056
1060 0.9066918001885014
1061 0.9067796610169492
1062 0.9068673565380997
1063 0.9060150375939849
1064 0.9061032863849765
1065 0.9061913696060038
1066 0.9062792877225867
1067 0.9054307116104869
1068 0.9055191768007483
1069 0.905607476635514
1070 0.9056956115779645
1071 0.9057835820895522
1072 0.9049394221808015
1073 0.9050279329608939
1074 0.9051162790697674
1075 0.904275092936803
1076 0.904363974001857
1077 0.9035250463821892
1078 0.9036144578313253
1079 0.9037037037037037
1080 0.9037927844588344
1081 0.9038817005545287
1082 0.9039704524469068
1083 0.9040590405904059
1084 0.904147465437788
1085 0.9042357274401474
1086 0.9043238270469182
1087 0.9044117647058824
1088 0.9044995408631772
1089 0.9036697247706422
1090 0.9037580201649863
1091 0.9038461538461539
1092 0.9039341262580055
1093 0.9040219378427788
1094 0.9041095890410958
1095 0.9041970802919708
1096 0.9042844120328167
1097 0.9043715846994536
1098 0.9044585987261147
1099 0.9045454545454545
1100 0.9046321525885559
1101 0.9047186932849365
1102 0.9048050770625566
1103 0.904891304347826
1104 0.9049773755656109
1105 0.9050632911392406
1106 0.9051490514905149
1107 0.9052346570397112
1108 0.9053201082055906
1109 0.9054054054054054
1110 0.9054905490549054
1111 0.9046762589928058
1112 0.9047619047619048
1113 0.9048473967684022
1114 0.9040358744394619
1115 0.9041218637992832
1116 0.9042076991942704
1117 0.9042933810375671
1118 0.90437890974084
1119 0.9044642857142857
1120 0.9045495093666369
1121 0.9046345811051694
1122 0.9047195013357079
1123 0.9039145907473309
1124 0.904
1125 0.9040852575488455
1126 0.904170363797693
1127 0.9042553191489362
1128 0.9043401240035429
1129 0.904424778761062
1130 0.9045092838196287
1131 0.9037102473498233
1132 0.9037952338923213
1133 0.9038800705467372
1134 0.9030837004405287
1135 0.903169014084507
1136 0.9032541776605101
1137 0.9033391915641477
1138 0.9034240561896401
1139 0.9035087719298246
1140 0.9035933391761612
1141 0.9036777583187391
1142 0.9037620297462817
1143 0.9038461538461539
1144 0.9039301310043668
1145 0.9040139616055847
1146 0.9032258064516129
1147 0.9033101045296167
1148 0.9033942558746736
1149 0.9034782608695652
1150 0.9035621198957429
1151 0.9036458333333334
1152 0.9037294015611448
1153 0.9038128249566725
1154 0.9038961038961039
1155 0.9039792387543253
1156 0.9040622299049266
1157 0.9041450777202072
1158 0.9042277825711821
1159 0.9043103448275862
1160 0.9043927648578811
1161 0.9044750430292599
1162 0.9045571797076526
1163 0.904639175257732
1164 0.903862660944206
1165 0.9039451114922813
1166 0.9040274207369323
1167 0.9041095890410958
1168 0.9041916167664671
1169 0.9042735042735043
1170 0.9043552519214346
1171 0.9044368600682594
1172 0.9045183290707587
1173 0.9045996592844975
1174 0.9046808510638298
1175 0.9047619047619048
1176 0.9048428207306712
1177 0.9049235993208828
1178 0.9050042408821035
1179 0.9050847457627119
1180 0.9051651143099069
1181 0.9052453468697124
1182 0.9053254437869822
1183 0.9054054054054054
1184 0.9054852320675105
1185 0.9055649241146712
1186 0.9056444818871103
1187 0.9057239057239057
1188 0.9058031959629941
1189 0.9058823529411765
1190 0.9059613769941226
1191 0.9060402684563759
1192 0.9061190276613579
1193 0.9053601340033501
1194 0.9054393305439331
1195 0.9055183946488294
1196 0.9055973266499582
1197 0.9048414023372288
1198 0.9049207673060884
1199 0.905
1200 0.9050791007493755
1201 0.9051580698835274
1202 0.9052369077306733
1203 0.9053156146179402
1204 0.9053941908713693
1205 0.9054726368159204
1206 0.9055509527754764
1207 0.9056291390728477
1208 0.9057071960297767
1209 0.9057851239669421
1210 0.9058629232039637
1211 0.905940594059406
1212 0.9051937345424568
1213 0.9052718286655683
1214 0.9053497942386831
1215 0.9054276315789473
1216 0.905505341002465
1217 0.9055829228243021
1218 0.9056603773584906
1219 0.9057377049180327
1220 0.9058149058149059
1221 0.9058919803600655
1222 0.9059689288634505
1223 0.9060457516339869
1224 0.9061224489795918
1225 0.9061990212071778
1226 0.9062754686226568
1227 0.9063517915309446
1228 0.9064279902359642
1229 0.9065040650406504
1230 0.9065800162469537
1231 0.9066558441558441
1232 0.9059205190592052
1233 0.9059967585089141
1234 0.9060728744939271
1235 0.9061488673139159
1236 0.9054163298302345
1237 0.9054927302100162
1238 0.9055690072639225
1239 0.9056451612903226
1240 0.9057211925866236
1241 0.9057971014492754
1242 0.9058728881737731
1243 0.9059485530546624
1244 0.9060240963855422
1245 0.906099518459069
1246 0.9061748195669607
1247 0.90625
1248 0.9063250600480385
1249 0.9064
1250 0.9064748201438849
1251 0.9065495207667732
1252 0.9066241021548284
1253 0.9066985645933014
1254 0.9067729083665339
1255 0.9068471337579618
1256 0.9069212410501193
1257 0.9069952305246423
1258 0.9070691024622717
1259 0.9071428571428571
1260 0.9064234734337827
1261 0.9064976228209192
1262 0.9057798891528107
1263 0.9058544303797469
1264 0.9059288537549407
1265 0.906003159557662
1266 0.9052880820836622
1267 0.9053627760252366
1268 0.904649330181245
1269 0.9047244094488189
1270 0.9047993705743509
1271 0.904874213836478
1272 0.9049489395129615
1273 0.9050235478806907
1274 0.9050980392156863
1275 0.9051724137931034
1276 0.9052466718872357
1277 0.905320813771518
1278 0.9046129788897577
1279 0.9046875
1280 0.9047619047619048
1281 0.9048361934477379
1282 0.9049103663289166
1283 0.9049844236760125
1284 0.9050583657587549
1285 0.9051321928460342
1286 0.9052059052059052
1287 0.90527950310559
1288 0.9053529868114818
1289 0.9054263565891473
1290 0.9054996127033308
1291 0.9047987616099071
1292 0.9048723897911833
1293 0.9049459041731066
1294 0.905019305019305
1295 0.9050925925925926
1296 0.905165767154973
1297 0.9052388289676425
1298 0.9045419553502695
1299 0.9046153846153846
1300 0.9046887009992314
1301 0.9047619047619048
1302 0.9048349961627015
1303 0.9041411042944786
1304 0.9042145593869731
1305 0.9042879019908117
1306 0.9043611323641928
1307 0.904434250764526
1308 0.904507257448434
1309 0.9045801526717557
1310 0.9038901601830663
1311 0.9039634146341463
1312 0.904036557501904
1313 0.9041095890410958
1314 0.9041825095057034
1315 0.9042553191489362
1316 0.9035687167805618
1317 0.9036418816388467
1318 0.9037149355572404
1319 0.9037878787878788
1320 0.9038607115821348
1321 0.9039334341906202
1322 0.9040060468631897
1323 0.9033232628398792
1324 0.9033962264150943
1325 0.9034690799396682
1326 0.9035418236623964
1327 0.9036144578313253
1328 0.9036869826937547
1329 0.9037593984962407
1330 0.903831705484598
1331 0.9039039039039038
1332 0.9032258064516129
1333 0.9032983508245878
1334 0.903370786516854
1335 0.9034431137724551
1336 0.9035153328347045
1337 0.9035874439461884
1338 0.9036594473487677
1339 0.9037313432835821
1340 0.9030574198359433
1341 0.9031296572280179
1342 0.9032017870439315
1343 0.9032738095238095
1344 0.9026022304832714
1345 0.9026745913818722
1346 0.902746844840386
1347 0.9028189910979229
1348 0.9028910303928837
1349 0.902962962962963
1350 0.9030347890451518
1351 0.9031065088757396
1352 0.9031781226903178
1353 0.9032496307237814
1354 0.9033210332103321
1355 0.9033923303834809
1356 0.9034635224760501
1357 0.9035346097201767
1358 0.9036055923473142
1359 0.9036764705882353
1360 0.9037472446730346
1361 0.9038179148311307
1362 0.9038884812912693
1363 0.9039589442815249
1364 0.904029304029304
1365 0.904099560761347
1366 0.9041697147037308
1367 0.9042397660818714
1368 0.9043097151205259
1369 0.9043795620437957
1370 0.9044493070751276
1371 0.9045189504373178
1372 0.9038601602330663
1373 0.9039301310043668
1374 0.904
1375 0.9040697674418605
1376 0.9041394335511983
1377 0.9042089985486212
1378 0.9042784626540972
1379 0.9043478260869565
1380 0.9036929761042722
1381 0.9037626628075254
1382 0.9038322487346349
1383 0.9039017341040463
1384 0.903971119133574
1385 0.9040404040404041
1386 0.9041095890410958
1387 0.9034582132564841
1388 0.9035277177825773
1389 0.9035971223021583
1390 0.9029475197699497
1391 0.9030172413793104
1392 0.9030868628858578
1393 0.9031563845050216
1394 0.9032258064516129
1395 0.9032951289398281
1396 0.9033643521832498
1397 0.9034334763948498
1398 0.9035025017869907
1399 0.9035714285714286
1400 0.9036402569593148
1401 0.9037089871611983
1402 0.9037776193870278
1403 0.9038461538461539
1404 0.9039145907473309
1405 0.9039829302987198
1406 0.9040511727078892
1407 0.9041193181818182
1408 0.9041873669268985
1409 0.9042553191489362
1410 0.9043231750531537
1411 0.9036827195467422
1412 0.9037508846426043
1413 0.9038189533239038
1414 0.903886925795053
1415 0.903954802259887
1416 0.9040225829216655
1417 0.9040902679830748
1418 0.9041578576462297
1419 0.9035211267605634
1420 0.9035890218156228
1421 0.9036568213783404
1422 0.9037245256500351
1423 0.9037921348314607
1424 0.903859649122807
1425 0.9039270687237027
1426 0.9039943938332166
1427 0.90406162464986
1428 0.9041287613715885
1429 0.9041958041958041
1430 0.9035639412997903
1431 0.9036312849162011
1432 0.9036985345429169
1433 0.9037656903765691
1434 0.9038327526132404
1435 0.903899721448468
1436 0.9032707028531664
1437 0.9033379694019471
1438 0.9034051424600417
1439 0.9034722222222222
1440 0.9035392088827203
1441 0.9036061026352289
1442 0.9036729036729036
1443 0.9037396121883656
1444 0.9038062283737024
1445 0.9038727524204703
1446 0.9039391845196959
1447 0.9040055248618785
1448 0.904071773636991
1449 0.9041379310344828
1450 0.9042039972432805
1451 0.9042699724517906
1452 0.9036476256022024
1453 0.9037138927097662
1454 0.9037800687285223
1455 0.9038461538461539
1456 0.9039121482498285
1457 0.9039780521262003
1458 0.9040438656614119
1459 0.9041095890410958
1460 0.9041752224503764
1461 0.9042407660738714
1462 0.9043062200956937
1463 0.9043715846994536
1464 0.9044368600682594
1465 0.9045020463847203
1466 0.9045671438309475
1467 0.9046321525885559
1468 0.9046970728386657
1469 0.9040816326530612
1470 0.9041468388851122
1471 0.9035326086956522
1472 0.9035980991174474
1473 0.903663500678426
1474 0.903728813559322
1475 0.9037940379403794
1476 0.9038591740013541
1477 0.9039242219215156
1478 0.9033130493576741
1479 0.9033783783783784
1480 0.9034436191762323
1481 0.9035087719298246
1482 0.9035738368172623
1483 0.9036388140161725
1484 0.9037037037037037
1485 0.9037685060565276
1486 0.9038332212508406
1487 0.9038978494623656
1488 0.9039623908663532
1489 0.9040268456375838
1490 0.903420523138833
1491 0.903485254691689
1492 0.9035498995311454
1493 0.9036144578313253
1494 0.9036789297658863
1495 0.9037433155080213
1496 0.9038076152304609
1497 0.9038718291054739
1498 0.9039359573048699
1499 0.904
1500 0.9040639573617588
1501 0.903462050599201
1502 0.9035262807717898
1503 0.9029255319148937
1504 0.9029900332225914
1505 0.9030544488711819
1506 0.9031187790311878
1507 0.9025198938992043
1508 0.9025844930417495
1509 0.9026490066225166
1510 0.9027134348113832
1511 0.9027777777777778
1512 0.9028420356906808
1513 0.9029062087186261
1514 0.902970297029703
1515 0.9030343007915568
1516 0.9030982201713909
1517 0.9031620553359684
1518 0.9032258064516129
1519 0.9032894736842105
1520 0.903353057199211
1521 0.9034165571616294
1522 0.9034799737360473
1523 0.9035433070866141
1524 0.9036065573770492
1525 0.9036697247706422
1526 0.9037328094302554
1527 0.9037958115183246
1528 0.9032047089601046
1529 0.9032679738562092
1530 0.9033311561071196
1531 0.9033942558746736
1532 0.903457273320287
1533 0.9035202086049544
1534 0.9035830618892509
1535 0.9036458333333334
1536 0.903708523096942
1537 0.9037711313394018
1538 0.9038336582196231
1539 0.9032467532467533
1540 0.9033095392602206
1541 0.9033722438391699
1542 0.9034348671419313
1543 0.9034974093264249
1544 0.9035598705501618
1545 0.9036222509702458
1546 0.9036845507433743
1547 0.9037467700258398
1548 0.9038089089735313
1549 0.9038709677419355
1550 0.903932946486138
1551 0.9039948453608248
1552 0.9034127495170637
1553 0.9034749034749034
1554 0.9035369774919614
1555 0.903598971722365
1556 0.9036608863198459
1557 0.9037227214377407
1558 0.9037844772289929
1559 0.9038461538461539
1560 0.9039077514413837
1561 0.9039692701664532
1562 0.9040307101727447
1563 0.9040920716112532
1564 0.9041533546325878
1565 0.9042145593869731
1566 0.9042756860242501
1567 0.9043367346938775
1568 0.904397705544933
1569 0.9044585987261147
1570 0.9045194143857416
1571 0.9045801526717557
1572 0.9046408137317228
1573 0.9047013977128335
1574 0.9041269841269841
1575 0.9041878172588832
1576 0.9042485732403297
1577 0.9043092522179975
1578 0.9043698543381887
1579 0.9044303797468355
1580 0.9044908285895004
1581 0.904551201011378
1582 0.9046114971572963
1583 0.9046717171717171
1584 0.9047318611987382
1585 0.9047919293820933
1586 0.9048519218651544
1587 0.904911838790932
1588 0.9049716803020768
1589 0.9050314465408805
1590 0.9050911376492772
1591 0.9051507537688442
1592 0.9052102950408035
1593 0.9052697616060226
1594 0.9047021943573668
1595 0.9047619047619048
1596 0.9048215403882279
1597 0.9042553191489362
1598 0.9043151969981238
1599 0.904375
1600 0.9038101186758276
1601 0.9038701622971286
1602 0.9033063006862133
1603 0.9033665835411472
1604 0.9034267912772586
1605 0.9034869240348692
1606 0.9035469819539514
1607 0.9036069651741293
1608 0.9036668738346799
1609 0.9037267080745341
1610 0.9037864680322781
1611 0.9038461538461539
1612 0.9039057656540608
1613 0.9039653035935564
1614 0.9040247678018576
1615 0.9040841584158416
1616 0.904143475572047
1617 0.9035846724351051
1618 0.9036442248301421
1619 0.9037037037037037
1620 0.9037631091918569
1621 0.903822441430333
1622 0.9032655576093653
1623 0.9033251231527094
1624 0.9033846153846153
1625 0.9034440344403444
1626 0.9035033804548248
1627 0.9035626535626535
1628 0.903621853898097
1629 0.903680981595092
1630 0.9031269160024524
1631 0.9031862745098039
1632 0.9032455603184323
1633 0.9033047735618115
1634 0.9033639143730887
1635 0.9034229828850856
1636 0.902871105681124
1637 0.9029304029304029
1638 0.9029896278218426
1639 0.9030487804878049
1640 0.903107861060329
1641 0.9031668696711328
1642 0.9032258064516129
1643 0.9032846715328468
1644 0.9033434650455927
1645 0.9034021871202916
1646 0.9034608378870674
1647 0.9035194174757282
1648 0.9035779260157671
1649 0.9036363636363637
1650 0.903694730466384
1651 0.9037530266343826
1652 0.9038112522686026
1653 0.903869407496977
1654 0.9039274924471299
1655 0.9039855072463768
1656 0.904043452021726
1657 0.9041013268998793
1658 0.9041591320072333
1659 0.9042168674698795
1660 0.9042745334136063
1661 0.9043321299638989
1662 0.9037883343355382
1663 0.9038461538461539
1664 0.9039039039039038
1665 0.9039615846338536
1666 0.9040191961607679
1667 0.9040767386091128
1668 0.9041342121030557
1669 0.9041916167664671
1670 0.9036505086774387
1671 0.9037081339712919
1672 0.9037656903765691
1673 0.9038231780167264
1674 0.9038805970149254
1675 0.9039379474940334
1676 0.9039952295766249
1677 0.9040524433849821
1678 0.9041095890410958
1679 0.9041666666666667
1680 0.9042236763831053
1681 0.9042806183115338
1682 0.9037433155080213
1683 0.9038004750593824
1684 0.9038575667655786
1685 0.9039145907473309
1686 0.9039715471250741
1687 0.9040284360189573
1688 0.9040852575488455
1689 0.9041420118343195
1690 0.9041986989946778
1691 0.9042553191489362
1692 0.9043118724158299
1693 0.9043683589138135
1694 0.904424778761062
1695 0.9044811320754716
1696 0.9045374189746611
1697 0.9045936395759717
1698 0.9046497939964685
1699 0.9047058823529411
1700 0.9047619047619048
1701 0.9048178613396005
1702 0.9048737522019965
1703 0.9049295774647887
1704 0.9043988269794722
1705 0.9044548651817116
1706 0.9045108377270065
1707 0.9045667447306791
1708 0.9046225863077824
1709 0.9046783625730994
1710 0.9047340736411456
1711 0.9042056074766355
1712 0.9042615294804437
1713 0.9043173862310385
1714 0.9043731778425655
1715 0.9044289044289044
1716 0.9044845661036692
1717 0.9045401629802096
1718 0.9045956951716114
1719 0.9046511627906977
1720 0.9047065659500291
1721 0.9047619047619048
1722 0.9048171793383634
1723 0.9048723897911833
1724 0.904927536231884
1725 0.9049826187717266
1726 0.905037637521714
1727 0.9050925925925926
1728 0.9051474840948525
1729 0.9052023121387284
1730 0.9052570768341999
1731 0.9053117782909931
1732 0.9053664166185805
1733 0.9054209919261822
1734 0.9054755043227666
1735 0.9055299539170507
1736 0.9055843408175014
1737 0.905638665132336
1738 0.9056929269695227
1739 0.9051724137931034
1740 0.9052268811028145
1741 0.9052812858783008
1742 0.9053356282271945
1743 0.9053899082568807
1744 0.9048710601719198
1745 0.9049255441008018
1746 0.9049799656554093
1747 0.9050343249427918
1748 0.9050886220697542
1749 0.9051428571428571
1750 0.905197030268418
1751 0.9052511415525114
1752 0.9053051911009697
1753 0.9053591790193842
1754 0.9054131054131054
1755 0.9054669703872438
1756 0.9055207740466704
1757 0.9055745164960182
1758 0.9056281978396816
1759 0.9056818181818181
1760 0.9057353776263487
1761 0.905788876276958
1762 0.9058423142370958
1763 0.9058956916099773
1764 0.9059490084985836
1765 0.9060022650056625
1766 0.9060554612337295
1767 0.9061085972850679
1768 0.9061616732617298
1769 0.9062146892655367
1770 0.9062676453980801
1771 0.9063205417607223
1772 0.9063733784545968
1773 0.9064261555806088
1774 0.9064788732394367
1775 0.9065315315315315
1776 0.9065841305571187
1777 0.90607424071991
1778 0.9061270376616076
1779 0.9061797752808989
1780 0.9062324536777091
1781 0.9062850729517397
1782 0.9063376332024677
1783 0.906390134529148
1784 0.9064425770308123
1785 0.906494960806271
1786 0.906547285954113
1787 0.906599552572707
1788 0.9066517607602013
1789 0.9067039106145252
1790 0.9067560022333891
1791 0.9068080357142857
1792 0.9068600111544897
1793 0.9069119286510591
1794 0.9069637883008357
1795 0.9070155902004454
1796 0.9070673344462994
1797 0.907119021134594
1798 0.9071706503613118
1799 0.9072222222222223
1800 0.9072737368128817
1801 0.9073251942286349
1802 0.9068219633943427
1803 0.9068736141906873
1804 0.9069252077562326
1805 0.9069767441860465
1806 0.9064748201438849
1807 0.9059734513274337
1808 0.9060254284134881
1809 0.9060773480662984
1810 0.906129210381005
1811 0.9061810154525386
1812 0.9062327633756205
1813 0.906284454244763
1814 0.90633608815427
1815 0.9063876651982379
1816 0.9064391854705559
1817 0.9064906490649065
1818 0.9065420560747663
1819 0.9065934065934066
1820 0.9066447007138935
1821 0.9066959385290889
1822 0.9067471201316512
1823 0.90625
1824 0.9063013698630137
1825 0.9063526834611172
1826 0.9064039408866995
1827 0.9064551422319475
1828 0.9065062875888463
1829 0.9065573770491804
1830 0.906608410704533
1831 0.9066593886462883
1832 0.9067103109656302
1833 0.9067611777535441
1834 0.906267029972752
1835 0.906318082788671
1836 0.9058247142079477
1837 0.9058759521218716
1838 0.9059271343121261
1839 0.9059782608695652
1840 0.9060293318848452
1841 0.9055374592833876
1842 0.9055887140531742
1843 0.9056399132321041
1844 0.9056910569105691
1845 0.905742145178765
1846 0.9052517596101787
1847 0.9053030303030303
1848 0.9053542455381287
1849 0.9054054054054054
1850 0.9054565099945975
1851 0.9049676025917927
1852 0.9050188882892607
1853 0.9050701186623517
1854 0.9051212938005391
1855 0.9051724137931034
1856 0.905223478729133
1857 0.9052744886975242
1858 0.9053254437869822
1859 0.9053763440860215
1860 0.9054271896829661
1861 0.9054779806659506
1862 0.9049919484702094
1863 0.9050429184549357
1864 0.9050938337801608
1865 0.905144694533762
1866 0.9051955008034279
1867 0.9052462526766595
1868 0.9052969502407705
1869 0.9053475935828877
1870 0.9053981827899519
1871 0.905448717948718
1872 0.9054991991457555
1873 0.9055496264674493
1874 0.9056
1875 0.9056503198294243
1876 0.9057005860415557
1877 0.9057507987220448
1878 0.905268759978712
1879 0.9053191489361702
1880 0.9048378522062732
1881 0.9048884165781084
1882 0.9049389272437599
1883 0.9049893842887473
1884 0.9050397877984084
1885 0.9050901378579003
1886 0.9051404345521993
1887 0.9051906779661016
1888 0.9052408681842244
1889 0.9052910052910053
1890 0.9053410893707033
1891 0.9053911205073996
1892 0.9054410987849973
1893 0.9054910242872228
1894 0.9055408970976253
1895 0.9055907172995781
1896 0.9056404849762784
1897 0.9056902002107482
1898 0.9057398630858347
1899 0.9052631578947369
1900 0.9053129931614939
1901 0.9053627760252366
1902 0.905412506568576
1903 0.9054621848739496
1904 0.905511811023622
1905 0.9055613850996852
1906 0.9056109071840587
1907 0.9056603773584906
1908 0.9057097957045573
1909 0.9057591623036649
1910 0.9058084772370487
1911 0.9058577405857741
1912 0.9053842132775745
1913 0.9054336468129571
1914 0.9054830287206266
1915 0.9055323590814196
1916 0.9055816379760042
1917 0.9051094890510949
1918 0.9051589369463262
1919 0.9052083333333333
1920 0.905257678292556
1921 0.9053069719042663
1922 0.9053562142485699
1923 0.9054054054054054
1924 0.9054545454545454
1925 0.9055036344755971
1926 0.9055526725480021
1927 0.9056016597510373
1928 0.9056505961638155
1929 0.9056994818652849
1930 0.905748316934231
1931 0.9057971014492754
1932 0.9058458354888774
1933 0.905894519131334
1934 0.9059431524547804
1935 0.90599173553719
1936 0.9060402684563759
1937 0.9060887512899897
1938 0.9061371841155235
1939 0.9061855670103093
1940 0.9062339000515198
1941 0.9062821833161689
1942 0.9063304168811117
1943 0.9058641975308642
1944 0.9059125964010283
1945 0.9059609455292909
1946 0.9060092449922958
1947 0.9060574948665298
1948 0.9061056952283222
1949 0.9061538461538462
1950 0.9062019477191184
1951 0.90625
1952 0.9062980030721967
1953 0.906345957011259
1954 0.9063938618925831
1955 0.906441717791411
1956 0.9064895247828308
1957 0.9065372829417774
1958 0.9065849923430321
1959 0.9066326530612245
1960 0.9066802651708312
1961 0.9067278287461774
1962 0.9067753438614365
1963 0.9068228105906314
1964 0.9063613231552163
1965 0.9064089521871821
1966 0.9064565327910523
1967 0.9065040650406504
1968 0.9065515490096495
1969 0.9065989847715736
1970 0.9066463723997971
1971 0.9066937119675457
1972 0.9067410035478966
1973 0.9067882472137792
1974 0.9068354430379747
1975 0.9068825910931174
1976 0.9069296914516944
1977 0.9069767441860465
1978 0.9070237493683678
1979 0.907070707070707
1980 0.9071176173649672
1981 0.9071644803229062
1982 0.9072112960161371
1983 0.907258064516129
1984 0.9073047858942066
1985 0.9073514602215509
1986 0.9073980875691998
1987 0.9074446680080482
1988 0.9074912016088487
1989 0.907537688442211
1990 0.9075841285786037
1991 0.9076305220883534
1992 0.9076768690416458
1993 0.9077231695085256
1994 0.9077694235588972
1995 0.9078156312625251
1996 0.9078617926890336
1997 0.9079079079079079
1998 0.9079539769884942
1999 0.908
2000 0.9080459770114943
2001 0.9080919080919081
2002 0.908137793310035
2003 0.908183632734531
2004 0.9082294264339152
2005 0.9077766699900299
2006 0.9078226208271052
2007 0.9078685258964143
2008 0.9079143852663016
2009 0.9079601990049752
2010 0.9080059671805072
2011 0.908051689860835
2012 0.9080973671137605
2013 0.9081429990069514
2014 0.9076923076923077
2015 0.9077380952380952
2016 0.9077838373822509
2017 0.9078295341922695
2018 0.9078751857355126
2019 0.907920792079208
2020 0.9079663532904503
2021 0.9080118694362018
2022 0.907563025210084
2023 0.907608695652174
2024 0.9076543209876543
2025 0.9076999012833169
2026 0.9077454366058214
2027 0.9077909270216963
2028 0.9078363725973386
2029 0.9078817733990148
2030 0.9079271294928607
2031 0.9079724409448819
2032 0.9080177078209543
2033 0.908062930186824
2034 0.9081081081081082
2035 0.9081532416502947
2036 0.9081983308787432
2037 0.908243375858685
2038 0.9082883766552231
2039 0.9083333333333333
2040 0.9083782459578638
2041 0.9084231145935358
2042 0.9084679393049437
2043 0.9085127201565558
2044 0.908557457212714
2045 0.9086021505376344
2046 0.9086468001954079
2047 0.90869140625
2048 0.9087359687652513
2049 0.9087804878048781
2050 0.908824963432472
2051 0.9088693957115009
2052 0.9089137847053093
2053 0.9089581304771178
2054 0.9085158150851581
2055 0.9085603112840467
2056 0.9086047642197375
2057 0.9086491739552964
2058 0.9086935405536668
2059 0.9087378640776699
2060 0.9087821445900048
2061 0.9088263821532493
2062 0.9088705768298594
2063 0.9089147286821705
2064 0.908958837772397
2065 0.9090029041626331
2066 0.9090469279148524
2067 0.9090909090909091
2068 0.9086515224746254
2069 0.908695652173913
2070 0.908256880733945
2071 0.9083011583011583
2072 0.9083453931500242
2073 0.9083895853423336
2074 0.9079518072289157
2075 0.9079961464354528
2076 0.9080404429465575
2077 0.908084696823869
2078 0.9081289081289081
2079 0.9081730769230769
2080 0.9077366650648726
2081 0.9077809798270894
2082 0.9078252520403265
2083 0.9078694817658349
2084 0.9079136690647482
2085 0.9079578139980825
2086 0.9080019166267369
2087 0.9080459770114943
2088 0.9080899952130206
2089 0.908133971291866
2090 0.9076996652319465
2091 0.9077437858508605
2092 0.9077878643096035
2093 0.9078319006685769
2094 0.9078758949880669
2095 0.9079198473282443
2096 0.9079637577491655
2097 0.9080076263107721
2098 0.9080514530728918
2099 0.9080952380952381
2100 0.9076630176106616
2101 0.9077069457659372
2102 0.9072753209700428
2103 0.907319391634981
2104 0.9073634204275535
2105 0.9074074074074074
2106 0.9074513526340768
2107 0.9074952561669829
2108 0.9075391180654339
2109 0.9075829383886256
2110 0.9076267171956419
2111 0.9076704545454546
2112 0.9077141504969238
2113 0.9077578051087984
2114 0.9078014184397163
2115 0.9078449905482041
2116 0.9078885214926783
2117 0.9079320113314447
2118 0.9079754601226994
2119 0.9080188679245284
2120 0.9080622347949081
2121 0.9081055607917059
2122 0.9081488459726802
2123 0.9081920903954802
2124 0.9077647058823529
2125 0.9078080903104422
2126 0.9078514339445228
2127 0.9074248120300752
2128 0.9074682949741663
2129 0.9075117370892019
2130 0.9075551384326607
2131 0.9075984990619137
2132 0.9071729957805907
2133 0.9072164948453608
2134 0.9072599531615925
2135 0.9073033707865169
2136 0.9073467477772579
2137 0.9073900841908326
2138 0.9074333800841514
2139 0.9074766355140187
2140 0.9075198505371321
2141 0.9070961718020542
2142 0.9071395240317313
2143 0.9071828358208955
2144 0.9072261072261072
2145 0.9072693383038211
2146 0.9073125291103866
2147 0.9073556797020484
2148 0.9073987901349465
2149 0.9069767441860465
2150 0.9070199907019991
2151 0.9070631970260223
2152 0.9071063632141199
2153 0.9071494893221913
2154 0.9071925754060325
2155 0.9072356215213359
2156 0.9072786277236903
2157 0.907321594068582
2158 0.9069013432144511
2159 0.9069444444444444
2160 0.906987505784359
2161 0.9070305272895467
2162 0.9070735090152566
2163 0.9071164510166358
2164 0.9071593533487298
2165 0.907202216066482
2166 0.9072450392247347
2167 0.9072878228782287
2168 0.9073305670816044
2169 0.9073732718894009
2170 0.9074159373560571
2171 0.9069981583793738
2172 0.9070409572020248
2173 0.9070837166513339
2174 0.9071264367816092
2175 0.9071691176470589
2176 0.9072117593017914
2177 0.9072543617998163
2178 0.9072969251950436
2179 0.9073394495412844
2180 0.9073819348922513
2181 0.9074243813015582
2182 0.907466788822721
2183 0.9075091575091575
2184 0.9075514874141877
2185 0.9075937785910339
2186 0.9076360310928212
2187 0.9076782449725777
2188 0.9077204202832344
2189 0.9077625570776255
2190 0.9078046554084893
2191 0.9078467153284672
2192 0.9078887368901049
2193 0.9074749316317229
2194 0.9075170842824601
2195 0.907103825136612
2196 0.9071461083295402
2197 0.9071883530482256
2198 0.9072305593451568
2199 0.9072727272727272
2200 0.9073148568832349
2201 0.9073569482288828
2202 0.9073990013617794
2203 0.9074410163339383
2204 0.9074829931972789
2205 0.9075249320036265
2206 0.9075668328047123
2207 0.907608695652174
2208 0.9076505205975555
2209 0.9076923076923077
2210 0.9077340569877883
2211 0.9077757685352622
2212 0.9078174423859015
2213 0.907859078590786
2214 0.907900677200903
2215 0.907942238267148
2216 0.9079837618403248
2217 0.9080252479711451
2218 0.9080666967102299
2219 0.9081081081081082
2220 0.9081494822152184
2221 0.9081908190819082
2222 0.9082321187584346
2223 0.908273381294964
2224 0.908314606741573
2225 0.9083557951482479
2226 0.9083969465648855
2227 0.9079892280071813
2228 0.908030506953791
2229 0.9080717488789237
2230 0.9081129538323621
2231 0.9081541218637993
2232 0.9081952530228392
2233 0.9082363473589973
2234 0.9082774049217002
2235 0.9083184257602862
2236 0.907912382655342
2237 0.9075067024128687
2238 0.9075480125055828
2239 0.9075892857142858
2240 0.9076305220883534
2241 0.907671721677074
2242 0.9077128845296478
2243 0.9077540106951871
2244 0.9073496659242761
2245 0.9073909171861086
2246 0.9074321317311972
2247 0.9074733096085409
2248 0.9075144508670521
2249 0.9075555555555556
2250 0.9075966237227898
2251 0.9076376554174067
2252 0.9076786506879716
2253 0.9077196095829636
2254 0.907760532150776
2255 0.9078014184397163
2256 0.9078422684980062
2257 0.9078830823737821
2258 0.9079238601150952
2259 0.9079646017699115
2260 0.9080053073861123
2261 0.9080459770114943
2262 0.9080866106937693
2263 0.9081272084805654
2264 0.9081677704194261
2265 0.9082082965578111
2266 0.9082487869430966
2267 0.908289241622575
2268 0.9083296606434552
2269 0.9083700440528635
2270 0.9084103918978423
2271 0.9080105633802817
2272 0.9080510338759349
2273 0.9076517150395779
2274 0.9076923076923077
2275 0.9077328646748682
2276 0.9077733860342556
2277 0.9078138718173837
2278 0.9078543220710839
2279 0.9078947368421053
2280 0.9079351161771153
2281 0.9079754601226994
2282 0.9080157687253614
2283 0.9080560420315237
2284 0.9080962800875274
2285 0.9081364829396326
2286 0.9081766506340183
2287 0.9082167832167832
2288 0.908256880733945
2289 0.9082969432314411
2290 0.9083369707551288
2291 0.9083769633507853
2292 0.9084169210641082
2293 0.9084568439407149
2294 0.9084967320261438
2295 0.9085365853658537
2296 0.9081410535481063
2297 0.9081810269799826
2298 0.9082209656372335
2299 0.9082608695652173
2300 0.9078661451542808
2301 0.9079061685490878
2302 0.9079461571862788
2303 0.9079861111111112
2304 0.9080260303687635
2305 0.9080659150043365
2306 0.9081057650628522
2307 0.9081455805892548
2308 0.9081853616284106
2309 0.9082251082251083
2310 0.9082648204240589
2311 0.9083044982698962
2312 0.9083441418071768
2313 0.9083837510803803
2314 0.9084233261339093
2315 0.9084628670120898
2316 0.9085023737591713
2317 0.908541846419327
2318 0.9085812850366537
2319 0.9086206896551724
2320 0.9086600603188281
2321 0.9086993970714901
2322 0.9087386999569522
2323 0.9087779690189329
2324 0.9083870967741936
2325 0.9084264832330181
2326 0.9084658358401375
2327 0.9085051546391752
2328 0.9085444396736797
2329 0.9085836909871244
2330 0.9086229086229086
2331 0.9086620926243568
2332 0.9087012430347192
2333 0.9087403598971723
2334 0.908779443254818
2335 0.908818493150685
2336 0.9088575096277278
2337 0.9088964927288281
2338 0.9089354424967935
2339 0.908974358974359
2340 0.9090132422041862
2341 0.9090520922288642
2342 0.9090909090909091
2343 0.9091296928327645
2344 0.9091684434968017
2345 0.9092071611253197
2346 0.9092458457605453
2347 0.9092844974446337
2348 0.909323116219668
2349 0.9093617021276595
2350 0.9094002552105487
2351 0.9094387755102041
2352 0.9094772630684232
2353 0.9095157179269329
2354 0.9095541401273886
2355 0.9095925297113752
2356 0.9096308867204073
2357 0.9096692111959288
2358 0.9097075031793133
2359 0.9097457627118644
2360 0.9093604404913173
2361 0.9093988145639289
2362 0.909437156157427
2363 0.9094754653130288
2364 0.9095137420718816
2365 0.9095519864750634
2366 0.9095901985635826
2367 0.9096283783783784
2368 0.9092444069227522
2369 0.9092827004219409
2370 0.9093209616195698
2371 0.9093591905564924
2372 0.9093973872734935
2373 0.909435551811289
2374 0.9094736842105263
2375 0.9095117845117845
2376 0.9095498527555742
2377 0.9095878889823381
2378 0.9096258932324506
2379 0.9096638655462185
2380 0.9097018059638807
2381 0.9097397145256088
2382 0.9097775912715065
2383 0.9098154362416108
2384 0.909853249475891
2385 0.9098910310142498
2386 0.9099287808965228
2387 0.9099664991624791
2388 0.9100041858518209
2389 0.9100418410041841
2390 0.9100794646591385
2391 0.9101170568561873
2392 0.9101546176347681
2393 0.9101921470342523
2394 0.9102296450939458
2395 0.9098497495826378
2396 0.9098873591989988
2397 0.9099249374478732
2398 0.9099624843684869
2399 0.91
2400 0.9100374843815077
2401 0.9100749375520399
2402 0.9101123595505618
2403 0.9101497504159733
2404 0.9101871101871102
2405 0.9102244389027432
2406 0.9102617366015787
2407 0.9102990033222591
2408 0.9103362391033624
2409 0.9103734439834025
2410 0.909995852343426
2411 0.9100331674958541
2412 0.9100704517198508
2413 0.9101077050538525
2414 0.9101449275362319
2415 0.910182119205298
2416 0.9102192800992966
2417 0.9102564102564102
2418 0.9102935097147582
2419 0.9099173553719008
2420 0.9099545642296571
2421 0.9095788604459125
2422 0.9096161782913743
2423 0.9096534653465347
2424 0.9092783505154639
2425 0.9089035449299258
2426 0.9089410795220437
2427 0.9089785831960461
2428 0.9090160559901194
2429 0.9090534979423869
2430 0.9086795557383792
2431 0.9087171052631579
2432 0.9087546239210851
2433 0.9087921117502055
2434 0.9088295687885011
2435 0.9088669950738916
2436 0.9089043906442347
2437 0.9089417555373257
2438 0.9085690856908569
2439 0.9086065573770492
2440 0.9086439983613274
2441 0.9086814086814087
2442 0.9087187883749488
2443 0.9087561374795418
2444 0.9087934560327199
2445 0.9088307440719542
2446 0.9088680016346546
2447 0.9089052287581699
2448 0.9089424254797877
2449 0.9085714285714286
2450 0.908608731130151
2451 0.9086460032626428
2452 0.908683245006115
2453 0.908720456397718
2454 0.9087576374745417
2455 0.9087947882736156
2456 0.9088319088319088
2457 0.9088689991863304
2458 0.9089060593737291
2459 0.9089430894308943
2460 0.9089800893945551
2461 0.909017059301381
2462 0.9090539991879821
2463 0.9090909090909091
2464 0.9091277890466531
2465 0.9091646390916464
2466 0.9087961086339684
2467 0.9088330632090762
2468 0.9088699878493317
2469 0.9089068825910931
2470 0.9089437474706596
2471 0.9089805825242718
2472 0.9090173877881116
2473 0.9090541632983024
2474 0.9090909090909091
2475 0.9091276252019386
2476 0.9091643116673396
2477 0.9092009685230025
2478 0.9092375958047599
2479 0.9092741935483871
2480 0.909310761789601
2481 0.9093473005640612
2482 0.9093838099073701
2483 0.9094202898550725
2484 0.9094567404426559
2485 0.9094931617055511
2486 0.9095295536791315
2487 0.9095659163987139
2488 0.9096022498995581
2489 0.9096385542168675
2490 0.9096748293857888
2491 0.9093097913322632
2492 0.909346169273967
2493 0.908981555733761
2494 0.9090180360721443
2495 0.9090544871794872
2496 0.9090909090909091
2497 0.9091273018414732
2498 0.9091636654661864
2499 0.9092
2500 0.9092363054778089
2501 0.9092725819344525
2502 0.9093088294047144
2503 0.9093450479233227
2504 0.9093812375249501
2505 0.9094173982442139
2506 0.9094535301156761
2507 0.9094896331738437
2508 0.9095257074531686
2509 0.9095617529880478
2510 0.9095977698128236
2511 0.9096337579617835
2512 0.9096697174691604
2513 0.9097056483691328
2514 0.9093439363817097
2515 0.9093799682034976
2516 0.9094159713945172
2517 0.90945194598888
2518 0.9090909090909091
2519 0.9091269841269841
2520 0.9091630305434352
2521 0.9091990483743061
2522 0.909235037653587
2523 0.909270998415214
2524 0.9093069306930693
2525 0.9093428345209817
2526 0.9093787099327265
2527 0.9094145569620253
2528 0.9094503756425465
2529 0.9094861660079051
2530 0.9095219280916633
2531 0.9095576619273301
2532 0.9095933675483616
2533 0.909629044988161
2534 0.9096646942800789
2535 0.9097003154574133
2536 0.9097359085534096
2537 0.9097714736012609
2538 0.909807010634108
2539 0.9098425196850394
2540 0.9098780007870917
2541 0.9099134539732494
2542 0.9099488792764452
2543 0.9099842767295597
2544 0.9100196463654224
2545 0.9100549882168106
2546 0.9100903023164507
2547 0.9101255886970173
2548 0.9101608473911338
2549 0.9101960784313725
2550 0.9098392787142298
2551 0.9098746081504702
2552 0.9095182138660399
2553 0.9095536413469069
2554 0.9095890410958904
2555 0.9096244131455399
2556 0.9096597575283535
2557 0.9093041438623924
2558 0.9093395857756936
2559 0.909375
2560 0.909410386567747
2561 0.9094457455113193
2562 0.9094810768630511
2563 0.9095163806552262
2564 0.909551656920078
2565 0.9095869056897895
2566 0.9096221269964939
2567 0.9096573208722741
2568 0.9096924873491631
2569 0.909727626459144
2570 0.9097627382341501
2571 0.9097978227060654
2572 0.9098328799067237
2573 0.9098679098679099
2574 0.9099029126213592
2575 0.9099378881987578
2576 0.9099728366317423
2577 0.9100077579519007
2578 0.9100426521907716
2579 0.9100775193798449
2580 0.9101123595505618
2581 0.9101471727343144
2582 0.9101819589624468
2583 0.9102167182662538
2584 0.9102514506769825
2585 0.9102861562258314
2586 0.9103208349439506
2587 0.910355486862442
2588 0.9100038624951718
2589 0.9100386100386101
2590 0.9100733307603242
2591 0.910108024691358
2592 0.9101426918627072
2593 0.9101773323053199
2594 0.9102119460500964
2595 0.9102465331278891
2596 0.9102810935695033
2597 0.9103156274056967
2598 0.9103501346671797
2599 0.9103846153846153
2600 0.9100346020761245
2601 0.9100691775557264
2602 0.9101037264694584
2603 0.9101382488479263
2604 0.9101727447216891
2605 0.9102072141212586
2606 0.9102416570771001
2607 0.9102760736196319
2608 0.9103104637792258
2609 0.9103448275862069
2610 0.910379165070854
2611 0.9104134762633997
2612 0.9104477611940298
2613 0.9104820198928845
2614 0.9105162523900574
2615 0.9105504587155964
2616 0.9105846388995033
2617 0.9106187929717342
2618 0.9106529209621993
2619 0.9106870229007633
2620 0.9107210988172453
2621 0.910373760488177
2622 0.9100266869996188
2623 0.9100609756097561
2624 0.9100952380952381
2625 0.9101294744859101
2626 0.9101636848115722
2627 0.9101978691019786
2628 0.9102320273868391
2629 0.9102661596958175
2630 0.9103002660585329
2631 0.9103343465045592
2632 0.9103684010634258
2633 0.9104024297646166
2634 0.9104364326375711
2635 0.9104704097116844
2636 0.9105043610163064
2637 0.910538286580743
2638 0.9105721864342554
2639 0.9106060606060606
2640 0.9106399091253313
2641 0.9102952308856926
2642 0.9099508134695422
2643 0.9099848714069592
2644 0.9100189035916825
2645 0.91005291005291
2646 0.910086890819796
2647 0.9101208459214502
2648 0.9101547753869385
2649 0.910188679245283
2650 0.9102225575254621
2651 0.9102564102564102
2652 0.9102902374670184
2653 0.9103240391861341
2654 0.9103578154425612
2655 0.9103915662650602
2656 0.9104252916823485
2657 0.9104589917231001
2658 0.9104926664159458
2659 0.9105263157894737
2660 0.9105599398722285
2661 0.9105935386927122
2662 0.9106271122793842
2663 0.9106606606606606
2664 0.9106941838649155
2665 0.9107276819204801
2666 0.910761154855643
2667 0.9107946026986506
2668 0.910828025477707
2669 0.9108614232209737
2670 0.9108947959565705
2671 0.9109281437125748
2672 0.910961466517022
2673 0.9109947643979057
2674 0.9110280373831776
2675 0.9110612855007474
2676 0.9110945087784834
2677 0.9111277072442121
2678 0.9111608809257186
2679 0.9111940298507463
2680 0.9112271540469974
2681 0.9112602535421327
2682 0.9112933283637719
2683 0.9109538002980626
2684 0.9109869646182496
2685 0.9106478034251675
2686 0.9106810569408262
2687 0.9107142857142857
2688 0.9107474897731499
2689 0.9104089219330855
2690 0.9104422147900408
2691 0.9101040118870728
2692 0.9101373932417378
2693 0.9101707498144024
2694 0.9102040816326531
2695 0.9102373887240356
2696 0.9102706711160549
2697 0.910303928836175
2698 0.9103371619118192
2699 0.9103703703703704
2700 0.9104035542391706
2701 0.9100666173205033
2702 0.9097299297077321
2703 0.9097633136094675
2704 0.9097966728280961
2705 0.909830007390983
2706 0.9098633173254526
2707 0.9098966026587888
2708 0.9099298634182356
2709 0.9099630996309963
2710 0.9099963113242346
2711 0.9100294985250738
2712 0.9100626612605971
2713 0.9100957995578481
2714 0.9101289134438306
2715 0.9101620029455081
2716 0.9101950680898049
2717 0.9098601913171449
2718 0.9095255608679662
2719 0.9091911764705882
2720 0.9092245497978684
2721 0.9092578986039677
2722 0.9092912229159016
2723 0.9093245227606461
2724 0.9093577981651376
2725 0.9093910491562729
2726 0.9094242757609095
2727 0.9090909090909091
2728 0.9091242213264932
2729 0.9091575091575091
2730 0.9091907726107653
2731 0.9092240117130308
2732 0.9092572264910355
2733 0.9092904169714704
2734 0.9093235831809872
2735 0.9089912280701754
2736 0.9090244793569602
2737 0.9090577063550036
2738 0.9090909090909091
2739 0.9091240875912409
2740 0.9091572418825247
2741 0.9091903719912473
2742 0.909223477943857
2743 0.9092565597667639
2744 0.9092896174863389
2745 0.9093226511289147
2746 0.9089916272297052
2747 0.9090247452692868
2748 0.9090578392142598
2749 0.9090909090909091
2750 0.9091239549254816
2751 0.909156976744186
2752 0.9091899745731928
2753 0.9092229484386347
2754 0.9092558983666061
2755 0.909288824383164
2756 0.9093217265143272
2757 0.9093546047860769
2758 0.9093874592243566
2759 0.9094202898550725
2760 0.9094530967040927
2761 0.9094858797972484
2762 0.9095186391603329
2763 0.9095513748191028
2764 0.9095840867992767
2765 0.9096167751265365
2766 0.9096494398265269
2767 0.9096820809248555
2768 0.9097146984470929
2769 0.9097472924187726
2770 0.9097798628653916
2771 0.9094516594516594
2772 0.9094843130183916
2773 0.9095169430425378
2774 0.9095495495495496
2775 0.9095821325648416
2776 0.9096146921137919
2777 0.9092872570194385
2778 0.9093198992443325
2779 0.9093525179856116
2780 0.9090255303847536
2781 0.909058231488138
2782 0.9090909090909091
2783 0.9091235632183908
2784 0.9091561938958708
2785 0.908829863603733
2786 0.9088625762468604
2787 0.9088952654232425
2788 0.9089279311581212
2789 0.9089605734767026
2790 0.9089931924041562
2791 0.9090257879656161
2792 0.9087003222341569
2793 0.9087329992841804
2794 0.9087656529516994
2795 0.9087982832618026
2796 0.9088308902395423
2797 0.9088634739099357
2798 0.9088960342979635
2799 0.9089285714285714
2800 0.9089610853266691
2801 0.9089935760171306
2802 0.9090260435247949
2803 0.9090584878744651
2804 0.9090909090909091
2805 0.9091233071988596
2806 0.9087994299964375
2807 0.9088319088319088
2808 0.9088643645425418
2809 0.908896797153025
2810 0.9089292066880114
2811 0.9089615931721194
2812 0.9089939566299324
2813 0.9090262970859986
2814 0.9090586145648313
2815 0.9087357954545454
2816 0.9087681931132411
2817 0.9088005677785663
2818 0.9088329194749911
2819 0.9088652482269504
2820 0.9088975540588444
2821 0.9089298369950389
2822 0.9089620970598654
2823 0.9089943342776204
2824 0.9090265486725664
2825 0.9090587402689313
2826 0.9090909090909091
2827 0.9091230551626591
2828 0.9091551785083068
2829 0.9088339222614841
2830 0.908866125044154
2831 0.9088983050847458
2832 0.908930462407342
2833 0.9089625970359916
2834 0.908994708994709
2835 0.9086741889985895
2836 0.9083538949594642
2837 0.9083861874559549
2838 0.9084184572032405
2839 0.9084507042253521
2840 0.9081309398099261
2841 0.9081632653061225
2842 0.9081955680619065
2843 0.9082278481012658
2844 0.9082601054481546
2845 0.9082923401264933
2846 0.9083245521601686
2847 0.9083567415730337
2848 0.9083889083889084
2849 0.9084210526315789
2850 0.9084531743247983
2851 0.9084852734922861
2852 0.9085173501577287
2853 0.9085494043447793
2854 0.9085814360770578
2855 0.9086134453781513
2856 0.9086454322716135
2857 0.9086773967809657
2858 0.9087093389296957
2859 0.9087412587412588
2860 0.9087731562390773
2861 0.9088050314465409
2862 0.9084876004191408
2863 0.9085195530726257
2864 0.9082024432809773
2865 0.9082344731332868
2866 0.9082664806417858
2867 0.9082984658298466
2868 0.9083304287208086
2869 0.9083623693379791
2870 0.9083942877046325
2871 0.9084261838440112
2872 0.9084580577793248
2873 0.9084899095337509
2874 0.9081739130434783
2875 0.9082058414464534
2876 0.908237747653806
2877 0.9082696316886727
2878 0.9083014935741577
2879 0.9083333333333333
2880 0.9083651509892399
2881 0.9083969465648855
2882 0.9084287200832466
2883 0.9084604715672677
2884 0.9084922010398614
2885 0.9085239085239085
2886 0.9085555940422584
2887 0.9082409972299169
2888 0.907926618206992
2889 0.9079584775086506
2890 0.9076444136976825
2891 0.9076763485477178
2892 0.9077082613204286
2893 0.9077401520387007
2894 0.9077720207253887
2895 0.9078038674033149
2896 0.9078356920952709
2897 0.9078674948240165
2898 0.9078992756122801
2899 0.9079310344827586
2900 0.9079627714581179
2901 0.9079944865609925
2902 0.9080261798139855
2903 0.9080578512396694
2904 0.9077452667814113
2905 0.9077770130763937
2906 0.9078087375300997
2907 0.907496561210454
2908 0.9075283602612582
2909 0.9075601374570447
2910 0.9075918928203367
2911 0.9076236263736264
2912 0.9076553381393753
2913 0.9076870281400137
2914 0.9077186963979417
2915 0.9077503429355281
2916 0.9077819677751114
2917 0.9074708704592186
2918 0.9075025693730729
2919 0.9075342465753424
2920 0.9075659020883259
2921 0.9075975359342916
2922 0.9076291481354772
2923 0.9076607387140903
2924 0.9076923076923077
2925 0.9077238550922762
2926 0.9077553809361121
2927 0.9077868852459017
2928 0.907818368043701
2929 0.9078498293515358
2930 0.9078812691914022
2931 0.907912687585266
2932 0.907944084555063
2933 0.9079754601226994
2934 0.9080068143100511
2935 0.9080381471389646
2936 0.9080694586312564
2937 0.9081007488087134
2938 0.9081320176930929
2939 0.9081632653061225
2940 0.9081944916695002
2941 0.9082256968048946
2942 0.90791709140333
2943 0.9079483695652174
2944 0.9079796264855687
2945 0.9080108621860149
2946 0.9077027485578555
2947 0.9077340569877883
2948 0.9074262461851476
2949 0.9074576271186441
2950 0.9074889867841409
2951 0.907520325203252
2952 0.9075516423975618
2953 0.9075829383886256
2954 0.9076142131979695
2955 0.9076454668470907
2956 0.9076766993574569
2957 0.907707910750507
2958 0.9077391010476512
2959 0.9077702702702702
2960 0.9078014184397163
2961 0.9078325455773126
2962 0.9078636517043537
2963 0.9078947368421053
2964 0.9079258010118044
2965 0.9079568442346595
2966 0.9079878665318504
2967 0.9080188679245284
2968 0.9080498484338161
2969 0.908080808080808
2970 0.9081117468865701
2971 0.90814266487214
2972 0.9081735620585267
2973 0.9082044384667115
2974 0.908235294117647
2975 0.9082661290322581
2976 0.9082969432314411
2977 0.9083277367360645
2978 0.9083585095669687
2979 0.9083892617449665
2980 0.908419993290842
2981 0.9081153588195842
2982 0.9081461615822997
2983 0.9081769436997319
2984 0.9082077051926298
2985 0.9082384460817147
2986 0.90826916638768
2987 0.9082998661311914
2988 0.9083305453328873
2989 0.9083612040133779
2990 0.9083918421932464
2991 0.9084224598930482
2992 0.908453057133311
2993 0.9084836339345357
2994 0.9081803005008348
2995 0.9082109479305741
2996 0.9082415749082415
2997 0.9082721814543029
2998 0.9083027675891964
2999 0.9083333333333333
3000 0.9083638787070977
3001 0.9083944037308461
3002 0.9084249084249084
3003 0.9084553928095872
3004 0.908485856905158
3005 0.9085163007318696
3006 0.9085467243099434
3007 0.9085771276595744
3008 0.9086075108009305
3009 0.9086378737541528
3010 0.9086682165393557
3011 0.9086985391766268
3012 0.9087288416860272
3013 0.9087591240875912
3014 0.9087893864013267
3015 0.9088196286472149
3016 0.9088498508452105
3017 0.9088800530152419
3018 0.908910235177211
3019 0.9089403973509934
3020 0.9089705395564383
3021 0.9090006618133686
3022 0.9090307641415812
3023 0.9090608465608465
3024 0.9090909090909091
3025 0.9091209517514871
3026 0.9091509745622729
3027 0.9091809775429326
3028 0.9092109607131066
3029 0.9092409240924092
3030 0.908940943582976
3031 0.9089709762532981
3032 0.9090009891196835
3033 0.9090309822017139
3034 0.9090609555189456
3035 0.9090909090909091
3036 0.909120842937109
3037 0.9088215931533904
3038 0.9088515959197104
3039 0.9088815789473684
3040 0.9089115422558369
3041 0.908612754766601
3042 0.908642786723628
3043 0.9086727989487516
3044 0.9087027914614122
3045 0.9087327642810243
3046 0.9087627174269773
3047 0.9087926509186351
3048 0.9088225647753362
3049 0.9085245901639344
3050 0.9085545722713865
3051 0.9085845347313237
3052 0.9082869308876514
3053 0.908316961362148
3054 0.9083469721767594
3055 0.9083769633507853
3056 0.9084069349035002
3057 0.908436886854153
3058 0.9084668192219679
3059 0.9084967320261438
3060 0.9085266252858543
3061 0.9085564990202482
3062 0.9085863532484493
3063 0.9086161879895561
3064 0.9086460032626428
3065 0.908675799086758
3066 0.908705575480926
3067 0.9087353324641461
3068 0.9087650700553926
3069 0.9087947882736156
3070 0.9088244871377401
3071 0.9088541666666666
3072 0.908883826879271
3073 0.9089134677944047
3074 0.9086178861788617
3075 0.9086475942782835
3076 0.9086772830679233
3077 0.9087069525666017
3078 0.9087366027931146
3079 0.9087662337662338
3080 0.9084712755598832
3081 0.9085009733939
3082 0.9085306519623743
3083 0.9082360570687419
3084 0.9082658022690437
3085 0.9079714841218406
3086 0.9080012957563978
3087 0.9080310880829016
3088 0.9080608611201036
3089 0.9077669902912622
3090 0.9077968295050146
3091 0.9078266494178525
3092 0.9078564500484966
3093 0.9078862314156432
3094 0.9079159935379645
3095 0.9079457364341085
3096 0.9079754601226994
3097 0.908005164622337
3098 0.9080348499515973
3099 0.9080645161290323
3100 0.9080941631731699
3101 0.9081237911025145
3102 0.9078311311633903
3103 0.907860824742268
3104 0.907890499194847
3105 0.9079201545396007
3106 0.9079497907949791
3107 0.907979407979408
3108 0.9080090061112898
3109 0.9080385852090033
3110 0.9080681452909033
3111 0.9080976863753213
3112 0.9078059749437841
3113 0.9078355812459858
3114 0.9078651685393259
3115 0.9078947368421053
3116 0.9079242861726019
3117 0.9079538165490699
3118 0.9079833279897404
3119 0.9080128205128205
3120 0.9080422941364947
3121 0.9080717488789237
3122 0.9081011847582453
3123 0.9081306017925737
3124 0.90816
3125 0.9081893793985925
3126 0.9082187400063959
3127 0.9082480818414322
3128 0.9082774049217002
3129 0.9083067092651758
3130 0.9083359948898115
3131 0.9083652618135377
3132 0.9083945100542611
3133 0.908423739629866
3134 0.9084529505582137
3135 0.9084821428571429
3136 0.9085113165444693
3137 0.908540471637986
3138 0.9085696081554635
3139 0.9085987261146496
3140 0.9086278255332697
3141 0.9086569064290261
3142 0.9086859688195991
3143 0.9087150127226463
3144 0.9087440381558028
3145 0.9087730451366814
3146 0.9088020336828726
3147 0.908831003811944
3148 0.9088599555414417
3149 0.9088888888888889
3150 0.9089178038717868
3151 0.9089467005076142
3152 0.9089755788138281
3153 0.9090044388078631
3154 0.9090332805071315
3155 0.9090621039290241
3156 0.9090909090909091
3157 0.909119696010133
3158 0.9091484647040202
3159 0.9091772151898734
3160 0.9092059474849731
3161 0.9092346616065781
3162 0.9092633575719253
3163 0.9092920353982301
3164 0.9093206951026856
3165 0.9093493367024637
3166 0.9090622039785285
3167 0.9090909090909091
3168 0.9091195960870937
3169 0.9091482649842272
3170 0.9091769157994324
3171 0.9092055485498108
3172 0.908919004097069
3173 0.908947700063012
3174 0.9089763779527559
3175 0.9090050377833753
3176 0.9090336795719232
3177 0.9090623033354311
3178 0.9090909090909091
3179 0.9091194968553459
3180 0.9091480666457089
3181 0.909176618478944
3182 0.9092051523719761
3183 0.9092336683417085
3184 0.9092621664050236
3185 0.9092906465787822
3186 0.9093191088798243
3187 0.9093475533249686
3188 0.9093759799310128
3189 0.9094043887147335
3190 0.9094327796928863
3191 0.9094611528822055
3192 0.909489508299405
3193 0.9095178459611772
3194 0.909546165884194
3195 0.9095744680851063
3196 0.9096027525805442
3197 0.909631019387117
3198 0.909659268521413
3199 0.9096875
3200 0.9097157138394252
3201 0.9097439100562149
3202 0.9097720886668748
3203 0.9098002496878901
3204 0.9098283931357254
3205 0.9098565190268247
3206 0.9098846273776114
3207 0.9099127182044888
3208 0.9099407915238392
3209 0.9099688473520249
3210 0.9099968857053877
3211 0.910024906600249
3212 0.91005291005291
3213 0.9100808960796515
3214 0.910108864696734
3215 0.910136815920398
3216 0.9098539011501399
3217 0.9098819142324425
3218 0.9099099099099099
3219 0.9099378881987578
3220 0.9099658491151816
3221 0.909993792675357
3222 0.9097114489605957
3223 0.9097394540942928
3224 0.9097674418604651
3225 0.9097954122752635
3226 0.9098233653548187
3227 0.9098513011152416
3228 0.9098792195726231
3229 0.909907120743034
3230 0.9099350046425255
3231 0.9099628712871287
3232 0.9099907206928549
3233 0.9100185528756958
3234 0.9100463678516229
3235 0.9100741656365884
3236 0.9101019462465245
3237 0.9101297096973441
3238 0.9101574560049398
3239 0.9101851851851852
3240 0.910212897253934
3241 0.9102405922270204
3242 0.910268270120259
3243 0.9102959309494452
3244 0.9103235747303544
3245 0.910351201478743
3246 0.910378811210348
3247 0.9104064039408867
3248 0.9104339796860572
3249 0.9104615384615384
3250 0.9104890802829898
3251 0.9105166051660517
3252 0.9105441131263449
3253 0.9105716041794715
3254 0.9105990783410138
3255 0.9106265356265356
3256 0.9106539760515812
3257 0.9106813996316758
3258 0.9104019637925744
3259 0.9104294478527607
3260 0.9104569150567311
3261 0.9104843654199878
3262 0.9105117989580142
3263 0.9105392156862745
3264 0.9105666156202143
3265 0.9105939987752603
3266 0.9106213651668197
3267 0.9103427172582619
3268 0.9103701437748547
3269 0.9103975535168196
3270 0.9104249464995414
3271 0.9104523227383863
3272 0.9104796822487015
3273 0.9105070250458155
3274 0.9105343511450382
3275 0.9102564102564102
3276 0.9102837961550199
3277 0.9103111653447223
3278 0.9103385178408051
3279 0.9103658536585366
3280 0.9103931728131667
3281 0.9104204753199269
3282 0.9104477611940298
3283 0.9104750304506699
3284 0.9105022831050228
3285 0.9105295191722459
3286 0.910556738667478
3287 0.9105839416058394
3288 0.9106111280024324
3289 0.9106382978723404
3290 0.910665451230629
3291 0.9106925880923451
3292 0.9104160340115396
3293 0.9104432301153612
3294 0.9104704097116844
3295 0.910497572815534
3296 0.9105247194419169
3297 0.9105518496058217
3298 0.9105789633222189
3299 0.9106060606060606
3300 0.9106331414722811
3301 0.9103573591762568
3302 0.9103844989403572
3303 0.9101089588377724
3304 0.9101361573373676
3305 0.9101633393829401
3306 0.9101905049894163
3307 0.910217654171705
3308 0.9102447869446962
3309 0.9102719033232628
3310 0.9102990033222591
3311 0.9103260869565217
3312 0.9103531542408693
3313 0.9103802051901025
3314 0.9104072398190045
3315 0.9104342581423401
3316 0.9104612601748568
3317 0.9104882459312839
3318 0.9105152154263332
3319 0.9105421686746988
3320 0.9105691056910569
3321 0.9105960264900662
3322 0.9106229310863677
3323 0.9106498194945848
3324 0.9106766917293233
3325 0.9107035478051714
3326 0.9107303877366997
3327 0.9107572115384616
3328 0.9107840192249925
3329 0.9108108108108108
3330 0.9105373761633143
3331 0.9105642256902761
3332 0.9105910591059105
3333 0.910617876424715
3334 0.9106446776611694
3335 0.9106714628297362
3336 0.9106982319448607
3337 0.9107249850209707
3338 0.9107517220724768
3339 0.9107784431137724
3340 0.9108051481592337
3341 0.9108318372232196
3342 0.9108585103200718
3343 0.9105861244019139
3344 0.9106128550074738
3345 0.9106395696353855
3346 0.9106662682999701
3347 0.9106929510155317
3348 0.9107196177963571
3349 0.9107462686567164
3350 0.9107729036108624
3351 0.910799522673031
3352 0.910826125857441
3353 0.9108527131782945
3354 0.9108792846497764
3355 0.9109058402860548
3356 0.9109323801012809
3357 0.910958904109589
3358 0.9109854123250968
3359 0.9110119047619047
3360 0.911038381434097
3361 0.9110648423557406
3362 0.9110912875408861
3363 0.9111177170035671
3364 0.9111441307578009
3365 0.9111705288175876
3366 0.9111969111969112
3367 0.9112232779097387
3368 0.9109528049866429
3369 0.9109792284866469
3370 0.9110056363097004
3371 0.9110320284697508
3372 0.9110584049807293
3373 0.9107883817427386
3374 0.9108148148148149
3375 0.9108412322274881
3376 0.9108676339946699
3377 0.9108940201302546
3378 0.9109203906481207
3379 0.9109467455621302
3380 0.9109730848861284
3381 0.9109994086339445
3382 0.911025716819391
3383 0.9110520094562647
3384 0.9107828655834564
3385 0.9108092144122859
3386 0.9108355476823148
3387 0.91086186540732
3388 0.9108881676010623
3389 0.9106194690265487
3390 0.9106458271896196
3391 0.9106721698113207
3392 0.910403772472738
3393 0.9104301708898055
3394 0.9104565537555228
3395 0.9104829210836278
3396 0.9105092728878422
3397 0.9105356091818717
3398 0.9105619299794057
3399 0.9105882352941177
3400 0.9106145251396648
3401 0.9106407995296885
3402 0.9106670584778137
3403 0.9106933019976499
3404 0.91071953010279
3405 0.9107457428068115
3406 0.9107719401232756
3407 0.9107981220657277
3408 0.9108242886476973
3409 0.910850439882698
3410 0.9108765757842275
3411 0.9109026963657679
3412 0.9109288016407853
3413 0.9109548916227299
3414 0.9109809663250366
3415 0.9107142857142857
3416 0.9107404155692128
3417 0.9104739613809245
3418 0.9105001462415911
3419 0.9105263157894737
3420 0.9105524700380005
3421 0.9102863822326125
3422 0.9103125912941864
3423 0.9103387850467289
3424 0.9100729927007299
3425 0.9100992410974897
3426 0.9101254741756638
3427 0.9098599766627772
3428 0.9098862642169728
3429 0.9099125364431487
3430 0.9099387933547071
3431 0.909965034965035
3432 0.9096999708709583
3433 0.9094350611531742
3434 0.9094614264919941
3435 0.909487776484284
3436 0.909514111143439
3437 0.9095404304828388
3438 0.9095667345158476
3439 0.9093023255813953
3440 0.909328683522232
3441 0.9093550261475886
3442 0.9093813534708104
3443 0.9094076655052264
3444 0.909433962264151
3445 0.9091700522344748
3446 0.9089062953292718
3447 0.9089327146171694
3448 0.9089591185850971
3449 0.9089855072463768
3450 0.9090118806143147
3451 0.9090382387022016
3452 0.9087749782797567
3453 0.9088013896931094
3454 0.9088277858176556
3455 0.9088541666666666
3456 0.9088805322533989
3457 0.9089068825910931
3458 0.908644116796762
3459 0.9083815028901734
3460 0.9084079745738226
3461 0.9084344309647603
3462 0.9084608720762345
3463 0.9084872979214781
3464 0.9085137085137085
3465 0.9085401038661282
3466 0.9085664839919239
3467 0.9085928489042676
3468 0.9086191986163159
3469 0.9086455331412103
3470 0.9086718524920772
3471 0.9086981566820277
3472 0.9087244457241578
3473 0.9087507196315486
3474 0.9087769784172662
3475 0.9088032220943614
3476 0.90882945067587
3477 0.9088556641748131
3478 0.9088818626041966
3479 0.9089080459770115
3480 0.9089342143062339
3481 0.9089603676048248
3482 0.9089865058857307
3483 0.9087256027554536
3484 0.9087517934002869
3485 0.9087779690189329
3486 0.9088041296243189
3487 0.9088302752293578
3488 0.9088564058469476
3489 0.9088825214899714
3490 0.9089086221712976
3491 0.9089347079037801
3492 0.9089607787002577
3493 0.9089868345735547
3494 0.9090128755364807
3495 0.9090389016018307
3496 0.9090649127823849
3497 0.9090909090909091
3498 0.9091168905401543
3499 0.9091428571428571
3500 0.9091688089117395
3501 0.9091947458595089
3502 0.9092206679988581
3503 0.9089611872146118
3504 0.9089871611982882
3505 0.9090131203650884
3506 0.9090390647276875
3507 0.9090649942987458
3508 0.9090909090909091
3509 0.9088319088319088
3510 0.9088578752492168
3511 0.908883826879271
3512 0.9089097637346997
3513 0.9089356858281161
3514 0.9086770981507823
3515 0.908703071672355
3516 0.9087290304236565
3517 0.9087549744172826
3518 0.9087809036658141
3519 0.9088068181818182
3520 0.9088327179778471
3521 0.9088586030664395
3522 0.9088844734601192
3523 0.9089103291713961
3524 0.9086524822695036
3525 0.9086783891094725
3526 0.9087042812588603
3527 0.9087301587301587
3528 0.9087560215358459
3529 0.9087818696883853
3530 0.9088077032002265
3531 0.9088335220838052
3532 0.9088593263515427
3533 0.9088851160158461
3534 0.9089108910891089
3535 0.9089366515837104
3536 0.9089623975120158
3537 0.9089881288863765
3538 0.9090138457191297
3539 0.9090395480225989
3540 0.9090652358090935
3541 0.9090909090909091
3542 0.9088343211967259
3543 0.9088600451467269
3544 0.9086036671368124
3545 0.9086294416243654
3546 0.908655201578799
3547 0.9086809470124013
3548 0.9087066779374472
3549 0.9087323943661972
3550 0.9087580963108983
3551 0.9087837837837838
3552 0.9088094567970729
3553 0.9085537422622397
3554 0.9085794655414908
3555 0.9086051743532059
3556 0.9086308687095868
3557 0.9083754918493536
3558 0.9084012363023322
3559 0.9084269662921348
3560 0.9084526818309464
3561 0.9084783829309376
3562 0.9085040696042661
3563 0.9082491582491582
3564 0.9082748948106592
3565 0.9083006169377453
3566 0.9083263246425568
3567 0.9083520179372198
3568 0.9083776968338471
3569 0.9084033613445378
3570 0.9084290114813778
3571 0.908454647256439
3572 0.90848026868178
3573 0.9082260772243984
3574 0.9082517482517483
3575 0.9082774049217002
3576 0.9083030472462957
