0 1.0
1 0.5
2 0.3333333333333333
3 0.5
4 0.6
5 0.6666666666666666
6 0.5714285714285714
7 0.625
8 0.5555555555555556
9 0.6
10 0.6363636363636364
11 0.6666666666666666
12 0.6923076923076923
13 0.6428571428571429
14 0.6666666666666666
15 0.6875
16 0.7058823529411765
17 0.7222222222222222
18 0.7368421052631579
19 0.7
20 0.7142857142857143
21 0.7272727272727273
22 0.7391304347826086
23 0.7083333333333334
24 0.72
25 0.7307692307692307
26 0.7407407407407407
27 0.75
28 0.7241379310344828
29 0.7
30 0.7096774193548387
31 0.6875
32 0.696969696969697
33 0.7058823529411765
34 0.7142857142857143
35 0.7222222222222222
36 0.7297297297297297
37 0.7105263157894737
38 0.6923076923076923
39 0.7
40 0.7073170731707317
41 0.6904761904761905
42 0.6976744186046512
43 0.6818181818181818
44 0.6666666666666666
45 0.6521739130434783
46 0.6595744680851063
47 0.6666666666666666
48 0.6530612244897959
49 0.66
50 0.6666666666666666
51 0.6730769230769231
52 0.6792452830188679
53 0.6851851851851852
54 0.6909090909090909
55 0.6964285714285714
56 0.7017543859649122
57 0.7068965517241379
58 0.711864406779661
59 0.7166666666666667
60 0.7049180327868853
61 0.6935483870967742
62 0.6984126984126984
63 0.6875
64 0.676923076923077
65 0.6818181818181818
66 0.6865671641791045
67 0.6911764705882353
68 0.6956521739130435
69 0.7
70 0.704225352112676
71 0.6944444444444444
72 0.6986301369863014
73 0.7027027027027027
74 0.6933333333333334
75 0.6973684210526315
76 0.7012987012987013
77 0.7051282051282052
78 0.7088607594936709
79 0.7
80 0.7037037037037037
81 0.7073170731707317
82 0.7108433734939759
83 0.7023809523809523
84 0.7058823529411765
85 0.7093023255813954
86 0.7011494252873564
87 0.7045454545454546
88 0.7078651685393258
89 0.7111111111111111
90 0.7142857142857143
91 0.7065217391304348
92 0.6989247311827957
93 0.7021276595744681
94 0.7052631578947368
95 0.6979166666666666
96 0.7010309278350515
97 0.6938775510204082
98 0.696969696969697
99 0.7
100 0.693069306930693
101 0.696078431372549
102 0.6990291262135923
103 0.7019230769230769
104 0.7047619047619048
105 0.6981132075471698
106 0.7009345794392523
107 0.7037037037037037
108 0.7064220183486238
109 0.7090909090909091
110 0.7117117117117117
111 0.7142857142857143
112 0.7168141592920354
113 0.7105263157894737
114 0.7130434782608696
115 0.7068965517241379
116 0.7094017094017094
117 0.7033898305084746
118 0.7058823529411765
119 0.7083333333333334
120 0.7107438016528925
121 0.7049180327868853
122 0.7073170731707317
123 0.7096774193548387
124 0.712
125 0.7142857142857143
126 0.7165354330708661
127 0.71875
128 0.7209302325581395
129 0.7230769230769231
130 0.7251908396946565
131 0.7196969696969697
132 0.7142857142857143
133 0.7164179104477612
134 0.7185185185185186
135 0.7205882352941176
136 0.7153284671532847
137 0.717391304347826
138 0.7194244604316546
139 0.7214285714285714
140 0.723404255319149
141 0.7183098591549296
142 0.7202797202797203
143 0.7222222222222222
144 0.7241379310344828
145 0.7191780821917808
146 0.7210884353741497
147 0.7162162162162162
148 0.7181208053691275
149 0.72
150 0.7152317880794702
151 0.7171052631578947
152 0.7124183006535948
153 0.7142857142857143
154 0.7096774193548387
155 0.7115384615384616
156 0.7133757961783439
157 0.7088607594936709
158 0.710691823899371
159 0.7125
160 0.7142857142857143
161 0.7160493827160493
162 0.7177914110429447
163 0.7195121951219512
164 0.7212121212121212
165 0.7168674698795181
166 0.718562874251497
167 0.7142857142857143
168 0.7159763313609467
169 0.7176470588235294
170 0.7192982456140351
171 0.7209302325581395
172 0.7225433526011561
173 0.7183908045977011
174 0.72
175 0.7215909090909091
176 0.7231638418079096
177 0.7191011235955056
178 0.7150837988826816
179 0.7111111111111111
180 0.712707182320442
181 0.7087912087912088
182 0.7103825136612022
183 0.7065217391304348
184 0.7081081081081081
185 0.7096774193548387
186 0.7112299465240641
187 0.7127659574468085
188 0.7142857142857143
189 0.7105263157894737
190 0.7068062827225131
191 0.7083333333333334
192 0.7098445595854922
193 0.711340206185567
194 0.7128205128205128
195 0.7142857142857143
196 0.7157360406091371
197 0.7171717171717171
198 0.7185929648241206
199 0.715
200 0.7164179104477612
201 0.7178217821782178
202 0.7192118226600985
203 0.7205882352941176
204 0.7219512195121951
205 0.7184466019417476
206 0.7198067632850241
207 0.7211538461538461
208 0.722488038277512
209 0.7238095238095238
210 0.7251184834123223
211 0.7264150943396226
212 0.7230046948356808
213 0.719626168224299
214 0.7209302325581395
215 0.7175925925925926
216 0.7188940092165899
217 0.7201834862385321
218 0.7214611872146118
219 0.7227272727272728
220 0.7239819004524887
221 0.7252252252252253
222 0.726457399103139
223 0.7276785714285714
224 0.7288888888888889
225 0.7256637168141593
226 0.7268722466960352
227 0.7280701754385965
228 0.7292576419213974
229 0.7304347826086957
230 0.7316017316017316
231 0.7327586206896551
232 0.7296137339055794
233 0.7264957264957265
234 0.723404255319149
235 0.7245762711864406
236 0.7257383966244726
237 0.726890756302521
238 0.7238493723849372
239 0.725
240 0.7261410788381742
241 0.7272727272727273
242 0.7283950617283951
243 0.7295081967213115
244 0.7306122448979592
245 0.7317073170731707
246 0.7327935222672065
247 0.7298387096774194
248 0.7269076305220884
249 0.724
250 0.7250996015936255
251 0.7261904761904762
252 0.7272727272727273
253 0.7244094488188977
254 0.7254901960784313
255 0.72265625
256 0.7237354085603113
257 0.7209302325581395
258 0.722007722007722
259 0.7192307692307692
260 0.7203065134099617
261 0.7213740458015268
262 0.7186311787072244
263 0.7196969696969697
264 0.7169811320754716
265 0.7180451127819549
266 0.7191011235955056
267 0.7201492537313433
268 0.7211895910780669
269 0.7222222222222222
270 0.7232472324723247
271 0.7242647058823529
272 0.7216117216117216
273 0.7226277372262774
274 0.7236363636363636
275 0.7210144927536232
276 0.7220216606498195
277 0.7230215827338129
278 0.7204301075268817
279 0.7214285714285714
280 0.7224199288256228
281 0.723404255319149
282 0.7243816254416962
283 0.7253521126760564
284 0.7228070175438597
285 0.7237762237762237
286 0.7212543554006968
287 0.7222222222222222
288 0.7231833910034602
289 0.7241379310344828
290 0.7250859106529209
291 0.726027397260274
292 0.7235494880546075
293 0.7244897959183674
294 0.7254237288135593
295 0.722972972972973
296 0.7239057239057239
297 0.7248322147651006
298 0.725752508361204
299 0.7233333333333334
300 0.7242524916943521
301 0.7218543046357616
302 0.7227722772277227
303 0.7236842105263158
304 0.7245901639344262
305 0.7222222222222222
306 0.7198697068403909
307 0.7207792207792207
308 0.7216828478964401
309 0.7193548387096774
310 0.7202572347266881
311 0.7211538461538461
312 0.7220447284345048
313 0.7229299363057324
314 0.7206349206349206
315 0.7215189873417721
316 0.722397476340694
317 0.7232704402515723
318 0.7241379310344828
319 0.725
320 0.7258566978193146
321 0.7267080745341615
322 0.7244582043343654
323 0.7253086419753086
324 0.7230769230769231
325 0.7208588957055214
326 0.7217125382262997
327 0.7195121951219512
328 0.7173252279635258
329 0.7181818181818181
330 0.7190332326283988
331 0.7198795180722891
332 0.7207207207207207
333 0.7215568862275449
334 0.7223880597014926
335 0.7232142857142857
336 0.7240356083086054
337 0.7248520710059172
338 0.7227138643067846
339 0.7235294117647059
340 0.7243401759530792
341 0.7222222222222222
342 0.7230320699708455
343 0.7238372093023255
344 0.7246376811594203
345 0.7225433526011561
346 0.7204610951008645
347 0.7212643678160919
348 0.7220630372492837
349 0.7228571428571429
350 0.7236467236467237
351 0.7244318181818182
352 0.7252124645892352
353 0.7259887005649718
354 0.7267605633802817
355 0.7247191011235955
356 0.7254901960784313
357 0.7262569832402235
358 0.7270194986072424
359 0.7277777777777777
360 0.7285318559556787
361 0.7292817679558011
362 0.7272727272727273
363 0.728021978021978
364 0.7287671232876712
365 0.726775956284153
366 0.7275204359673024
367 0.7255434782608695
368 0.7262872628726287
369 0.727027027027027
370 0.7277628032345014
371 0.728494623655914
372 0.7292225201072386
373 0.7299465240641712
374 0.7306666666666667
375 0.7313829787234043
376 0.7320954907161804
377 0.7328042328042328
378 0.7335092348284961
379 0.7342105263157894
380 0.7349081364829396
381 0.7329842931937173
382 0.7336814621409922
383 0.734375
384 0.7350649350649351
385 0.7357512953367875
386 0.7364341085271318
387 0.7371134020618557
388 0.7377892030848329
389 0.7384615384615385
390 0.7365728900255755
391 0.7372448979591837
392 0.7379134860050891
393 0.7385786802030457
394 0.739240506329114
395 0.73989898989899
396 0.7405541561712846
397 0.7412060301507538
398 0.7393483709273183
399 0.7375
400 0.7381546134663342
401 0.7388059701492538
402 0.739454094292804
403 0.7400990099009901
404 0.7407407407407407
405 0.7413793103448276
406 0.742014742014742
407 0.7426470588235294
408 0.7408312958435208
409 0.7414634146341463
410 0.7396593673965937
411 0.7402912621359223
412 0.7409200968523002
413 0.7415458937198067
414 0.7421686746987952
415 0.7403846153846154
416 0.7410071942446043
417 0.7392344497607656
418 0.7398568019093079
419 0.7404761904761905
420 0.7410926365795725
421 0.7417061611374408
422 0.7423167848699763
423 0.7429245283018868
424 0.7435294117647059
425 0.744131455399061
426 0.7447306791569087
427 0.7453271028037384
428 0.745920745920746
429 0.7465116279069768
430 0.7447795823665894
431 0.7453703703703703
432 0.745958429561201
433 0.7465437788018433
434 0.7471264367816092
435 0.7477064220183486
436 0.7482837528604119
437 0.7465753424657534
438 0.7471526195899773
439 0.7477272727272727
440 0.7482993197278912
441 0.748868778280543
442 0.7494356659142212
443 0.75
444 0.750561797752809
445 0.7511210762331838
446 0.7516778523489933
447 0.7522321428571429
448 0.7527839643652561
449 0.7511111111111111
450 0.7494456762749445
451 0.7477876106194691
452 0.7461368653421634
453 0.7466960352422908
454 0.7472527472527473
455 0.7478070175438597
456 0.7483588621444202
457 0.7489082969432315
458 0.7494553376906318
459 0.7478260869565218
460 0.7483731019522777
461 0.7467532467532467
462 0.7473002159827213
463 0.7478448275862069
464 0.7462365591397849
465 0.7467811158798283
466 0.7473233404710921
467 0.7457264957264957
468 0.746268656716418
469 0.7468085106382979
470 0.7473460721868365
471 0.7478813559322034
472 0.7484143763213531
473 0.7489451476793249
474 0.7494736842105263
475 0.75
476 0.750524109014675
477 0.7510460251046025
478 0.7494780793319415
479 0.75
480 0.7505197505197505
481 0.7510373443983402
482 0.7494824016563147
483 0.75
484 0.7505154639175258
485 0.7510288065843621
486 0.7515400410677618
487 0.7520491803278688
488 0.7525562372188139
489 0.753061224489796
490 0.7535641547861507
491 0.7540650406504065
492 0.7545638945233266
493 0.7550607287449392
494 0.7555555555555555
495 0.7560483870967742
496 0.7565392354124748
497 0.7570281124497992
498 0.7575150300601202
499 0.756
500 0.7564870259481038
501 0.7549800796812749
502 0.7534791252485089
503 0.753968253968254
504 0.7544554455445545
505 0.7549407114624506
506 0.7534516765285996
507 0.7519685039370079
508 0.7524557956777996
509 0.7509803921568627
510 0.7514677103718199
511 0.751953125
512 0.7524366471734892
513 0.7529182879377432
514 0.7514563106796116
515 0.751937984496124
516 0.7524177949709865
517 0.752895752895753
518 0.7514450867052023
519 0.7519230769230769
520 0.7523992322456814
521 0.7509578544061303
522 0.751434034416826
523 0.75
524 0.7504761904761905
525 0.7490494296577946
526 0.7495256166982922
527 0.75
528 0.7504725897920604
529 0.7509433962264151
530 0.751412429378531
531 0.75
532 0.7504690431519699
533 0.7490636704119851
534 0.7495327102803738
535 0.75
536 0.750465549348231
537 0.7509293680297398
538 0.7495361781076066
539 0.75
540 0.7486136783733827
541 0.7490774907749077
542 0.7495395948434622
543 0.75
544 0.7504587155963303
545 0.7490842490842491
546 0.7495429616087751
547 0.75
548 0.7504553734061931
549 0.7490909090909091
550 0.7477313974591652
551 0.7463768115942029
552 0.7468354430379747
553 0.7472924187725631
554 0.7477477477477478
555 0.7464028776978417
556 0.7468581687612208
557 0.7455197132616488
558 0.7459749552772809
559 0.7446428571428572
560 0.7450980392156863
561 0.7455516014234875
562 0.7460035523978685
563 0.7446808510638298
564 0.7433628318584071
565 0.7420494699646644
566 0.7425044091710759
567 0.7411971830985915
568 0.7416520210896309
569 0.7421052631578947
570 0.7425569176882661
571 0.743006993006993
572 0.743455497382199
573 0.7439024390243902
574 0.7443478260869565
575 0.7447916666666666
576 0.7452339688041595
577 0.7439446366782007
578 0.7426597582037997
579 0.7413793103448276
580 0.7401032702237521
581 0.7405498281786942
582 0.7409948542024014
583 0.7414383561643836
584 0.7418803418803419
585 0.742320819112628
586 0.7410562180579217
587 0.7397959183673469
588 0.7402376910016978
589 0.7389830508474576
590 0.739424703891709
591 0.7398648648648649
592 0.7403035413153457
593 0.7407407407407407
594 0.7394957983193278
595 0.738255033557047
596 0.7370184254606366
597 0.7374581939799331
598 0.7378964941569283
599 0.7383333333333333
600 0.7387687188019967
601 0.739202657807309
602 0.7396351575456053
603 0.7384105960264901
604 0.7371900826446282
605 0.735973597359736
606 0.7364085667215815
607 0.7368421052631579
608 0.7372742200328407
609 0.7360655737704918
610 0.734860883797054
611 0.7352941176470589
612 0.7357259380097879
613 0.7345276872964169
614 0.734959349593496
615 0.7353896103896104
616 0.7358184764991896
617 0.7362459546925566
618 0.7366720516962844
619 0.7370967741935484
620 0.7375201288244766
621 0.7363344051446945
622 0.7367576243980738
623 0.7371794871794872
624 0.7376
625 0.7380191693290735
626 0.7384370015948963
627 0.7372611464968153
628 0.7376788553259142
629 0.7380952380952381
630 0.7369255150554676
631 0.7373417721518988
632 0.7377567140600316
633 0.7381703470031545
634 0.7385826771653543
635 0.7389937106918238
636 0.7394034536891679
637 0.7398119122257053
638 0.7402190923317684
639 0.740625
640 0.7394695787831513
641 0.7398753894080997
642 0.7387247278382582
643 0.7391304347826086
644 0.7395348837209302
645 0.739938080495356
646 0.740340030911901
647 0.7407407407407407
648 0.7411402157164869
649 0.7415384615384616
650 0.7403993855606759
651 0.7392638036809815
652 0.7396630934150077
653 0.7385321100917431
654 0.7389312977099237
655 0.739329268292683
656 0.7397260273972602
657 0.7401215805471124
658 0.7405159332321699
659 0.740909090909091
660 0.7397881996974282
661 0.7401812688821753
662 0.7405731523378583
663 0.7409638554216867
664 0.7413533834586467
665 0.7417417417417418
666 0.7421289355322339
667 0.7425149700598802
668 0.7428998505231689
669 0.7432835820895523
670 0.7436661698956781
671 0.7425595238095238
672 0.7429420505200595
673 0.7433234421364985
674 0.7437037037037038
675 0.7440828402366864
676 0.7444608567208272
677 0.7448377581120944
678 0.7437407952871871
679 0.7441176470588236
680 0.7430249632892805
681 0.7419354838709677
682 0.7423133235724744
683 0.7426900584795322
684 0.743065693430657
685 0.7434402332361516
686 0.74235807860262
687 0.7427325581395349
688 0.7416545718432511
689 0.7405797101449275
690 0.7409551374819102
691 0.7398843930635838
692 0.7402597402597403
693 0.7406340057636888
694 0.7410071942446043
695 0.7413793103448276
696 0.7417503586800573
697 0.7421203438395415
698 0.7424892703862661
699 0.7414285714285714
700 0.7417974322396577
701 0.7421652421652422
702 0.7425320056899004
703 0.7428977272727273
704 0.7432624113475177
705 0.7422096317280453
706 0.7425742574257426
707 0.7429378531073446
708 0.7433004231311706
709 0.7436619718309859
710 0.7440225035161744
711 0.7443820224719101
712 0.7447405329593267
713 0.7450980392156863
714 0.7454545454545455
715 0.7458100558659218
716 0.7461645746164575
717 0.7465181058495822
718 0.7468706536856745
719 0.7472222222222222
720 0.7475728155339806
721 0.7465373961218836
722 0.7455048409405256
723 0.7458563535911602
724 0.7462068965517241
725 0.7465564738292011
726 0.7469050894085282
727 0.7472527472527473
728 0.747599451303155
729 0.7465753424657534
730 0.746922024623803
731 0.7472677595628415
732 0.747612551159618
733 0.7465940054495913
734 0.746938775510204
735 0.7472826086956522
736 0.7476255088195387
737 0.7479674796747967
738 0.7469553450608931
739 0.7472972972972973
740 0.747638326585695
741 0.7466307277628033
742 0.7456258411843876
743 0.7459677419354839
744 0.7463087248322148
745 0.7466487935656837
746 0.7469879518072289
747 0.7459893048128342
748 0.7463284379172229
749 0.7466666666666667
750 0.7470039946737683
751 0.7473404255319149
752 0.747675962815405
753 0.746684350132626
754 0.7470198675496689
755 0.7473544973544973
756 0.7476882430647291
757 0.7467018469656992
758 0.7457180500658761
759 0.7460526315789474
760 0.7463863337713534
761 0.7454068241469817
762 0.744429882044561
763 0.7447643979057592
764 0.7450980392156863
765 0.7441253263707572
766 0.7444589308996089
767 0.7447916666666666
768 0.7438231469440832
769 0.7428571428571429
770 0.7431906614785992
771 0.7435233160621761
772 0.7425614489003881
773 0.7428940568475452
774 0.743225806451613
775 0.7422680412371134
776 0.7425997425997426
777 0.7429305912596401
778 0.7419768934531451
779 0.7423076923076923
780 0.7426376440460948
781 0.7416879795396419
782 0.7420178799489144
783 0.7423469387755102
784 0.7414012738853503
785 0.7417302798982188
786 0.7407878017789072
787 0.7398477157360406
788 0.7401774397972116
789 0.739240506329114
790 0.7395701643489254
791 0.73989898989899
792 0.7402269861286255
793 0.739294710327456
794 0.7396226415094339
795 0.7386934673366834
796 0.739021329987453
797 0.7393483709273183
798 0.7396745932415519
799 0.73875
800 0.7378277153558053
801 0.7369077306733167
802 0.7359900373599004
803 0.736318407960199
804 0.7366459627329193
805 0.7369727047146402
806 0.7372986369268897
807 0.7376237623762376
808 0.7379480840543882
809 0.7382716049382716
810 0.7373612823674476
811 0.7376847290640394
812 0.7367773677736777
813 0.7371007371007371
814 0.7374233128834355
815 0.7365196078431373
816 0.7368421052631579
817 0.7371638141809291
818 0.7374847374847375
819 0.7378048780487805
820 0.7369062119366626
821 0.7372262773722628
822 0.7375455650060754
823 0.7378640776699029
824 0.7381818181818182
825 0.7372881355932204
826 0.7376058041112454
827 0.7379227053140096
828 0.7370325693606755
829 0.7373493975903614
830 0.7364620938628159
831 0.7367788461538461
832 0.737094837935174
833 0.737410071942446
834 0.7377245508982035
835 0.7380382775119617
836 0.7371565113500598
837 0.7374701670644391
838 0.7365911799761621
839 0.736904761904762
840 0.737217598097503
841 0.7363420427553444
842 0.7366548042704626
843 0.7369668246445498
844 0.7372781065088757
845 0.7364066193853428
846 0.7367178276269185
847 0.7370283018867925
848 0.7361601884570083
849 0.7352941176470589
850 0.7356051703877791
851 0.7359154929577465
852 0.7362250879249707
853 0.7365339578454333
854 0.7368421052631579
855 0.7371495327102804
856 0.7362893815635939
857 0.7365967365967366
858 0.7369033760186263
859 0.7372093023255814
860 0.7375145180023229
861 0.7378190255220418
862 0.7369640787949016
863 0.7361111111111112
864 0.7364161849710983
865 0.7367205542725174
866 0.7370242214532872
867 0.7361751152073732
868 0.7364787111622555
869 0.735632183908046
870 0.7347876004592423
871 0.7350917431192661
872 0.7353951890034365
873 0.7345537757437071
874 0.7348571428571429
875 0.7351598173515982
876 0.734321550741163
877 0.734624145785877
878 0.7337883959044369
879 0.7340909090909091
880 0.7343927355278093
881 0.7346938775510204
882 0.7338618346545867
883 0.7341628959276018
884 0.7344632768361582
885 0.7347629796839729
886 0.7350620067643743
887 0.7353603603603603
888 0.734533183352081
889 0.7337078651685394
890 0.7328843995510662
891 0.7331838565022422
892 0.7334826427771557
893 0.7337807606263982
894 0.7329608938547486
895 0.7321428571428571
896 0.7324414715719063
897 0.732739420935412
898 0.7330367074527252
899 0.7333333333333333
900 0.7336293007769146
901 0.7328159645232816
902 0.7331118493909191
903 0.7334070796460177
904 0.7325966850828729
905 0.7328918322295805
906 0.7320837927232635
907 0.7312775330396476
908 0.7315731573157316
909 0.7307692307692307
910 0.7310647639956093
911 0.731359649122807
912 0.7305585980284776
913 0.7308533916849015
914 0.7311475409836066
915 0.7314410480349345
916 0.7317339149400218
917 0.7309368191721133
918 0.7312295973884657
919 0.7304347826086957
920 0.7307274701411509
921 0.7299349240780911
922 0.7302275189599133
923 0.7305194805194806
924 0.7308108108108108
925 0.7311015118790497
926 0.7313915857605178
927 0.7316810344827587
928 0.7319698600645855
929 0.7322580645161291
930 0.7314715359828142
931 0.7317596566523605
932 0.7320471596998929
933 0.7312633832976445
934 0.7304812834224599
935 0.7307692307692307
936 0.7310565635005336
937 0.7302771855010661
938 0.7305644302449414
939 0.7308510638297873
940 0.7300743889479278
941 0.7303609341825902
942 0.7295864262990456
943 0.7298728813559322
944 0.7301587301587301
945 0.7304439746300211
946 0.7296726504751848
947 0.7289029535864979
948 0.7281348788198103
949 0.728421052631579
950 0.7287066246056783
951 0.7279411764705882
952 0.7282266526757608
953 0.7285115303983228
954 0.7277486910994765
955 0.7280334728033473
956 0.7283176593521421
957 0.7286012526096033
958 0.7288842544316997
959 0.7291666666666666
960 0.7294484911550468
961 0.7297297297297297
962 0.7300103842159917
963 0.7302904564315352
964 0.7305699481865285
965 0.7308488612836439
966 0.7311271975180972
967 0.731404958677686
968 0.7306501547987616
969 0.7309278350515463
970 0.7312049433573635
971 0.7314814814814815
972 0.7317574511819116
973 0.731006160164271
974 0.7312820512820513
975 0.7315573770491803
976 0.7308085977482088
977 0.7310838445807771
978 0.7313585291113381
979 0.7316326530612245
980 0.7319062181447502
981 0.7321792260692465
982 0.7324516785350966
983 0.7327235772357723
984 0.732994923857868
985 0.7322515212981744
986 0.7325227963525835
987 0.7327935222672065
988 0.7330637007077856
989 0.7333333333333333
990 0.7336024217961655
991 0.7338709677419355
992 0.7341389728096677
993 0.7344064386317908
994 0.7346733668341708
995 0.7339357429718876
996 0.7342026078234705
997 0.7334669338677354
998 0.7337337337337337
999 0.734
1000 0.7342657342657343
1001 0.7345309381237525
1002 0.7347956131605184
1003 0.7350597609561753
1004 0.7353233830845771
1005 0.7345924453280318
1006 0.7348560079443893
1007 0.7351190476190477
1008 0.734390485629336
1009 0.7346534653465346
1010 0.734915924826904
1011 0.7351778656126482
1012 0.7354392892398816
1013 0.7357001972386588
1014 0.734975369458128
1015 0.735236220472441
1016 0.7345132743362832
1017 0.7347740667976425
1018 0.7350343473994112
1019 0.734313725490196
1020 0.7345739471106758
1021 0.7348336594911937
1022 0.7341153470185728
1023 0.734375
1024 0.7346341463414634
1025 0.7339181286549707
1026 0.7341772151898734
1027 0.7344357976653697
1028 0.7346938775510204
1029 0.7339805825242719
1030 0.7342386032977691
1031 0.7344961240310077
1032 0.7347531461761858
1033 0.7350096711798839
1034 0.7352657004830918
1035 0.7345559845559846
1036 0.733847637415622
1037 0.7341040462427746
1038 0.7343599615014437
1039 0.7346153846153847
1040 0.7348703170028819
1041 0.7351247600767754
1042 0.7353787152444871
1043 0.735632183908046
1044 0.7349282296650718
1045 0.7351816443594646
1046 0.7354345749761223
1047 0.7356870229007634
1048 0.7359389895138226
1049 0.7361904761904762
1050 0.736441484300666
1051 0.7366920152091255
1052 0.7369420702754036
1053 0.7371916508538899
1054 0.7374407582938388
1055 0.7376893939393939
1056 0.7369914853358562
1057 0.7372400756143668
1058 0.7365439093484419
1059 0.7367924528301887
1060 0.7370405278039586
1061 0.7372881355932204
1062 0.7365945437441204
1063 0.7368421052631579
1064 0.7361502347417841
1065 0.7363977485928705
1066 0.7366447985004686
1067 0.7368913857677902
1068 0.7371375116931712
1069 0.7373831775700934
1070 0.7376283846872083
1071 0.7378731343283582
1072 0.7371854613233924
1073 0.7364990689013036
1074 0.7358139534883721
1075 0.7351301115241635
1076 0.7353760445682451
1077 0.735621521335807
1078 0.7358665430954587
1079 0.7361111111111112
1080 0.7363552266419982
1081 0.7365988909426987
1082 0.7368421052631579
1083 0.7370848708487084
1084 0.7373271889400922
