0 0.8744980096817017
1 0.7615965008735657
2 0.8268418312072754
3 0.8137121200561523
4 0.7367289662361145
5 0.7534663677215576
6 0.67251056432724
7 0.6682212948799133
8 0.5897276997566223
9 0.5312969088554382
10 0.5024376511573792
11 0.5990522503852844
12 0.5009390711784363
13 0.8596631288528442
14 0.7647079825401306
15 0.6725977063179016
16 0.7474386096000671
17 0.6986504197120667
18 0.5203633308410645
19 0.5038929581642151
20 0.636829137802124
21 0.7879459261894226
22 0.5507798194885254
23 0.7545613646507263
24 0.6588464379310608
25 0.6473010182380676
26 0.5825008153915405
27 0.7594777941703796
28 0.9133173823356628
29 0.7177540063858032
30 0.7651379704475403
31 0.6845441460609436
32 0.5624043345451355
33 0.6834368705749512
34 0.5187198519706726
35 0.602648913860321
36 0.9048789739608765
37 0.5467257499694824
38 0.5369740724563599
39 0.5258862972259521
40 0.8185432553291321
41 0.5508277416229248
42 0.6879215836524963
43 0.5670998692512512
44 0.8696430325508118
45 0.8857733011245728
46 0.5524448156356812
47 0.705815315246582
48 0.7496535778045654
49 0.9408910274505615
50 0.9275135397911072
51 0.7838843464851379
52 0.5551711916923523
53 0.5082539916038513
54 0.6748002767562866
55 0.5997480154037476
56 0.8728936910629272
57 0.6444993019104004
58 0.829075813293457
59 0.8821167945861816
60 0.7609632611274719
61 0.9109957218170166
62 0.7257039546966553
63 0.6302038431167603
64 0.8156848549842834
65 0.857708752155304
66 0.9257392287254333
67 0.9348462224006653
68 0.5593971014022827
69 0.5771558284759521
70 0.683994710445404
71 0.838186502456665
72 0.8701505661010742
73 0.6579153537750244
74 0.896753191947937
75 0.5995063781738281
76 0.7735455632209778
77 0.7001165151596069
78 0.8384826183319092
79 0.6953997611999512
80 0.7420493364334106
81 0.5927748084068298
82 0.9160513877868652
83 0.8790891766548157
84 0.7819140553474426
85 0.5014964938163757
86 0.7938653230667114
87 0.9231960773468018
88 0.9137706160545349
89 0.8161632418632507
90 0.6050744652748108
91 0.7769575119018555
92 0.713921070098877
93 0.5418918132781982
94 0.7873010635375977
95 0.5045424699783325
96 0.9305382966995239
97 0.5619692206382751
98 0.5819829702377319
99 0.8481845259666443
100 0.7540579438209534
101 0.6739453077316284
102 0.7767109274864197
103 0.8500496745109558
104 0.8137542605400085
105 0.9005007147789001
106 0.7971909642219543
107 0.8215144276618958
108 0.7686107158660889
109 0.8109598755836487
110 0.9335296750068665
111 0.7452020645141602
112 0.6471388339996338
113 0.7453503012657166
114 0.8074325919151306
115 0.5878028869628906
116 0.5644406676292419
117 0.7044191360473633
118 0.9344038963317871
119 0.7669054865837097
120 0.8167807459831238
121 0.8962326049804688
122 0.6194857954978943
123 0.9553627967834473
124 0.55305415391922
125 0.6374921798706055
126 0.796943724155426
127 0.7793023586273193
128 0.7293939590454102
129 0.528790295124054
130 0.6318771839141846
131 0.563474178314209
132 0.9068651795387268
133 0.8340954184532166
134 0.6839520931243896
135 0.836551308631897
136 0.7614725232124329
137 0.802858829498291
138 0.5550615787506104
139 0.7859572172164917
140 0.9046763777732849
141 0.528790295124054
142 0.8539356589317322
143 0.5707421898841858
144 0.9615113735198975
145 0.6493021249771118
146 0.8933473229408264
147 0.855472207069397
148 0.8271492719650269
149 0.5125945806503296
150 0.7819027304649353
151 0.916632890701294
152 0.5843961238861084
153 0.677602231502533
154 0.6323771476745605
155 0.5499354004859924
156 0.9229131937026978
157 0.9222431778907776
158 0.9230650067329407
159 0.9152971506118774
160 0.501678466796875
161 0.9256300330162048
162 0.7237223982810974
163 0.6715487837791443
164 0.5011305212974548
165 0.6045927405357361
166 0.87250155210495
167 0.8791981339454651
168 0.5400065183639526
169 0.8403555154800415
170 0.9510077238082886
171 0.9215602278709412
172 0.8495243787765503
173 0.8025929927825928
174 0.7902664542198181
175 0.5064141154289246
176 0.7886168956756592
177 0.9195451736450195
178 0.5752224326133728
179 0.9244042634963989
180 0.6002050638198853
181 0.7950989007949829
182 0.6343443989753723
183 0.7754673957824707
184 0.5473242998123169
185 0.813194990158081
186 0.6170288324356079
187 0.9477894902229309
188 0.5679294466972351
189 0.7013155221939087
190 0.9555754661560059
191 0.6563920974731445
192 0.8951849341392517
193 0.9459002017974854
194 0.8271167278289795
195 0.8579007983207703
196 0.5583206415176392
197 0.5513720512390137
198 0.8413755297660828
199 0.6293416619300842
200 0.8785749077796936
201 0.5535242557525635
202 0.6530690789222717
203 0.8384575247764587
204 0.7741032838821411
205 0.5270950198173523
206 0.8865113258361816
207 0.8455459475517273
208 0.606046199798584
209 0.8085641264915466
210 0.734870195388794
211 0.9147549867630005
212 0.6661937236785889
213 0.7680016160011292
214 0.8151983022689819
215 0.9074017405509949
216 0.5806159973144531
217 0.5528852939605713
218 0.8519131541252136
219 0.6186832189559937
220 0.6896329522132874
221 0.828408420085907
222 0.5038929581642151
223 0.5997862219810486
224 0.6610985398292542
225 0.729056715965271
226 0.90259850025177
227 0.513283371925354
228 0.6801437139511108
229 0.6779720783233643
230 0.6114614605903625
231 0.6957058906555176
232 0.7386565804481506
233 0.5745795369148254
234 0.911103367805481
235 0.7098576426506042
236 0.9314180612564087
237 0.8772976398468018
238 0.8971807956695557
239 0.6251684427261353
240 0.8246540427207947
241 0.8621107935905457
242 0.8152120113372803
243 0.7679449319839478
244 0.6987544894218445
245 0.6056167483329773
246 0.8539548516273499
247 0.6764465570449829
248 0.8059554100036621
249 0.8025045990943909
250 0.526961624622345
251 0.9038448929786682
252 0.8073906302452087
253 0.6890966892242432
254 0.6348828673362732
255 0.7868700623512268
256 0.900039553642273
257 0.8899208903312683
258 0.7287643551826477
259 0.6989802122116089
260 0.9354862570762634
261 0.5242295861244202
262 0.7216184139251709
263 0.896614134311676
264 0.5077482461929321
265 0.8151489496231079
266 0.6537402272224426
267 0.9190569519996643
268 0.8783645629882812
269 0.5650261044502258
270 0.5179672241210938
271 0.5124524831771851
272 0.5292559266090393
273 0.6695961356163025
274 0.7424576878547668
275 0.5907095074653625
276 0.5204007029533386
277 0.560846745967865
278 0.7952365875244141
279 0.9126562476158142
280 0.7450417876243591
281 0.8049617409706116
282 0.8924118280410767
283 0.8268385529518127
284 0.8114574551582336
285 0.7863439321517944
286 0.6548560261726379
287 0.9248387217521667
288 0.8379873633384705
289 0.7599540948867798
290 0.527980387210846
291 0.5827534198760986
292 0.517855703830719
293 0.7640827894210815
294 0.7224795818328857
295 0.5704511404037476
296 0.9277074337005615
297 0.7035507559776306
298 0.9000256657600403
299 0.9309378862380981
300 0.6948055028915405
301 0.5429762601852417
302 0.9077102541923523
303 0.6409378051757812
304 0.755911111831665
305 0.8943741321563721
306 0.9116197228431702
307 0.6991242170333862
308 0.5293363332748413
309 0.5669952034950256
310 0.9155842661857605
311 0.7591734528541565
312 0.687264621257782
313 0.6807342171669006
314 0.688338041305542
315 0.8345398902893066
316 0.8504724502563477
317 0.5182241797447205
318 0.7510873675346375
319 0.5879092812538147
320 0.7970379590988159
321 0.5653716325759888
322 0.7793176770210266
323 0.5776268839836121
324 0.8733699917793274
325 0.7721920013427734
326 0.785629391670227
327 0.6410227417945862
328 0.6842963099479675
329 0.7704536318778992
330 0.9202601909637451
331 0.8815693855285645
332 0.5129414796829224
333 0.9195294380187988
334 0.6258228421211243
335 0.735245943069458
336 0.7977807521820068
337 0.8381822109222412
338 0.6945496797561646
339 0.7303089499473572
340 0.9413044452667236
341 0.9089395999908447
342 0.9099239706993103
343 0.8286618590354919
344 0.7117105722427368
345 0.5754963159561157
346 0.7340734601020813
347 0.8049471974372864
348 0.9414916634559631
349 0.9289782643318176
350 0.7286592721939087
351 0.5695216655731201
352 0.6298396587371826
353 0.5252190232276917
354 0.5329956412315369
355 0.7361505627632141
356 0.7288287878036499
357 0.8978727459907532
358 0.7081987857818604
359 0.5286518335342407
360 0.5589301586151123
361 0.7640304565429688
362 0.9157962799072266
363 0.612048864364624
364 0.5732676386833191
365 0.7321274280548096
366 0.8866175413131714
367 0.5150211453437805
368 0.7801395654678345
369 0.8920223712921143
370 0.8257473707199097
371 0.6701059341430664
372 0.6752034425735474
373 0.8062782287597656
374 0.7752063870429993
375 0.7163990139961243
376 0.8616857528686523
377 0.7392485737800598
378 0.8561618328094482
379 0.8118019700050354
380 0.5789645314216614
381 0.7749038338661194
382 0.6556140780448914
383 0.6691145300865173
384 0.7926732301712036
385 0.7381108999252319
386 0.7816864252090454
387 0.6232823133468628
388 0.9452710151672363
389 0.6587185263633728
390 0.9538299441337585
391 0.5116470456123352
392 0.6317396759986877
393 0.8368617296218872
394 0.802846372127533
395 0.8492791652679443
396 0.5855678915977478
397 0.8291230201721191
398 0.5518630743026733
399 0.6170517802238464
400 0.9241635799407959
401 0.639284610748291
402 0.8961172103881836
403 0.8585249781608582
404 0.7213984131813049
405 0.6993447542190552
406 0.5311580896377563
407 0.5558314919471741
408 0.785015881061554
409 0.9396923184394836
410 0.7894319295883179
411 0.9376636147499084
412 0.8440770506858826
413 0.722348690032959
414 0.7288786768913269
415 0.6515742540359497
416 0.7279581427574158
417 0.6557894945144653
418 0.6135287284851074
419 0.7492973208427429
420 0.8109528422355652
421 0.8823039531707764
422 0.5874793529510498
423 0.5021750330924988
424 0.876931369304657
425 0.839654266834259
426 0.8487729430198669
427 0.6154076457023621
428 0.879923403263092
429 0.916167140007019
430 0.7326322197914124
431 0.6421944499015808
432 0.5285641551017761
433 0.6340489387512207
434 0.86741042137146
435 0.5509201884269714
436 0.7802051305770874
437 0.5127004981040955
438 0.7303016185760498
439 0.9028679728507996
440 0.8208721876144409
441 0.9188812971115112
442 0.602014422416687
443 0.9213489890098572
444 0.5887004137039185
445 0.5542951822280884
446 0.8123927712440491
447 0.605987548828125
448 0.8916968703269958
449 0.8501680493354797
450 0.6480622887611389
451 0.797490119934082
452 0.8714818358421326
453 0.5255655646324158
454 0.8101654052734375
455 0.839558482170105
456 0.8792474269866943
457 0.6860199570655823
458 0.7066892385482788
459 0.6226961016654968
460 0.7870626449584961
461 0.5697739720344543
462 0.5340442657470703
463 0.6536412239074707
464 0.7478105425834656
465 0.8008370399475098
466 0.8277190327644348
467 0.5937778949737549
468 0.650966465473175
469 0.7536182999610901
470 0.8428981900215149
471 0.7390739321708679
472 0.7792908549308777
473 0.7931017875671387
474 0.8270258903503418
475 0.7155521512031555
476 0.7370086312294006
477 0.7214216589927673
478 0.8371481895446777
479 0.5792613625526428
480 0.6453606486320496
481 0.5625661015510559
482 0.5104284882545471
483 0.6154658198356628
484 0.6722478270530701
485 0.792603075504303
486 0.884016752243042
487 0.816997766494751
488 0.5527864694595337
489 0.8118131160736084
490 0.8856323957443237
491 0.6449888944625854
492 0.8873788714408875
493 0.62888103723526
494 0.6597732901573181
495 0.7734626531600952
496 0.8262404799461365
497 0.6556951999664307
498 0.6864466667175293
499 0.8192382454872131
500 0.9514334797859192
501 0.8453826904296875
502 0.824201226234436
503 0.8980156779289246
504 0.7096250653266907
505 0.6394620537757874
506 0.7268301248550415
507 0.6581743359565735
508 0.8713914155960083
509 0.7507489919662476
510 0.7850183248519897
511 0.5771558284759521
512 0.5524563789367676
513 0.8700649738311768
514 0.8161516189575195
515 0.9409352540969849
516 0.9443200826644897
517 0.9237804412841797
518 0.9019486904144287
519 0.5757399201393127
520 0.6031129956245422
521 0.6951831579208374
522 0.9337930083274841
523 0.7648309469223022
524 0.6922585964202881
525 0.8454263806343079
526 0.6728948950767517
527 0.9059946537017822
528 0.6376548409461975
529 0.8849536776542664
530 0.920363187789917
531 0.7825356125831604
532 0.7174242734909058
533 0.8647603988647461
534 0.7798000574111938
535 0.5462484359741211
536 0.6266170740127563
537 0.9386508464813232
538 0.7184162139892578
539 0.9367572665214539
540 0.5909226536750793
541 0.8240910172462463
542 0.748559832572937
543 0.5971933007240295
544 0.6157919764518738
545 0.5683850646018982
546 0.7786047458648682
547 0.8181988000869751
548 0.7725659012794495
549 0.9201177954673767
550 0.9311365485191345
551 0.829012930393219
552 0.6676642298698425
553 0.8532337546348572
554 0.5285442471504211
555 0.9367465972900391
556 0.583068311214447
557 0.8260969519615173
558 0.6532222032546997
559 0.8872960805892944
560 0.7980507016181946
561 0.9316396117210388
562 0.9144144058227539
563 0.9112828373908997
564 0.9063245058059692
565 0.723279595375061
566 0.7485624551773071
567 0.6512120962142944
568 0.9292861223220825
569 0.6098676323890686
570 0.7765352725982666
571 0.9126352071762085
572 0.5658403635025024
573 0.8857779502868652
574 0.9140399694442749
575 0.6921063661575317
576 0.7645706534385681
577 0.9213904738426208
578 0.7530837059020996
579 0.8641584515571594
580 0.6151142120361328
581 0.6907722353935242
582 0.548550009727478
583 0.8217858672142029
584 0.8062424063682556
585 0.8978496193885803
586 0.6565448641777039
587 0.7692073583602905
588 0.5924603939056396
589 0.510848343372345
590 0.9124808311462402
591 0.6354134678840637
592 0.7687516212463379
593 0.7161157727241516
594 0.5262705683708191
595 0.6646366119384766
596 0.543024480342865
597 0.7996149063110352
598 0.8978055119514465
599 0.7757827043533325
600 0.6829438209533691
601 0.7376106977462769
602 0.6759099960327148
603 0.6118016242980957
604 0.8659714460372925
605 0.8343815803527832
606 0.7528800368309021
607 0.5109826326370239
608 0.9214710593223572
609 0.8197208642959595
610 0.7089137434959412
611 0.8734642863273621
612 0.9470590949058533
613 0.9416517019271851
614 0.8016893267631531
615 0.9304748773574829
616 0.919874906539917
617 0.9150636196136475
618 0.6548814177513123
619 0.9065139293670654
620 0.5277311205863953
621 0.7180211544036865
622 0.9435659646987915
623 0.699386715888977
624 0.6595529317855835
625 0.6903505921363831
626 0.7923951745033264
627 0.622312605381012
628 0.8462070822715759
629 0.8728061318397522
630 0.7125966548919678
631 0.8120841383934021
632 0.9123738408088684
633 0.8413851261138916
634 0.777747631072998
635 0.7965350151062012
636 0.5607651472091675
637 0.8169105648994446
638 0.6770580410957336
639 0.7797658443450928
640 0.8601489663124084
641 0.713752031326294
642 0.5167044997215271
643 0.6718319654464722
644 0.8844587206840515
645 0.9238443970680237
646 0.7232872843742371
647 0.7119249701499939
648 0.5224636793136597
649 0.5829624533653259
650 0.8074504733085632
651 0.8083439469337463
652 0.8030503988265991
653 0.634393036365509
654 0.9123652577400208
655 0.7687817215919495
656 0.762725830078125
657 0.9608182311058044
658 0.6247028112411499
659 0.5049099326133728
660 0.8058655858039856
661 0.5954791903495789
662 0.9151445031166077
663 0.925409734249115
664 0.861274778842926
665 0.8636903166770935
666 0.6464353799819946
667 0.9366168975830078
668 0.5332578420639038
669 0.6595828533172607
670 0.6884222030639648
671 0.7866003513336182
672 0.5711688995361328
673 0.5383415222167969
674 0.8466835021972656
675 0.8326928615570068
676 0.8802050948143005
677 0.7287207841873169
678 0.7122043967247009
679 0.826977550983429
680 0.5521039366722107
681 0.8209090828895569
682 0.8794998526573181
683 0.5966963171958923
684 0.9512596130371094
685 0.5250223278999329
686 0.8050643801689148
687 0.6039825081825256
688 0.6479817032814026
689 0.5599463582038879
690 0.8287243247032166
691 0.8017343878746033
692 0.7143421173095703
693 0.8430919647216797
694 0.5911568403244019
695 0.7710866928100586
696 0.5226813554763794
697 0.7479594349861145
698 0.6593801379203796
699 0.5418235063552856
700 0.8429134488105774
701 0.5793886780738831
702 0.793412446975708
703 0.9087676405906677
704 0.8572657704353333
705 0.9418988823890686
706 0.8934564590454102
707 0.8333309888839722
708 0.9262723922729492
709 0.5254917144775391
710 0.747185468673706
711 0.6070409417152405
712 0.9513731598854065
713 0.5955712795257568
714 0.7001885771751404
715 0.562456488609314
716 0.5609477758407593
717 0.9375553727149963
718 0.5321054458618164
719 0.7767325043678284
720 0.6831673979759216
721 0.9359686970710754
722 0.6915338039398193
723 0.7516499161720276
724 0.9311004281044006
725 0.8875021934509277
726 0.7185218930244446
727 0.5254084467887878
728 0.5499359965324402
729 0.5893466472625732
730 0.8557115793228149
731 0.8078404664993286
732 0.591539204120636
733 0.7266390919685364
734 0.6118955612182617
735 0.9023472666740417
736 0.747802734375
737 0.9711713194847107
738 0.8586556315422058
739 0.9129903316497803
740 0.6084654927253723
741 0.7087871432304382
742 0.5447475910186768
743 0.7671281695365906
744 0.7565663456916809
745 0.9133740663528442
746 0.5792670249938965
747 0.5653421878814697
748 0.6586036086082458
749 0.5880954265594482
750 0.5087006688117981
751 0.907983124256134
752 0.8368780016899109
753 0.6225876808166504
754 0.6586706042289734
755 0.597130537033081
756 0.6920470595359802
757 0.8055271506309509
758 0.8265666365623474
759 0.9294220209121704
760 0.7552976608276367
761 0.9305589199066162
762 0.5693528652191162
763 0.923369824886322
764 0.901335597038269
765 0.5849094986915588
766 0.8112027049064636
767 0.6838103532791138
768 0.6148767471313477
769 0.8987672328948975
770 0.5661859512329102
771 0.7271954417228699
772 0.8466731309890747
773 0.6541337966918945
774 0.7186070680618286
775 0.8363727331161499
776 0.8539870381355286
777 0.926236093044281
778 0.6124063730239868
779 0.7216283679008484
780 0.7566121816635132
781 0.6770509481430054
782 0.657232403755188
783 0.7745681405067444
784 0.6306410431861877
785 0.9117913246154785
786 0.7531900405883789
787 0.915448784828186
788 0.9439592361450195
789 0.839042603969574
790 0.9095460772514343
791 0.5394531488418579
792 0.6248210668563843
793 0.7421736121177673
794 0.5119001269340515
795 0.7616391181945801
796 0.6832220554351807
797 0.6514057517051697
798 0.905177652835846
799 0.5548043251037598
800 0.9017062187194824
801 0.770714521408081
802 0.7069481015205383
803 0.9448379874229431
804 0.8134488463401794
805 0.6778829097747803
806 0.5269919633865356
807 0.8348750472068787
808 0.5202266573905945
809 0.8578402400016785
810 0.7891144156455994
811 0.9371249079704285
812 0.8318777084350586
813 0.7102330923080444
814 0.783403217792511
815 0.5724955797195435
816 0.5681227445602417
817 0.6360858082771301
818 0.7381016612052917
819 0.7232872843742371
820 0.8718621730804443
821 0.515960693359375
822 0.70113205909729
823 0.637784481048584
824 0.8666390180587769
825 0.8238908648490906
826 0.8266364336013794
827 0.580751359462738
828 0.6138046383857727
829 0.6483646631240845
830 0.8644244074821472
831 0.7384530305862427
832 0.6830057501792908
833 0.5729600191116333
834 0.7205521464347839
835 0.6936467885971069
836 0.5148335099220276
837 0.7533765435218811
838 0.5272910594940186
839 0.6874468922615051
840 0.9441837668418884
841 0.6298215389251709
842 0.5733879804611206
843 0.8476051092147827
844 0.7248358130455017
845 0.9103561639785767
846 0.9442738890647888
847 0.8807725310325623
848 0.7211862802505493
849 0.5094108581542969
850 0.8281694650650024
851 0.559406042098999
852 0.8593284487724304
853 0.6620023250579834
854 0.6461672782897949
855 0.7182922959327698
856 0.7865930199623108
857 0.7516352534294128
858 0.502395749092102
859 0.7553636431694031
860 0.7306364178657532
861 0.8271492719650269
862 0.6865324378013611
863 0.8249107599258423
864 0.5009732246398926
865 0.801073431968689
866 0.5902380347251892
867 0.5152833461761475
868 0.8600982427597046
869 0.7908241152763367
870 0.635547399520874
871 0.7390903830528259
872 0.5500321388244629
873 0.8481273651123047
874 0.9287301898002625
875 0.8040673732757568
876 0.8008449077606201
877 0.6946457028388977
878 0.846615731716156
879 0.9475992321968079
880 0.6287087202072144
881 0.5122044086456299
882 0.9234628081321716
883 0.7910176515579224
884 0.8952085375785828
885 0.8979910016059875
886 0.5053154230117798
887 0.7204461693763733
888 0.9045690298080444
889 0.8869019746780396
890 0.8547559380531311
891 0.513283371925354
892 0.7939282655715942
893 0.7224248051643372
894 0.9102129340171814
895 0.6968144774436951
896 0.5222408175468445
897 0.837109386920929
898 0.9437759518623352
899 0.7183896899223328
900 0.941440761089325
901 0.9292498826980591
902 0.7401008009910583
903 0.9241194128990173
904 0.9133703708648682
905 0.7697606086730957
906 0.8529350757598877
907 0.5859681963920593
908 0.6473038792610168
909 0.7871983647346497
910 0.7742413282394409
911 0.7248019576072693
912 0.6611124277114868
913 0.6667633056640625
914 0.5877178907394409
915 0.766880989074707
916 0.5696488618850708
917 0.8538091778755188
918 0.6074449419975281
919 0.7469793558120728
920 0.8516627550125122
921 0.9271215796470642
922 0.9003082513809204
923 0.7387717366218567
924 0.9254478216171265
925 0.5735895037651062
926 0.5565164089202881
927 0.8868959546089172
928 0.6600325107574463
929 0.7956860065460205
930 0.7409061789512634
931 0.7833670973777771
932 0.5817093849182129
933 0.9077102541923523
934 0.9424097537994385
935 0.8319324851036072
936 0.6180766224861145
937 0.7368809580802917
938 0.7706888914108276
939 0.853310227394104
940 0.6894145607948303
941 0.9044812917709351
942 0.7017410397529602
943 0.6811116337776184
944 0.7932887673377991
945 0.6657758951187134
946 0.7939499020576477
947 0.816945493221283
948 0.8823609948158264
949 0.6294018626213074
950 0.5876676440238953
951 0.6864421963691711
952 0.7778546214103699
953 0.9240968823432922
954 0.5193468332290649
955 0.5515040159225464
956 0.61418217420578
957 0.8014963269233704
958 0.6145278215408325
959 0.8637062311172485
960 0.5148808360099792
961 0.9054558277130127
962 0.6772761940956116
963 0.5104392766952515
964 0.6658694744110107
965 0.764315664768219
966 0.7214975357055664
967 0.5940073728561401
968 0.7689007520675659
969 0.8637959957122803
970 0.8734215497970581
971 0.8217907547950745
972 0.8712369203567505
973 0.5382387042045593
974 0.8391813635826111
975 0.5881961584091187
976 0.6579974293708801
977 0.6369979381561279
978 0.6871212124824524
979 0.6296287178993225
980 0.946519672870636
981 0.9262369871139526
982 0.6791918277740479
983 0.8616655468940735
984 0.6886922121047974
985 0.5729815363883972
986 0.9453946948051453
987 0.9313061833381653
988 0.9380699396133423
989 0.8918564319610596
990 0.7257119417190552
991 0.5864479541778564
992 0.7047528028488159
993 0.7698761820793152
994 0.8782289028167725
995 0.6854323744773865
996 0.9156336784362793
997 0.9509080052375793
998 0.6639716029167175
999 0.9101144075393677
1000 0.553402841091156
1001 0.9311365485191345
1002 0.6850678324699402
1003 0.819481372833252
1004 0.5520261526107788
1005 0.610001266002655
1006 0.606009840965271
1007 0.5829551219940186
1008 0.5256966948509216
1009 0.550823450088501
1010 0.6363727450370789
1011 0.5218112468719482
1012 0.7584279775619507
1013 0.6901772618293762
1014 0.5556513071060181
1015 0.7387185096740723
1016 0.8153913021087646
1017 0.697800874710083
1018 0.8185663223266602
1019 0.888394296169281
1020 0.6878181099891663
1021 0.506379246711731
1022 0.5567460656166077
1023 0.7997112274169922
1024 0.7232398986816406
1025 0.8718301653862
1026 0.841955304145813
1027 0.6516205072402954
1028 0.6679669618606567
1029 0.5872721076011658
1030 0.864433228969574
1031 0.5825015902519226
1032 0.7225541472434998
1033 0.7739318013191223
1034 0.9200369715690613
1035 0.8382070660591125
1036 0.6132528781890869
1037 0.6143262982368469
1038 0.5385594964027405
1039 0.6747008562088013
1040 0.6310290694236755
1041 0.7784791588783264
1042 0.8935137987136841
1043 0.7221058011054993
1044 0.5978095531463623
1045 0.616091251373291
1046 0.9064707159996033
1047 0.7669978141784668
1048 0.7177183032035828
1049 0.8239535093307495
1050 0.7735835909843445
1051 0.6074481010437012
1052 0.6223699450492859
1053 0.6500480771064758
1054 0.7059983611106873
1055 0.9380620718002319
1056 0.7601509094238281
1057 0.6402957439422607
1058 0.5924956798553467
1059 0.8788607120513916
1060 0.6911243200302124
1061 0.5176065564155579
1062 0.7816864252090454
1063 0.8168681263923645
1064 0.9200490713119507
1065 0.6498574614524841
1066 0.802858829498291
1067 0.6938458681106567
1068 0.815066933631897
1069 0.6649659276008606
1070 0.5228186249732971
1071 0.9062318205833435
1072 0.6006837487220764
1073 0.724446713924408
1074 0.8573994040489197
1075 0.9045876860618591
1076 0.8729474544525146
1077 0.8797571063041687
1078 0.8270359039306641
1079 0.7845743894577026
1080 0.7831658124923706
1081 0.694993257522583
1082 0.7374964356422424
1083 0.6556925773620605
1084 0.6754065155982971
1085 0.8197454214096069
1086 0.5020380020141602
1087 0.7667165994644165
1088 0.9211841821670532
1089 0.868121325969696
1090 0.8184050917625427
1091 0.764101505279541
1092 0.9453030824661255
1093 0.6391218900680542
1094 0.6591130495071411
1095 0.6146007180213928
1096 0.8191482424736023
1097 0.8609160780906677
1098 0.7533674836158752
1099 0.901797890663147
1100 0.8712415099143982
1101 0.8734109401702881
1102 0.569351851940155
1103 0.6089735627174377
1104 0.7747464776039124
1105 0.5013710260391235
1106 0.9107297658920288
1107 0.6525574326515198
1108 0.9285517334938049
1109 0.6679708957672119
1110 0.8165299296379089
1111 0.8071800470352173
1112 0.7915499210357666
1113 0.678908109664917
1114 0.9334632754325867
1115 0.8316651582717896
1116 0.7405014634132385
1117 0.7450382709503174
1118 0.7037774920463562
1119 0.7413330674171448
1120 0.6424099802970886
1121 0.9325369596481323
1122 0.5064100623130798
1123 0.949250340461731
1124 0.6169332265853882
1125 0.6121200323104858
1126 0.7589976787567139
1127 0.7199663519859314
1128 0.8765757083892822
1129 0.7607656121253967
1130 0.6506931781768799
1131 0.6947053074836731
1132 0.8758969902992249
1133 0.6508515477180481
1134 0.9087437391281128
1135 0.5051732659339905
1136 0.81466144323349
1137 0.7454820275306702
1138 0.6570575833320618
1139 0.5071126818656921
1140 0.5254918932914734
1141 0.7283738851547241
1142 0.7037004232406616
1143 0.8958711624145508
1144 0.8435669541358948
1145 0.8018688559532166
1146 0.8726294636726379
1147 0.763401210308075
1148 0.6340177655220032
1149 0.6085449457168579
1150 0.7751052975654602
1151 0.5610387921333313
1152 0.7616478800773621
1153 0.8018688559532166
1154 0.7331772446632385
1155 0.5039196610450745
1156 0.7323507070541382
1157 0.7294459342956543
1158 0.8309174180030823
1159 0.6456851363182068
1160 0.5966963171958923
1161 0.6556249260902405
1162 0.7314875721931458
1163 0.5039272904396057
1164 0.896752655506134
1165 0.7579911947250366
1166 0.6998472213745117
1167 0.9256186485290527
1168 0.6559317708015442
1169 0.5852199196815491
1170 0.8123806118965149
1171 0.5011153221130371
1172 0.5374642610549927
1173 0.6705031991004944
1174 0.9392568469047546
1175 0.6984090805053711
1176 0.7884077429771423
1177 0.5749273896217346
1178 0.9475643634796143
1179 0.6277260184288025
1180 0.8412354588508606
1181 0.752641499042511
1182 0.8185235857963562
1183 0.8331912755966187
1184 0.5617762207984924
1185 0.5449634790420532
1186 0.5273352861404419
1187 0.9320327639579773
1188 0.6524198055267334
1189 0.9271654486656189
1190 0.8264575004577637
1191 0.9211006164550781
1192 0.882865846157074
1193 0.8351883292198181
1194 0.5209271907806396
1195 0.6860371232032776
1196 0.7094616293907166
1197 0.8983224630355835
1198 0.6392171382904053
1199 0.9104577302932739
1200 0.5317597985267639
1201 0.5173647403717041
1202 0.504416286945343
1203 0.6495649218559265
1204 0.9331663846969604
1205 0.8309682607650757
1206 0.5491726994514465
1207 0.5379391312599182
1208 0.9479194283485413
1209 0.9244298934936523
1210 0.5082674622535706
1211 0.7763086557388306
1212 0.5517193675041199
1213 0.910785436630249
1214 0.6807330250740051
1215 0.8656904697418213
1216 0.718309760093689
1217 0.8358909487724304
1218 0.8489728569984436
1219 0.76784747838974
1220 0.8604035973548889
1221 0.6864205002784729
1222 0.8085286617279053
1223 0.7489004731178284
1224 0.6650927662849426
1225 0.7495635747909546
1226 0.5632594227790833
1227 0.58282470703125
1228 0.8034644722938538
1229 0.8697620630264282
1230 0.9283256530761719
1231 0.7747464776039124
1232 0.5999450087547302
1233 0.7263035178184509
1234 0.6863178610801697
1235 0.8940101265907288
1236 0.9173010587692261
1237 0.7438158392906189
1238 0.9039514660835266
1239 0.6969545483589172
1240 0.8099892139434814
1241 0.7134075164794922
1242 0.8434341549873352
1243 0.6781815886497498
1244 0.711748480796814
1245 0.763614296913147
1246 0.6531322002410889
1247 0.6919648051261902
1248 0.8360291123390198
1249 0.89411860704422
1250 0.5093735456466675
1251 0.8486331701278687
1252 0.8478468656539917
1253 0.6083295941352844
1254 0.5668306350708008
1255 0.855928361415863
1256 0.8730425238609314
1257 0.5996698141098022
1258 0.8362897038459778
1259 0.8531990647315979
1260 0.8692324757575989
1261 0.7573630809783936
1262 0.819481372833252
1263 0.7434152364730835
1264 0.7810238003730774
1265 0.6001808047294617
1266 0.7639761567115784
1267 0.9462493062019348
1268 0.8037291765213013
1269 0.816750168800354
1270 0.5379937291145325
1271 0.5743368864059448
1272 0.5739796161651611
1273 0.8458583354949951
1274 0.5976924896240234
1275 0.7501691579818726
1276 0.5306476354598999
1277 0.7442142963409424
1278 0.7626084685325623
1279 0.6957058906555176
1280 0.5514546632766724
1281 0.7006281614303589
1282 0.8043600916862488
1283 0.8269421458244324
1284 0.9021267890930176
1285 0.804997444152832
1286 0.8514283299446106
1287 0.8027042150497437
1288 0.5454950332641602
1289 0.7502467632293701
1290 0.8669086694717407
1291 0.9274778962135315
1292 0.6732496619224548
1293 0.7779455780982971
1294 0.6869819760322571
1295 0.8005762696266174
1296 0.6874455213546753
1297 0.9239741563796997
1298 0.8400619029998779
1299 0.8646777272224426
1300 0.5610373616218567
1301 0.9275152087211609
1302 0.6136406064033508
1303 0.9079689383506775
1304 0.937131404876709
1305 0.7561374306678772
1306 0.9098411202430725
1307 0.5426628589630127
1308 0.7104250192642212
1309 0.9349332451820374
1310 0.79405677318573
1311 0.593987226486206
1312 0.6088861227035522
1313 0.6958217024803162
1314 0.9308962821960449
1315 0.5411786437034607
1316 0.904238224029541
1317 0.7172948718070984
1318 0.7259049415588379
1319 0.8290203213691711
1320 0.8467987179756165
1321 0.810045599937439
1322 0.7122191190719604
1323 0.9105397462844849
1324 0.546290397644043
1325 0.8753595352172852
1326 0.7443535327911377
1327 0.6148069500923157
1328 0.5130255222320557
1329 0.7958076000213623
1330 0.5063511729240417
1331 0.6453470587730408
1332 0.6261234879493713
1333 0.6676934361457825
1334 0.6836241483688354
1335 0.7033562660217285
1336 0.8798549771308899
1337 0.7185052633285522
1338 0.7617915868759155
1339 0.5571070909500122
1340 0.9093050956726074
1341 0.8836545944213867
1342 0.9246771335601807
1343 0.5895953178405762
1344 0.6603929996490479
1345 0.5990843176841736
1346 0.5559847354888916
1347 0.690438985824585
1348 0.7778915166854858
1349 0.785220205783844
1350 0.6965662240982056
1351 0.5408504605293274
1352 0.928807258605957
1353 0.8240544199943542
1354 0.5946805477142334
1355 0.7742799520492554
1356 0.6161808371543884
1357 0.7971595525741577
1358 0.6519187092781067
1359 0.6981048583984375
1360 0.5625661015510559
1361 0.8396531939506531
1362 0.7935662865638733
1363 0.6295350193977356
1364 0.8612826466560364
1365 0.7909663915634155
1366 0.5532134175300598
1367 0.7074064016342163
1368 0.5786303877830505
1369 0.9209098219871521
1370 0.88786780834198
1371 0.5727577805519104
1372 0.8310799598693848
1373 0.5966297388076782
1374 0.8657072186470032
1375 0.5258798003196716
1376 0.8835420608520508
1377 0.650323212146759
1378 0.6444261074066162
1379 0.6276048421859741
1380 0.7571519613265991
1381 0.6812359094619751
1382 0.6221808195114136
1383 0.8921260833740234
1384 0.7344232201576233
1385 0.8447833061218262
1386 0.7123339176177979
1387 0.586969256401062
1388 0.7393296957015991
1389 0.7710266709327698
1390 0.5692613124847412
1391 0.6859666109085083
1392 0.5911046862602234
1393 0.8867656588554382
1394 0.5219609141349792
1395 0.7283576130867004
1396 0.8766860365867615
1397 0.9023925065994263
1398 0.7966752648353577
1399 0.8824096322059631
1400 0.786084771156311
1401 0.5008105635643005
1402 0.812824547290802
1403 0.8169973492622375
1404 0.6389698386192322
1405 0.9342140555381775
1406 0.8078623414039612
1407 0.656079113483429
1408 0.8769770264625549
1409 0.6594328880310059
1410 0.6381829977035522
1411 0.7756964564323425
1412 0.7501237392425537
1413 0.8469873070716858
1414 0.8517327904701233
1415 0.957321286201477
1416 0.6462084054946899
1417 0.6755763292312622
1418 0.5616464614868164
1419 0.6734824776649475
1420 0.7893711924552917
1421 0.7612811326980591
1422 0.733930766582489
1423 0.7999964952468872
1424 0.72453773021698
1425 0.6621904969215393
1426 0.9364411234855652
1427 0.573745608329773
1428 0.6050187349319458
1429 0.9264698028564453
1430 0.7007839679718018
1431 0.7436057925224304
1432 0.8273584246635437
1433 0.914655864238739
1434 0.7878400683403015
1435 0.8525941967964172
1436 0.8663774728775024
1437 0.8474966883659363
1438 0.7723487615585327
1439 0.8960862159729004
1440 0.8837981224060059
1441 0.8260603547096252
1442 0.9318345785140991
1443 0.8287757635116577
1444 0.8494403958320618
1445 0.6662070155143738
1446 0.7198619842529297
1447 0.892144501209259
1448 0.6369979381561279
1449 0.708655059337616
1450 0.7686012387275696
1451 0.8014459609985352
1452 0.8815855979919434
1453 0.5963390469551086
1454 0.8470701575279236
1455 0.6390928626060486
1456 0.7151064872741699
1457 0.703809916973114
1458 0.8154746890068054
1459 0.7216606736183167
1460 0.9199249744415283
1461 0.8164207935333252
1462 0.5755079984664917
1463 0.9299688339233398
1464 0.8350508213043213
1465 0.8234017491340637
1466 0.6814605593681335
1467 0.915922999382019
1468 0.713667094707489
1469 0.8138390779495239
1470 0.8788983821868896
1471 0.6136746406555176
1472 0.5954415798187256
1473 0.8595460057258606
1474 0.5992648005485535
1475 0.8006887435913086
1476 0.5077568292617798
1477 0.6179688572883606
1478 0.8226271867752075
1479 0.60887610912323
1480 0.6815199255943298
1481 0.6241354942321777
1482 0.6676832437515259
1483 0.6436868906021118
1484 0.8340954184532166
1485 0.7536703944206238
1486 0.5746269226074219
1487 0.818891704082489
1488 0.7947016358375549
1489 0.7484740018844604
1490 0.5931264162063599
1491 0.9412602186203003
1492 0.8380511403083801
1493 0.8614274263381958
1494 0.9031748175621033
1495 0.6607387065887451
1496 0.9218047857284546
1497 0.8491860628128052
1498 0.8701078295707703
1499 0.544732391834259
1500 0.737986147403717
1501 0.6646713018417358
1502 0.7163627743721008
1503 0.8013885617256165
1504 0.7875547409057617
1505 0.6830265522003174
1506 0.73896324634552
1507 0.7439188957214355
1508 0.6746467351913452
1509 0.7476054430007935
1510 0.7604148387908936
1511 0.7275779247283936
1512 0.5791606307029724
1513 0.6564602255821228
1514 0.8257894515991211
1515 0.6620917320251465
1516 0.6280184984207153
1517 0.8032060265541077
1518 0.6758429408073425
1519 0.7437828779220581
1520 0.8892892599105835
1521 0.7325435280799866
1522 0.8137121200561523
1523 0.7407181859016418
1524 0.8806272149085999
1525 0.8939911723136902
1526 0.6145954132080078
1527 0.7326126098632812
1528 0.5721065998077393
1529 0.5218175649642944
1530 0.8957996964454651
1531 0.7364580631256104
1532 0.6856377720832825
1533 0.7550616264343262
1534 0.9466851949691772
1535 0.6358762383460999
1536 0.8009936809539795
1537 0.5820017457008362
1538 0.5227733850479126
1539 0.8499776721000671
1540 0.9127945303916931
1541 0.9233517050743103
1542 0.8302003741264343
1543 0.855582058429718
1544 0.6574513912200928
1545 0.5335559248924255
1546 0.627632737159729
1547 0.9213481545448303
1548 0.5558149814605713
1549 0.7015789151191711
1550 0.7796287536621094
1551 0.8214002251625061
1552 0.876355767250061
1553 0.8544692397117615
1554 0.8763468265533447
1555 0.7335150837898254
1556 0.6932786107063293
1557 0.6901865601539612
1558 0.7283576130867004
1559 0.8662366271018982
1560 0.6913235187530518
1561 0.8088180422782898
1562 0.6279941201210022
1563 0.827635645866394
1564 0.6094502210617065
1565 0.7118865251541138
1566 0.906117856502533
1567 0.7627448439598083
1568 0.5386963486671448
1569 0.7200209498405457
1570 0.7333449125289917
1571 0.6014677286148071
1572 0.7862979769706726
1573 0.932202935218811
1574 0.5637423396110535
1575 0.7009288668632507
1576 0.9371629953384399
1577 0.7257119417190552
1578 0.8871402144432068
1579 0.6395031809806824
1580 0.7780051827430725
1581 0.8605438470840454
1582 0.8049084544181824
1583 0.6199038028717041
1584 0.5633305907249451
1585 0.8494803309440613
1586 0.7358670830726624
1587 0.6031102538108826
1588 0.5752964615821838
1589 0.6941834092140198
1590 0.5095158815383911
1591 0.7554810643196106
1592 0.7831085324287415
1593 0.6404843330383301
1594 0.7751176953315735
1595 0.6016097664833069
1596 0.8959946036338806
1597 0.6064273715019226
1598 0.8228039741516113
1599 0.5803932547569275
1600 0.8804430961608887
1601 0.8269363045692444
1602 0.8997778296470642
1603 0.5187487006187439
1604 0.5700071454048157
1605 0.7305053472518921
1606 0.9168728590011597
1607 0.5142108201980591
1608 0.5884877443313599
1609 0.923495888710022
1610 0.7407175302505493
1611 0.5382310152053833
1612 0.7022753357887268
1613 0.8722559213638306
1614 0.7282242774963379
1615 0.7964479327201843
1616 0.7228126525878906
1617 0.7401285171508789
1618 0.5513185858726501
1619 0.7191421985626221
1620 0.707770049571991
1621 0.9333032369613647
1622 0.6455402374267578
1623 0.8381426930427551
1624 0.8487349152565002
1625 0.8262356519699097
1626 0.655382513999939
1627 0.6447096467018127
1628 0.5723628401756287
1629 0.903600811958313
1630 0.6781995892524719
1631 0.6958267688751221
1632 0.6530938744544983
1633 0.6907610893249512
1634 0.5903853178024292
1635 0.681491494178772
1636 0.5557278394699097
1637 0.7739253640174866
1638 0.5544683933258057
1639 0.7967556715011597
1640 0.6593841910362244
1641 0.6859674453735352
1642 0.7545450925827026
1643 0.7772327065467834
1644 0.7175319194793701
1645 0.8613590002059937
1646 0.6774113774299622
1647 0.7625806331634521
1648 0.6081181764602661
1649 0.9076837301254272
1650 0.5214928984642029
1651 0.9209458231925964
1652 0.5507798194885254
1653 0.7791316509246826
1654 0.7434900403022766
1655 0.654762327671051
1656 0.7729703187942505
1657 0.8813576698303223
1658 0.7560468912124634
1659 0.8375367522239685
1660 0.7939896583557129
1661 0.8788326382637024
1662 0.7448389530181885
1663 0.7146867513656616
1664 0.7252694964408875
1665 0.9010968804359436
1666 0.7170721292495728
1667 0.606046199798584
1668 0.8041039109230042
1669 0.8854661583900452
1670 0.6691359877586365
1671 0.5746871829032898
1672 0.7860974669456482
1673 0.6638862490653992
1674 0.8705772161483765
1675 0.7448133230209351
1676 0.5504855513572693
1677 0.7531704306602478
1678 0.5990650057792664
1679 0.5762888193130493
1680 0.7020712494850159
1681 0.6622629761695862
1682 0.6229454874992371
1683 0.6463963985443115
1684 0.6675924062728882
1685 0.8707658052444458
1686 0.9001340270042419
1687 0.7888368964195251
1688 0.6372514963150024
1689 0.8251123428344727
1690 0.7353621125221252
1691 0.5006309151649475
1692 0.5742642283439636
1693 0.6572561264038086
1694 0.8453377485275269
1695 0.9134876132011414
1696 0.8992432951927185
1697 0.704272985458374
1698 0.6116639971733093
1699 0.763765811920166
1700 0.6621685028076172
1701 0.7851055860519409
1702 0.5785353779792786
1703 0.6475081443786621
1704 0.7468176484107971
1705 0.7704169154167175
1706 0.6482436060905457
1707 0.9047945141792297
1708 0.7174490690231323
1709 0.6635735034942627
1710 0.6434233784675598
1711 0.5077582001686096
1712 0.5746269226074219
1713 0.5720899701118469
1714 0.6324955224990845
1715 0.7222916483879089
1716 0.7923822999000549
1717 0.8286414742469788
1718 0.5264676809310913
1719 0.8011999726295471
1720 0.5545820593833923
1721 0.7856504321098328
1722 0.6927241086959839
1723 0.7552046775817871
1724 0.6331019997596741
1725 0.7594887614250183
1726 0.705628514289856
1727 0.5953806042671204
1728 0.7669978141784668
1729 0.9324178099632263
1730 0.8121747970581055
1731 0.6203080415725708
1732 0.9095500111579895
1733 0.9051254987716675
1734 0.9247326850891113
1735 0.8070595860481262
1736 0.7311158776283264
1737 0.7755835652351379
1738 0.6169659495353699
1739 0.721744954586029
1740 0.5059718489646912
1741 0.5355694890022278
1742 0.5193468332290649
1743 0.8598892092704773
1744 0.6751880645751953
1745 0.5857853293418884
1746 0.7802051305770874
1747 0.7733489871025085
1748 0.5021750330924988
1749 0.6990808248519897
1750 0.5791606307029724
1751 0.7752102017402649
1752 0.5327571034431458
1753 0.5511032938957214
1754 0.679742693901062
1755 0.8620328307151794
1756 0.5300127267837524
1757 0.8678573966026306
1758 0.5140036344528198
1759 0.7456017732620239
1760 0.9218191504478455
1761 0.5803489685058594
1762 0.6539737582206726
1763 0.7370495796203613
1764 0.7456897497177124
1765 0.7611122131347656
1766 0.55321204662323
1767 0.6602880358695984
1768 0.9239561557769775
1769 0.7843542098999023
1770 0.8702130913734436
1771 0.7782018184661865
1772 0.5021854043006897
1773 0.9047055244445801
1774 0.6448520421981812
1775 0.9629882574081421
1776 0.5378740429878235
1777 0.5740793943405151
1778 0.7516691088676453
1779 0.5438562035560608
1780 0.832700788974762
1781 0.5151774287223816
1782 0.9319997429847717
1783 0.5974981188774109
1784 0.7097370028495789
1785 0.8785643577575684
1786 0.7473036050796509
1787 0.7170429229736328
1788 0.6803233027458191
1789 0.8188565969467163
1790 0.6671060919761658
1791 0.7166731357574463
1792 0.6701138019561768
1793 0.5560113787651062
1794 0.8783292174339294
1795 0.8610143661499023
1796 0.8185280561447144
1797 0.8990767598152161
1798 0.5844269394874573
1799 0.8008727431297302
1800 0.6303431391716003
1801 0.8458364009857178
1802 0.7433850169181824
1803 0.7604035139083862
1804 0.8584645986557007
1805 0.8037956357002258
1806 0.6307232975959778
1807 0.8461861610412598
1808 0.728164792060852
1809 0.7185052633285522
1810 0.8909872174263
1811 0.91808021068573
1812 0.8466795682907104
1813 0.8543815612792969
1814 0.7025535702705383
1815 0.5265952348709106
1816 0.9117998480796814
1817 0.6569854617118835
1818 0.8943629264831543
1819 0.6910535097122192
1820 0.8422142267227173
1821 0.9256856441497803
1822 0.9220519065856934
1823 0.6603857278823853
1824 0.510046660900116
1825 0.7687223553657532
1826 0.5096279382705688
1827 0.8933087587356567
1828 0.9037805199623108
1829 0.837804913520813
1830 0.8693195581436157
1831 0.5690334439277649
1832 0.5579352974891663
1833 0.9229580760002136
1834 0.9074510335922241
1835 0.5039304494857788
1836 0.8274626135826111
1837 0.5541825294494629
1838 0.8832699060440063
1839 0.8442277312278748
1840 0.929803192615509
1841 0.7376918196678162
1842 0.7637140154838562
1843 0.5355331897735596
1844 0.8662564158439636
1845 0.5558716058731079
1846 0.7457796931266785
1847 0.639284610748291
1848 0.6740912795066833
1849 0.9006112813949585
1850 0.8707442283630371
1851 0.7755274176597595
1852 0.9069411754608154
1853 0.7624452114105225
1854 0.5028897523880005
1855 0.8602315187454224
1856 0.7205522060394287
1857 0.8260321617126465
1858 0.9471477270126343
1859 0.7598287463188171
1860 0.6400816440582275
1861 0.7181969881057739
1862 0.9057435393333435
1863 0.938994824886322
1864 0.6468269228935242
1865 0.6317920088768005
1866 0.7140632271766663
1867 0.7923951745033264
1868 0.7424232959747314
1869 0.7384501099586487
1870 0.5768972039222717
1871 0.7424864172935486
1872 0.8498954772949219
1873 0.6734155416488647
1874 0.816945493221283
1875 0.6047387719154358
1876 0.7660640478134155
1877 0.6929048299789429
1878 0.9224392175674438
1879 0.7657356262207031
1880 0.7778484225273132
1881 0.722623884677887
1882 0.8459410667419434
1883 0.756726086139679
1884 0.5330259799957275
1885 0.9255702495574951
1886 0.908880889415741
1887 0.6088076829910278
1888 0.6417115926742554
1889 0.9281501173973083
1890 0.7040008902549744
1891 0.9467649459838867
1892 0.7411783337593079
1893 0.8139506578445435
1894 0.5781328082084656
1895 0.9064664244651794
1896 0.7720564603805542
1897 0.7778889536857605
1898 0.6861675381660461
1899 0.9150627255439758
1900 0.7158000469207764
1901 0.9302631616592407
1902 0.6732999682426453
1903 0.6217556595802307
1904 0.9226737022399902
1905 0.6843081116676331
1906 0.7700271606445312
1907 0.9389671683311462
1908 0.9248796105384827
1909 0.5116470456123352
1910 0.904035747051239
1911 0.6180633306503296
1912 0.9164280891418457
1913 0.9290130734443665
1914 0.750141441822052
1915 0.7256280779838562
1916 0.5706504583358765
1917 0.7730374336242676
1918 0.500832200050354
1919 0.8786303997039795
1920 0.6478112936019897
1921 0.6694092750549316
1922 0.5167675614356995
1923 0.5149824023246765
1924 0.6121063828468323
1925 0.7793437838554382
1926 0.6904833912849426
1927 0.8902423977851868
1928 0.5839719176292419
1929 0.833335280418396
1930 0.5434930324554443
1931 0.9359855055809021
1932 0.8664320707321167
1933 0.5433238744735718
1934 0.7929613590240479
1935 0.8184050917625427
1936 0.6425646543502808
1937 0.7866001129150391
1938 0.6864901185035706
1939 0.5299037098884583
1940 0.7316576242446899
1941 0.7719705700874329
1942 0.910671055316925
1943 0.6853970885276794
1944 0.5869100689888
1945 0.5004587769508362
1946 0.9192596077919006
1947 0.7099226713180542
1948 0.5069047212600708
1949 0.925804615020752
1950 0.6355018615722656
1951 0.6148300766944885
1952 0.552460789680481
1953 0.9299237728118896
1954 0.7932146191596985
1955 0.6134166717529297
1956 0.702877938747406
1957 0.7455484867095947
1958 0.887255072593689
1959 0.7870054841041565
1960 0.8684866428375244
1961 0.94651198387146
1962 0.6671832203865051
1963 0.8621088862419128
1964 0.6691648960113525
1965 0.5047293305397034
1966 0.9037501215934753
1967 0.8365448117256165
1968 0.8469507098197937
1969 0.7003852725028992
1970 0.8917455673217773
1971 0.6305177211761475
1972 0.9193362593650818
1973 0.6290776133537292
1974 0.8152010440826416
1975 0.5069047212600708
1976 0.9312157034873962
1977 0.8895410895347595
1978 0.7680231332778931
1979 0.5909417271614075
1980 0.7629526853561401
1981 0.7875446081161499
1982 0.9372650980949402
1983 0.783724844455719
1984 0.8420901298522949
1985 0.922339916229248
1986 0.8556674718856812
1987 0.5886853933334351
1988 0.7769786715507507
1989 0.734204113483429
1990 0.7321547865867615
1991 0.9262985587120056
1992 0.9217840433120728
1993 0.8240910172462463
1994 0.7333571314811707
1995 0.6252804398536682
1996 0.915971577167511
1997 0.9350435733795166
1998 0.7850561141967773
1999 0.8585444688796997
2000 0.7169097661972046
2001 0.7279897332191467
2002 0.8778877258300781
2003 0.7280222773551941
2004 0.6049988269805908
2005 0.9365248084068298
2006 0.8918981552124023
2007 0.523524820804596
2008 0.9090137481689453
2009 0.7412937879562378
2010 0.7799975275993347
2011 0.8031132817268372
2012 0.8152912259101868
2013 0.559121310710907
2014 0.8422142267227173
2015 0.6863215565681458
2016 0.9505885243415833
2017 0.8207328915596008
2018 0.933143138885498
2019 0.6992726922035217
2020 0.6842020750045776
2021 0.9483240246772766
2022 0.5524582862854004
2023 0.7842733263969421
2024 0.606887698173523
2025 0.6035439372062683
2026 0.7583291530609131
2027 0.8863242864608765
2028 0.732229471206665
2029 0.5633444786071777
2030 0.9269755482673645
2031 0.8914070129394531
2032 0.9254791736602783
2033 0.8831534385681152
2034 0.7535268068313599
2035 0.6355162858963013
2036 0.7805172801017761
2037 0.6150171160697937
2038 0.6838542222976685
2039 0.7905340790748596
2040 0.8384410738945007
2041 0.9138123989105225
2042 0.5151774287223816
2043 0.885434091091156
2044 0.5264225006103516
2045 0.601551353931427
2046 0.6927916407585144
2047 0.9502707123756409
2048 0.633574903011322
2049 0.9272700548171997
2050 0.7744424939155579
2051 0.5679274201393127
2052 0.5014695525169373
2053 0.5424723625183105
2054 0.5910859704017639
2055 0.5031803250312805
2056 0.9414473176002502
2057 0.8176484704017639
2058 0.5351362228393555
2059 0.6791329979896545
2060 0.7930612564086914
2061 0.9204691052436829
2062 0.5026804804801941
2063 0.9009189009666443
2064 0.7856693863868713
2065 0.9380006194114685
2066 0.5925763845443726
2067 0.5222926735877991
2068 0.6743616461753845
2069 0.8507198095321655
2070 0.871795117855072
2071 0.7275790572166443
2072 0.7911759614944458
2073 0.6910543441772461
2074 0.7597904801368713
2075 0.8180397152900696
2076 0.8229804635047913
2077 0.9267019629478455
2078 0.7265846133232117
2079 0.5087314248085022
2080 0.6366778612136841
2081 0.8611490726470947
2082 0.9287426471710205
2083 0.9265519976615906
2084 0.9285476207733154
2085 0.912837028503418
2086 0.7634345293045044
2087 0.8752009868621826
2088 0.8805605173110962
2089 0.9457019567489624
2090 0.5742642283439636
2091 0.8091146945953369
2092 0.756415605545044
2093 0.9160912036895752
2094 0.7825871706008911
2095 0.6883432865142822
2096 0.6054310202598572
2097 0.6265524625778198
2098 0.5735501050949097
2099 0.6791638731956482
2100 0.5302286148071289
2101 0.7661278247833252
2102 0.8199209570884705
2103 0.5828916430473328
2104 0.7383061647415161
2105 0.7669041752815247
2106 0.5105313062667847
2107 0.6046753525733948
2108 0.8461861610412598
2109 0.7005596160888672
2110 0.5514546632766724
2111 0.7980241775512695
2112 0.7272456884384155
2113 0.7357237935066223
2114 0.899586021900177
2115 0.7282315492630005
2116 0.6101499795913696
2117 0.7152003645896912
2118 0.6185895800590515
2119 0.5515125393867493
2120 0.5938689708709717
2121 0.8518708348274231
2122 0.5978227257728577
2123 0.5924089550971985
2124 0.8395662307739258
2125 0.837797224521637
2126 0.8484649062156677
2127 0.6350985765457153
2128 0.9147399663925171
2129 0.8184251189231873
2130 0.8782539367675781
2131 0.8109570741653442
2132 0.8115440011024475
2133 0.8357850909233093
2134 0.7738873958587646
2135 0.6021710634231567
2136 0.9481698870658875
2137 0.7209882736206055
2138 0.7276465892791748
2139 0.5816832184791565
2140 0.5048038959503174
2141 0.8557255268096924
2142 0.9416384696960449
2143 0.5418636202812195
2144 0.8166935443878174
2145 0.6903973817825317
2146 0.8945508003234863
2147 0.7805086970329285
2148 0.8094415664672852
2149 0.7972904443740845
2150 0.7232398986816406
2151 0.70609450340271
2152 0.5539783835411072
2153 0.5869441628456116
2154 0.9126737713813782
2155 0.8590599894523621
2156 0.7118189334869385
2157 0.8005878925323486
2158 0.6916790008544922
2159 0.6506654620170593
2160 0.8256041407585144
2161 0.8268112540245056
2162 0.8002532124519348
2163 0.859437108039856
2164 0.649929404258728
2165 0.5601757764816284
2166 0.7776172757148743
2167 0.8476742506027222
2168 0.6607540249824524
2169 0.7879299521446228
2170 0.7494626045227051
2171 0.6879215836524963
2172 0.9301555752754211
2173 0.895990788936615
2174 0.6188598275184631
2175 0.5495337247848511
2176 0.5227264761924744
2177 0.9091395735740662
2178 0.7328858971595764
2179 0.8614274263381958
2180 0.9471712708473206
2181 0.7831749320030212
2182 0.7800022959709167
2183 0.9284086227416992
2184 0.6392524838447571
2185 0.8631938695907593
2186 0.6627492308616638
2187 0.5597622394561768
2188 0.6798987984657288
2189 0.8142186403274536
2190 0.75154709815979
2191 0.5262213945388794
2192 0.6413364410400391
2193 0.5760927200317383
2194 0.9092368483543396
2195 0.8873615860939026
2196 0.9246099591255188
2197 0.6963991522789001
2198 0.8550921678543091
2199 0.9042868614196777
2200 0.8302385807037354
2201 0.5203417539596558
2202 0.8694936633110046
2203 0.6511695384979248
2204 0.8885542750358582
2205 0.6658306121826172
2206 0.8876566886901855
2207 0.8884747624397278
2208 0.6085837483406067
2209 0.7839975953102112
2210 0.5172998905181885
2211 0.8603841662406921
2212 0.6031261086463928
2213 0.6800680160522461
2214 0.7289761900901794
2215 0.9080446362495422
2216 0.5729815363883972
2217 0.6888375878334045
2218 0.7522282004356384
2219 0.8138900995254517
2220 0.8019453287124634
2221 0.8436869978904724
2222 0.8605844378471375
2223 0.7962372899055481
2224 0.6775698661804199
2225 0.7150651216506958
2226 0.5877187848091125
2227 0.8217921853065491
2228 0.8048654794692993
2229 0.9135359525680542
2230 0.9514457583427429
2231 0.8990108370780945
2232 0.8942979574203491
2233 0.9415992498397827
2234 0.7391435503959656
2235 0.8266157507896423
2236 0.9207528233528137
2237 0.7566645741462708
2238 0.7449342608451843
2239 0.7875679135322571
2240 0.7523279786109924
2241 0.7318295836448669
2242 0.8743534088134766
2243 0.912837028503418
2244 0.7716559767723083
2245 0.6899299025535583
2246 0.70357346534729
2247 0.7550538778305054
2248 0.9433689117431641
2249 0.7218940854072571
2250 0.5204554200172424
2251 0.8898270726203918
2252 0.7239941358566284
2253 0.7783148884773254
2254 0.862587571144104
2255 0.9163327813148499
2256 0.6938062310218811
2257 0.6191520094871521
2258 0.5985544919967651
2259 0.7378634810447693
2260 0.7333449125289917
2261 0.7809788584709167
2262 0.799770712852478
2263 0.5100976824760437
2264 0.567426323890686
2265 0.7994480729103088
2266 0.733278751373291
2267 0.7115219831466675
2268 0.7596399188041687
2269 0.9012566804885864
2270 0.8990704417228699
2271 0.6520552635192871
2272 0.7541360855102539
2273 0.6496728658676147
2274 0.9475798606872559
2275 0.9362367987632751
2276 0.8906870484352112
2277 0.9140466451644897
2278 0.9150605201721191
2279 0.7588162422180176
2280 0.8855156898498535
2281 0.6340506672859192
2282 0.6262533068656921
2283 0.7181597948074341
2284 0.7216606736183167
2285 0.8213825225830078
2286 0.5579168200492859
2287 0.6968163251876831
2288 0.9110327959060669
2289 0.7748372554779053
2290 0.7593555450439453
2291 0.8983243703842163
2292 0.7459532022476196
2293 0.8862187266349792
2294 0.9376605749130249
2295 0.593508243560791
2296 0.8357366323471069
2297 0.8348619937896729
2298 0.9511140584945679
2299 0.5200861096382141
2300 0.8140104413032532
2301 0.5462484359741211
2302 0.7883919477462769
2303 0.8976447582244873
2304 0.8819222450256348
2305 0.504544198513031
2306 0.922501802444458
2307 0.8212735652923584
2308 0.8259058594703674
2309 0.8676151037216187
2310 0.9460694789886475
2311 0.7447495460510254
2312 0.792003870010376
2313 0.7200808525085449
2314 0.9642991423606873
2315 0.5796187520027161
2316 0.6736801266670227
2317 0.8261328339576721
2318 0.7544602155685425
2319 0.6373005509376526
2320 0.787172257900238
2321 0.9254694581031799
2322 0.5636494159698486
2323 0.6531254649162292
2324 0.8823790550231934
2325 0.8967175483703613
2326 0.6194151639938354
2327 0.9183956980705261
2328 0.8601348400115967
2329 0.7542401552200317
2330 0.6031261086463928
2331 0.6567130088806152
2332 0.6145276427268982
2333 0.5252118110656738
2334 0.8201690912246704
2335 0.5138059854507446
2336 0.6588355302810669
2337 0.7822401523590088
2338 0.5048551559448242
2339 0.7221091389656067
2340 0.921427845954895
2341 0.7450459003448486
2342 0.5907328724861145
2343 0.6291483044624329
2344 0.5033963322639465
2345 0.6502469182014465
2346 0.5547822117805481
2347 0.8809826970100403
2348 0.6478415131568909
2349 0.6601337194442749
2350 0.5769869089126587
2351 0.7588079571723938
2352 0.6932545304298401
2353 0.8246752023696899
2354 0.8925378322601318
2355 0.7395328283309937
2356 0.7958579659461975
2357 0.8835619688034058
2358 0.8461940884590149
2359 0.7690178155899048
2360 0.8319171071052551
2361 0.7249486446380615
2362 0.7809578776359558
2363 0.7248687744140625
2364 0.5152214169502258
2365 0.6073166131973267
2366 0.8121500015258789
2367 0.9226248264312744
2368 0.7267588973045349
2369 0.9484868049621582
2370 0.6330099701881409
2371 0.7670004963874817
2372 0.7126070857048035
2373 0.7192562818527222
2374 0.7504879832267761
2375 0.8953696489334106
2376 0.9385570287704468
2377 0.7109273672103882
2378 0.6395632028579712
2379 0.7650725245475769
2380 0.5704391002655029
2381 0.7535436749458313
2382 0.9226779937744141
2383 0.8029897809028625
2384 0.901161253452301
2385 0.5360924005508423
2386 0.607410192489624
2387 0.5329956412315369
2388 0.6563101410865784
2389 0.9123762249946594
2390 0.6853129267692566
2391 0.6736922264099121
2392 0.707402229309082
2393 0.5537812113761902
2394 0.8175307512283325
2395 0.6686944961547852
2396 0.6819869875907898
2397 0.5318083167076111
2398 0.785209596157074
2399 0.7951929569244385
2400 0.5438201427459717
2401 0.9133488535881042
2402 0.7799956202507019
2403 0.7952286005020142
2404 0.8074871897697449
2405 0.913724422454834
2406 0.6989447474479675
2407 0.7703481316566467
2408 0.9034568667411804
2409 0.8369408845901489
2410 0.9069141745567322
2411 0.6472586393356323
2412 0.7430889010429382
2413 0.6783885359764099
2414 0.7460092306137085
2415 0.6070551872253418
2416 0.9061813950538635
2417 0.9273622035980225
2418 0.8842711448669434
2419 0.7558757662773132
2420 0.9529629349708557
2421 0.6138237714767456
2422 0.9319855570793152
2423 0.7386882901191711
2424 0.7492321729660034
2425 0.7665888071060181
2426 0.7040817737579346
2427 0.5955535769462585
2428 0.654815137386322
2429 0.7374605536460876
2430 0.6756903529167175
2431 0.5071553587913513
2432 0.69549560546875
2433 0.8483965396881104
2434 0.5983571410179138
2435 0.706649661064148
2436 0.60483717918396
2437 0.7744994759559631
2438 0.9360020160675049
2439 0.7167481184005737
2440 0.5724612474441528
2441 0.8616359233856201
2442 0.5124372839927673
2443 0.7169496417045593
2444 0.7236753106117249
2445 0.8984208106994629
2446 0.6954957246780396
2447 0.768137514591217
2448 0.7985003590583801
2449 0.6990314722061157
2450 0.8943696618080139
2451 0.512894332408905
2452 0.7377645969390869
2453 0.7377921938896179
2454 0.8914496302604675
2455 0.7403243780136108
2456 0.5355834364891052
2457 0.814723014831543
2458 0.8080883026123047
2459 0.8372299671173096
2460 0.7499259114265442
2461 0.8427416086196899
2462 0.7445066571235657
2463 0.7975503206253052
2464 0.6750094294548035
2465 0.8000449538230896
2466 0.7483208775520325
2467 0.6472169160842896
2468 0.7013912200927734
2469 0.8964418768882751
2470 0.9188593626022339
2471 0.8168095350265503
2472 0.5032507181167603
2473 0.7125823497772217
2474 0.9272229075431824
2475 0.7772988080978394
2476 0.792504608631134
2477 0.7151186466217041
2478 0.8614842295646667
2479 0.8378270268440247
2480 0.8603314757347107
2481 0.6455399990081787
2482 0.6364346146583557
2483 0.6027324795722961
2484 0.735192060470581
2485 0.5628976225852966
2486 0.7857667803764343
2487 0.8456287980079651
2488 0.5375948548316956
2489 0.7015509605407715
2490 0.5380659699440002
2491 0.8640242218971252
2492 0.7635362148284912
2493 0.5755773186683655
2494 0.5755826234817505
2495 0.7404714226722717
2496 0.9147149324417114
2497 0.6442751288414001
2498 0.7433213591575623
2499 0.7888326644897461
2500 0.7721404433250427
2501 0.7782601714134216
2502 0.7422037720680237
2503 0.6127894520759583
2504 0.6839087009429932
2505 0.8720102906227112
2506 0.743782639503479
2507 0.661108672618866
2508 0.6132137179374695
2509 0.643711268901825
2510 0.8114534616470337
2511 0.7306519746780396
2512 0.5743368864059448
2513 0.6132321357727051
2514 0.6620869040489197
2515 0.7321758270263672
2516 0.6325628161430359
2517 0.8367162942886353
2518 0.9389102458953857
2519 0.9082953333854675
2520 0.8896675109863281
2521 0.8903921842575073
2522 0.8082768321037292
2523 0.5355331897735596
2524 0.572512149810791
2525 0.6339839100837708
2526 0.7465810179710388
2527 0.7251522541046143
2528 0.8149945139884949
2529 0.9144144058227539
2530 0.9426071643829346
2531 0.8337863683700562
2532 0.756543755531311
2533 0.5132508277893066
2534 0.5676886439323425
2535 0.80189049243927
2536 0.9026302695274353
2537 0.829463541507721
2538 0.708183765411377
2539 0.8255494236946106
2540 0.8545342683792114
2541 0.965707540512085
2542 0.5684365630149841
2543 0.8756021857261658
2544 0.8842776417732239
2545 0.6172995567321777
2546 0.8692784905433655
2547 0.8039689660072327
2548 0.7421190738677979
2549 0.6418849229812622
2550 0.590176522731781
2551 0.7517364025115967
2552 0.9198722839355469
2553 0.6921373009681702
2554 0.8465715646743774
2555 0.8834888339042664
2556 0.9106062650680542
2557 0.8453377485275269
2558 0.9341365694999695
2559 0.5357248783111572
2560 0.9498251676559448
2561 0.9297541379928589
2562 0.7779240608215332
2563 0.6426284909248352
2564 0.5800881385803223
2565 0.6749362349510193
2566 0.6070084571838379
2567 0.8507704138755798
2568 0.7833316922187805
2569 0.9336053133010864
2570 0.7654716372489929
2571 0.7847772240638733
2572 0.5450648069381714
2573 0.5951046943664551
2574 0.7983767986297607
2575 0.8842557668685913
2576 0.7417544722557068
2577 0.755151093006134
2578 0.7489646077156067
2579 0.7599384784698486
2580 0.7992751598358154
2581 0.8531280755996704
2582 0.5112407803535461
2583 0.7588561177253723
2584 0.9354416131973267
2585 0.7853769659996033
2586 0.8624305129051208
2587 0.8678759932518005
2588 0.6283822059631348
2589 0.7447993755340576
2590 0.8487170934677124
2591 0.5998342037200928
2592 0.7523525953292847
2593 0.7450714111328125
2594 0.9136888980865479
2595 0.8008694648742676
2596 0.9202974438667297
2597 0.7467045783996582
2598 0.6216564178466797
2599 0.5629607439041138
2600 0.7461541295051575
2601 0.688768744468689
2602 0.5465010404586792
2603 0.8029538989067078
2604 0.6878647804260254
2605 0.9188136458396912
2606 0.6885699033737183
2607 0.6968144774436951
2608 0.5965468287467957
2609 0.6859674453735352
2610 0.6197552680969238
2611 0.8466551303863525
2612 0.556710958480835
2613 0.5155465006828308
2614 0.5920689105987549
2615 0.7274191379547119
2616 0.8994006514549255
2617 0.817346453666687
2618 0.7604599595069885
2619 0.8843781352043152
2620 0.7407594919204712
2621 0.7663819193840027
2622 0.6035182476043701
2623 0.7421512007713318
2624 0.6890942454338074
2625 0.8177886605262756
2626 0.6093260049819946
2627 0.6518418788909912
2628 0.8020430207252502
2629 0.5367404222488403
2630 0.5820733904838562
2631 0.6383841633796692
2632 0.6336225271224976
2633 0.7494837641716003
2634 0.9120330214500427
2635 0.7841416001319885
2636 0.9017384052276611
2637 0.891637921333313
2638 0.7456974983215332
2639 0.616320788860321
2640 0.6633000373840332
2641 0.6590700149536133
2642 0.6753000020980835
2643 0.7939661145210266
2644 0.6505645513534546
2645 0.667794942855835
2646 0.6718319654464722
2647 0.645706295967102
2648 0.9205756783485413
2649 0.8345386981964111
2650 0.6428095698356628
2651 0.5086841583251953
2652 0.7982083559036255
2653 0.686543345451355
2654 0.8191150426864624
2655 0.6543374061584473
2656 0.8531274199485779
2657 0.6655910611152649
2658 0.8101776838302612
2659 0.6590112447738647
2660 0.6698688268661499
2661 0.5299425721168518
2662 0.5087873339653015
2663 0.5080059170722961
2664 0.6294446587562561
2665 0.5081129670143127
2666 0.7736225724220276
2667 0.8801783323287964
2668 0.531356930732727
2669 0.6914342641830444
2670 0.551180899143219
2671 0.6887615919113159
2672 0.6716203689575195
2673 0.9163647294044495
2674 0.7693414092063904
2675 0.9322985410690308
2676 0.8426708579063416
2677 0.6645035743713379
2678 0.6524043083190918
2679 0.901479959487915
2680 0.5779035687446594
2681 0.7733861804008484
2682 0.8679421544075012
2683 0.820059061050415
2684 0.9238191843032837
2685 0.5227733850479126
2686 0.5985707640647888
2687 0.7634132504463196
2688 0.6321521997451782
2689 0.8419002294540405
2690 0.9167559146881104
2691 0.5788577795028687
2692 0.8177126049995422
2693 0.6484264731407166
2694 0.7325392961502075
2695 0.9355546832084656
2696 0.7748028039932251
2697 0.5424550771713257
2698 0.7593556046485901
2699 0.628551185131073
2700 0.6213291883468628
2701 0.8355244398117065
2702 0.933692991733551
2703 0.7453904747962952
2704 0.578619122505188
2705 0.7077810168266296
2706 0.6884515881538391
2707 0.6461398601531982
2708 0.7697385549545288
2709 0.7589308619499207
2710 0.9312969446182251
2711 0.9490795731544495
2712 0.7855948805809021
2713 0.5821662545204163
2714 0.8444165587425232
2715 0.5966922640800476
2716 0.6925749778747559
2717 0.7928450107574463
2718 0.7314238548278809
2719 0.738856852054596
2720 0.759718120098114
2721 0.9488328099250793
2722 0.5303776860237122
2723 0.7705024480819702
2724 0.6045347452163696
2725 0.5247429609298706
2726 0.514929473400116
2727 0.7126894593238831
2728 0.7163123488426208
2729 0.8006430864334106
2730 0.7664852142333984
2731 0.9229514598846436
2732 0.8430010080337524
2733 0.9099916815757751
2734 0.6072034239768982
2735 0.7362550497055054
2736 0.8722746968269348
2737 0.7945706844329834
2738 0.8106061220169067
2739 0.5726176500320435
2740 0.6155455708503723
2741 0.5855756402015686
2742 0.7686302661895752
2743 0.5721250772476196
2744 0.770880401134491
2745 0.6474310755729675
2746 0.9275510907173157
2747 0.5044135451316833
2748 0.7747296094894409
2749 0.791081964969635
2750 0.7574745416641235
2751 0.7040008902549744
2752 0.6775359511375427
2753 0.8179701566696167
2754 0.559650719165802
2755 0.7470864057540894
2756 0.7203797698020935
2757 0.50152987241745
2758 0.7694363594055176
2759 0.6499214768409729
2760 0.6421046257019043
2761 0.6493917107582092
2762 0.6856432557106018
2763 0.6708320379257202
2764 0.8851808905601501
2765 0.7440392374992371
2766 0.5696436166763306
2767 0.6795292496681213
2768 0.86649489402771
2769 0.8484575152397156
2770 0.5173770189285278
2771 0.8120918273925781
2772 0.5290401577949524
2773 0.598093569278717
2774 0.6301177144050598
2775 0.8671159744262695
2776 0.5791411399841309
2777 0.7298368811607361
2778 0.7779670357704163
2779 0.5692613124847412
2780 0.9034811854362488
2781 0.75868821144104
2782 0.7576444745063782
2783 0.8181594610214233
2784 0.8162696361541748
2785 0.6733202934265137
2786 0.8618333339691162
2787 0.6220685243606567
2788 0.8904858231544495
2789 0.5853796005249023
2790 0.8076139688491821
2791 0.8735656142234802
2792 0.9134279489517212
2793 0.800670862197876
2794 0.7263758182525635
2795 0.6507062315940857
2796 0.6908698678016663
2797 0.9327099919319153
2798 0.7299491763114929
2799 0.8211609125137329
2800 0.9126169681549072
2801 0.9258068203926086
2802 0.8893138766288757
2803 0.7228591442108154
2804 0.7032992839813232
2805 0.6529805660247803
2806 0.5571359992027283
2807 0.5719038844108582
2808 0.9356670379638672
2809 0.5378783941268921
2810 0.6153528094291687
2811 0.7286258339881897
2812 0.6288391947746277
2813 0.6734280586242676
2814 0.7441204190254211
2815 0.8915331959724426
2816 0.609764575958252
2817 0.9159929156303406
2818 0.7542285919189453
2819 0.8128266334533691
2820 0.6241124868392944
2821 0.7872686982154846
2822 0.8976781964302063
2823 0.6619994640350342
2824 0.6519436836242676
2825 0.7271690964698792
2826 0.7823575139045715
2827 0.892249345779419
2828 0.7029696106910706
2829 0.5241848826408386
2830 0.740388810634613
2831 0.9052656292915344
2832 0.8931384086608887
2833 0.8984478116035461
2834 0.9116378426551819
2835 0.5717427134513855
2836 0.7309187650680542
2837 0.7889993786811829
2838 0.9005988240242004
2839 0.593987226486206
2840 0.6759851574897766
2841 0.7596397399902344
2842 0.8737978339195251
2843 0.6819869875907898
2844 0.6497901678085327
2845 0.762640655040741
2846 0.5495390892028809
2847 0.5232766270637512
2848 0.5244771838188171
2849 0.864648163318634
2850 0.6807207465171814
2851 0.5787807106971741
2852 0.8933265805244446
2853 0.9466025233268738
2854 0.6498423218727112
2855 0.710801362991333
2856 0.795758843421936
2857 0.7080209851264954
2858 0.7068490386009216
2859 0.7819225192070007
2860 0.7863454222679138
2861 0.7976791262626648
2862 0.8631024360656738
2863 0.6507062315940857
2864 0.9213749766349792
2865 0.6981737017631531
2866 0.5239819288253784
2867 0.7355207204818726
2868 0.7664747834205627
2869 0.8517392873764038
2870 0.8264732360839844
2871 0.7824036478996277
2872 0.5350372195243835
2873 0.5373149514198303
2874 0.6910389065742493
2875 0.9278061389923096
2876 0.8357689380645752
2877 0.8348674774169922
2878 0.760897696018219
2879 0.7467070817947388
2880 0.7768993377685547
2881 0.576829195022583
2882 0.8084108233451843
2883 0.7863864898681641
2884 0.9226381182670593
2885 0.6941080689430237
2886 0.5397598743438721
2887 0.7348475456237793
2888 0.6008237600326538
2889 0.746300458908081
2890 0.6036862730979919
2891 0.8214474320411682
2892 0.7727534174919128
2893 0.8163432478904724
2894 0.7661960124969482
2895 0.9213840961456299
2896 0.5926454663276672
2897 0.5956690907478333
2898 0.8447968363761902
2899 0.7849977016448975
2900 0.5683362483978271
2901 0.6707216501235962
2902 0.7290719151496887
2903 0.9172716736793518
2904 0.7572487592697144
2905 0.7802794575691223
2906 0.844530463218689
2907 0.5080541968345642
2908 0.7635920643806458
2909 0.9050097465515137
2910 0.6453340649604797
2911 0.7645095586776733
2912 0.772477924823761
2913 0.6033185720443726
2914 0.8703367710113525
2915 0.5514019727706909
2916 0.8572344183921814
2917 0.730054497718811
2918 0.8652329444885254
2919 0.590176522731781
2920 0.6448776125907898
2921 0.7294747829437256
2922 0.5927910804748535
2923 0.9244396090507507
2924 0.9428344964981079
2925 0.8971172571182251
2926 0.8323977589607239
2927 0.5734606981277466
2928 0.8161877393722534
2929 0.8859505653381348
2930 0.7339723110198975
2931 0.5642655491828918
2932 0.6636177897453308
2933 0.7179755568504333
2934 0.8256322145462036
2935 0.7994824647903442
2936 0.7729781866073608
2937 0.8718128800392151
2938 0.7020383477210999
2939 0.6465833187103271
2940 0.7167393565177917
2941 0.6767327785491943
2942 0.8953112363815308
2943 0.7620149850845337
2944 0.6052119731903076
2945 0.9241635799407959
2946 0.5257543921470642
2947 0.7917460799217224
2948 0.7753778100013733
2949 0.7742232084274292
2950 0.7517315745353699
2951 0.7852264046669006
2952 0.6307195425033569
2953 0.510984480381012
2954 0.9325758218765259
2955 0.6907270550727844
2956 0.6166676878929138
2957 0.7883555293083191
2958 0.5192307829856873
2959 0.8209747672080994
2960 0.5673549175262451
2961 0.5031403303146362
2962 0.7191950678825378
2963 0.6296477913856506
2964 0.5155479907989502
2965 0.8874871730804443
2966 0.8016379475593567
2967 0.6907889246940613
2968 0.6615316867828369
2969 0.8458572030067444
2970 0.6102508902549744
2971 0.5750775337219238
2972 0.706515371799469
2973 0.6280054450035095
2974 0.9052093625068665
2975 0.759718120098114
2976 0.9097727537155151
2977 0.8404366970062256
2978 0.8900469541549683
2979 0.6398146152496338
2980 0.5226813554763794
2981 0.7633548378944397
2982 0.9120607972145081
2983 0.8612352609634399
2984 0.7069917917251587
2985 0.7783156037330627
2986 0.8333454132080078
2987 0.9075535535812378
2988 0.9123401045799255
2989 0.677740216255188
2990 0.7797872424125671
2991 0.5156296491622925
2992 0.7218468189239502
2993 0.5576290488243103
2994 0.5217205286026001
2995 0.8968055844306946
2996 0.7926793694496155
2997 0.7799209356307983
2998 0.8076627850532532
2999 0.71845543384552
3000 0.7744123339653015
3001 0.7314755320549011
3002 0.8589344620704651
3003 0.6936557292938232
3004 0.5706072449684143
3005 0.9259333610534668
3006 0.8653969764709473
3007 0.5424323678016663
3008 0.7766425609588623
3009 0.8322810530662537
3010 0.5162177085876465
3011 0.5043246746063232
3012 0.9248853921890259
3013 0.7788492441177368
3014 0.803097665309906
3015 0.8153698444366455
3016 0.7726638317108154
3017 0.8907546401023865
3018 0.9242087006568909
3019 0.6971197128295898
3020 0.510046660900116
3021 0.9093436598777771
3022 0.6275736093521118
3023 0.8407909870147705
3024 0.691695511341095
3025 0.5173503160476685
3026 0.5819081664085388
3027 0.681026816368103
3028 0.6805756092071533
3029 0.7883555293083191
3030 0.8636903166770935
3031 0.8948548436164856
3032 0.7938036918640137
3033 0.7433213591575623
3034 0.8384236693382263
3035 0.553457498550415
3036 0.5927013754844666
3037 0.7059895992279053
3038 0.7246651649475098
3039 0.7103012204170227
3040 0.8891658186912537
3041 0.8135449290275574
3042 0.8170441389083862
3043 0.5827150940895081
3044 0.7059653401374817
3045 0.9532378315925598
3046 0.8346636295318604
3047 0.9386278390884399
3048 0.6034185886383057
3049 0.7648983597755432
3050 0.7460001111030579
3051 0.7222256660461426
3052 0.9581161737442017
3053 0.8962326049804688
3054 0.7406614422798157
3055 0.9360626935958862
3056 0.6422884464263916
3057 0.533654510974884
3058 0.8243508338928223
3059 0.6724368333816528
3060 0.743174135684967
3061 0.5277311205863953
3062 0.8402852416038513
3063 0.6118955612182617
3064 0.7157991528511047
3065 0.8902232050895691
3066 0.8758876323699951
3067 0.7016396522521973
3068 0.9279127717018127
3069 0.9075341820716858
3070 0.6424875855445862
3071 0.5795658826828003
3072 0.731904149055481
3073 0.6589314341545105
3074 0.5361937880516052
3075 0.8535774350166321
3076 0.7063719630241394
3077 0.6714501976966858
3078 0.544237494468689
3079 0.9746226072311401
3080 0.9573048949241638
3081 0.5377358198165894
3082 0.7558298707008362
3083 0.7151855826377869
3084 0.8968349099159241
3085 0.7236957550048828
3086 0.7752593755722046
3087 0.7039072513580322
3088 0.7609921097755432
3089 0.5684342980384827
3090 0.6093679666519165
3091 0.6001039147377014
3092 0.7646375894546509
3093 0.6471599340438843
3094 0.8610733151435852
3095 0.7924067378044128
3096 0.5327394604682922
3097 0.6122589111328125
3098 0.5936384797096252
3099 0.8264680504798889
3100 0.754361093044281
3101 0.746062695980072
3102 0.5886247754096985
3103 0.9220218062400818
3104 0.7088191509246826
3105 0.7927023768424988
3106 0.8707607984542847
3107 0.5947376489639282
3108 0.6228730082511902
3109 0.8169082403182983
3110 0.7354775071144104
3111 0.7146987318992615
3112 0.7916766405105591
3113 0.9274771809577942
3114 0.6634678244590759
3115 0.5968347787857056
3116 0.7894113063812256
3117 0.7625057697296143
3118 0.8301500082015991
3119 0.5503100156784058
3120 0.6106908321380615
3121 0.8429582715034485
3122 0.8981500864028931
3123 0.5710030198097229
3124 0.7559555172920227
3125 0.6124504804611206
3126 0.6309303641319275
3127 0.8299802541732788
3128 0.7208705544471741
3129 0.9120243191719055
3130 0.8057502508163452
3131 0.7749348878860474
3132 0.5717427134513855
3133 0.7520375847816467
3134 0.9422770142555237
3135 0.7289655804634094
3136 0.9047765731811523
3137 0.5228701829910278
3138 0.7450417876243591
3139 0.5841553211212158
3140 0.8218628168106079
3141 0.9490200281143188
3142 0.9455515146255493
3143 0.9078296422958374
3144 0.5783833861351013
3145 0.9198676347732544
3146 0.9512926340103149
3147 0.7840509414672852
3148 0.8045636415481567
3149 0.5670744180679321
3150 0.6003022193908691
3151 0.8472350239753723
3152 0.6513849496841431
3153 0.6238736510276794
3154 0.5097360014915466
3155 0.79285728931427
3156 0.8730253577232361
3157 0.7170282006263733
3158 0.5762515664100647
3159 0.747708261013031
3160 0.691209614276886
3161 0.6176930665969849
3162 0.8407948613166809
3163 0.6200460195541382
3164 0.9170824289321899
3165 0.7076525092124939
3166 0.737209141254425
3167 0.5398492813110352
3168 0.857222318649292
3169 0.6225993037223816
3170 0.7519304752349854
3171 0.9348013401031494
3172 0.5960234999656677
3173 0.9564957022666931
3174 0.5403622388839722
3175 0.578133761882782
3176 0.9052717089653015
3177 0.7322353720664978
3178 0.8642153143882751
3179 0.6082362532615662
3180 0.8622065186500549
3181 0.9501392841339111
3182 0.8547950387001038
3183 0.6572502255439758
3184 0.6205683350563049
3185 0.8071965575218201
3186 0.7065933346748352
3187 0.5366666913032532
3188 0.8411802649497986
3189 0.7306408882141113
3190 0.5838961601257324
3191 0.5055635571479797
3192 0.5222856998443604
3193 0.8933229446411133
3194 0.9415588974952698
3195 0.5311355590820312
3196 0.5009713172912598
3197 0.6197595000267029
3198 0.5574659705162048
3199 0.5088773369789124
3200 0.6658362150192261
3201 0.9023796916007996
3202 0.7363013029098511
3203 0.7651891708374023
3204 0.9565800428390503
3205 0.7190367579460144
3206 0.5951326489448547
3207 0.83824223279953
3208 0.8180580735206604
3209 0.6721169948577881
3210 0.8585394024848938
3211 0.733500063419342
3212 0.7342944741249084
3213 0.8104233741760254
3214 0.5868097543716431
3215 0.8070676326751709
3216 0.592535138130188
3217 0.9199249744415283
3218 0.8478778004646301
3219 0.6470519304275513
3220 0.8832516074180603
3221 0.6136990785598755
3222 0.9001832604408264
3223 0.6253950595855713
3224 0.9029774069786072
3225 0.6654976010322571
3226 0.5053901076316833
3227 0.90948486328125
3228 0.5146622061729431
3229 0.9035874605178833
3230 0.8932100534439087
3231 0.8341595530509949
3232 0.8081659078598022
3233 0.6596372127532959
3234 0.6543374061584473
3235 0.9125840067863464
3236 0.8188905715942383
3237 0.8249420523643494
3238 0.9122968912124634
3239 0.8150196671485901
3240 0.8382063508033752
3241 0.8499075770378113
3242 0.7746098637580872
3243 0.6110606789588928
3244 0.6021555066108704
3245 0.7808060050010681
3246 0.8915649652481079
3247 0.7342333793640137
3248 0.5880317687988281
3249 0.624113917350769
3250 0.5049874186515808
3251 0.6122057437896729
3252 0.7287073135375977
3253 0.7351557612419128
3254 0.7876376509666443
3255 0.7348947525024414
3256 0.7553227543830872
3257 0.7740997076034546
3258 0.7698109149932861
3259 0.8028276562690735
3260 0.7786953449249268
3261 0.7365735173225403
3262 0.7882262468338013
3263 0.5898838043212891
3264 0.580133318901062
3265 0.8572484254837036
3266 0.8559409379959106
3267 0.7057510614395142
3268 0.8997723460197449
3269 0.7068580985069275
3270 0.7373650074005127
3271 0.787523627281189
3272 0.7480840682983398
3273 0.9101195931434631
3274 0.5160190463066101
3275 0.9413136839866638
3276 0.5522129535675049
3277 0.574087381362915
3278 0.9130805730819702
3279 0.7890306711196899
3280 0.9258811473846436
3281 0.5229452848434448
3282 0.9318529367446899
3283 0.5905026197433472
3284 0.727179229259491
3285 0.6250432729721069
3286 0.7756175398826599
3287 0.8214736580848694
3288 0.925409734249115
3289 0.5382310152053833
3290 0.6894919872283936
3291 0.5796187520027161
3292 0.9347567558288574
3293 0.5936020016670227
3294 0.5322257280349731
3295 0.5861125588417053
3296 0.9196221828460693
3297 0.9207481741905212
3298 0.5765635967254639
3299 0.654087483882904
3300 0.9291380643844604
3301 0.799924910068512
3302 0.7007381916046143
3303 0.9092133641242981
3304 0.5657332539558411
3305 0.686833918094635
3306 0.7879804968833923
3307 0.6016088128089905
3308 0.601849377155304
3309 0.8774997591972351
3310 0.9059373140335083
3311 0.8935659527778625
3312 0.9336221218109131
3313 0.543024480342865
3314 0.7765933275222778
3315 0.708829939365387
3316 0.6001808047294617
3317 0.8421719074249268
3318 0.9381424188613892
3319 0.5894006490707397
3320 0.6327205896377563
3321 0.7960222959518433
3322 0.7670044898986816
3323 0.7523613572120667
3324 0.820427417755127
3325 0.5377768874168396
3326 0.7713326215744019
3327 0.6568098664283752
3328 0.5807920098304749
3329 0.9144073724746704
3330 0.8214002251625061
3331 0.6732227802276611
3332 0.8784303069114685
3333 0.7902266383171082
3334 0.840991199016571
3335 0.7484129071235657
3336 0.7555887699127197
3337 0.596137285232544
3338 0.6050187349319458
3339 0.5754229426383972
3340 0.5935134291648865
3341 0.7873786091804504
3342 0.6204484105110168
3343 0.6853417754173279
3344 0.7764045000076294
3345 0.5436183214187622
3346 0.5766911506652832
3347 0.904685914516449
3348 0.670930027961731
3349 0.5388906002044678
3350 0.7199456691741943
3351 0.5625391006469727
3352 0.7885004878044128
3353 0.5204554200172424
3354 0.6956473588943481
3355 0.7994286417961121
3356 0.9155570268630981
3357 0.8965991735458374
3358 0.7422723174095154
3359 0.5012724995613098
3360 0.8923711180686951
3361 0.749110758304596
3362 0.7795976400375366
3363 0.9093793630599976
3364 0.8325068354606628
3365 0.6562153100967407
3366 0.6628549098968506
3367 0.7563621401786804
3368 0.9094443321228027
3369 0.8174625039100647
3370 0.7607656121253967
3371 0.8792575001716614
3372 0.8895447254180908
3373 0.6100268363952637
3374 0.9154138565063477
3375 0.7106702327728271
3376 0.8835411071777344
3377 0.7306370735168457
3378 0.6350024938583374
3379 0.548163652420044
3380 0.5676292777061462
3381 0.8046537637710571
3382 0.8909227848052979
3383 0.9125605821609497
3384 0.8216755986213684
3385 0.7725313901901245
3386 0.7569968700408936
3387 0.9233239889144897
3388 0.8409011363983154
3389 0.7545613646507263
3390 0.9231343865394592
3391 0.6852169632911682
3392 0.5844954252243042
3393 0.7825291752815247
3394 0.8208959698677063
3395 0.9141350984573364
3396 0.6707567572593689
3397 0.7773292064666748
3398 0.5586694478988647
3399 0.8197308778762817
3400 0.7792884707450867
3401 0.8319624066352844
3402 0.8507418632507324
3403 0.59239262342453
3404 0.9472633600234985
3405 0.7240461707115173
3406 0.5903361439704895
3407 0.9365848302841187
3408 0.6930595636367798
3409 0.6425666213035583
3410 0.5783593654632568
3411 0.9170196652412415
3412 0.787916362285614
3413 0.7489871978759766
3414 0.8145107626914978
3415 0.6509418487548828
3416 0.8818002343177795
3417 0.6943356990814209
3418 0.6809636354446411
3419 0.6131892800331116
3420 0.7331265211105347
3421 0.5415493845939636
3422 0.5815926790237427
3423 0.8202753067016602
3424 0.5040818452835083
3425 0.8459752202033997
3426 0.6179932951927185
3427 0.6234197616577148
3428 0.9339162707328796
3429 0.9135885834693909
3430 0.8339491486549377
3431 0.8052659034729004
3432 0.5547888875007629
3433 0.6082918047904968
3434 0.8880401253700256
3435 0.7595545649528503
3436 0.8792474269866943
3437 0.8326513767242432
3438 0.7180868983268738
3439 0.5507074594497681
3440 0.7203620076179504
3441 0.7604040503501892
3442 0.531241238117218
3443 0.8790534138679504
3444 0.8260969519615173
3445 0.9395429491996765
3446 0.5829809904098511
3447 0.5721250772476196
3448 0.7535746693611145
3449 0.7341662049293518
3450 0.7804521322250366
3451 0.8341121077537537
3452 0.8038144111633301
3453 0.7588704228401184
3454 0.9102510809898376
3455 0.9106703400611877
3456 0.6033108830451965
3457 0.5612214803695679
3458 0.6278336048126221
3459 0.5144194960594177
3460 0.6248156428337097
3461 0.7698407173156738
3462 0.8934960961341858
3463 0.9494251608848572
3464 0.5192307829856873
3465 0.9553197026252747
3466 0.8022304773330688
3467 0.6170367002487183
3468 0.9282150268554688
3469 0.9688055515289307
3470 0.6711742877960205
3471 0.5106800198554993
3472 0.7920482158660889
3473 0.8887073993682861
3474 0.8013399243354797
3475 0.5914087295532227
3476 0.8982160091400146
3477 0.7020133137702942
3478 0.7887471914291382
3479 0.698641836643219
3480 0.9564700722694397
3481 0.8930834531784058
3482 0.7811344861984253
3483 0.8076984882354736
3484 0.6667583584785461
3485 0.6192682981491089
3486 0.9145116806030273
3487 0.7531329393386841
3488 0.8161516189575195
3489 0.8188844323158264
3490 0.9340286254882812
3491 0.9378465414047241
3492 0.9079249501228333
3493 0.9400618672370911
3494 0.9107983708381653
3495 0.739120364189148
3496 0.6306247711181641
3497 0.6818842887878418
3498 0.7740094661712646
3499 0.7815332412719727
3500 0.8156507015228271
3501 0.8826506733894348
3502 0.7552029490470886
3503 0.8369061350822449
3504 0.5089075565338135
3505 0.5611255168914795
3506 0.6819286942481995
3507 0.5260019302368164
3508 0.8073549270629883
3509 0.857726514339447
3510 0.5584182143211365
3511 0.8846614956855774
3512 0.7330145239830017
3513 0.7243376970291138
3514 0.8203750252723694
3515 0.7400144934654236
3516 0.5645904541015625
3517 0.6773632764816284
3518 0.7144212126731873
3519 0.8104608058929443
3520 0.6559581756591797
3521 0.7435310482978821
3522 0.6859515905380249
3523 0.7680466771125793
3524 0.7102611064910889
3525 0.8069671988487244
3526 0.5761975049972534
3527 0.7854066491127014
3528 0.5393883585929871
3529 0.9173064827919006
3530 0.6464664340019226
3531 0.8611736297607422
3532 0.5428779721260071
3533 0.8195233941078186
3534 0.5314053297042847
3535 0.7453229427337646
3536 0.6110823750495911
3537 0.9093793630599976
3538 0.683148980140686
3539 0.7224248051643372
3540 0.7946487665176392
3541 0.8913624286651611
3542 0.7519886493682861
3543 0.7617131471633911
3544 0.6901801824569702
3545 0.6374354362487793
3546 0.6843273639678955
3547 0.908406674861908
3548 0.6321285963058472
3549 0.7329198718070984
3550 0.7608340978622437
3551 0.6357337236404419
3552 0.8721475601196289
3553 0.8902934193611145
3554 0.6091023683547974
3555 0.5940642356872559
3556 0.9242571592330933
3557 0.7707586288452148
3558 0.6166795492172241
3559 0.6084791421890259
3560 0.6085712313652039
3561 0.5165508985519409
3562 0.9427768588066101
3563 0.7358412146568298
3564 0.8285789489746094
3565 0.6847708225250244
3566 0.8503382205963135
3567 0.5732995867729187
3568 0.7749038338661194
3569 0.9195559024810791
3570 0.5185406804084778
3571 0.7676927447319031
3572 0.6748290061950684
3573 0.8502504229545593
3574 0.6412572264671326
3575 0.5449409484863281
3576 0.7681073546409607
3577 0.6435156464576721
3578 0.908727765083313
3579 0.7547288537025452
3580 0.7343428134918213
3581 0.8309118151664734
3582 0.5199581384658813
3583 0.9608134031295776
3584 0.9611464142799377
3585 0.7104455232620239
3586 0.7663936614990234
3587 0.5578457117080688
3588 0.7457659244537354
3589 0.7305996417999268
3590 0.843998908996582
3591 0.5745486617088318
3592 0.8826513290405273
3593 0.5675861835479736
3594 0.8747881054878235
3595 0.5218112468719482
3596 0.526576042175293
3597 0.7586240172386169
3598 0.625218391418457
3599 0.9200178980827332
3600 0.9109541773796082
3601 0.643155574798584
3602 0.9187154769897461
3603 0.6894775032997131
3604 0.5261523127555847
3605 0.7352093458175659
3606 0.6064864993095398
3607 0.6825812458992004
3608 0.7777847647666931
3609 0.6125176548957825
3610 0.9288173317909241
3611 0.5752378702163696
3612 0.7180212736129761
3613 0.5210016965866089
3614 0.5353372097015381
3615 0.6889898777008057
3616 0.7826401591300964
3617 0.6053116917610168
3618 0.9367343783378601
3619 0.9419333934783936
3620 0.8354182839393616
3621 0.8395556211471558
3622 0.5228186249732971
3623 0.626509964466095
3624 0.9432500004768372
3625 0.7559158802032471
3626 0.9398496150970459
3627 0.6273338794708252
3628 0.8498954772949219
3629 0.9440492987632751
3630 0.7621884346008301
3631 0.5547960996627808
3632 0.5984634160995483
3633 0.9358732104301453
3634 0.8937231302261353
3635 0.8695747256278992
3636 0.648384153842926
3637 0.8037257194519043
3638 0.573193371295929
3639 0.9177204370498657
3640 0.7774773836135864
3641 0.8794887065887451
3642 0.8118173480033875
3643 0.8622497320175171
3644 0.5778825283050537
3645 0.5011305212974548
3646 0.5818665027618408
3647 0.5156884789466858
3648 0.7392485737800598
3649 0.8782678842544556
3650 0.8507760167121887
3651 0.6185622215270996
3652 0.9319411516189575
3653 0.7067331075668335
3654 0.9433515071868896
3655 0.7819469571113586
3656 0.8008374571800232
3657 0.8713341355323792
3658 0.8956859707832336
3659 0.7346816658973694
3660 0.8067429661750793
3661 0.5166535377502441
3662 0.6358762383460999
3663 0.7701169848442078
3664 0.6827959418296814
3665 0.8297989964485168
3666 0.7411298155784607
3667 0.6957501173019409
3668 0.9268698692321777
3669 0.8614619374275208
3670 0.6400497555732727
3671 0.9424059391021729
3672 0.9323100447654724
3673 0.7954181432723999
3674 0.7446245551109314
3675 0.7531209588050842
3676 0.9179196357727051
3677 0.5124589204788208
3678 0.7396485805511475
3679 0.7911794185638428
3680 0.7570327520370483
3681 0.755151093006134
3682 0.9283716082572937
3683 0.9140033721923828
3684 0.5153262615203857
3685 0.7651455402374268
3686 0.8809213638305664
3687 0.7950183153152466
