0 0.7093275488069414
1 0.7082429501084598
2 0.7087852494577006
3 0.7087852494577006
4 0.7114967462039046
5 0.7114967462039046
6 0.7114967462039046
7 0.7120390455531453
8 0.7125813449023861
9 0.7109544468546638
10 0.7098698481561823
11 0.7114967462039046
12 0.7114967462039046
13 0.7109544468546638
14 0.7109544468546638
15 0.710412147505423
16 0.7109544468546638
17 0.7109544468546638
18 0.710412147505423
19 0.7087852494577006
20 0.7087852494577006
21 0.7087852494577006
22 0.7082429501084598
23 0.7087852494577006
24 0.7082429501084598
25 0.7077006507592191
26 0.7077006507592191
27 0.7049891540130152
28 0.7044468546637744
29 0.7039045553145337
30 0.7033622559652929
31 0.7033622559652929
32 0.7044468546637744
33 0.7071583514099783
34 0.7071583514099783
35 0.7071583514099783
36 0.7066160520607375
37 0.7060737527114967
38 0.7066160520607375
39 0.7033622559652929
40 0.7033622559652929
41 0.7033622559652929
42 0.7039045553145337
43 0.7033622559652929
44 0.702819956616052
45 0.7033622559652929
46 0.7011930585683297
47 0.7011930585683297
48 0.7017353579175705
49 0.7017353579175705
50 0.7006507592190889
51 0.7033622559652929
52 0.7033622559652929
53 0.7039045553145337
54 0.7039045553145337
55 0.702819956616052
56 0.702819956616052
57 0.7022776572668112
58 0.7022776572668112
59 0.7017353579175705
60 0.7060737527114967
61 0.7071583514099783
62 0.7060737527114967
63 0.7060737527114967
64 0.7060737527114967
65 0.7060737527114967
66 0.7077006507592191
67 0.7077006507592191
68 0.7077006507592191
69 0.7077006507592191
70 0.7077006507592191
71 0.7066160520607375
72 0.7093275488069414
73 0.7093275488069414
74 0.7093275488069414
75 0.7077006507592191
76 0.7087852494577006
77 0.710412147505423
78 0.710412147505423
79 0.710412147505423
80 0.7109544468546638
81 0.7109544468546638
82 0.7109544468546638
83 0.7109544468546638
84 0.710412147505423
85 0.7098698481561823
86 0.7098698481561823
87 0.7098698481561823
88 0.7098698481561823
89 0.7098698481561823
90 0.7093275488069414
91 0.7093275488069414
92 0.7087852494577006
93 0.7093275488069414
94 0.7093275488069414
95 0.7109544468546638
96 0.710412147505423
97 0.710412147505423
98 0.7114967462039046
99 0.7136659436008677
100 0.71529284164859
101 0.71529284164859
102 0.71529284164859
103 0.71529284164859
104 0.7142082429501084
105 0.7131236442516269
106 0.7136659436008677
107 0.7142082429501084
108 0.7142082429501084
109 0.7142082429501084
110 0.7158351409978309
111 0.7158351409978309
112 0.7158351409978309
113 0.7169197396963124
114 0.7169197396963124
115 0.7174620390455532
116 0.7169197396963124
117 0.7185466377440347
118 0.7190889370932755
119 0.720173535791757
120 0.7196312364425163
121 0.7196312364425163
122 0.7196312364425163
123 0.7120390455531453
124 0.7109544468546638
125 0.7114967462039046
126 0.7120390455531453
127 0.7147505422993492
128 0.7147505422993492
129 0.7147505422993492
130 0.71529284164859
131 0.71529284164859
132 0.7147505422993492
133 0.7142082429501084
134 0.7142082429501084
135 0.7147505422993492
136 0.7147505422993492
137 0.7147505422993492
138 0.7147505422993492
139 0.7147505422993492
140 0.7174620390455532
141 0.720173535791757
142 0.7207158351409978
143 0.7207158351409978
144 0.7185466377440347
145 0.7218004338394793
146 0.7239696312364425
147 0.7239696312364425
148 0.7239696312364425
149 0.7239696312364425
150 0.7245119305856833
151 0.7245119305856833
152 0.7245119305856833
153 0.7245119305856833
154 0.7245119305856833
155 0.7245119305856833
156 0.7245119305856833
157 0.7245119305856833
158 0.7245119305856833
159 0.7245119305856833
160 0.7245119305856833
161 0.7250542299349241
162 0.7239696312364425
163 0.7234273318872018
164 0.7245119305856833
165 0.7234273318872018
166 0.722885032537961
167 0.7207158351409978
168 0.7207158351409978
169 0.7207158351409978
170 0.7218004338394793
171 0.7212581344902386
172 0.7218004338394793
173 0.7218004338394793
174 0.7223427331887202
175 0.7218004338394793
176 0.7212581344902386
177 0.7212581344902386
178 0.7207158351409978
179 0.720173535791757
180 0.7190889370932755
181 0.7223427331887202
182 0.7223427331887202
183 0.7223427331887202
184 0.7223427331887202
185 0.7234273318872018
186 0.722885032537961
187 0.722885032537961
188 0.722885032537961
189 0.7234273318872018
190 0.722885032537961
191 0.722885032537961
192 0.7218004338394793
193 0.720173535791757
194 0.7223427331887202
195 0.7223427331887202
196 0.7207158351409978
197 0.7207158351409978
198 0.7207158351409978
199 0.7196312364425163
200 0.7180043383947939
201 0.7174620390455532
202 0.7185466377440347
203 0.7174620390455532
204 0.7163774403470716
205 0.7185466377440347
206 0.7185466377440347
207 0.7196312364425163
208 0.7196312364425163
209 0.720173535791757
210 0.7212581344902386
211 0.7212581344902386
212 0.7174620390455532
213 0.7174620390455532
214 0.7196312364425163
215 0.7196312364425163
216 0.720173535791757
217 0.7190889370932755
218 0.7196312364425163
219 0.7190889370932755
220 0.7190889370932755
221 0.7190889370932755
222 0.7185466377440347
223 0.7190889370932755
224 0.7185466377440347
225 0.7185466377440347
226 0.7185466377440347
227 0.720173535791757
228 0.720173535791757
229 0.720173535791757
230 0.7207158351409978
231 0.7196312364425163
232 0.7190889370932755
233 0.7190889370932755
234 0.7207158351409978
235 0.720173535791757
236 0.7196312364425163
237 0.7185466377440347
238 0.7190889370932755
239 0.7180043383947939
240 0.7180043383947939
241 0.7174620390455532
242 0.7180043383947939
243 0.7180043383947939
244 0.7174620390455532
245 0.7169197396963124
246 0.7093275488069414
247 0.7082429501084598
248 0.7060737527114967
249 0.7060737527114967
250 0.7060737527114967
251 0.7060737527114967
252 0.7044468546637744
253 0.7049891540130152
254 0.7044468546637744
255 0.705531453362256
256 0.7066160520607375
257 0.7071583514099783
258 0.7077006507592191
259 0.7077006507592191
260 0.7077006507592191
261 0.7077006507592191
262 0.7077006507592191
263 0.7071583514099783
264 0.7071583514099783
265 0.7071583514099783
266 0.705531453362256
267 0.7060737527114967
268 0.7060737527114967
269 0.7066160520607375
270 0.7066160520607375
271 0.7066160520607375
272 0.7077006507592191
273 0.7077006507592191
274 0.7066160520607375
275 0.7066160520607375
276 0.7071583514099783
277 0.7066160520607375
278 0.7060737527114967
279 0.7082429501084598
280 0.7082429501084598
281 0.7082429501084598
282 0.7082429501084598
283 0.7082429501084598
284 0.7082429501084598
285 0.7049891540130152
286 0.7049891540130152
287 0.7049891540130152
288 0.7060737527114967
289 0.705531453362256
290 0.705531453362256
291 0.705531453362256
292 0.7071583514099783
293 0.7044468546637744
294 0.7022776572668112
295 0.7060737527114967
296 0.7060737527114967
297 0.7060737527114967
298 0.7060737527114967
299 0.7060737527114967
300 0.7066160520607375
301 0.7066160520607375
302 0.7066160520607375
303 0.7066160520607375
304 0.7082429501084598
305 0.7082429501084598
306 0.7082429501084598
307 0.7082429501084598
308 0.7077006507592191
309 0.7087852494577006
310 0.7087852494577006
311 0.7087852494577006
312 0.7082429501084598
313 0.7082429501084598
314 0.7082429501084598
315 0.7098698481561823
316 0.7093275488069414
317 0.7093275488069414
318 0.7093275488069414
319 0.710412147505423
320 0.7093275488069414
321 0.7077006507592191
322 0.7071583514099783
323 0.7077006507592191
324 0.7077006507592191
325 0.7077006507592191
326 0.7071583514099783
327 0.7066160520607375
328 0.7071583514099783
329 0.705531453362256
330 0.7060737527114967
331 0.7066160520607375
332 0.7082429501084598
333 0.7077006507592191
334 0.7077006507592191
335 0.7060737527114967
336 0.7060737527114967
337 0.7066160520607375
338 0.7066160520607375
339 0.7060737527114967
340 0.7066160520607375
341 0.7066160520607375
342 0.7066160520607375
343 0.7066160520607375
344 0.7082429501084598
345 0.7087852494577006
346 0.7087852494577006
347 0.7082429501084598
348 0.7082429501084598
349 0.7077006507592191
350 0.7071583514099783
351 0.7071583514099783
352 0.7071583514099783
353 0.7071583514099783
354 0.7066160520607375
355 0.7071583514099783
356 0.7077006507592191
357 0.7077006507592191
358 0.7087852494577006
359 0.7087852494577006
360 0.7082429501084598
361 0.7077006507592191
362 0.7077006507592191
363 0.7082429501084598
364 0.7114967462039046
365 0.710412147505423
366 0.7109544468546638
367 0.710412147505423
368 0.7093275488069414
369 0.7093275488069414
370 0.7093275488069414
371 0.7098698481561823
372 0.7114967462039046
373 0.7120390455531453
374 0.7109544468546638
375 0.710412147505423
376 0.7087852494577006
377 0.7087852494577006
378 0.7087852494577006
379 0.7093275488069414
380 0.7071583514099783
381 0.7071583514099783
382 0.7066160520607375
383 0.705531453362256
384 0.705531453362256
385 0.7049891540130152
386 0.7049891540130152
387 0.7049891540130152
388 0.7049891540130152
389 0.705531453362256
390 0.702819956616052
391 0.7033622559652929
392 0.702819956616052
393 0.702819956616052
394 0.7039045553145337
395 0.7039045553145337
396 0.7039045553145337
397 0.702819956616052
398 0.7044468546637744
399 0.7044468546637744
400 0.7044468546637744
401 0.7039045553145337
402 0.7044468546637744
403 0.7033622559652929
404 0.7039045553145337
405 0.7039045553145337
406 0.7049891540130152
407 0.7060737527114967
408 0.7077006507592191
409 0.7087852494577006
410 0.710412147505423
411 0.7093275488069414
412 0.7087852494577006
413 0.7093275488069414
414 0.7098698481561823
415 0.7120390455531453
416 0.7136659436008677
417 0.7131236442516269
418 0.7131236442516269
419 0.7142082429501084
420 0.7136659436008677
421 0.7142082429501084
422 0.7136659436008677
423 0.7142082429501084
424 0.7131236442516269
425 0.7131236442516269
426 0.7131236442516269
427 0.7114967462039046
428 0.7131236442516269
429 0.7131236442516269
430 0.7131236442516269
431 0.7131236442516269
432 0.7131236442516269
433 0.7131236442516269
434 0.7125813449023861
435 0.7125813449023861
436 0.7125813449023861
437 0.7125813449023861
438 0.7169197396963124
439 0.7174620390455532
440 0.7174620390455532
441 0.7180043383947939
442 0.720173535791757
443 0.720173535791757
444 0.7218004338394793
445 0.7212581344902386
446 0.7212581344902386
447 0.7207158351409978
448 0.7212581344902386
449 0.7218004338394793
450 0.7207158351409978
451 0.7207158351409978
452 0.7207158351409978
453 0.7212581344902386
454 0.7212581344902386
455 0.7190889370932755
456 0.7196312364425163
457 0.7174620390455532
458 0.7169197396963124
459 0.7169197396963124
460 0.7180043383947939
461 0.7180043383947939
462 0.7158351409978309
463 0.7158351409978309
464 0.7163774403470716
465 0.7169197396963124
466 0.7163774403470716
467 0.7158351409978309
468 0.7158351409978309
469 0.7158351409978309
470 0.71529284164859
471 0.71529284164859
472 0.7158351409978309
473 0.7147505422993492
474 0.71529284164859
475 0.71529284164859
476 0.7163774403470716
477 0.7163774403470716
478 0.7163774403470716
479 0.7163774403470716
480 0.7158351409978309
481 0.71529284164859
482 0.7142082429501084
483 0.7158351409978309
484 0.71529284164859
485 0.7142082429501084
486 0.7136659436008677
487 0.7142082429501084
488 0.7142082429501084
489 0.7125813449023861
490 0.7125813449023861
491 0.7131236442516269
492 0.7098698481561823
493 0.7077006507592191
494 0.7077006507592191
495 0.7071583514099783
496 0.7071583514099783
497 0.7077006507592191
498 0.7060737527114967
499 0.7060737527114967
500 0.7060737527114967
501 0.7066160520607375
502 0.7066160520607375
503 0.7066160520607375
504 0.7071583514099783
505 0.7082429501084598
506 0.7082429501084598
507 0.7082429501084598
508 0.7082429501084598
509 0.7082429501084598
510 0.7082429501084598
511 0.7087852494577006
512 0.7087852494577006
513 0.7093275488069414
514 0.7087852494577006
515 0.7109544468546638
516 0.7109544468546638
517 0.7082429501084598
518 0.7087852494577006
519 0.7082429501084598
520 0.7082429501084598
521 0.7071583514099783
522 0.7071583514099783
523 0.7071583514099783
524 0.7066160520607375
525 0.7077006507592191
526 0.7060737527114967
527 0.705531453362256
528 0.7060737527114967
529 0.7060737527114967
530 0.705531453362256
531 0.7071583514099783
532 0.7071583514099783
533 0.7071583514099783
534 0.7077006507592191
535 0.7077006507592191
536 0.7093275488069414
537 0.7093275488069414
538 0.7093275488069414
539 0.7093275488069414
540 0.7093275488069414
541 0.7093275488069414
542 0.7082429501084598
543 0.7077006507592191
544 0.7082429501084598
545 0.7082429501084598
546 0.7077006507592191
547 0.7077006507592191
548 0.7082429501084598
549 0.7082429501084598
550 0.705531453362256
551 0.705531453362256
552 0.7060737527114967
553 0.7044468546637744
554 0.7039045553145337
555 0.7033622559652929
556 0.7033622559652929
557 0.7033622559652929
558 0.702819956616052
559 0.702819956616052
560 0.7033622559652929
561 0.7033622559652929
562 0.7033622559652929
563 0.7049891540130152
564 0.7077006507592191
565 0.7077006507592191
566 0.7077006507592191
567 0.7077006507592191
568 0.7077006507592191
569 0.7082429501084598
570 0.7066160520607375
571 0.7060737527114967
572 0.7039045553145337
573 0.7044468546637744
574 0.7044468546637744
575 0.7044468546637744
576 0.7049891540130152
577 0.7044468546637744
578 0.7044468546637744
579 0.7049891540130152
580 0.7039045553145337
581 0.7039045553145337
582 0.7039045553145337
583 0.7039045553145337
584 0.702819956616052
585 0.702819956616052
586 0.7022776572668112
587 0.7022776572668112
588 0.7060737527114967
589 0.7060737527114967
590 0.7060737527114967
591 0.7060737527114967
592 0.7060737527114967
593 0.7077006507592191
594 0.7071583514099783
595 0.7071583514099783
596 0.7087852494577006
597 0.7082429501084598
598 0.7082429501084598
599 0.7082429501084598
600 0.7082429501084598
601 0.7093275488069414
602 0.7082429501084598
603 0.7071583514099783
604 0.7071583514099783
605 0.7077006507592191
606 0.7077006507592191
607 0.7077006507592191
608 0.7071583514099783
609 0.7077006507592191
610 0.7077006507592191
611 0.7077006507592191
612 0.7077006507592191
613 0.7093275488069414
614 0.7093275488069414
615 0.7098698481561823
616 0.7093275488069414
617 0.7087852494577006
618 0.7071583514099783
619 0.7071583514099783
620 0.7071583514099783
621 0.7060737527114967
622 0.7033622559652929
623 0.7017353579175705
624 0.7033622559652929
625 0.7039045553145337
626 0.7033622559652929
627 0.7033622559652929
628 0.7039045553145337
629 0.7044468546637744
630 0.7066160520607375
631 0.7049891540130152
632 0.705531453362256
633 0.705531453362256
634 0.7049891540130152
635 0.7049891540130152
636 0.7060737527114967
637 0.7066160520607375
638 0.705531453362256
639 0.7049891540130152
640 0.7049891540130152
641 0.7060737527114967
642 0.7109544468546638
643 0.7077006507592191
644 0.7077006507592191
645 0.7077006507592191
646 0.7077006507592191
647 0.7077006507592191
648 0.7082429501084598
649 0.7082429501084598
650 0.7093275488069414
651 0.7109544468546638
652 0.7109544468546638
653 0.710412147505423
654 0.710412147505423
655 0.7098698481561823
656 0.7098698481561823
657 0.7098698481561823
658 0.7098698481561823
659 0.7077006507592191
660 0.7077006507592191
661 0.7071583514099783
662 0.7066160520607375
663 0.7066160520607375
664 0.7066160520607375
665 0.7060737527114967
666 0.7066160520607375
667 0.7066160520607375
668 0.7071583514099783
669 0.7071583514099783
670 0.7071583514099783
671 0.7066160520607375
672 0.7060737527114967
673 0.7066160520607375
674 0.710412147505423
675 0.710412147505423
676 0.7120390455531453
677 0.7120390455531453
678 0.7114967462039046
679 0.7114967462039046
680 0.7120390455531453
681 0.7125813449023861
682 0.7131236442516269
683 0.71529284164859
684 0.7163774403470716
685 0.7169197396963124
686 0.7163774403470716
687 0.7136659436008677
688 0.7142082429501084
689 0.7136659436008677
690 0.7136659436008677
691 0.7136659436008677
692 0.7158351409978309
693 0.7158351409978309
694 0.7158351409978309
695 0.7131236442516269
696 0.7131236442516269
697 0.7136659436008677
698 0.7142082429501084
699 0.7147505422993492
700 0.71529284164859
701 0.71529284164859
702 0.71529284164859
703 0.71529284164859
704 0.71529284164859
705 0.7147505422993492
706 0.7147505422993492
707 0.7147505422993492
708 0.7147505422993492
709 0.7169197396963124
710 0.7174620390455532
711 0.7174620390455532
712 0.7174620390455532
713 0.7169197396963124
714 0.7174620390455532
715 0.7174620390455532
716 0.7174620390455532
717 0.7174620390455532
718 0.7180043383947939
719 0.7180043383947939
720 0.7180043383947939
721 0.7180043383947939
722 0.7190889370932755
723 0.7196312364425163
724 0.7190889370932755
725 0.7185466377440347
726 0.7180043383947939
727 0.7185466377440347
728 0.7185466377440347
729 0.7180043383947939
730 0.7180043383947939
731 0.7174620390455532
732 0.7190889370932755
733 0.7190889370932755
734 0.7190889370932755
735 0.7196312364425163
736 0.7196312364425163
737 0.720173535791757
738 0.7098698481561823
739 0.7098698481561823
740 0.7093275488069414
741 0.7093275488069414
742 0.7087852494577006
743 0.7087852494577006
744 0.7082429501084598
745 0.7082429501084598
746 0.7093275488069414
747 0.7087852494577006
748 0.710412147505423
749 0.710412147505423
750 0.7120390455531453
751 0.710412147505423
752 0.7098698481561823
753 0.7098698481561823
754 0.7098698481561823
755 0.7093275488069414
756 0.7098698481561823
757 0.7093275488069414
758 0.7098698481561823
759 0.7098698481561823
760 0.7093275488069414
761 0.7093275488069414
762 0.7087852494577006
763 0.7082429501084598
764 0.7087852494577006
765 0.7087852494577006
766 0.7098698481561823
767 0.7098698481561823
768 0.7109544468546638
769 0.7109544468546638
770 0.7120390455531453
771 0.7114967462039046
772 0.7120390455531453
773 0.7120390455531453
774 0.7125813449023861
775 0.7131236442516269
776 0.7131236442516269
777 0.7136659436008677
778 0.71529284164859
779 0.7142082429501084
780 0.7147505422993492
781 0.7147505422993492
782 0.71529284164859
783 0.7147505422993492
784 0.7147505422993492
785 0.71529284164859
786 0.71529284164859
787 0.71529284164859
788 0.71529284164859
789 0.71529284164859
790 0.7158351409978309
791 0.7158351409978309
792 0.7158351409978309
793 0.71529284164859
794 0.71529284164859
795 0.7147505422993492
796 0.71529284164859
797 0.7158351409978309
798 0.7147505422993492
799 0.71529284164859
800 0.7163774403470716
801 0.7169197396963124
802 0.7174620390455532
803 0.7185466377440347
804 0.7185466377440347
805 0.71529284164859
806 0.7147505422993492
807 0.7180043383947939
808 0.7180043383947939
809 0.7180043383947939
810 0.7180043383947939
811 0.7180043383947939
812 0.7185466377440347
813 0.7169197396963124
814 0.7163774403470716
815 0.7163774403470716
816 0.7174620390455532
817 0.7158351409978309
818 0.7174620390455532
819 0.7174620390455532
820 0.7174620390455532
821 0.7169197396963124
822 0.71529284164859
823 0.7158351409978309
824 0.7158351409978309
825 0.7163774403470716
826 0.7163774403470716
827 0.7147505422993492
828 0.71529284164859
829 0.7147505422993492
830 0.7142082429501084
831 0.7147505422993492
832 0.7147505422993492
833 0.7158351409978309
834 0.7163774403470716
835 0.7163774403470716
836 0.7163774403470716
837 0.7174620390455532
838 0.7169197396963124
839 0.7169197396963124
840 0.7174620390455532
841 0.7174620390455532
842 0.7163774403470716
843 0.7158351409978309
844 0.7158351409978309
845 0.7158351409978309
846 0.7163774403470716
847 0.7163774403470716
848 0.7163774403470716
849 0.71529284164859
850 0.7142082429501084
851 0.7142082429501084
852 0.7131236442516269
853 0.7142082429501084
854 0.7142082429501084
855 0.7142082429501084
856 0.7142082429501084
857 0.7142082429501084
858 0.7147505422993492
859 0.7147505422993492
860 0.7142082429501084
861 0.7158351409978309
862 0.7163774403470716
863 0.7163774403470716
864 0.7158351409978309
865 0.7158351409978309
866 0.7163774403470716
867 0.7158351409978309
868 0.7158351409978309
869 0.7158351409978309
870 0.7163774403470716
871 0.7163774403470716
872 0.7158351409978309
873 0.7158351409978309
874 0.7158351409978309
875 0.7158351409978309
876 0.7169197396963124
877 0.7163774403470716
878 0.7158351409978309
879 0.7163774403470716
880 0.7163774403470716
881 0.7163774403470716
882 0.7163774403470716
883 0.7169197396963124
884 0.7223427331887202
885 0.7207158351409978
886 0.7207158351409978
887 0.7207158351409978
888 0.720173535791757
889 0.720173535791757
890 0.7212581344902386
891 0.7212581344902386
892 0.7212581344902386
893 0.7223427331887202
894 0.7223427331887202
895 0.7245119305856833
896 0.7245119305856833
897 0.7212581344902386
898 0.7212581344902386
899 0.7212581344902386
900 0.7239696312364425
901 0.7239696312364425
902 0.7223427331887202
903 0.7218004338394793
904 0.720173535791757
905 0.720173535791757
906 0.7207158351409978
907 0.720173535791757
908 0.7190889370932755
909 0.7207158351409978
910 0.7190889370932755
911 0.7185466377440347
912 0.7196312364425163
913 0.7196312364425163
914 0.7190889370932755
915 0.7190889370932755
916 0.7174620390455532
917 0.7174620390455532
918 0.7174620390455532
919 0.7185466377440347
920 0.7158351409978309
921 0.7136659436008677
922 0.7120390455531453
923 0.7120390455531453
924 0.7114967462039046
925 0.7120390455531453
926 0.7120390455531453
927 0.7131236442516269
928 0.7131236442516269
929 0.7125813449023861
930 0.7131236442516269
931 0.7142082429501084
932 0.7136659436008677
933 0.7142082429501084
934 0.7125813449023861
935 0.7136659436008677
936 0.7136659436008677
937 0.7136659436008677
938 0.7147505422993492
939 0.7147505422993492
940 0.7142082429501084
941 0.7142082429501084
942 0.7163774403470716
943 0.7158351409978309
944 0.7163774403470716
945 0.7147505422993492
946 0.71529284164859
947 0.71529284164859
948 0.7147505422993492
949 0.7147505422993492
950 0.71529284164859
951 0.71529284164859
952 0.7147505422993492
953 0.7136659436008677
954 0.7136659436008677
955 0.7142082429501084
956 0.7142082429501084
957 0.7147505422993492
958 0.71529284164859
959 0.71529284164859
960 0.71529284164859
961 0.7169197396963124
962 0.7169197396963124
963 0.7174620390455532
964 0.7158351409978309
965 0.71529284164859
966 0.7142082429501084
967 0.7190889370932755
968 0.7185466377440347
969 0.7180043383947939
970 0.7174620390455532
971 0.7174620390455532
972 0.7185466377440347
973 0.7169197396963124
974 0.7169197396963124
975 0.71529284164859
976 0.71529284164859
977 0.7163774403470716
978 0.7163774403470716
979 0.7190889370932755
980 0.720173535791757
981 0.7196312364425163
982 0.7207158351409978
983 0.7190889370932755
984 0.7272234273318872
985 0.7272234273318872
986 0.7283080260303688
987 0.7283080260303688
988 0.7283080260303688
989 0.7283080260303688
990 0.7283080260303688
991 0.7288503253796096
992 0.7283080260303688
993 0.7283080260303688
994 0.7283080260303688
995 0.7277657266811279
996 0.7277657266811279
997 0.7277657266811279
998 0.7277657266811279
999 0.7272234273318872
1000 0.7250542299349241
1001 0.7250542299349241
1002 0.7245119305856833
1003 0.7239696312364425
1004 0.7239696312364425
1005 0.7239696312364425
1006 0.7245119305856833
1007 0.7234273318872018
1008 0.7234273318872018
1009 0.7239696312364425
1010 0.7239696312364425
1011 0.7250542299349241
1012 0.7245119305856833
1013 0.7250542299349241
1014 0.7239696312364425
1015 0.7245119305856833
1016 0.7239696312364425
1017 0.7261388286334056
1018 0.7255965292841648
1019 0.7250542299349241
1020 0.7261388286334056
1021 0.7250542299349241
1022 0.7250542299349241
1023 0.7261388286334056
1024 0.7250542299349241
1025 0.7250542299349241
1026 0.7261388286334056
1027 0.7283080260303688
1028 0.7283080260303688
1029 0.7277657266811279
1030 0.7277657266811279
1031 0.7277657266811279
1032 0.7277657266811279
1033 0.7283080260303688
1034 0.7277657266811279
1035 0.7261388286334056
1036 0.7261388286334056
1037 0.7255965292841648
1038 0.7255965292841648
1039 0.7255965292841648
1040 0.7266811279826464
1041 0.7272234273318872
1042 0.7272234273318872
1043 0.7266811279826464
1044 0.7223427331887202
1045 0.7207158351409978
1046 0.7207158351409978
1047 0.7207158351409978
1048 0.7207158351409978
1049 0.7212581344902386
1050 0.720173535791757
1051 0.720173535791757
1052 0.7196312364425163
1053 0.720173535791757
1054 0.720173535791757
1055 0.720173535791757
1056 0.7196312364425163
1057 0.7245119305856833
1058 0.7239696312364425
1059 0.7255965292841648
1060 0.7283080260303688
1061 0.7283080260303688
1062 0.7283080260303688
1063 0.7283080260303688
1064 0.7299349240780911
1065 0.7299349240780911
1066 0.7288503253796096
1067 0.7293926247288504
1068 0.7272234273318872
1069 0.7272234273318872
1070 0.7266811279826464
1071 0.7272234273318872
1072 0.7272234273318872
1073 0.7272234273318872
1074 0.7288503253796096
1075 0.7293926247288504
1076 0.7293926247288504
1077 0.7293926247288504
1078 0.7293926247288504
1079 0.7288503253796096
1080 0.7288503253796096
1081 0.7288503253796096
1082 0.7288503253796096
1083 0.7283080260303688
1084 0.7266811279826464
1085 0.7272234273318872
1086 0.7266811279826464
1087 0.7266811279826464
1088 0.7266811279826464
1089 0.7266811279826464
1090 0.7266811279826464
1091 0.7266811279826464
1092 0.7272234273318872
1093 0.7272234273318872
1094 0.7272234273318872
1095 0.7272234273318872
1096 0.7272234273318872
1097 0.7277657266811279
1098 0.7293926247288504
1099 0.7293926247288504
1100 0.7299349240780911
1101 0.7299349240780911
1102 0.7299349240780911
1103 0.7299349240780911
1104 0.7299349240780911
1105 0.7299349240780911
1106 0.7299349240780911
1107 0.7033622559652929
1108 0.7044468546637744
1109 0.7049891540130152
1110 0.702819956616052
1111 0.7017353579175705
1112 0.7017353579175705
1113 0.7017353579175705
1114 0.7001084598698482
1115 0.7006507592190889
1116 0.6984815618221258
1117 0.6979392624728851
1118 0.6990238611713666
1119 0.6979392624728851
1120 0.6984815618221258
1121 0.6979392624728851
1122 0.6979392624728851
1123 0.6984815618221258
1124 0.6990238611713666
1125 0.6995661605206074
1126 0.6995661605206074
1127 0.7006507592190889
1128 0.7001084598698482
1129 0.7001084598698482
1130 0.6990238611713666
1131 0.6979392624728851
1132 0.6979392624728851
1133 0.6979392624728851
1134 0.6990238611713666
1135 0.6990238611713666
1136 0.6990238611713666
1137 0.6995661605206074
1138 0.6995661605206074
1139 0.6957700650759219
1140 0.6957700650759219
1141 0.6979392624728851
1142 0.6984815618221258
1143 0.6984815618221258
1144 0.6957700650759219
1145 0.6936008676789588
1146 0.6941431670281996
1147 0.6952277657266811
1148 0.6963123644251626
1149 0.6963123644251626
1150 0.6968546637744034
1151 0.6952277657266811
1152 0.6952277657266811
1153 0.6963123644251626
1154 0.6963123644251626
1155 0.7033622559652929
1156 0.7044468546637744
1157 0.7001084598698482
1158 0.6995661605206074
1159 0.6990238611713666
1160 0.7006507592190889
1161 0.7006507592190889
1162 0.6979392624728851
1163 0.6979392624728851
1164 0.6979392624728851
1165 0.6990238611713666
1166 0.6990238611713666
1167 0.6995661605206074
1168 0.6995661605206074
1169 0.6995661605206074
1170 0.6995661605206074
1171 0.6973969631236443
1172 0.6968546637744034
1173 0.6973969631236443
1174 0.6973969631236443
1175 0.6979392624728851
1176 0.6984815618221258
1177 0.6984815618221258
1178 0.6979392624728851
1179 0.6973969631236443
1180 0.6952277657266811
1181 0.6984815618221258
1182 0.6968546637744034
1183 0.6973969631236443
1184 0.6973969631236443
1185 0.6936008676789588
1186 0.6952277657266811
1187 0.6984815618221258
1188 0.6984815618221258
1189 0.6984815618221258
1190 0.7044468546637744
1191 0.7044468546637744
1192 0.7044468546637744
1193 0.7066160520607375
1194 0.7087852494577006
1195 0.7093275488069414
1196 0.7093275488069414
1197 0.7093275488069414
1198 0.7066160520607375
1199 0.7060737527114967
1200 0.705531453362256
1201 0.7060737527114967
1202 0.705531453362256
1203 0.7066160520607375
1204 0.7066160520607375
1205 0.7077006507592191
1206 0.7066160520607375
1207 0.7077006507592191
1208 0.7082429501084598
1209 0.7082429501084598
1210 0.7077006507592191
1211 0.7071583514099783
1212 0.7071583514099783
1213 0.7071583514099783
1214 0.7071583514099783
1215 0.7077006507592191
1216 0.7066160520607375
1217 0.7066160520607375
1218 0.7060737527114967
1219 0.705531453362256
1220 0.705531453362256
1221 0.7049891540130152
1222 0.7077006507592191
1223 0.7049891540130152
1224 0.7039045553145337
1225 0.7044468546637744
1226 0.7044468546637744
1227 0.7033622559652929
1228 0.7060737527114967
1229 0.705531453362256
1230 0.710412147505423
1231 0.7120390455531453
1232 0.7066160520607375
1233 0.7066160520607375
1234 0.7071583514099783
1235 0.702819956616052
1236 0.7022776572668112
1237 0.7011930585683297
1238 0.7001084598698482
1239 0.6995661605206074
1240 0.6990238611713666
1241 0.6984815618221258
1242 0.6984815618221258
1243 0.6979392624728851
1244 0.6984815618221258
1245 0.6990238611713666
1246 0.6995661605206074
1247 0.6995661605206074
1248 0.7006507592190889
1249 0.7011930585683297
1250 0.7011930585683297
1251 0.7022776572668112
1252 0.7033622559652929
1253 0.7066160520607375
1254 0.7077006507592191
1255 0.7039045553145337
1256 0.7039045553145337
1257 0.7033622559652929
1258 0.7033622559652929
1259 0.7033622559652929
1260 0.7033622559652929
1261 0.7033622559652929
1262 0.7033622559652929
1263 0.702819956616052
1264 0.7022776572668112
1265 0.7017353579175705
1266 0.7017353579175705
1267 0.7011930585683297
1268 0.7017353579175705
1269 0.7017353579175705
1270 0.6990238611713666
1271 0.702819956616052
1272 0.7022776572668112
1273 0.7022776572668112
1274 0.7022776572668112
1275 0.7060737527114967
1276 0.7060737527114967
1277 0.7060737527114967
1278 0.7017353579175705
1279 0.7017353579175705
1280 0.7033622559652929
1281 0.702819956616052
1282 0.702819956616052
1283 0.7017353579175705
1284 0.7060737527114967
1285 0.7066160520607375
1286 0.7066160520607375
1287 0.7066160520607375
1288 0.7033622559652929
1289 0.702819956616052
1290 0.7011930585683297
1291 0.7022776572668112
1292 0.7017353579175705
1293 0.7044468546637744
1294 0.7044468546637744
1295 0.7044468546637744
1296 0.705531453362256
1297 0.705531453362256
1298 0.705531453362256
1299 0.7039045553145337
1300 0.702819956616052
1301 0.702819956616052
1302 0.7033622559652929
1303 0.7033622559652929
1304 0.7022776572668112
1305 0.7158351409978309
1306 0.7174620390455532
1307 0.7147505422993492
1308 0.7147505422993492
1309 0.7158351409978309
1310 0.7147505422993492
1311 0.7147505422993492
1312 0.7147505422993492
1313 0.7098698481561823
1314 0.7098698481561823
1315 0.7098698481561823
1316 0.7147505422993492
1317 0.71529284164859
1318 0.7142082429501084
1319 0.7163774403470716
1320 0.71529284164859
1321 0.7142082429501084
1322 0.7147505422993492
1323 0.7147505422993492
1324 0.7147505422993492
1325 0.71529284164859
1326 0.7131236442516269
1327 0.7169197396963124
1328 0.7169197396963124
1329 0.7180043383947939
1330 0.7185466377440347
1331 0.7190889370932755
1332 0.7180043383947939
1333 0.7180043383947939
1334 0.7180043383947939
1335 0.7142082429501084
1336 0.7136659436008677
1337 0.7142082429501084
1338 0.7136659436008677
1339 0.7136659436008677
1340 0.7142082429501084
1341 0.71529284164859
1342 0.7147505422993492
1343 0.7169197396963124
1344 0.7174620390455532
1345 0.7174620390455532
1346 0.7163774403470716
1347 0.7158351409978309
1348 0.7142082429501084
1349 0.7158351409978309
1350 0.7158351409978309
1351 0.7136659436008677
1352 0.7136659436008677
1353 0.71529284164859
1354 0.7147505422993492
1355 0.7142082429501084
1356 0.7131236442516269
1357 0.7136659436008677
1358 0.7125813449023861
1359 0.7131236442516269
1360 0.7147505422993492
1361 0.7109544468546638
1362 0.7120390455531453
1363 0.710412147505423
1364 0.7109544468546638
1365 0.710412147505423
1366 0.7098698481561823
1367 0.7098698481561823
1368 0.7098698481561823
1369 0.7098698481561823
1370 0.7098698481561823
1371 0.7109544468546638
1372 0.7093275488069414
1373 0.7066160520607375
1374 0.7071583514099783
1375 0.7077006507592191
1376 0.7071583514099783
1377 0.7071583514099783
1378 0.7066160520607375
1379 0.7066160520607375
1380 0.7071583514099783
1381 0.710412147505423
1382 0.710412147505423
1383 0.7098698481561823
1384 0.7098698481561823
1385 0.7114967462039046
1386 0.710412147505423
1387 0.710412147505423
1388 0.710412147505423
1389 0.7120390455531453
1390 0.7120390455531453
1391 0.7114967462039046
1392 0.7109544468546638
1393 0.7114967462039046
1394 0.7114967462039046
1395 0.7114967462039046
1396 0.7125813449023861
1397 0.7125813449023861
1398 0.7125813449023861
1399 0.7109544468546638
1400 0.7082429501084598
1401 0.7077006507592191
1402 0.7077006507592191
1403 0.7077006507592191
1404 0.7082429501084598
1405 0.7082429501084598
1406 0.7082429501084598
1407 0.7082429501084598
1408 0.7077006507592191
1409 0.7071583514099783
1410 0.7049891540130152
1411 0.7044468546637744
1412 0.705531453362256
1413 0.705531453362256
1414 0.7060737527114967
1415 0.7049891540130152
1416 0.705531453362256
1417 0.705531453362256
1418 0.705531453362256
1419 0.7039045553145337
1420 0.702819956616052
1421 0.7033622559652929
1422 0.7022776572668112
1423 0.7033622559652929
1424 0.7022776572668112
1425 0.7006507592190889
1426 0.7060737527114967
1427 0.7060737527114967
1428 0.7060737527114967
1429 0.7060737527114967
1430 0.7077006507592191
1431 0.7049891540130152
1432 0.705531453362256
1433 0.7039045553145337
1434 0.7039045553145337
1435 0.7039045553145337
1436 0.7039045553145337
1437 0.7033622559652929
1438 0.7033622559652929
1439 0.7044468546637744
1440 0.7044468546637744
1441 0.7060737527114967
1442 0.705531453362256
1443 0.705531453362256
1444 0.705531453362256
1445 0.705531453362256
1446 0.71529284164859
1447 0.71529284164859
1448 0.71529284164859
1449 0.71529284164859
1450 0.71529284164859
1451 0.7163774403470716
1452 0.71529284164859
1453 0.71529284164859
1454 0.7142082429501084
1455 0.7147505422993492
1456 0.71529284164859
1457 0.7147505422993492
1458 0.7142082429501084
1459 0.7142082429501084
1460 0.7142082429501084
1461 0.7131236442516269
1462 0.7131236442516269
1463 0.7125813449023861
1464 0.7114967462039046
1465 0.7131236442516269
1466 0.7136659436008677
1467 0.7136659436008677
1468 0.7142082429501084
1469 0.7142082429501084
1470 0.7142082429501084
1471 0.7136659436008677
1472 0.7142082429501084
1473 0.7147505422993492
1474 0.7147505422993492
1475 0.7255965292841648
1476 0.7261388286334056
1477 0.7261388286334056
1478 0.7266811279826464
1479 0.7266811279826464
1480 0.7266811279826464
1481 0.7266811279826464
1482 0.7261388286334056
1483 0.7266811279826464
1484 0.7266811279826464
1485 0.7272234273318872
1486 0.7272234273318872
1487 0.7272234273318872
1488 0.7272234273318872
1489 0.7272234273318872
1490 0.7272234273318872
1491 0.7272234273318872
1492 0.7272234273318872
1493 0.7272234273318872
1494 0.7272234273318872
1495 0.7272234273318872
1496 0.7272234273318872
1497 0.7277657266811279
1498 0.7272234273318872
1499 0.7277657266811279
1500 0.7277657266811279
1501 0.7272234273318872
1502 0.7266811279826464
1503 0.7266811279826464
1504 0.7277657266811279
1505 0.7283080260303688
1506 0.7261388286334056
1507 0.7266811279826464
1508 0.7266811279826464
1509 0.7261388286334056
1510 0.7272234273318872
1511 0.7255965292841648
1512 0.7261388286334056
1513 0.7255965292841648
1514 0.7255965292841648
1515 0.7261388286334056
1516 0.7261388286334056
1517 0.7261388286334056
1518 0.7266811279826464
1519 0.7255965292841648
1520 0.7255965292841648
1521 0.7255965292841648
1522 0.7266811279826464
1523 0.7261388286334056
1524 0.7261388286334056
1525 0.7261388286334056
1526 0.7261388286334056
1527 0.7272234273318872
1528 0.7266811279826464
1529 0.7266811279826464
1530 0.7272234273318872
1531 0.7266811279826464
1532 0.7266811279826464
1533 0.7272234273318872
1534 0.7255965292841648
1535 0.7255965292841648
1536 0.7250542299349241
1537 0.7250542299349241
1538 0.7250542299349241
1539 0.7250542299349241
1540 0.7250542299349241
1541 0.7255965292841648
1542 0.7255965292841648
1543 0.7239696312364425
1544 0.7266811279826464
1545 0.7261388286334056
1546 0.7261388286334056
1547 0.7261388286334056
1548 0.7261388286334056
1549 0.7245119305856833
1550 0.7250542299349241
1551 0.7250542299349241
1552 0.7255965292841648
1553 0.7255965292841648
1554 0.7266811279826464
1555 0.7266811279826464
1556 0.7266811279826464
1557 0.7266811279826464
1558 0.7272234273318872
1559 0.7272234273318872
1560 0.7255965292841648
1561 0.7255965292841648
1562 0.7255965292841648
1563 0.7255965292841648
1564 0.7255965292841648
1565 0.7255965292841648
1566 0.7255965292841648
1567 0.7255965292841648
1568 0.7255965292841648
1569 0.7255965292841648
1570 0.7255965292841648
1571 0.7255965292841648
1572 0.7255965292841648
1573 0.7255965292841648
1574 0.7245119305856833
1575 0.7239696312364425
1576 0.7250542299349241
1577 0.7250542299349241
1578 0.7250542299349241
1579 0.7255965292841648
1580 0.7255965292841648
1581 0.7250542299349241
1582 0.7250542299349241
1583 0.7250542299349241
1584 0.7250542299349241
1585 0.7250542299349241
1586 0.7250542299349241
1587 0.7250542299349241
1588 0.7250542299349241
1589 0.7250542299349241
1590 0.7250542299349241
1591 0.7250542299349241
1592 0.7250542299349241
1593 0.7250542299349241
1594 0.7272234273318872
1595 0.7272234273318872
1596 0.7266811279826464
1597 0.7255965292841648
1598 0.7147505422993492
1599 0.7147505422993492
1600 0.7163774403470716
1601 0.7169197396963124
1602 0.7180043383947939
1603 0.7180043383947939
1604 0.7169197396963124
1605 0.7169197396963124
1606 0.7185466377440347
1607 0.7190889370932755
1608 0.720173535791757
1609 0.7185466377440347
1610 0.7185466377440347
1611 0.7185466377440347
1612 0.7185466377440347
1613 0.7185466377440347
1614 0.7212581344902386
1615 0.720173535791757
1616 0.7185466377440347
1617 0.7185466377440347
1618 0.7185466377440347
1619 0.7196312364425163
1620 0.71529284164859
1621 0.7147505422993492
1622 0.7147505422993492
1623 0.7147505422993492
1624 0.7158351409978309
1625 0.7163774403470716
1626 0.7169197396963124
1627 0.7169197396963124
1628 0.7163774403470716
1629 0.7190889370932755
1630 0.720173535791757
1631 0.7207158351409978
1632 0.7196312364425163
1633 0.720173535791757
1634 0.720173535791757
1635 0.720173535791757
1636 0.7169197396963124
1637 0.7158351409978309
1638 0.7163774403470716
1639 0.7174620390455532
1640 0.7174620390455532
1641 0.7158351409978309
1642 0.7174620390455532
1643 0.7163774403470716
1644 0.7180043383947939
1645 0.7185466377440347
1646 0.7185466377440347
1647 0.7190889370932755
1648 0.7174620390455532
1649 0.7174620390455532
1650 0.7180043383947939
1651 0.720173535791757
1652 0.7190889370932755
1653 0.7190889370932755
1654 0.7185466377440347
1655 0.7190889370932755
1656 0.7196312364425163
1657 0.720173535791757
1658 0.7180043383947939
1659 0.7180043383947939
1660 0.7180043383947939
1661 0.7174620390455532
1662 0.7212581344902386
1663 0.7218004338394793
1664 0.7212581344902386
1665 0.7212581344902386
1666 0.7196312364425163
1667 0.7207158351409978
1668 0.7212581344902386
1669 0.7223427331887202
1670 0.7218004338394793
1671 0.7212581344902386
1672 0.7212581344902386
1673 0.7218004338394793
1674 0.7223427331887202
1675 0.7218004338394793
1676 0.7218004338394793
1677 0.7223427331887202
1678 0.7223427331887202
1679 0.7234273318872018
1680 0.722885032537961
1681 0.722885032537961
1682 0.7234273318872018
1683 0.722885032537961
1684 0.722885032537961
1685 0.7223427331887202
1686 0.7239696312364425
1687 0.7239696312364425
1688 0.720173535791757
1689 0.7218004338394793
1690 0.7218004338394793
1691 0.7223427331887202
1692 0.7223427331887202
1693 0.7218004338394793
1694 0.7218004338394793
1695 0.7218004338394793
1696 0.7218004338394793
1697 0.7218004338394793
1698 0.720173535791757
1699 0.720173535791757
1700 0.720173535791757
1701 0.7207158351409978
1702 0.7207158351409978
1703 0.7196312364425163
1704 0.720173535791757
1705 0.720173535791757
1706 0.720173535791757
1707 0.720173535791757
1708 0.7196312364425163
1709 0.7190889370932755
1710 0.7207158351409978
1711 0.7207158351409978
1712 0.7207158351409978
1713 0.7207158351409978
1714 0.7196312364425163
1715 0.7196312364425163
1716 0.7196312364425163
1717 0.7196312364425163
1718 0.720173535791757
1719 0.720173535791757
1720 0.7207158351409978
1721 0.7185466377440347
1722 0.7185466377440347
1723 0.7196312364425163
1724 0.7196312364425163
1725 0.720173535791757
1726 0.722885032537961
1727 0.722885032537961
1728 0.722885032537961
1729 0.722885032537961
1730 0.7223427331887202
1731 0.7223427331887202
1732 0.7212581344902386
1733 0.720173535791757
1734 0.7196312364425163
1735 0.7196312364425163
1736 0.7196312364425163
1737 0.7196312364425163
1738 0.7196312364425163
1739 0.7212581344902386
1740 0.7196312364425163
1741 0.7190889370932755
1742 0.7190889370932755
1743 0.7196312364425163
1744 0.720173535791757
1745 0.7212581344902386
1746 0.7212581344902386
1747 0.7212581344902386
1748 0.7212581344902386
1749 0.7212581344902386
1750 0.7196312364425163
1751 0.722885032537961
1752 0.722885032537961
1753 0.722885032537961
1754 0.7223427331887202
1755 0.7223427331887202
1756 0.722885032537961
1757 0.7234273318872018
1758 0.7223427331887202
1759 0.7223427331887202
1760 0.7223427331887202
1761 0.7212581344902386
1762 0.720173535791757
1763 0.720173535791757
1764 0.7207158351409978
1765 0.7207158351409978
1766 0.7207158351409978
1767 0.7207158351409978
1768 0.7207158351409978
1769 0.7212581344902386
1770 0.7212581344902386
1771 0.7223427331887202
1772 0.7223427331887202
1773 0.7223427331887202
1774 0.7223427331887202
1775 0.7218004338394793
1776 0.7223427331887202
1777 0.722885032537961
1778 0.722885032537961
1779 0.7223427331887202
1780 0.722885032537961
1781 0.722885032537961
1782 0.722885032537961
1783 0.7234273318872018
1784 0.722885032537961
1785 0.7218004338394793
1786 0.7212581344902386
1787 0.7207158351409978
1788 0.7207158351409978
1789 0.720173535791757
1790 0.720173535791757
1791 0.7218004338394793
1792 0.7212581344902386
1793 0.7212581344902386
1794 0.7212581344902386
1795 0.7212581344902386
1796 0.7207158351409978
1797 0.7196312364425163
1798 0.7196312364425163
1799 0.7196312364425163
1800 0.720173535791757
1801 0.7196312364425163
1802 0.7190889370932755
1803 0.7180043383947939
1804 0.7185466377440347
1805 0.7185466377440347
1806 0.7190889370932755
1807 0.7190889370932755
1808 0.7180043383947939
1809 0.7180043383947939
1810 0.7174620390455532
1811 0.7196312364425163
1812 0.7196312364425163
1813 0.7190889370932755
1814 0.7190889370932755
1815 0.7196312364425163
1816 0.7196312364425163
1817 0.7174620390455532
1818 0.7190889370932755
1819 0.7190889370932755
1820 0.7190889370932755
1821 0.7190889370932755
1822 0.7174620390455532
1823 0.7185466377440347
1824 0.720173535791757
1825 0.7196312364425163
1826 0.7196312364425163
1827 0.720173535791757
1828 0.7196312364425163
1829 0.7196312364425163
1830 0.7196312364425163
1831 0.7190889370932755
1832 0.7196312364425163
1833 0.7196312364425163
1834 0.7196312364425163
1835 0.720173535791757
1836 0.7196312364425163
1837 0.7190889370932755
1838 0.7190889370932755
1839 0.7190889370932755
1840 0.7190889370932755
1841 0.7190889370932755
1842 0.7190889370932755
1843 0.7190889370932755
1844 0.7245119305856833
1845 0.7245119305856833
1846 0.7245119305856833
1847 0.7272234273318872
1848 0.7266811279826464
1849 0.7261388286334056
1850 0.7261388286334056
1851 0.7261388286334056
1852 0.7255965292841648
1853 0.7245119305856833
1854 0.7255965292841648
1855 0.7255965292841648
1856 0.7255965292841648
1857 0.7255965292841648
1858 0.7266811279826464
1859 0.7261388286334056
1860 0.7261388286334056
1861 0.7261388286334056
1862 0.7261388286334056
1863 0.7255965292841648
1864 0.7239696312364425
1865 0.7255965292841648
1866 0.7255965292841648
1867 0.7250542299349241
1868 0.7250542299349241
1869 0.7250542299349241
1870 0.7250542299349241
1871 0.7245119305856833
1872 0.7245119305856833
1873 0.7245119305856833
1874 0.7245119305856833
1875 0.7245119305856833
1876 0.7261388286334056
1877 0.7261388286334056
1878 0.7261388286334056
1879 0.7261388286334056
1880 0.7255965292841648
1881 0.7255965292841648
1882 0.7255965292841648
1883 0.7255965292841648
1884 0.7255965292841648
1885 0.7250542299349241
1886 0.7245119305856833
1887 0.7245119305856833
1888 0.7245119305856833
1889 0.7250542299349241
1890 0.7245119305856833
1891 0.7245119305856833
1892 0.7266811279826464
1893 0.7266811279826464
1894 0.7255965292841648
1895 0.7255965292841648
1896 0.7250542299349241
1897 0.7245119305856833
1898 0.7255965292841648
1899 0.7250542299349241
1900 0.7245119305856833
1901 0.7250542299349241
1902 0.7245119305856833
1903 0.7250542299349241
1904 0.7250542299349241
1905 0.7250542299349241
1906 0.7245119305856833
1907 0.7245119305856833
1908 0.7239696312364425
1909 0.7239696312364425
1910 0.7239696312364425
1911 0.7239696312364425
1912 0.7239696312364425
1913 0.7239696312364425
1914 0.7239696312364425
1915 0.7239696312364425
1916 0.7239696312364425
1917 0.7218004338394793
1918 0.7218004338394793
1919 0.7218004338394793
1920 0.7218004338394793
1921 0.7218004338394793
1922 0.7218004338394793
1923 0.7223427331887202
1924 0.7223427331887202
1925 0.7223427331887202
1926 0.7223427331887202
1927 0.722885032537961
1928 0.722885032537961
1929 0.7223427331887202
1930 0.7234273318872018
1931 0.7234273318872018
1932 0.7234273318872018
1933 0.722885032537961
1934 0.722885032537961
1935 0.722885032537961
1936 0.722885032537961
1937 0.722885032537961
1938 0.722885032537961
1939 0.722885032537961
1940 0.7234273318872018
1941 0.7234273318872018
1942 0.722885032537961
1943 0.7234273318872018
1944 0.7239696312364425
1945 0.722885032537961
1946 0.7223427331887202
1947 0.7223427331887202
1948 0.7212581344902386
1949 0.7255965292841648
1950 0.7261388286334056
1951 0.720173535791757
1952 0.7190889370932755
1953 0.7212581344902386
1954 0.7207158351409978
1955 0.7218004338394793
1956 0.7207158351409978
1957 0.7207158351409978
1958 0.7212581344902386
1959 0.7212581344902386
1960 0.720173535791757
1961 0.7185466377440347
1962 0.7212581344902386
1963 0.7207158351409978
1964 0.7207158351409978
1965 0.7218004338394793
1966 0.7218004338394793
1967 0.7207158351409978
1968 0.720173535791757
1969 0.7196312364425163
1970 0.7190889370932755
1971 0.7190889370932755
1972 0.7190889370932755
1973 0.7190889370932755
1974 0.7196312364425163
1975 0.7196312364425163
1976 0.7190889370932755
1977 0.7190889370932755
1978 0.7190889370932755
1979 0.7190889370932755
1980 0.7190889370932755
1981 0.7180043383947939
1982 0.7180043383947939
1983 0.7180043383947939
1984 0.7180043383947939
1985 0.7180043383947939
1986 0.7180043383947939
1987 0.7180043383947939
1988 0.720173535791757
1989 0.7196312364425163
1990 0.7196312364425163
1991 0.7190889370932755
1992 0.7190889370932755
1993 0.7190889370932755
1994 0.7180043383947939
1995 0.7180043383947939
1996 0.7169197396963124
1997 0.7169197396963124
1998 0.7169197396963124
1999 0.7169197396963124
2000 0.7169197396963124
2001 0.7163774403470716
2002 0.7163774403470716
2003 0.7163774403470716
2004 0.7158351409978309
2005 0.7158351409978309
2006 0.7180043383947939
2007 0.7180043383947939
2008 0.7174620390455532
2009 0.7174620390455532
2010 0.7174620390455532
2011 0.7174620390455532
2012 0.7174620390455532
2013 0.7169197396963124
2014 0.7169197396963124
2015 0.7163774403470716
2016 0.7163774403470716
2017 0.7158351409978309
2018 0.7174620390455532
2019 0.7169197396963124
2020 0.7169197396963124
2021 0.7169197396963124
2022 0.7169197396963124
2023 0.7169197396963124
2024 0.7169197396963124
2025 0.7174620390455532
2026 0.7174620390455532
2027 0.7174620390455532
2028 0.7174620390455532
2029 0.7174620390455532
2030 0.7174620390455532
2031 0.7174620390455532
2032 0.7180043383947939
2033 0.7185466377440347
2034 0.7196312364425163
2035 0.7196312364425163
2036 0.7190889370932755
2037 0.7190889370932755
2038 0.7190889370932755
2039 0.7190889370932755
2040 0.7190889370932755
2041 0.7190889370932755
2042 0.7190889370932755
2043 0.7185466377440347
2044 0.7185466377440347
2045 0.7190889370932755
2046 0.720173535791757
2047 0.7207158351409978
2048 0.7207158351409978
2049 0.720173535791757
2050 0.7207158351409978
2051 0.7239696312364425
2052 0.7234273318872018
2053 0.7234273318872018
2054 0.7234273318872018
2055 0.7234273318872018
2056 0.7239696312364425
2057 0.7239696312364425
2058 0.7245119305856833
2059 0.7245119305856833
2060 0.7245119305856833
2061 0.7245119305856833
2062 0.7239696312364425
2063 0.7245119305856833
2064 0.7245119305856833
2065 0.7245119305856833
2066 0.7239696312364425
2067 0.7239696312364425
2068 0.7239696312364425
2069 0.7239696312364425
2070 0.7245119305856833
2071 0.7245119305856833
2072 0.7245119305856833
2073 0.7245119305856833
2074 0.7239696312364425
2075 0.7239696312364425
2076 0.7239696312364425
2077 0.7158351409978309
2078 0.7158351409978309
2079 0.7131236442516269
2080 0.720173535791757
2081 0.7163774403470716
2082 0.7163774403470716
2083 0.7169197396963124
2084 0.7169197396963124
2085 0.7180043383947939
2086 0.7190889370932755
2087 0.7174620390455532
2088 0.7180043383947939
2089 0.7185466377440347
2090 0.7239696312364425
2091 0.7218004338394793
2092 0.7218004338394793
2093 0.7218004338394793
2094 0.722885032537961
2095 0.7223427331887202
2096 0.7212581344902386
2097 0.7212581344902386
2098 0.722885032537961
2099 0.722885032537961
2100 0.7223427331887202
2101 0.7223427331887202
2102 0.7218004338394793
2103 0.7218004338394793
2104 0.7212581344902386
2105 0.7212581344902386
2106 0.7212581344902386
2107 0.7207158351409978
2108 0.7190889370932755
2109 0.7185466377440347
2110 0.720173535791757
2111 0.720173535791757
2112 0.720173535791757
2113 0.7218004338394793
2114 0.7196312364425163
2115 0.7196312364425163
2116 0.7212581344902386
2117 0.7218004338394793
2118 0.7212581344902386
2119 0.720173535791757
2120 0.7207158351409978
2121 0.7207158351409978
2122 0.7207158351409978
2123 0.7207158351409978
2124 0.7196312364425163
2125 0.720173535791757
2126 0.7212581344902386
2127 0.7196312364425163
2128 0.7196312364425163
2129 0.7207158351409978
2130 0.720173535791757
2131 0.7212581344902386
2132 0.7223427331887202
2133 0.7234273318872018
2134 0.7234273318872018
2135 0.7234273318872018
2136 0.7234273318872018
2137 0.722885032537961
2138 0.722885032537961
2139 0.7234273318872018
2140 0.722885032537961
2141 0.7218004338394793
2142 0.7207158351409978
2143 0.7207158351409978
2144 0.7207158351409978
2145 0.7207158351409978
2146 0.7218004338394793
2147 0.7218004338394793
2148 0.7190889370932755
2149 0.7142082429501084
2150 0.7147505422993492
2151 0.7174620390455532
2152 0.7250542299349241
2153 0.722885032537961
2154 0.7234273318872018
2155 0.7234273318872018
2156 0.7245119305856833
2157 0.7239696312364425
2158 0.722885032537961
2159 0.7245119305856833
2160 0.7234273318872018
2161 0.7239696312364425
2162 0.722885032537961
2163 0.722885032537961
2164 0.7218004338394793
2165 0.722885032537961
2166 0.7234273318872018
2167 0.7234273318872018
2168 0.7223427331887202
2169 0.722885032537961
2170 0.722885032537961
2171 0.7218004338394793
2172 0.7180043383947939
2173 0.7174620390455532
2174 0.7180043383947939
2175 0.7169197396963124
2176 0.7180043383947939
2177 0.7180043383947939
2178 0.7207158351409978
2179 0.7212581344902386
2180 0.720173535791757
2181 0.7196312364425163
2182 0.71529284164859
2183 0.7180043383947939
2184 0.7190889370932755
2185 0.722885032537961
2186 0.7218004338394793
2187 0.7207158351409978
2188 0.7207158351409978
2189 0.7185466377440347
2190 0.7196312364425163
2191 0.7196312364425163
2192 0.7190889370932755
2193 0.7185466377440347
2194 0.7196312364425163
2195 0.7196312364425163
2196 0.7196312364425163
2197 0.7190889370932755
2198 0.7234273318872018
2199 0.7255965292841648
2200 0.7255965292841648
2201 0.7250542299349241
2202 0.722885032537961
2203 0.7223427331887202
2204 0.7218004338394793
2205 0.7218004338394793
2206 0.7190889370932755
2207 0.7223427331887202
2208 0.720173535791757
2209 0.7218004338394793
2210 0.7207158351409978
2211 0.7207158351409978
2212 0.7169197396963124
2213 0.7196312364425163
2214 0.7196312364425163
2215 0.7185466377440347
2216 0.7185466377440347
2217 0.7180043383947939
2218 0.7190889370932755
2219 0.7218004338394793
2220 0.7207158351409978
2221 0.7207158351409978
2222 0.720173535791757
2223 0.7207158351409978
2224 0.7207158351409978
2225 0.7207158351409978
2226 0.7218004338394793
2227 0.7223427331887202
2228 0.722885032537961
2229 0.722885032537961
2230 0.7190889370932755
2231 0.7190889370932755
2232 0.7185466377440347
2233 0.7185466377440347
2234 0.7190889370932755
2235 0.7196312364425163
2236 0.7196312364425163
2237 0.7180043383947939
2238 0.7185466377440347
2239 0.7185466377440347
2240 0.7180043383947939
2241 0.7180043383947939
2242 0.7180043383947939
2243 0.720173535791757
2244 0.7245119305856833
2245 0.7239696312364425
2246 0.7239696312364425
2247 0.7245119305856833
2248 0.7255965292841648
2249 0.7239696312364425
2250 0.7245119305856833
2251 0.7255965292841648
2252 0.7266811279826464
2253 0.7255965292841648
2254 0.7261388286334056
2255 0.7218004338394793
2256 0.7234273318872018
2257 0.7277657266811279
2258 0.7272234273318872
2259 0.7272234273318872
2260 0.7250542299349241
2261 0.7250542299349241
2262 0.7272234273318872
2263 0.7266811279826464
2264 0.7266811279826464
2265 0.7266811279826464
2266 0.7266811279826464
2267 0.7266811279826464
2268 0.7266811279826464
2269 0.7277657266811279
2270 0.7272234273318872
2271 0.7266811279826464
2272 0.7266811279826464
2273 0.7239696312364425
2274 0.7239696312364425
2275 0.7239696312364425
2276 0.7239696312364425
2277 0.7239696312364425
2278 0.7250542299349241
2279 0.7250542299349241
2280 0.7245119305856833
2281 0.7277657266811279
2282 0.7277657266811279
2283 0.7288503253796096
2284 0.7283080260303688
2285 0.7277657266811279
2286 0.7261388286334056
2287 0.7261388286334056
2288 0.7261388286334056
2289 0.7261388286334056
2290 0.7250542299349241
2291 0.7245119305856833
2292 0.7277657266811279
2293 0.7277657266811279
2294 0.7288503253796096
2295 0.7293926247288504
2296 0.7293926247288504
2297 0.7293926247288504
2298 0.7277657266811279
2299 0.7272234273318872
2300 0.7261388286334056
2301 0.7266811279826464
2302 0.7272234273318872
2303 0.7277657266811279
2304 0.7261388286334056
2305 0.7266811279826464
2306 0.7266811279826464
2307 0.7255965292841648
2308 0.7255965292841648
2309 0.7245119305856833
2310 0.7245119305856833
2311 0.7234273318872018
2312 0.7239696312364425
2313 0.7234273318872018
2314 0.7223427331887202
2315 0.7245119305856833
2316 0.7315618221258134
2317 0.7321041214750542
2318 0.7299349240780911
2319 0.7288503253796096
2320 0.7250542299349241
2321 0.7245119305856833
2322 0.7245119305856833
2323 0.7245119305856833
2324 0.7245119305856833
2325 0.7250542299349241
2326 0.7250542299349241
2327 0.7266811279826464
2328 0.7293926247288504
2329 0.7277657266811279
2330 0.7255965292841648
2331 0.7266811279826464
2332 0.7266811279826464
2333 0.7277657266811279
2334 0.7245119305856833
2335 0.7272234273318872
2336 0.7342733188720173
2337 0.7342733188720173
2338 0.7342733188720173
2339 0.7321041214750542
2340 0.7321041214750542
2341 0.7315618221258134
2342 0.7315618221258134
2343 0.732646420824295
2344 0.7315618221258134
2345 0.7315618221258134
2346 0.7321041214750542
2347 0.7315618221258134
2348 0.7315618221258134
2349 0.7315618221258134
2350 0.7321041214750542
2351 0.7293926247288504
2352 0.7293926247288504
2353 0.7293926247288504
2354 0.7304772234273319
2355 0.7304772234273319
2356 0.7304772234273319
2357 0.7299349240780911
2358 0.7293926247288504
2359 0.7288503253796096
2360 0.7293926247288504
2361 0.7288503253796096
2362 0.7288503253796096
2363 0.7288503253796096
2364 0.7288503253796096
2365 0.7288503253796096
2366 0.7288503253796096
2367 0.7277657266811279
2368 0.7277657266811279
2369 0.7277657266811279
2370 0.7277657266811279
2371 0.7277657266811279
2372 0.7277657266811279
2373 0.7277657266811279
2374 0.7277657266811279
2375 0.7272234273318872
2376 0.7261388286334056
2377 0.7288503253796096
2378 0.7288503253796096
2379 0.7293926247288504
2380 0.7293926247288504
2381 0.7293926247288504
2382 0.7299349240780911
2383 0.7299349240780911
2384 0.7299349240780911
2385 0.7293926247288504
2386 0.7310195227765727
2387 0.7315618221258134
2388 0.7299349240780911
2389 0.7223427331887202
2390 0.7255965292841648
2391 0.7299349240780911
2392 0.7223427331887202
2393 0.7288503253796096
2394 0.7283080260303688
2395 0.7299349240780911
2396 0.7299349240780911
2397 0.7304772234273319
2398 0.7304772234273319
2399 0.7315618221258134
2400 0.7310195227765727
2401 0.7310195227765727
2402 0.7293926247288504
2403 0.7304772234273319
2404 0.7293926247288504
2405 0.7304772234273319
2406 0.7310195227765727
2407 0.7299349240780911
2408 0.7304772234273319
2409 0.7293926247288504
2410 0.7293926247288504
2411 0.7288503253796096
2412 0.7288503253796096
2413 0.7293926247288504
2414 0.7293926247288504
2415 0.7288503253796096
2416 0.7288503253796096
2417 0.7283080260303688
2418 0.7288503253796096
2419 0.7293926247288504
2420 0.7299349240780911
2421 0.7293926247288504
2422 0.7288503253796096
2423 0.7299349240780911
2424 0.7299349240780911
2425 0.7310195227765727
2426 0.7304772234273319
2427 0.7310195227765727
2428 0.7304772234273319
2429 0.7315618221258134
2430 0.7310195227765727
2431 0.7310195227765727
2432 0.7310195227765727
2433 0.7299349240780911
2434 0.7304772234273319
2435 0.7299349240780911
2436 0.7304772234273319
2437 0.7304772234273319
2438 0.7304772234273319
2439 0.7283080260303688
2440 0.7299349240780911
2441 0.7315618221258134
2442 0.7304772234273319
2443 0.7315618221258134
2444 0.7288503253796096
2445 0.7283080260303688
2446 0.7272234273318872
2447 0.7272234273318872
2448 0.7272234273318872
2449 0.7369848156182213
2450 0.7364425162689805
2451 0.7364425162689805
2452 0.7321041214750542
2453 0.7342733188720173
2454 0.7337310195227765
2455 0.7321041214750542
2456 0.7331887201735358
2457 0.7331887201735358
2458 0.7310195227765727
