0 0.1615910530090332
1 0.08268213272094727
2 0.12384462356567383
3 0.06733107566833496
4 0.19969701766967773
5 0.09258651733398438
6 0.10866475105285645
7 0.09195876121520996
8 0.08128881454467773
9 0.11829829216003418
10 0.11265897750854492
11 0.11935281753540039
12 0.08887195587158203
13 0.13077187538146973
14 0.10190129280090332
15 0.09657835960388184
16 0.2802619934082031
17 0.08382701873779297
18 0.09008169174194336
19 0.06621479988098145
20 0.07706212997436523
21 0.1261148452758789
22 0.10510969161987305
23 0.08832883834838867
24 0.07561707496643066
25 0.30454254150390625
26 0.10856389999389648
27 0.1108696460723877
28 0.08684349060058594
29 0.0917518138885498
30 0.11819624900817871
31 0.10738635063171387
32 0.09866070747375488
33 0.10978341102600098
34 0.09880542755126953
35 0.10513043403625488
36 0.09380316734313965
37 0.09550213813781738
38 0.0807950496673584
39 0.10626745223999023
40 0.09369039535522461
41 0.1234588623046875
42 0.12639355659484863
43 0.0739891529083252
44 0.061251163482666016
45 0.09454178810119629
46 0.09168267250061035
47 0.0824289321899414
48 0.28727030754089355
49 0.10552334785461426
50 0.08765316009521484
51 0.27550387382507324
52 0.1273026466369629
53 0.0544431209564209
54 0.10128521919250488
55 0.4101083278656006
56 0.04147982597351074
57 0.10417485237121582
58 0.12340188026428223
59 0.0736989974975586
60 0.09777545928955078
61 0.10915946960449219
62 0.09349703788757324
63 0.09865331649780273
64 0.08604717254638672
65 0.06230783462524414
66 0.09597516059875488
67 0.10546183586120605
68 0.10303759574890137
69 0.0826559066772461
70 0.0841817855834961
71 0.10276198387145996
72 0.2814807891845703
73 0.07311797142028809
74 0.06643199920654297
75 0.09879422187805176
76 0.046242475509643555
77 0.11095643043518066
78 0.09571480751037598
79 0.08829617500305176
80 0.07710862159729004
81 0.08960509300231934
82 0.0883173942565918
83 0.2990875244140625
84 0.12760162353515625
85 0.10542154312133789
86 0.10664081573486328
87 0.09559011459350586
88 0.12509894371032715
89 0.2003185749053955
90 0.09825921058654785
91 0.05659031867980957
92 0.08641219139099121
93 0.07792043685913086
94 0.10203361511230469
95 0.09548282623291016
96 0.10141468048095703
97 0.11115407943725586
98 0.10723686218261719
99 0.26987242698669434
100 0.09890294075012207
101 0.06844592094421387
102 0.09167695045471191
103 0.10741925239562988
104 0.08786630630493164
105 0.08829140663146973
106 0.09329509735107422
107 0.10341453552246094
108 0.09815335273742676
109 0.11152148246765137
110 0.07601594924926758
111 0.11972665786743164
112 0.1267399787902832
113 0.046135902404785156
114 0.09012460708618164
115 0.1302177906036377
116 0.10489392280578613
117 0.07652783393859863
118 0.09767341613769531
119 0.08016753196716309
120 0.11519837379455566
121 0.12038254737854004
122 0.08704185485839844
123 0.09043431282043457
124 0.11118125915527344
125 0.14895033836364746
126 0.09572601318359375
127 0.10776567459106445
128 0.11768555641174316
129 0.06380033493041992
130 0.1171119213104248
131 0.11411499977111816
132 0.07387614250183105
133 0.12147402763366699
134 0.055242061614990234
135 0.28282594680786133
136 0.10098695755004883
137 0.09849381446838379
138 0.12270164489746094
139 0.06641387939453125
140 0.06731104850769043
141 0.12362790107727051
142 0.08875417709350586
143 0.12058281898498535
144 0.10612249374389648
145 0.10696244239807129
146 0.13312029838562012
147 0.04953289031982422
148 0.07999539375305176
149 0.1016530990600586
150 0.09284448623657227
151 0.14504623413085938
152 0.23759746551513672
153 0.07705330848693848
154 0.1136925220489502
155 0.09529757499694824
156 0.10703015327453613
157 0.1135244369506836
158 0.08650970458984375
159 0.07232093811035156
160 0.2574794292449951
161 0.10921621322631836
162 0.08231210708618164
163 0.3219759464263916
164 0.2851221561431885
165 0.13064122200012207
166 0.0960235595703125
167 0.08681297302246094
168 0.09966874122619629
169 0.11042261123657227
170 0.08435201644897461
171 0.06430935859680176
172 0.10556173324584961
173 0.11440587043762207
174 0.12857866287231445
175 0.0715179443359375
176 0.10721135139465332
177 0.10358262062072754
178 0.09262895584106445
179 0.05657839775085449
180 0.07730245590209961
181 0.09276580810546875
182 0.09116935729980469
183 0.09706449508666992
184 0.07943916320800781
185 0.10044693946838379
186 0.08259248733520508
187 0.07674288749694824
188 0.07645153999328613
189 0.08170056343078613
190 0.09320783615112305
191 0.09449648857116699
192 0.16670632362365723
193 0.25302934646606445
194 0.10913896560668945
195 0.0780637264251709
196 0.10535788536071777
197 0.09211850166320801
198 0.0537264347076416
199 0.11201238632202148
200 0.09307503700256348
201 0.03738999366760254
202 0.09944844245910645
203 0.10748457908630371
204 0.15239715576171875
205 0.10511946678161621
206 0.07807040214538574
207 0.13307881355285645
208 0.08936095237731934
209 0.048250436782836914
210 0.09962654113769531
211 0.09529709815979004
212 0.10388517379760742
213 0.08333110809326172
214 0.08165669441223145
215 0.09266114234924316
216 0.29436159133911133
217 0.11838555335998535
218 0.10993170738220215
219 0.27680349349975586
220 0.07370972633361816
221 0.10744357109069824
222 0.08031249046325684
223 0.1054384708404541
224 0.2877919673919678
225 0.1168675422668457
226 0.11270380020141602
227 0.09263873100280762
228 0.07922697067260742
229 0.10795164108276367
230 0.08250308036804199
231 0.11248922348022461
232 0.10790276527404785
233 0.03137564659118652
234 0.12068963050842285
235 0.09712505340576172
236 0.10209894180297852
237 0.10338282585144043
238 0.2795093059539795
239 0.08240914344787598
240 0.10727238655090332
241 0.08520770072937012
242 0.11017203330993652
243 0.10580706596374512
244 0.11088728904724121
245 0.11645150184631348
246 0.05869293212890625
247 0.2817049026489258
248 0.2417001724243164
249 0.2694849967956543
250 0.10245871543884277
251 0.12810087203979492
252 0.11754560470581055
253 0.08969330787658691
254 0.2646362781524658
255 0.11569356918334961
256 0.10335326194763184
257 0.10753059387207031
258 0.2939789295196533
259 0.10693097114562988
260 0.08195352554321289
261 0.11256194114685059
262 0.09201192855834961
263 0.10492539405822754
264 0.11334681510925293
265 0.10201263427734375
266 0.0811007022857666
267 0.11575579643249512
268 0.12851452827453613
269 0.1046135425567627
270 0.09017395973205566
271 0.27166271209716797
272 0.04945659637451172
273 0.11854314804077148
274 0.09795022010803223
275 0.10718345642089844
276 0.12169718742370605
277 0.0916745662689209
278 0.10467672348022461
279 0.019584178924560547
280 0.12057304382324219
281 0.11126899719238281
282 0.11523103713989258
283 0.06550312042236328
284 0.20675945281982422
285 0.08030509948730469
286 0.051291465759277344
287 0.09833359718322754
288 0.27965378761291504
289 0.0594325065612793
290 0.10556745529174805
291 0.2594304084777832
292 0.07131052017211914
293 0.10411477088928223
294 0.16330933570861816
295 0.11996722221374512
296 0.10563421249389648
297 0.2731175422668457
298 0.0834345817565918
299 0.07296395301818848
300 0.11429405212402344
301 0.08962249755859375
302 0.09624385833740234
303 0.1677684783935547
304 0.08959650993347168
305 0.07784247398376465
306 0.12122106552124023
307 0.07049894332885742
308 0.10324907302856445
309 0.0689384937286377
310 0.08999395370483398
311 0.1037759780883789
312 0.08193469047546387
313 0.07995867729187012
314 0.12599635124206543
315 0.10192298889160156
316 0.16908955574035645
317 0.1139686107635498
318 0.0954732894897461
319 0.09275364875793457
320 0.08425331115722656
321 0.08312129974365234
322 0.11558747291564941
323 0.09885597229003906
324 0.1156303882598877
325 0.06662678718566895
326 0.08822369575500488
327 0.07880735397338867
328 0.1124277114868164
329 0.29607725143432617
330 0.08490633964538574
331 0.27498340606689453
332 0.08284831047058105
333 0.10164618492126465
334 0.08763504028320312
335 0.1217803955078125
336 0.11141037940979004
337 0.270585298538208
338 0.10684537887573242
339 0.14760971069335938
340 0.09000945091247559
341 0.06676650047302246
342 0.06591057777404785
343 0.1088559627532959
344 0.12154436111450195
345 0.1012580394744873
346 0.09785223007202148
347 0.04747962951660156
348 0.09572911262512207
349 0.10333609580993652
350 0.12546443939208984
351 0.13728737831115723
352 0.11097431182861328
353 0.11917901039123535
354 0.09405803680419922
355 0.08787703514099121
356 0.25759005546569824
357 0.0750730037689209
358 0.08874773979187012
359 0.09285736083984375
360 0.11379289627075195
361 0.13216185569763184
362 0.10428738594055176
363 0.11467266082763672
364 0.10905575752258301
365 0.10291409492492676
366 0.0981442928314209
367 0.28781867027282715
368 0.09542036056518555
369 0.07574820518493652
370 0.13132405281066895
371 0.12651944160461426
372 0.2712435722351074
373 0.07473111152648926
374 0.0923926830291748
375 0.2758352756500244
376 0.10619831085205078
377 0.09465599060058594
378 0.06260108947753906
379 0.2772996425628662
380 0.1073751449584961
381 0.09116291999816895
382 0.08604884147644043
383 0.08690094947814941
384 0.1156926155090332
385 0.09228086471557617
386 0.0997929573059082
387 0.09178781509399414
388 0.10094785690307617
389 0.08199000358581543
390 0.08771729469299316
391 0.11007452011108398
392 0.1195530891418457
393 0.060959815979003906
394 0.07500672340393066
395 0.23150897026062012
396 0.1806812286376953
397 0.07238936424255371
398 0.10049676895141602
399 0.1046895980834961
400 0.10759210586547852
401 0.08976960182189941
402 0.08586931228637695
403 0.07572817802429199
404 0.09959197044372559
405 0.10507941246032715
406 0.0865478515625
407 0.07433295249938965
408 0.10817170143127441
409 0.09354329109191895
410 0.11163473129272461
411 0.09921431541442871
412 0.11766672134399414
413 0.0886986255645752
414 0.1015784740447998
415 0.09637975692749023
416 0.0860743522644043
417 0.11626005172729492
418 0.069610595703125
419 0.10403060913085938
420 0.16543221473693848
421 0.1106879711151123
422 0.0936746597290039
423 0.09711599349975586
424 0.2897045612335205
425 0.04075217247009277
426 0.07631683349609375
427 0.11511445045471191
428 0.10181736946105957
429 0.12149357795715332
430 0.09954309463500977
431 0.07263731956481934
432 0.11393284797668457
433 0.07882499694824219
434 0.12023639678955078
435 0.09233260154724121
436 0.08492493629455566
437 0.16322970390319824
438 0.11589670181274414
439 0.08711099624633789
440 0.1771855354309082
441 0.10290384292602539
442 0.1025853157043457
443 0.1314249038696289
444 0.1030275821685791
445 0.11631631851196289
446 0.09766721725463867
447 0.2893373966217041
448 0.0983879566192627
449 0.08688783645629883
450 0.1002354621887207
451 0.10432958602905273
452 0.10889935493469238
453 0.08116793632507324
454 0.0726466178894043
455 0.09087872505187988
456 0.09656977653503418
457 0.09979939460754395
458 0.12042927742004395
459 0.10137653350830078
460 0.08753347396850586
461 0.25410985946655273
462 0.0984201431274414
463 0.10918617248535156
464 0.11162710189819336
465 0.10842370986938477
466 0.08110737800598145
467 0.09449005126953125
468 0.29299306869506836
469 0.11208510398864746
470 0.09298491477966309
471 0.0796511173248291
472 0.09285521507263184
473 0.10505795478820801
474 0.10401058197021484
475 0.2666487693786621
476 0.19975924491882324
477 0.10151791572570801
478 0.07427620887756348
479 0.08411026000976562
480 0.07750773429870605
481 0.0873098373413086
482 0.11150813102722168
483 0.06487703323364258
484 0.08415842056274414
485 0.11328768730163574
486 0.09695768356323242
487 0.12451672554016113
488 0.10781574249267578
489 0.1841444969177246
490 0.12222957611083984
491 0.06071662902832031
492 0.15896320343017578
493 0.10436248779296875
494 0.0726163387298584
495 0.10465407371520996
496 0.10298609733581543
497 0.10160541534423828
498 0.09049677848815918
499 0.1314547061920166
500 0.0730741024017334
501 0.08481097221374512
502 0.05529952049255371
503 0.10712170600891113
504 0.09785604476928711
505 0.11547613143920898
506 0.09287643432617188
507 0.058425188064575195
508 0.10747551918029785
509 0.11847925186157227
510 0.10390067100524902
511 0.12722182273864746
512 0.11471152305603027
513 0.09814238548278809
514 0.1274709701538086
515 0.05384325981140137
516 0.09650897979736328
517 0.10190176963806152
518 0.04733443260192871
519 0.11173081398010254
520 0.12483906745910645
521 0.11786460876464844
522 0.10299181938171387
523 0.1121211051940918
524 0.0709390640258789
525 0.1165163516998291
526 0.11275815963745117
527 0.07295846939086914
528 0.10441207885742188
529 0.1046748161315918
530 0.10903382301330566
531 0.08874654769897461
532 0.11489272117614746
533 0.10414481163024902
534 0.27500152587890625
535 0.10282492637634277
536 0.39277172088623047
537 0.05679726600646973
538 0.08952689170837402
539 0.12787389755249023
540 0.28899574279785156
541 0.09297537803649902
542 0.0624384880065918
543 0.10404849052429199
544 0.09710907936096191
545 0.1038508415222168
546 0.09991598129272461
547 0.11225485801696777
548 0.09517788887023926
549 0.11664485931396484
550 0.09047651290893555
551 0.030155181884765625
552 0.07633495330810547
553 0.0941312313079834
554 0.1206960678100586
555 0.06431031227111816
556 0.1100924015045166
557 0.11701798439025879
558 0.06759190559387207
559 0.07803893089294434
560 0.05200505256652832
561 0.06785058975219727
562 0.12722063064575195
563 0.08597803115844727
564 0.18316292762756348
565 0.2499852180480957
566 0.1028444766998291
567 0.12729191780090332
568 0.12172102928161621
569 0.30396127700805664
570 0.11864233016967773
571 0.09298539161682129
572 0.16018939018249512
573 0.0982816219329834
574 0.07223010063171387
575 0.10767436027526855
576 0.0846409797668457
577 0.0979452133178711
578 0.08572530746459961
579 0.1175844669342041
580 0.2661435604095459
581 0.14432835578918457
582 0.28288888931274414
583 0.09412002563476562
584 0.07738232612609863
585 0.06151580810546875
586 0.12994885444641113
587 0.15056514739990234
588 0.08986043930053711
589 0.09826040267944336
590 0.08085751533508301
591 0.08369255065917969
592 0.10726308822631836
593 0.11465024948120117
594 0.09423327445983887
595 0.08774065971374512
596 0.20223665237426758
597 0.12909936904907227
598 0.0982968807220459
599 0.10116934776306152
600 0.08337569236755371
601 0.10930490493774414
602 0.09587502479553223
603 0.09353017807006836
604 0.11159396171569824
605 0.09428668022155762
606 0.11062741279602051
607 0.1850132942199707
608 0.12201809883117676
609 0.10167503356933594
610 0.12721848487854004
611 0.12598824501037598
612 0.2814018726348877
613 0.08175444602966309
614 0.11097908020019531
615 0.11494684219360352
616 0.10826659202575684
617 0.16861462593078613
618 0.28023815155029297
619 0.10804533958435059
620 0.08461880683898926
621 0.05937957763671875
622 0.10059022903442383
623 0.07114934921264648
624 0.25852012634277344
625 0.09590840339660645
626 0.10239100456237793
627 0.11290526390075684
628 0.10835981369018555
629 0.11294770240783691
630 0.06913590431213379
631 0.16156530380249023
632 0.3924283981323242
633 0.14765715599060059
634 0.1430060863494873
635 0.24657058715820312
636 0.09591174125671387
637 0.22403240203857422
638 0.1063997745513916
639 0.07184576988220215
640 0.14724969863891602
641 0.11765050888061523
642 0.1261739730834961
643 0.3101825714111328
644 0.12872791290283203
645 0.12058329582214355
646 0.10541653633117676
647 0.14860916137695312
648 0.07904815673828125
649 0.09676003456115723
650 0.1039419174194336
651 0.08999276161193848
652 0.09193062782287598
653 0.06725025177001953
654 0.10797595977783203
655 0.05730009078979492
656 0.08465027809143066
657 0.29921913146972656
658 0.1140449047088623
659 0.12353372573852539
660 0.11669707298278809
661 0.10196399688720703
662 0.09821105003356934
663 0.1151275634765625
664 0.09346723556518555
665 0.12331390380859375
666 0.14274144172668457
667 0.08040332794189453
668 0.11632585525512695
669 0.12513041496276855
670 0.10570883750915527
671 0.057007551193237305
672 0.31029367446899414
673 0.08840155601501465
674 0.09968042373657227
675 0.13641977310180664
676 0.09311676025390625
677 0.09794306755065918
678 0.1317768096923828
679 0.1416165828704834
680 0.11287331581115723
681 0.09084653854370117
682 0.10216569900512695
683 0.11935997009277344
684 0.11463189125061035
685 0.10134148597717285
686 0.28464746475219727
687 0.08370518684387207
688 0.11782002449035645
689 0.11643481254577637
690 0.16971135139465332
691 0.10875844955444336
692 0.09877276420593262
693 0.08588337898254395
694 0.11638116836547852
695 0.1357874870300293
696 0.10804510116577148
697 0.11565017700195312
698 0.11055898666381836
699 0.08400607109069824
700 0.09968781471252441
701 0.13288402557373047
702 0.2868039608001709
703 0.12203502655029297
704 0.03203272819519043
705 0.06699371337890625
706 0.10140466690063477
707 0.09141349792480469
708 0.09462547302246094
709 0.12049460411071777
710 0.09808468818664551
711 0.2645986080169678
712 0.08781909942626953
713 0.09745121002197266
714 0.11110925674438477
715 0.046355247497558594
716 0.1163489818572998
717 0.12257790565490723
718 0.27796459197998047
719 0.08751201629638672
720 0.1375105381011963
721 0.07819581031799316
722 0.29648566246032715
723 0.11163806915283203
724 0.20125746726989746
725 0.09711885452270508
726 0.05729317665100098
727 0.0973353385925293
728 0.10086393356323242
729 0.11123132705688477
730 0.08371376991271973
731 0.2715129852294922
732 0.09511637687683105
733 0.04285693168640137
734 0.1141061782836914
735 0.08698177337646484
736 0.1602468490600586
737 0.29233837127685547
738 0.09276938438415527
739 0.10386872291564941
740 0.100830078125
741 0.11246871948242188
742 0.29413604736328125
743 0.10333251953125
744 0.11473727226257324
745 0.0994412899017334
746 0.13290071487426758
747 0.07744359970092773
748 0.10509657859802246
749 0.11388683319091797
750 0.10485339164733887
751 0.10759210586547852
752 0.12693166732788086
753 0.11858296394348145
754 0.09950661659240723
755 0.2602219581604004
756 0.276822566986084
757 0.29547929763793945
758 0.08718180656433105
759 0.11504554748535156
760 0.20525193214416504
761 0.09557318687438965
762 0.13011908531188965
763 0.3096449375152588
764 0.10976862907409668
765 0.10584545135498047
766 0.11885595321655273
767 0.10772943496704102
768 0.12220549583435059
769 0.2684965133666992
770 0.12366056442260742
771 0.11264157295227051
772 0.07163882255554199
773 0.13504838943481445
774 0.10739469528198242
775 0.2423563003540039
776 0.07833504676818848
777 0.0979766845703125
778 0.14655208587646484
779 0.10485434532165527
780 0.11385083198547363
781 0.11327624320983887
782 0.12138485908508301
783 0.25661706924438477
784 0.08503150939941406
785 0.10431122779846191
786 0.12909150123596191
787 0.12185454368591309
788 0.05348682403564453
789 0.08109879493713379
790 0.1199193000793457
791 0.10109066963195801
792 0.2005302906036377
793 0.13090801239013672
794 0.11923980712890625
795 0.09065842628479004
796 0.11458182334899902
797 0.10202383995056152
798 0.10001111030578613
799 0.12321782112121582
800 0.08442473411560059
801 0.1188504695892334
802 0.10363650321960449
803 0.11069440841674805
804 0.10431766510009766
805 0.1257927417755127
806 0.12839841842651367
807 0.12134361267089844
808 0.12929654121398926
809 0.1210329532623291
810 0.11971688270568848
811 0.10364246368408203
812 0.11588144302368164
813 0.08482599258422852
814 0.11237692832946777
815 0.2837710380554199
816 0.09401297569274902
817 0.0905616283416748
818 0.09160184860229492
819 0.0875403881072998
820 0.10835075378417969
821 0.12189626693725586
822 0.11136913299560547
823 0.1809837818145752
824 0.10909748077392578
825 0.1820697784423828
826 0.058653831481933594
827 0.06835126876831055
828 0.10991811752319336
829 0.19083642959594727
830 0.09803009033203125
831 0.08965110778808594
832 0.10220718383789062
833 0.12244033813476562
834 0.06617569923400879
835 0.10802626609802246
836 0.09358668327331543
837 0.12661027908325195
838 0.1895899772644043
839 0.09156441688537598
840 0.03740191459655762
841 0.09093093872070312
842 0.262037992477417
843 0.08454132080078125
844 0.05840706825256348
845 0.277510404586792
846 0.10983157157897949
847 0.10709381103515625
848 0.1359882354736328
849 0.12914347648620605
850 0.265582799911499
851 0.11594653129577637
852 0.09624528884887695
853 0.09093332290649414
854 0.1102137565612793
855 0.2929682731628418
856 0.10182070732116699
857 0.07817268371582031
858 0.1317000389099121
859 0.12166881561279297
860 0.10109972953796387
861 0.10075807571411133
862 0.07333159446716309
863 0.278489351272583
864 0.3222057819366455
865 0.10269951820373535
866 0.08890390396118164
867 0.1123194694519043
868 0.06595420837402344
869 0.10194873809814453
870 0.10778427124023438
871 0.06503701210021973
872 0.1973421573638916
873 0.26773619651794434
874 0.09506893157958984
875 0.08064579963684082
876 0.07190847396850586
877 0.08508133888244629
878 0.09855294227600098
879 0.10217785835266113
880 0.11699557304382324
881 0.08995199203491211
882 0.1661689281463623
883 0.13320684432983398
884 0.11010932922363281
885 0.08627033233642578
886 0.12866854667663574
887 0.12612128257751465
888 0.0865468978881836
889 0.09702372550964355
890 0.1315453052520752
891 0.06977033615112305
892 0.08116888999938965
893 0.11481666564941406
894 0.10526204109191895
895 0.07965087890625
896 0.10660266876220703
897 0.2685055732727051
898 0.1112356185913086
899 0.1128075122833252
900 0.09849071502685547
901 0.09225606918334961
902 0.09784173965454102
903 0.11529159545898438
904 0.135298490524292
905 0.1049034595489502
906 0.10573410987854004
907 0.10473847389221191
908 0.0871119499206543
909 0.0988321304321289
910 0.10110116004943848
911 0.1115729808807373
912 0.048425912857055664
913 0.11117339134216309
914 0.08612394332885742
915 0.10526847839355469
916 0.2740645408630371
917 0.08156585693359375
918 0.10130596160888672
919 0.2895948886871338
920 0.07278990745544434
921 0.0912480354309082
922 0.0844123363494873
923 0.11500358581542969
924 0.27345967292785645
925 0.08322501182556152
926 0.09555649757385254
927 0.1071314811706543
928 0.0868525505065918
929 0.08192825317382812
930 0.15303468704223633
931 0.10538554191589355
932 0.10449528694152832
933 0.10191202163696289
934 0.08080506324768066
935 0.2692101001739502
936 0.1405477523803711
937 0.06319761276245117
938 0.1021113395690918
939 0.11106395721435547
940 0.0825192928314209
941 0.10071372985839844
942 0.285961389541626
943 0.09091997146606445
944 0.10518383979797363
945 0.34560275077819824
946 0.1203012466430664
947 0.12976408004760742
948 0.09619760513305664
949 0.10541939735412598
950 0.09747743606567383
951 0.09042048454284668
952 0.11098504066467285
953 0.12024974822998047
954 0.11975216865539551
955 0.11066555976867676
956 0.08905768394470215
957 0.10811352729797363
958 0.1340017318725586
959 0.10248279571533203
960 0.11127114295959473
961 0.2899324893951416
962 0.11113309860229492
963 0.12694811820983887
964 0.09847640991210938
965 0.11249613761901855
966 0.12196111679077148
967 0.09428119659423828
968 0.3242192268371582
969 0.11666131019592285
970 0.09594845771789551
971 0.1041405200958252
972 0.1152956485748291
973 0.10678958892822266
974 0.19379377365112305
975 0.1745297908782959
976 0.11322450637817383
977 0.25287652015686035
978 0.11108946800231934
979 0.32256126403808594
980 0.1278073787689209
981 0.11283159255981445
982 0.08466267585754395
983 0.12974166870117188
984 0.12151384353637695
985 0.11553263664245605
986 0.06456947326660156
987 0.08126401901245117
988 0.05345749855041504
989 0.09854912757873535
990 0.11988568305969238
991 0.13688015937805176
992 0.11985015869140625
993 0.09413743019104004
994 0.08539342880249023
995 0.10121417045593262
996 0.10246396064758301
997 0.11510944366455078
998 0.07974362373352051
999 0.1038355827331543
1000 0.11376047134399414
1001 0.10929179191589355
1002 0.09637808799743652
1003 0.1161034107208252
1004 0.07494187355041504
1005 0.09637236595153809
1006 0.12324237823486328
1007 0.09947729110717773
1008 0.12068843841552734
1009 0.16119790077209473
1010 0.10308027267456055
1011 0.10213065147399902
1012 0.2897613048553467
1013 0.3243839740753174
1014 0.12405896186828613
1015 0.10662007331848145
1016 0.05095171928405762
1017 0.07766056060791016
1018 0.28574109077453613
1019 0.12650465965270996
1020 0.11665153503417969
1021 0.19504308700561523
1022 0.11378908157348633
1023 0.11098122596740723
1024 0.09063839912414551
1025 0.11252641677856445
1026 0.1331477165222168
1027 0.16397428512573242
1028 0.11950206756591797
1029 0.09584927558898926
1030 0.08014464378356934
1031 0.10027694702148438
1032 0.10101747512817383
1033 0.052907705307006836
1034 0.10297799110412598
1035 0.10857653617858887
1036 0.28888368606567383
1037 0.09067797660827637
1038 0.06969356536865234
1039 0.11124420166015625
1040 0.08258438110351562
1041 0.09486031532287598
1042 0.09744763374328613
1043 0.10564613342285156
1044 0.08642125129699707
1045 0.10588479042053223
1046 0.12674188613891602
1047 0.11778378486633301
1048 0.0874030590057373
1049 0.33533763885498047
1050 0.07421040534973145
1051 0.10751962661743164
1052 0.3199045658111572
1053 0.10115337371826172
1054 0.12747526168823242
1055 0.10416150093078613
1056 0.12277770042419434
1057 0.09336209297180176
1058 0.10033917427062988
1059 0.0690603256225586
1060 0.1460728645324707
1061 0.10088586807250977
1062 0.1141965389251709
1063 0.09232831001281738
1064 0.0990452766418457
1065 0.0990145206451416
1066 0.10303068161010742
1067 0.12378096580505371
1068 0.0541841983795166
1069 0.181396484375
1070 0.10358881950378418
1071 0.1102759838104248
1072 0.27638888359069824
1073 0.09548473358154297
1074 0.1018362045288086
1075 0.11452603340148926
1076 0.1037437915802002
1077 0.10901689529418945
1078 0.08031487464904785
1079 0.12440085411071777
1080 0.07660388946533203
1081 0.08698511123657227
1082 0.06234312057495117
1083 0.11814475059509277
1084 0.10730266571044922
1085 0.13452363014221191
1086 0.10573744773864746
1087 0.06998229026794434
1088 0.07964658737182617
1089 0.0981149673461914
1090 0.10901165008544922
1091 0.28112101554870605
1092 0.11385607719421387
1093 0.128434419631958
1094 0.10124897956848145
1095 0.2948920726776123
1096 0.08103179931640625
1097 0.11592912673950195
1098 0.13437199592590332
1099 0.09770894050598145
1100 0.11109399795532227
1101 0.06527519226074219
1102 0.27550745010375977
1103 0.10087227821350098
1104 0.12127041816711426
1105 0.11963081359863281
1106 0.12752747535705566
1107 0.10298919677734375
1108 0.10784554481506348
1109 0.08376884460449219
1110 0.3207063674926758
1111 0.12625932693481445
1112 0.1054539680480957
1113 0.10959792137145996
1114 0.14230656623840332
1115 0.08969616889953613
1116 0.11878418922424316
1117 0.09568262100219727
1118 0.18632721900939941
1119 0.0796971321105957
1120 0.07098722457885742
1121 0.0969991683959961
1122 0.08465576171875
1123 0.12323784828186035
1124 0.07367539405822754
1125 0.09189891815185547
1126 0.09491610527038574
1127 0.27562475204467773
1128 0.09455251693725586
1129 0.10220146179199219
1130 0.09351372718811035
1131 0.06129860877990723
1132 0.29871416091918945
1133 0.09453105926513672
1134 0.1008615493774414
1135 0.1027529239654541
1136 0.10140085220336914
1137 0.07137060165405273
1138 0.08760356903076172
1139 0.11415362358093262
1140 0.07824325561523438
1141 0.15805292129516602
1142 0.08980393409729004
1143 0.09128165245056152
1144 0.13084793090820312
1145 0.09545493125915527
1146 0.11704230308532715
1147 0.11771416664123535
1148 0.07494091987609863
1149 0.28514933586120605
1150 0.10583186149597168
1151 0.08725166320800781
1152 0.08838748931884766
1153 0.10565376281738281
1154 0.08524775505065918
1155 0.11326313018798828
1156 0.16133594512939453
1157 0.13227057456970215
1158 0.10167360305786133
1159 0.10633683204650879
1160 0.09635710716247559
1161 0.1530008316040039
1162 0.0936119556427002
1163 0.08911991119384766
1164 0.09694600105285645
1165 0.10960721969604492
1166 0.10505247116088867
1167 0.1163179874420166
1168 0.11463403701782227
1169 0.0323948860168457
1170 0.11243844032287598
1171 0.10036659240722656
1172 0.2104957103729248
1173 0.08747220039367676
1174 0.0925443172454834
1175 0.12151837348937988
1176 0.09482502937316895
1177 0.11855101585388184
1178 0.07348489761352539
1179 0.07892298698425293
1180 0.18909764289855957
1181 0.09767818450927734
1182 0.2698252201080322
1183 0.05946207046508789
1184 0.0955204963684082
1185 0.08956289291381836
1186 0.07935214042663574
1187 0.10726308822631836
1188 0.12068295478820801
1189 0.2990844249725342
1190 0.062430381774902344
1191 0.11101675033569336
1192 0.0693202018737793
1193 0.10661792755126953
1194 0.29289937019348145
1195 0.12188267707824707
1196 0.1255183219909668
1197 0.2135305404663086
1198 0.11815285682678223
1199 0.10614895820617676
1200 0.1312255859375
1201 0.12186360359191895
1202 0.11662459373474121
1203 0.09323740005493164
1204 0.09584212303161621
1205 0.10339593887329102
1206 0.10299801826477051
1207 0.07889270782470703
1208 0.08917522430419922
1209 0.11105203628540039
1210 0.09076881408691406
1211 0.28326940536499023
1212 0.10678553581237793
1213 0.16787266731262207
1214 0.09964132308959961
1215 0.06061053276062012
1216 0.09283113479614258
1217 0.10187649726867676
1218 0.08838152885437012
1219 0.07463312149047852
1220 0.2732086181640625
1221 0.09875178337097168
1222 0.24634790420532227
1223 0.09151649475097656
1224 0.09083986282348633
1225 0.09198427200317383
1226 0.100250244140625
1227 0.1870718002319336
1228 0.10919713973999023
1229 0.11321616172790527
1230 0.08175897598266602
1231 0.07625436782836914
1232 0.1152958869934082
1233 0.11114215850830078
1234 0.25464677810668945
1235 0.0637824535369873
1236 0.11844205856323242
1237 0.10968875885009766
1238 0.07170629501342773
1239 0.09716653823852539
1240 0.11177897453308105
1241 0.08893203735351562
1242 0.08034825325012207
1243 0.11931228637695312
1244 0.11443424224853516
1245 0.14456439018249512
1246 0.12882089614868164
1247 0.12651610374450684
1248 0.09746026992797852
1249 0.11040854454040527
1250 0.273287296295166
1251 0.10540890693664551
1252 0.1078946590423584
1253 0.10912680625915527
1254 0.13140130043029785
1255 0.0899207592010498
1256 0.10540437698364258
1257 0.09824538230895996
1258 0.2854130268096924
1259 0.2225513458251953
1260 0.12252926826477051
1261 0.07306337356567383
1262 0.28203368186950684
1263 0.08156323432922363
1264 0.0916445255279541
1265 0.11641716957092285
1266 0.31891942024230957
1267 0.07289409637451172
1268 0.09300398826599121
1269 0.08572006225585938
1270 0.11099100112915039
1271 0.11664080619812012
1272 0.12093853950500488
1273 0.11510109901428223
1274 0.10114049911499023
1275 0.12393879890441895
1276 0.09594178199768066
1277 0.11745309829711914
1278 0.11435079574584961
1279 0.07330584526062012
1280 0.08063054084777832
1281 0.09243297576904297
1282 0.09296488761901855
1283 0.10430216789245605
1284 0.0727388858795166
1285 0.07118701934814453
1286 0.13157129287719727
1287 0.16082382202148438
1288 0.12055516242980957
1289 0.12005615234375
1290 0.0910189151763916
1291 0.1347968578338623
1292 0.11237978935241699
1293 0.1289808750152588
1294 0.08190584182739258
1295 0.08580398559570312
1296 0.08967709541320801
1297 0.0972445011138916
1298 0.10942912101745605
1299 0.1561717987060547
1300 0.11897873878479004
1301 0.11039280891418457
1302 0.10089707374572754
1303 0.1008310317993164
1304 0.11100435256958008
1305 0.11667537689208984
1306 0.08928966522216797
1307 0.06731414794921875
1308 0.0575404167175293
1309 0.08667850494384766
1310 0.11063289642333984
1311 0.09818196296691895
1312 0.1221466064453125
1313 0.10232019424438477
1314 0.17772245407104492
1315 0.12227344512939453
1316 0.10518217086791992
1317 0.06813764572143555
1318 0.10410571098327637
1319 0.10856175422668457
1320 0.09907007217407227
1321 0.09620928764343262
1322 0.0828094482421875
1323 0.08875250816345215
1324 0.10680699348449707
1325 0.10117077827453613
1326 0.09773755073547363
1327 0.14552712440490723
1328 0.10422420501708984
1329 0.08558940887451172
1330 0.06096816062927246
1331 0.10458493232727051
1332 0.07357358932495117
1333 0.10161972045898438
1334 0.07330751419067383
1335 0.1076211929321289
1336 0.1022939682006836
1337 0.08772563934326172
1338 0.1107170581817627
1339 0.11118030548095703
1340 0.08182168006896973
1341 0.0984811782836914
1342 0.11963534355163574
1343 0.2966442108154297
1344 0.10087251663208008
1345 0.1960582733154297
1346 0.08285140991210938
1347 0.09844470024108887
1348 0.08851218223571777
1349 0.07953119277954102
1350 0.12460613250732422
1351 0.08899903297424316
1352 0.06679797172546387
1353 0.09090065956115723
1354 0.09699559211730957
1355 0.08822107315063477
1356 0.09530091285705566
1357 0.06912660598754883
1358 0.10564422607421875
1359 0.13422751426696777
1360 0.10254979133605957
1361 0.05797147750854492
1362 0.1978895664215088
1363 0.09172701835632324
1364 0.12303328514099121
1365 0.12075471878051758
1366 0.0903010368347168
1367 0.2706019878387451
1368 0.09770083427429199
1369 0.1064612865447998
1370 0.11198043823242188
1371 0.10286688804626465
1372 0.07928657531738281
1373 0.12849831581115723
1374 0.0935983657836914
1375 0.15107131004333496
1376 0.07595062255859375
1377 0.10308241844177246
1378 0.0974423885345459
1379 0.1007077693939209
1380 0.09989023208618164
1381 0.10756587982177734
1382 0.09566426277160645
1383 0.10230135917663574
1384 0.09090209007263184
1385 0.07596659660339355
1386 0.10119271278381348
1387 0.09081554412841797
1388 0.11307382583618164
1389 0.08845949172973633
1390 0.09427785873413086
1391 0.06791806221008301
1392 0.09296774864196777
1393 0.10738062858581543
1394 0.11402058601379395
1395 0.12259745597839355
1396 0.10842657089233398
1397 0.143141508102417
1398 0.11425995826721191
1399 0.06089496612548828
1400 0.12572455406188965
1401 0.12384629249572754
1402 0.2547638416290283
1403 0.07837367057800293
1404 0.11775779724121094
1405 0.10279965400695801
1406 0.3122556209564209
1407 0.2868943214416504
1408 0.05000185966491699
1409 0.09417438507080078
1410 0.1185612678527832
1411 0.11305880546569824
1412 0.11566281318664551
1413 0.05698347091674805
1414 0.30512094497680664
1415 0.10235762596130371
1416 0.08511781692504883
1417 0.3379495143890381
1418 0.10254454612731934
1419 0.08298373222351074
1420 0.11183309555053711
1421 0.10269618034362793
1422 0.1154627799987793
1423 0.09087800979614258
1424 0.10789132118225098
1425 0.1299266815185547
1426 0.10265827178955078
1427 0.0952303409576416
1428 0.08336830139160156
1429 0.27060365676879883
1430 0.09917807579040527
1431 0.11790108680725098
1432 0.28220558166503906
1433 0.13585186004638672
1434 0.1224827766418457
1435 0.07793498039245605
1436 0.10459733009338379
1437 0.10316586494445801
1438 0.10656356811523438
1439 0.050132036209106445
1440 0.09123516082763672
1441 0.11128711700439453
1442 0.08850765228271484
1443 0.11426854133605957
1444 0.10130810737609863
1445 0.09721255302429199
1446 0.08925390243530273
1447 0.12787318229675293
1448 0.10529351234436035
1449 0.08550310134887695
1450 0.10837101936340332
1451 0.08112478256225586
1452 0.05126523971557617
1453 0.09065580368041992
1454 0.32219815254211426
1455 0.1180880069732666
1456 0.06927061080932617
1457 0.11663436889648438
1458 0.10422873497009277
1459 0.14762187004089355
1460 0.12064528465270996
1461 0.09319043159484863
1462 0.0928189754486084
1463 0.11360907554626465
1464 0.05083775520324707
1465 0.09186649322509766
1466 0.25992250442504883
1467 0.09777331352233887
1468 0.09677362442016602
1469 0.10631608963012695
1470 0.10505366325378418
1471 0.2876591682434082
1472 0.07862663269042969
1473 0.06322193145751953
1474 0.11820459365844727
1475 0.09716963768005371
1476 0.13479089736938477
1477 0.07968711853027344
1478 0.3079679012298584
1479 0.12329339981079102
1480 0.11849212646484375
1481 0.09918737411499023
1482 0.08939599990844727
1483 0.11234164237976074
1484 0.08275747299194336
1485 0.10216975212097168
1486 0.10617542266845703
1487 0.2842886447906494
1488 0.08487439155578613
1489 0.1384410858154297
1490 0.13487982749938965
1491 0.10694384574890137
1492 0.06618046760559082
1493 0.19344663619995117
1494 0.12250065803527832
1495 0.1318681240081787
1496 0.16264557838439941
1497 0.1129603385925293
1498 0.11050176620483398
1499 0.11629128456115723
1500 0.4503757953643799
1501 0.0744314193725586
1502 0.1311037540435791
1503 0.13059234619140625
1504 0.09351491928100586
1505 0.0888676643371582
1506 0.09196877479553223
1507 0.07402420043945312
1508 0.20225024223327637
1509 0.10125017166137695
1510 0.18017840385437012
1511 0.10015106201171875
1512 0.06811285018920898
1513 0.10868382453918457
1514 0.09189701080322266
1515 0.13412976264953613
1516 0.06923842430114746
1517 0.10270118713378906
1518 0.1143789291381836
1519 0.11424803733825684
1520 0.11701726913452148
1521 0.09519410133361816
1522 0.10579442977905273
1523 0.10517263412475586
1524 0.11217117309570312
1525 0.05646681785583496
1526 0.06330037117004395
1527 0.08496284484863281
1528 0.15634560585021973
1529 0.12143635749816895
1530 0.08942580223083496
1531 0.09663081169128418
1532 0.2858257293701172
1533 0.13268017768859863
1534 0.38632941246032715
1535 0.09647130966186523
1536 0.07284808158874512
1537 0.09737372398376465
1538 0.10401248931884766
1539 0.12505650520324707
1540 0.07210540771484375
1541 0.13070940971374512
1542 0.09682679176330566
1543 0.07815742492675781
1544 0.10506749153137207
1545 0.14911818504333496
1546 0.18650031089782715
1547 0.2741835117340088
1548 0.09273982048034668
1549 0.10539364814758301
1550 0.125946044921875
1551 0.12248611450195312
1552 0.07069635391235352
1553 0.06847095489501953
1554 0.09662532806396484
1555 0.1036214828491211
1556 0.11324167251586914
1557 0.07948160171508789
1558 0.08789539337158203
1559 0.32210588455200195
1560 0.27828168869018555
1561 0.08081245422363281
1562 0.10918569564819336
1563 0.09557127952575684
1564 0.08594369888305664
1565 0.10317754745483398
1566 0.09834718704223633
1567 0.09427118301391602
1568 0.10307693481445312
1569 0.08530664443969727
1570 0.10835123062133789
1571 0.0910487174987793
1572 0.11400127410888672
1573 0.16963791847229004
1574 0.0915830135345459
1575 0.08841443061828613
1576 0.09063363075256348
1577 0.3096048831939697
1578 0.11115527153015137
1579 0.06753730773925781
1580 0.1376039981842041
1581 0.12946009635925293
1582 0.08658814430236816
1583 0.10329174995422363
1584 0.12858080863952637
1585 0.09496331214904785
1586 0.1501147747039795
1587 0.08458375930786133
1588 0.09911155700683594
1589 0.26734352111816406
1590 0.08385181427001953
1591 0.09903120994567871
1592 0.052057504653930664
1593 0.10680317878723145
1594 0.12900805473327637
1595 0.2824685573577881
1596 0.0815424919128418
1597 0.11140704154968262
1598 0.2770812511444092
1599 0.10311198234558105
1600 0.09080290794372559
1601 0.0959618091583252
1602 0.28182125091552734
1603 0.08135485649108887
1604 0.10596132278442383
1605 0.10195422172546387
1606 0.09835505485534668
1607 0.12546467781066895
1608 0.31488919258117676
1609 0.1284177303314209
1610 0.10748982429504395
1611 0.10130119323730469
1612 0.09959983825683594
1613 0.13357019424438477
1614 0.09793663024902344
1615 0.0999763011932373
1616 0.08075332641601562
1617 0.11136078834533691
1618 0.0666351318359375
1619 0.09308767318725586
1620 0.12478828430175781
1621 0.06712079048156738
1622 0.28162074089050293
1623 0.3086559772491455
1624 0.07721638679504395
1625 0.054657936096191406
1626 0.11387324333190918
1627 0.1257002353668213
1628 0.07034039497375488
1629 0.1054537296295166
1630 0.0940861701965332
1631 0.18232965469360352
1632 0.12897109985351562
1633 0.11661338806152344
1634 0.08411502838134766
1635 0.10102152824401855
1636 0.10477852821350098
1637 0.08941030502319336
1638 0.09751081466674805
1639 0.30899643898010254
1640 0.12990474700927734
1641 0.18414735794067383
1642 0.10755419731140137
1643 0.08810758590698242
1644 0.09549951553344727
1645 0.09546089172363281
1646 0.09174537658691406
1647 0.10064530372619629
1648 0.1273210048675537
1649 0.09717583656311035
1650 0.11595654487609863
1651 0.10511994361877441
1652 0.10666131973266602
1653 0.10349369049072266
1654 0.08699750900268555
1655 0.11087274551391602
1656 0.11070799827575684
1657 0.1463632583618164
1658 0.0741729736328125
1659 0.09431004524230957
