0 0.21367478370666504
1 0.10905885696411133
2 0.1572122573852539
3 0.20420384407043457
4 0.18058991432189941
5 0.14261198043823242
6 0.1586620807647705
7 0.14928364753723145
8 0.2644820213317871
9 0.08482575416564941
10 0.10567188262939453
11 0.15434908866882324
12 0.17357110977172852
13 0.14948797225952148
14 0.09501242637634277
15 0.14920353889465332
16 0.21296334266662598
17 0.11113786697387695
18 0.12531685829162598
19 0.13289380073547363
20 0.14682888984680176
21 0.15720129013061523
22 0.14255166053771973
23 0.18705153465270996
24 0.12160468101501465
25 0.17314457893371582
26 0.25247693061828613
27 0.1359269618988037
28 0.19190621376037598
29 0.13110709190368652
30 0.12186217308044434
31 0.21934056282043457
32 0.15869569778442383
33 0.08561897277832031
34 0.20762920379638672
35 0.15863752365112305
36 0.12542366981506348
37 0.2731058597564697
38 0.12508082389831543
39 0.09496307373046875
40 0.16983389854431152
41 0.10918855667114258
42 0.15225696563720703
43 0.25556302070617676
44 0.13292598724365234
45 0.1561574935913086
46 0.18481016159057617
47 0.09686470031738281
48 0.24385619163513184
49 0.1464540958404541
50 0.27806973457336426
51 0.21244573593139648
52 0.22604036331176758
53 0.205582857131958
54 0.30739307403564453
55 0.10187697410583496
56 0.18390321731567383
57 0.17325162887573242
58 0.16798686981201172
59 0.09315729141235352
60 0.12465524673461914
61 0.06920289993286133
62 0.041506290435791016
63 0.13237237930297852
64 0.2043318748474121
65 0.16888713836669922
66 0.15491414070129395
67 0.1661686897277832
68 0.09465312957763672
69 0.1077570915222168
70 0.13278532028198242
71 0.16469812393188477
72 0.16584563255310059
73 0.13396954536437988
74 0.1293163299560547
75 0.15551233291625977
76 0.11034226417541504
77 0.22034811973571777
78 0.14788508415222168
79 0.12355899810791016
80 0.14121556282043457
81 0.12723374366760254
82 0.09861588478088379
83 0.12141013145446777
84 0.24718260765075684
85 0.13409113883972168
86 0.11687850952148438
87 0.1600959300994873
88 0.13357901573181152
89 0.12537860870361328
90 0.2485651969909668
91 0.18017888069152832
92 0.21160292625427246
93 0.15674567222595215
94 0.26250267028808594
95 0.10127520561218262
96 0.11072039604187012
97 0.12995266914367676
98 0.18623900413513184
99 0.1449294090270996
100 0.3068959712982178
101 0.14873552322387695
102 0.16140294075012207
103 0.17505359649658203
104 0.11196231842041016
105 0.2193753719329834
106 0.13461947441101074
107 0.11685943603515625
108 0.19412708282470703
109 0.11399626731872559
110 0.1389169692993164
111 0.2913339138031006
112 0.21721720695495605
113 0.1485435962677002
114 0.11559438705444336
115 0.25359201431274414
116 0.1769390106201172
117 0.1520400047302246
118 0.11397385597229004
119 0.10906696319580078
120 0.16121792793273926
121 0.09063196182250977
122 0.15867948532104492
123 0.14377713203430176
124 0.18573904037475586
125 0.14405441284179688
126 0.23997020721435547
127 0.15759730339050293
128 0.12566494941711426
129 0.13549089431762695
130 0.13736820220947266
131 0.10279297828674316
132 0.128401517868042
133 0.14557242393493652
134 0.28592824935913086
135 0.15453815460205078
136 0.09726119041442871
137 0.11254692077636719
138 0.11999368667602539
139 0.14719629287719727
140 0.10113048553466797
141 0.249542236328125
142 0.12682867050170898
143 0.09427070617675781
144 0.12267208099365234
145 0.10410928726196289
146 0.09751462936401367
147 0.19440817832946777
148 0.1602475643157959
149 0.13930583000183105
150 0.15692806243896484
151 0.12090539932250977
152 0.19345498085021973
153 0.18506455421447754
154 0.26940488815307617
155 0.1851191520690918
156 0.10041427612304688
157 0.11021757125854492
158 0.1829519271850586
159 0.15413308143615723
160 0.26618099212646484
161 0.1661388874053955
162 0.1617124080657959
163 0.18901968002319336
164 0.14859771728515625
165 0.10283923149108887
166 0.2025284767150879
167 0.1131446361541748
168 0.13905549049377441
169 0.2051100730895996
170 0.26111483573913574
171 0.16786837577819824
172 0.15018987655639648
173 0.10803794860839844
174 0.12617993354797363
175 0.2877461910247803
176 0.13903141021728516
177 0.19217276573181152
178 0.1234900951385498
179 0.12268948554992676
180 0.2104806900024414
181 0.1090548038482666
182 0.13456249237060547
183 0.14290642738342285
184 0.15868878364562988
185 0.0858156681060791
186 0.32549381256103516
187 0.15338635444641113
188 0.11788225173950195
189 0.12512612342834473
190 0.18171429634094238
191 0.10474324226379395
192 0.2387533187866211
193 0.14052176475524902
194 0.19368577003479004
195 0.0954439640045166
196 0.09363746643066406
197 0.13230252265930176
198 0.20486664772033691
199 0.14433503150939941
200 0.13402533531188965
201 0.1561281681060791
202 0.157470703125
203 0.16533493995666504
204 0.20500659942626953
205 0.17585301399230957
206 0.12199902534484863
207 0.1147298812866211
208 0.17655587196350098
209 0.1677851676940918
210 0.16104435920715332
211 0.09750890731811523
212 0.140946626663208
213 0.1680278778076172
214 0.14245319366455078
215 0.2979755401611328
216 0.12276792526245117
217 0.14501500129699707
218 0.16865134239196777
219 0.13257932662963867
220 0.13814592361450195
221 0.22624921798706055
222 0.11083269119262695
223 0.16100192070007324
224 0.18026232719421387
225 0.20226693153381348
226 0.15109682083129883
227 0.20142173767089844
228 0.10073161125183105
229 0.12260794639587402
230 0.24396014213562012
231 0.12737035751342773
232 0.28591156005859375
233 0.1834735870361328
234 0.11527395248413086
235 0.23752570152282715
236 0.20331406593322754
237 0.13812708854675293
238 0.11779642105102539
239 0.1369004249572754
240 0.18406343460083008
241 0.13524961471557617
242 0.10378026962280273
243 0.16682982444763184
244 0.10363459587097168
245 0.09648275375366211
246 0.1326286792755127
247 0.19335460662841797
248 0.1401207447052002
249 0.22786784172058105
250 0.13001489639282227
251 0.13777923583984375
252 0.20090770721435547
253 0.1803574562072754
254 0.28632235527038574
255 0.1533668041229248
256 0.2299349308013916
257 0.2178969383239746
258 0.14077472686767578
259 0.20612740516662598
260 0.18256187438964844
261 0.09322524070739746
262 0.22935700416564941
263 0.16510796546936035
264 0.37575793266296387
265 0.14363765716552734
266 0.08873414993286133
267 0.1709909439086914
268 0.17425084114074707
269 0.23475146293640137
270 0.11107540130615234
271 0.12391114234924316
272 0.1385650634765625
273 0.16311264038085938
274 0.12697100639343262
275 0.2199842929840088
276 0.18218016624450684
277 0.07593250274658203
278 0.14758872985839844
279 0.22182154655456543
280 0.23386168479919434
281 0.08749628067016602
282 0.16377758979797363
283 0.1600475311279297
284 0.11377668380737305
285 0.10744285583496094
286 0.14011836051940918
287 0.1321718692779541
288 0.14700555801391602
289 0.16965913772583008
290 0.1444385051727295
291 0.10721492767333984
292 0.14191198348999023
293 0.3176734447479248
294 0.16252422332763672
295 0.13852500915527344
296 0.10698175430297852
297 0.17124032974243164
298 0.23499703407287598
299 0.1325232982635498
300 0.10746955871582031
301 0.11071181297302246
302 0.12816429138183594
303 0.15474963188171387
304 0.1507558822631836
305 0.23788976669311523
306 0.16029667854309082
307 0.11969399452209473
308 0.1468667984008789
309 0.12414026260375977
310 0.25253725051879883
311 0.1409003734588623
312 0.11190009117126465
313 0.14607524871826172
314 0.11926054954528809
315 0.09595513343811035
316 0.1009364128112793
317 0.27878689765930176
318 0.09818267822265625
319 0.1093587875366211
320 0.22446560859680176
321 0.15493440628051758
322 0.2552633285522461
323 0.1605982780456543
324 0.1361072063446045
325 0.12917256355285645
326 0.1771543025970459
327 0.20488834381103516
328 0.18907952308654785
329 0.09300017356872559
330 0.11821484565734863
331 0.08984541893005371
332 0.13794279098510742
333 0.08767104148864746
334 0.31120777130126953
335 0.17168521881103516
336 0.22961807250976562
337 0.18196916580200195
338 0.10844230651855469
339 0.2414546012878418
340 0.12363362312316895
341 0.10899853706359863
342 0.15363717079162598
343 0.12466073036193848
344 0.17026686668395996
345 0.2128129005432129
346 0.10264945030212402
347 0.0902862548828125
348 0.0752403736114502
349 0.09345245361328125
350 0.06839513778686523
351 0.12182354927062988
352 0.1016378402709961
353 0.09087061882019043
354 0.12506842613220215
355 0.10101914405822754
356 0.08052420616149902
357 0.08481001853942871
358 0.0776214599609375
359 0.09045624732971191
360 0.09575963020324707
361 0.08140921592712402
362 0.07131791114807129
363 0.1199183464050293
364 0.08198761940002441
365 0.09320187568664551
366 0.06516408920288086
367 0.10237288475036621
368 0.1370072364807129
369 0.07768440246582031
370 0.11957430839538574
371 0.05743527412414551
372 0.07376313209533691
373 0.09651660919189453
374 0.0694880485534668
375 0.06819748878479004
376 0.11243343353271484
377 0.08082008361816406
378 0.10042095184326172
379 0.10879683494567871
380 0.08166003227233887
381 0.09154582023620605
382 0.13060307502746582
383 0.16687941551208496
384 0.08374619483947754
385 0.09147000312805176
386 0.10495829582214355
387 0.09568953514099121
388 0.10494804382324219
389 0.08654093742370605
390 0.0933389663696289
391 0.09521222114562988
392 0.05622410774230957
393 0.10272049903869629
394 0.1145775318145752
395 0.08846592903137207
396 0.0631868839263916
397 0.10581135749816895
398 0.09982562065124512
399 0.03265070915222168
400 0.16786789894104004
401 0.12273836135864258
402 0.10584306716918945
403 0.19402241706848145
404 0.22303485870361328
405 0.09553718566894531
406 0.09024477005004883
407 0.06719541549682617
408 0.13573408126831055
409 0.09511590003967285
410 0.07511258125305176
411 0.07875370979309082
412 0.08303236961364746
413 0.05451703071594238
414 0.11936497688293457
415 0.09247970581054688
416 0.09485268592834473
417 0.06898069381713867
418 0.12057971954345703
419 0.09243917465209961
420 0.11541128158569336
421 0.09414434432983398
422 0.07354331016540527
423 0.09106802940368652
424 0.10670614242553711
425 0.09067249298095703
426 0.06878209114074707
427 0.11359596252441406
428 0.07828569412231445
429 0.08979105949401855
430 0.07676100730895996
431 0.07843232154846191
432 0.09177231788635254
433 0.06464862823486328
434 0.10423994064331055
435 0.06883120536804199
436 0.0648810863494873
437 0.07168149948120117
438 0.10293889045715332
439 0.07938051223754883
440 0.10572028160095215
441 0.06307768821716309
442 0.08067727088928223
443 0.07967948913574219
444 0.10624527931213379
445 0.0746455192565918
446 0.09297418594360352
447 0.11533904075622559
448 0.06697630882263184
449 0.05825614929199219
450 0.10683798789978027
451 0.06511306762695312
452 0.06676030158996582
453 0.13629531860351562
454 0.09653210639953613
455 0.05099368095397949
456 0.06154775619506836
457 0.11327171325683594
458 0.06413507461547852
459 0.11132574081420898
460 0.09625363349914551
461 0.12591862678527832
462 0.13756251335144043
463 0.07418656349182129
464 0.10284876823425293
465 0.09612035751342773
466 0.09140419960021973
467 0.12154412269592285
468 0.147965669631958
469 0.17476224899291992
470 0.12397551536560059
471 0.1545252799987793
472 0.08512544631958008
473 0.10787796974182129
474 0.10505843162536621
475 0.07370352745056152
476 0.08204817771911621
477 0.07168793678283691
478 0.05786538124084473
479 0.09388542175292969
480 0.09967041015625
481 0.07684969902038574
482 0.04873371124267578
483 0.06908988952636719
484 0.09637045860290527
485 0.09767365455627441
486 0.06129002571105957
487 0.06920146942138672
488 0.09398961067199707
489 0.1257920265197754
490 0.07716083526611328
491 0.0355072021484375
492 0.0996546745300293
493 0.0993185043334961
494 0.057724714279174805
495 0.11139678955078125
496 0.0533757209777832
497 0.09147405624389648
498 0.11560630798339844
499 0.08584976196289062
500 0.06271576881408691
501 0.11259961128234863
502 0.06743216514587402
503 0.10168933868408203
504 0.09153866767883301
505 0.07115435600280762
506 0.08041501045227051
507 0.10111284255981445
508 0.097900390625
509 0.10120010375976562
510 0.059819698333740234
511 0.08312010765075684
512 0.07763671875
513 0.13563895225524902
514 0.07669854164123535
515 0.0692136287689209
516 0.07608175277709961
517 0.07262349128723145
518 0.07503247261047363
519 0.11720848083496094
520 0.11039161682128906
521 0.10344457626342773
522 0.062024593353271484
523 0.07107400894165039
524 0.07807683944702148
525 0.10071015357971191
526 0.047844886779785156
527 0.08201932907104492
528 0.0762178897857666
529 0.07408881187438965
530 0.12610363960266113
531 0.08142971992492676
532 0.08565926551818848
533 0.08587336540222168
534 0.1477644443511963
535 0.30069446563720703
536 0.10684680938720703
537 0.14644789695739746
538 0.18586063385009766
539 0.08671879768371582
540 0.08319592475891113
541 0.07114338874816895
542 0.05387258529663086
543 0.04301023483276367
544 0.07709217071533203
545 0.061702728271484375
546 0.06589484214782715
547 0.10272336006164551
548 0.08542108535766602
549 0.10734820365905762
550 0.08333420753479004
551 0.07138943672180176
552 0.08429098129272461
553 0.07791423797607422
554 0.07583022117614746
555 0.09461426734924316
556 0.1534285545349121
557 0.0795748233795166
558 0.07271671295166016
559 0.052663326263427734
560 0.0894021987915039
561 0.08852696418762207
562 0.09175324440002441
563 0.09124112129211426
564 0.09209203720092773
565 0.09061717987060547
566 0.11791706085205078
567 0.08699727058410645
568 0.06595945358276367
569 0.10124993324279785
570 0.08596682548522949
571 0.15468525886535645
572 0.15038132667541504
573 0.12836122512817383
574 0.08933734893798828
575 0.044745445251464844
576 0.08196139335632324
577 0.07103109359741211
578 0.07578182220458984
579 0.10711216926574707
580 0.04640364646911621
581 0.07405328750610352
582 0.07514262199401855
583 0.045058488845825195
584 0.1032717227935791
585 0.14779877662658691
586 0.08652949333190918
587 0.0901651382446289
588 0.22181177139282227
589 0.12166261672973633
590 0.10602760314941406
591 0.07033348083496094
592 0.0775446891784668
593 0.08256173133850098
594 0.08767819404602051
595 0.16546416282653809
596 0.11081242561340332
597 0.07206273078918457
598 0.07201075553894043
599 0.1583857536315918
600 0.09011006355285645
601 0.10197782516479492
602 0.1898941993713379
603 0.20177102088928223
604 0.08259057998657227
605 0.07991433143615723
606 0.09137773513793945
607 0.06417441368103027
608 0.09003472328186035
609 0.19048500061035156
610 0.08784317970275879
611 0.05416560173034668
612 0.08630728721618652
613 0.12375426292419434
614 0.08548402786254883
615 0.11573553085327148
616 0.08909249305725098
617 0.05504631996154785
618 0.12178969383239746
619 0.08518791198730469
620 0.07256865501403809
621 0.0652916431427002
622 0.06129574775695801
623 0.16460227966308594
624 0.07117152214050293
625 0.10621356964111328
626 0.07676935195922852
627 0.08472108840942383
628 0.09918355941772461
629 0.0865013599395752
630 0.11734533309936523
631 0.047804832458496094
632 0.09892773628234863
633 0.07384419441223145
634 0.08072280883789062
635 0.06569314002990723
636 0.10338020324707031
637 0.08336639404296875
638 0.07587242126464844
639 0.09959936141967773
640 0.09138822555541992
641 0.15286469459533691
642 0.07241415977478027
643 0.07190203666687012
644 0.10716629028320312
645 0.11473321914672852
646 0.10229802131652832
647 0.10148406028747559
648 0.13305401802062988
649 0.12306451797485352
650 0.17033624649047852
651 0.07424497604370117
652 0.07725310325622559
653 0.14407968521118164
654 0.11005592346191406
655 0.13113093376159668
656 0.10518717765808105
657 0.08957672119140625
658 0.09781193733215332
659 0.09012150764465332
660 0.2253856658935547
661 0.13440275192260742
662 0.14083385467529297
663 0.12462544441223145
664 0.18826746940612793
665 0.11866593360900879
666 0.07254695892333984
667 0.05591106414794922
668 0.0772562026977539
669 0.06027793884277344
670 0.10453081130981445
671 0.15114259719848633
672 0.07823586463928223
673 0.12397623062133789
674 0.0888361930847168
675 0.08169174194335938
676 0.1976628303527832
677 0.07848525047302246
678 0.13511347770690918
679 0.08845162391662598
680 0.12306356430053711
681 0.0782473087310791
682 0.05310964584350586
683 0.1162407398223877
684 0.08616137504577637
685 0.08362460136413574
686 0.14736628532409668
687 0.11608171463012695
688 0.1076054573059082
689 0.11613988876342773
690 0.08011913299560547
691 0.05793428421020508
692 0.06859064102172852
693 0.04514622688293457
694 0.03153729438781738
695 0.11081933975219727
696 0.08266782760620117
697 0.08583760261535645
698 0.05805158615112305
699 0.09531950950622559
700 0.08753156661987305
701 0.08077478408813477
702 0.11375236511230469
703 0.09357452392578125
704 0.05313420295715332
705 0.07822227478027344
706 0.06418490409851074
707 0.1407334804534912
708 0.09121108055114746
709 0.056862592697143555
710 0.09979510307312012
711 0.08402037620544434
712 0.12173819541931152
713 0.10736489295959473
714 0.08224606513977051
715 0.08042240142822266
716 0.04438495635986328
717 0.08801150321960449
718 0.0982809066772461
719 0.07521247863769531
720 0.07010412216186523
721 0.09158492088317871
722 0.08925890922546387
723 0.1387805938720703
