0 0.0
1 0.5
2 0.6666666666666666
3 0.5
4 0.6
5 0.6666666666666666
6 0.7142857142857143
7 0.625
8 0.5555555555555556
9 0.6
10 0.5454545454545454
11 0.5
12 0.5384615384615384
13 0.5714285714285714
14 0.6
15 0.625
16 0.6470588235294118
17 0.6111111111111112
18 0.631578947368421
19 0.6
20 0.6190476190476191
21 0.6363636363636364
22 0.6086956521739131
23 0.5833333333333334
24 0.56
25 0.5384615384615384
26 0.5555555555555556
27 0.5714285714285714
28 0.5862068965517241
29 0.6
30 0.5806451612903226
31 0.59375
32 0.5757575757575758
33 0.5882352941176471
34 0.6
35 0.5833333333333334
36 0.5945945945945946
37 0.6052631578947368
38 0.6153846153846154
39 0.6
40 0.6097560975609756
41 0.5952380952380952
42 0.5813953488372093
43 0.5909090909090909
44 0.5777777777777777
45 0.5869565217391305
46 0.574468085106383
47 0.5833333333333334
48 0.5918367346938775
49 0.6
50 0.6078431372549019
51 0.5961538461538461
52 0.6037735849056604
53 0.5925925925925926
54 0.6
55 0.5892857142857143
56 0.5964912280701754
57 0.5862068965517241
58 0.576271186440678
59 0.5833333333333334
60 0.5901639344262295
61 0.5967741935483871
62 0.6031746031746031
63 0.609375
64 0.6
65 0.6060606060606061
66 0.6119402985074627
67 0.6176470588235294
68 0.6231884057971014
69 0.6142857142857143
70 0.6197183098591549
71 0.625
72 0.6301369863013698
73 0.6351351351351351
74 0.64
75 0.631578947368421
76 0.6363636363636364
77 0.6410256410256411
78 0.6455696202531646
79 0.65
80 0.654320987654321
81 0.6585365853658537
82 0.6626506024096386
83 0.6666666666666666
84 0.6705882352941176
85 0.6744186046511628
86 0.6781609195402298
87 0.6818181818181818
88 0.6853932584269663
89 0.6888888888888889
90 0.6813186813186813
91 0.6847826086956522
92 0.6881720430107527
93 0.6914893617021277
94 0.6947368421052632
95 0.6875
96 0.6907216494845361
97 0.6938775510204082
98 0.696969696969697
99 0.7
100 0.7029702970297029
101 0.7058823529411765
102 0.7087378640776699
103 0.7115384615384616
104 0.7142857142857143
105 0.7169811320754716
106 0.719626168224299
107 0.7222222222222222
108 0.7247706422018348
109 0.7272727272727273
110 0.7297297297297297
111 0.7321428571428571
112 0.7256637168141593
113 0.7280701754385965
114 0.7304347826086957
115 0.7241379310344828
116 0.7264957264957265
117 0.7288135593220338
118 0.7310924369747899
119 0.7333333333333333
120 0.7355371900826446
121 0.7377049180327869
122 0.7398373983739838
123 0.7419354838709677
124 0.744
125 0.7380952380952381
126 0.7401574803149606
127 0.7421875
128 0.7441860465116279
129 0.7461538461538462
130 0.7404580152671756
131 0.7348484848484849
132 0.7368421052631579
133 0.7388059701492538
134 0.7333333333333333
135 0.7352941176470589
136 0.7372262773722628
137 0.7391304347826086
138 0.7338129496402878
139 0.7357142857142858
140 0.7375886524822695
141 0.7323943661971831
142 0.7342657342657343
143 0.7291666666666666
144 0.7310344827586207
145 0.7328767123287672
146 0.7346938775510204
147 0.7364864864864865
148 0.7315436241610739
149 0.7266666666666667
150 0.7218543046357616
151 0.7236842105263158
152 0.7189542483660131
153 0.7142857142857143
154 0.7096774193548387
155 0.7051282051282052
156 0.7070063694267515
157 0.7088607594936709
158 0.710691823899371
159 0.7125
160 0.7142857142857143
161 0.7160493827160493
162 0.7177914110429447
163 0.7134146341463414
164 0.7151515151515152
165 0.7108433734939759
166 0.7125748502994012
167 0.7142857142857143
168 0.7159763313609467
169 0.711764705882353
170 0.7134502923976608
171 0.7151162790697675
172 0.7167630057803468
173 0.7126436781609196
174 0.7142857142857143
175 0.7159090909090909
176 0.7175141242937854
177 0.7191011235955056
178 0.7150837988826816
179 0.7166666666666667
180 0.712707182320442
181 0.7142857142857143
182 0.7158469945355191
183 0.7119565217391305
184 0.7135135135135136
185 0.7150537634408602
186 0.7112299465240641
187 0.7127659574468085
188 0.7142857142857143
189 0.7157894736842105
190 0.7172774869109948
191 0.71875
192 0.7202072538860104
193 0.7216494845360825
194 0.7230769230769231
195 0.7244897959183674
196 0.7258883248730964
197 0.7272727272727273
198 0.7286432160804021
199 0.73
200 0.7313432835820896
201 0.7326732673267327
202 0.729064039408867
203 0.7303921568627451
204 0.7317073170731707
205 0.7330097087378641
206 0.7342995169082126
207 0.7307692307692307
208 0.7320574162679426
209 0.7333333333333333
210 0.7345971563981043
211 0.7358490566037735
212 0.7370892018779343
213 0.7336448598130841
214 0.7348837209302326
215 0.7361111111111112
216 0.7373271889400922
217 0.7385321100917431
218 0.7397260273972602
219 0.740909090909091
220 0.7420814479638009
221 0.7387387387387387
222 0.7399103139013453
223 0.7366071428571429
224 0.7333333333333333
225 0.7345132743362832
226 0.73568281938326
227 0.7324561403508771
228 0.7336244541484717
229 0.7304347826086957
230 0.7316017316017316
231 0.7327586206896551
232 0.7296137339055794
233 0.7307692307692307
234 0.7276595744680852
235 0.7245762711864406
236 0.7257383966244726
237 0.726890756302521
238 0.7280334728033473
239 0.7291666666666666
240 0.7261410788381742
241 0.7272727272727273
242 0.7283950617283951
243 0.7254098360655737
244 0.726530612244898
245 0.7276422764227642
246 0.7246963562753036
247 0.7217741935483871
248 0.7228915662650602
249 0.724
250 0.7250996015936255
251 0.7261904761904762
252 0.7272727272727273
253 0.7244094488188977
254 0.7254901960784313
255 0.7265625
256 0.7276264591439688
257 0.7286821705426356
258 0.7258687258687259
259 0.7269230769230769
260 0.7279693486590039
261 0.7290076335877863
262 0.7262357414448669
263 0.7272727272727273
264 0.7283018867924528
265 0.7293233082706767
266 0.7303370786516854
267 0.7313432835820896
268 0.7323420074349443
269 0.7296296296296296
270 0.7269372693726938
271 0.7279411764705882
272 0.7289377289377289
273 0.7299270072992701
274 0.7272727272727273
275 0.7246376811594203
276 0.7220216606498195
277 0.7194244604316546
278 0.7204301075268817
279 0.7214285714285714
280 0.7224199288256228
281 0.723404255319149
282 0.7243816254416962
283 0.7253521126760564
284 0.7263157894736842
285 0.7237762237762237
286 0.7247386759581882
287 0.7222222222222222
288 0.7231833910034602
289 0.7241379310344828
290 0.7216494845360825
291 0.7226027397260274
292 0.7201365187713311
293 0.7210884353741497
294 0.7220338983050848
295 0.7195945945945946
296 0.7171717171717171
297 0.714765100671141
298 0.7157190635451505
299 0.7166666666666667
300 0.717607973421927
301 0.7152317880794702
302 0.7161716171617162
303 0.7171052631578947
304 0.7147540983606557
305 0.7156862745098039
306 0.7166123778501629
307 0.7175324675324676
308 0.7152103559870551
309 0.7161290322580646
310 0.7170418006430869
311 0.717948717948718
312 0.7188498402555911
313 0.7165605095541401
314 0.7174603174603175
315 0.7183544303797469
316 0.7160883280757098
317 0.7169811320754716
318 0.7178683385579937
319 0.71875
320 0.719626168224299
321 0.717391304347826
322 0.718266253869969
323 0.7191358024691358
324 0.72
325 0.7208588957055214
326 0.7217125382262997
327 0.7195121951219512
328 0.7173252279635258
329 0.7181818181818181
330 0.7190332326283988
331 0.7198795180722891
332 0.7207207207207207
333 0.7215568862275449
334 0.7223880597014926
335 0.7232142857142857
336 0.7240356083086054
337 0.7248520710059172
338 0.7256637168141593
339 0.7235294117647059
340 0.7243401759530792
341 0.7251461988304093
342 0.7259475218658892
343 0.7267441860465116
344 0.7275362318840579
345 0.7283236994219653
346 0.7262247838616714
347 0.7270114942528736
348 0.7277936962750716
349 0.7285714285714285
350 0.7293447293447294
351 0.7301136363636364
352 0.7280453257790368
353 0.7288135593220338
354 0.7267605633802817
355 0.7275280898876404
356 0.7282913165266106
357 0.729050279329609
358 0.7298050139275766
359 0.7277777777777777
360 0.7285318559556787
361 0.7292817679558011
362 0.7300275482093664
363 0.7307692307692307
364 0.7315068493150685
365 0.7295081967213115
366 0.7302452316076294
367 0.7309782608695652
368 0.7317073170731707
369 0.7297297297297297
370 0.7304582210242587
371 0.7311827956989247
372 0.7319034852546917
373 0.732620320855615
374 0.7333333333333333
375 0.7340425531914894
376 0.7347480106100795
377 0.7354497354497355
378 0.7335092348284961
379 0.7342105263157894
380 0.7349081364829396
381 0.7356020942408377
382 0.7362924281984334
383 0.7369791666666666
384 0.7376623376623377
385 0.7357512953367875
386 0.7338501291989664
387 0.7319587628865979
388 0.7326478149100257
389 0.7333333333333333
390 0.7340153452685422
391 0.7346938775510204
392 0.7353689567430025
393 0.7360406091370558
394 0.7341772151898734
395 0.7348484848484849
396 0.7355163727959698
397 0.7361809045226131
398 0.7368421052631579
399 0.7375
400 0.7381546134663342
401 0.7388059701492538
402 0.739454094292804
403 0.7400990099009901
404 0.7407407407407407
405 0.7389162561576355
406 0.7395577395577395
407 0.7377450980392157
408 0.7383863080684596
409 0.7390243902439024
410 0.7372262773722628
411 0.7378640776699029
412 0.738498789346247
413 0.7367149758454107
414 0.7373493975903614
415 0.7355769230769231
416 0.7362110311750599
417 0.7368421052631579
418 0.7374701670644391
419 0.7380952380952381
420 0.7387173396674585
421 0.7369668246445498
422 0.735224586288416
423 0.7334905660377359
424 0.7341176470588235
425 0.7347417840375586
426 0.7353629976580797
427 0.7336448598130841
428 0.7342657342657343
429 0.7348837209302326
430 0.7354988399071926
431 0.7361111111111112
432 0.7367205542725174
433 0.7350230414746544
434 0.735632183908046
435 0.7339449541284404
436 0.7322654462242563
437 0.730593607305936
438 0.7312072892938497
439 0.7318181818181818
440 0.7301587301587301
441 0.7285067873303167
442 0.7268623024830699
443 0.7274774774774775
444 0.7280898876404495
445 0.7286995515695067
446 0.7293064876957495
447 0.7299107142857143
448 0.7305122494432071
449 0.7288888888888889
450 0.729490022172949
451 0.7278761061946902
452 0.7284768211920529
453 0.7268722466960352
454 0.7274725274725274
455 0.7280701754385965
456 0.7264770240700219
457 0.7248908296943232
458 0.7254901960784313
459 0.7260869565217392
460 0.7266811279826464
461 0.7251082251082251
462 0.7257019438444925
463 0.7262931034482759
464 0.7247311827956989
465 0.7253218884120172
466 0.7259100642398287
467 0.7264957264957265
468 0.7270788912579957
469 0.7276595744680852
470 0.7261146496815286
471 0.7266949152542372
472 0.7251585623678647
473 0.7257383966244726
474 0.7263157894736842
475 0.726890756302521
476 0.7274633123689728
477 0.7259414225941423
478 0.7244258872651357
479 0.7229166666666667
480 0.7214137214137214
481 0.7219917012448133
482 0.722567287784679
483 0.7210743801652892
484 0.7216494845360825
485 0.720164609053498
486 0.7207392197125256
487 0.7192622950819673
488 0.7198364008179959
489 0.7204081632653061
490 0.7209775967413442
491 0.7195121951219512
492 0.7200811359026369
493 0.7206477732793523
494 0.7191919191919192
495 0.719758064516129
496 0.7203219315895373
497 0.7208835341365462
498 0.7214428857715431
499 0.722
500 0.7225548902195609
501 0.7231075697211156
502 0.7216699801192843
503 0.7202380952380952
504 0.7207920792079208
505 0.7213438735177866
506 0.7218934911242604
507 0.7204724409448819
508 0.7210216110019646
509 0.7215686274509804
510 0.7221135029354208
511 0.72265625
512 0.7212475633528265
513 0.7217898832684825
514 0.7223300970873786
515 0.7228682170542635
516 0.723404255319149
517 0.7239382239382239
518 0.7244701348747592
519 0.7230769230769231
520 0.7236084452975048
521 0.7222222222222222
522 0.722753346080306
523 0.7232824427480916
524 0.7219047619047619
525 0.720532319391635
526 0.7210626185958254
527 0.7215909090909091
528 0.722117202268431
529 0.7226415094339622
530 0.7231638418079096
531 0.7218045112781954
532 0.7223264540337712
533 0.7228464419475655
534 0.7233644859813084
535 0.7238805970149254
536 0.7225325884543762
537 0.7211895910780669
538 0.7217068645640075
539 0.7222222222222222
540 0.722735674676525
541 0.7232472324723247
542 0.7237569060773481
543 0.7242647058823529
544 0.7229357798165138
545 0.7234432234432234
546 0.7239488117001828
547 0.7244525547445255
548 0.7249544626593807
549 0.7254545454545455
550 0.7241379310344828
551 0.7246376811594203
552 0.7251356238698011
553 0.7256317689530686
554 0.7243243243243244
555 0.7248201438848921
556 0.7235188509874326
557 0.7222222222222222
558 0.7227191413237924
559 0.7232142857142857
560 0.7219251336898396
561 0.7206405693950177
562 0.7211367673179396
563 0.7216312056737588
564 0.720353982300885
565 0.7190812720848057
566 0.7195767195767195
567 0.7183098591549296
568 0.718804920913884
569 0.7192982456140351
570 0.7197898423817863
571 0.7202797202797203
572 0.7207678883071553
573 0.7212543554006968
574 0.7217391304347827
575 0.7204861111111112
576 0.7209705372616985
577 0.7214532871972318
578 0.7202072538860104
579 0.7206896551724138
580 0.7194492254733219
581 0.718213058419244
582 0.7186963979416809
583 0.7174657534246576
584 0.7162393162393162
585 0.7167235494880546
586 0.7155025553662692
587 0.7159863945578231
588 0.7147707979626485
589 0.7152542372881356
590 0.7157360406091371
591 0.7162162162162162
592 0.715008431703204
593 0.7154882154882155
594 0.7159663865546219
595 0.7164429530201343
596 0.7152428810720268
597 0.7157190635451505
598 0.7161936560934892
599 0.7166666666666667
600 0.7171381031613977
601 0.717607973421927
602 0.7180762852404643
603 0.7168874172185431
604 0.7173553719008264
605 0.7178217821782178
606 0.7182866556836903
607 0.7171052631578947
608 0.7175697865353038
609 0.7180327868852459
610 0.7184942716857611
611 0.7189542483660131
612 0.7194127243066885
613 0.7198697068403909
614 0.7203252032520325
615 0.7207792207792207
616 0.7212317666126418
617 0.7216828478964401
618 0.7221324717285945
619 0.7225806451612903
620 0.7214170692431562
621 0.7202572347266881
622 0.7207062600321027
623 0.719551282051282
624 0.72
625 0.7204472843450479
626 0.7192982456140351
627 0.7181528662420382
628 0.7186009538950715
629 0.719047619047619
630 0.7194928684627575
631 0.7199367088607594
632 0.7203791469194313
633 0.7208201892744479
634 0.721259842519685
635 0.720125786163522
636 0.7189952904238619
637 0.719435736677116
638 0.7198748043818466
639 0.7203125
640 0.7207488299531981
641 0.719626168224299
642 0.7200622083981337
643 0.7204968944099379
644 0.7209302325581395
645 0.7213622291021672
646 0.7217928902627512
647 0.7222222222222222
648 0.7226502311248074
649 0.7215384615384616
650 0.7219662058371735
651 0.7223926380368099
652 0.7228177641653905
653 0.7232415902140673
654 0.7236641221374046
655 0.7240853658536586
656 0.7245053272450532
657 0.7249240121580547
658 0.7253414264036419
659 0.7257575757575757
660 0.7261724659606656
661 0.7265861027190332
662 0.726998491704374
663 0.7259036144578314
664 0.7263157894736842
665 0.7267267267267268
666 0.7256371814092953
667 0.7260479041916168
668 0.7249626307922272
669 0.7253731343283583
670 0.7257824143070045
671 0.7261904761904762
672 0.725111441307578
673 0.7240356083086054
674 0.7244444444444444
675 0.7248520710059172
676 0.725258493353028
677 0.7256637168141593
678 0.7245949926362297
679 0.725
680 0.7254038179148311
681 0.7258064516129032
682 0.726207906295754
683 0.7266081871345029
684 0.727007299270073
685 0.7274052478134111
686 0.727802037845706
687 0.7281976744186046
688 0.7285921625544267
689 0.7289855072463768
690 0.7293777134587555
691 0.7297687861271677
692 0.7301587301587301
693 0.7305475504322767
694 0.7309352517985611
695 0.7313218390804598
696 0.7302725968436155
697 0.7306590257879656
698 0.7310443490701002
699 0.7314285714285714
700 0.7318116975748931
701 0.7307692307692307
702 0.7311522048364154
703 0.7315340909090909
704 0.7319148936170212
705 0.7322946175637394
706 0.7326732673267327
707 0.7330508474576272
708 0.7320169252468265
709 0.7323943661971831
710 0.7327707454289732
711 0.7331460674157303
712 0.7335203366058906
713 0.7324929971988795
714 0.7328671328671329
715 0.7332402234636871
716 0.7336122733612274
717 0.733983286908078
718 0.7329624478442281
719 0.7333333333333333
720 0.7323162274618585
721 0.7326869806094183
722 0.7330567081604425
723 0.7320441988950276
724 0.7324137931034482
725 0.7327823691460055
726 0.7331499312242091
727 0.7335164835164835
728 0.7325102880658436
729 0.7315068493150685
730 0.7305061559507524
731 0.7308743169398907
732 0.7298772169167803
733 0.7302452316076294
734 0.7292517006802721
735 0.7296195652173914
736 0.7299864314789688
737 0.7303523035230353
738 0.7307171853856563
739 0.731081081081081
740 0.7314439946018894
741 0.7318059299191375
742 0.730820995962315
743 0.7298387096774194
744 0.7288590604026846
745 0.7292225201072386
746 0.7282463186077643
747 0.7286096256684492
748 0.7289719626168224
749 0.7293333333333333
750 0.7283621837549934
751 0.7273936170212766
752 0.7277556440903055
753 0.726790450928382
754 0.7271523178807947
755 0.7275132275132276
756 0.726552179656539
757 0.7255936675461742
758 0.7246376811594203
759 0.725
760 0.7253613666228647
761 0.7257217847769029
762 0.7247706422018348
763 0.725130890052356
764 0.7241830065359477
765 0.7245430809399478
766 0.7249022164276402
767 0.7252604166666666
768 0.7256176853055917
769 0.7259740259740259
770 0.7263294422827496
771 0.7266839378238342
772 0.7270375161707633
773 0.727390180878553
774 0.727741935483871
775 0.7280927835051546
776 0.7284427284427284
777 0.7287917737789203
778 0.7278562259306803
779 0.7282051282051282
780 0.7272727272727273
781 0.7276214833759591
782 0.7279693486590039
783 0.7270408163265306
784 0.7261146496815286
785 0.7251908396946565
786 0.7242693773824651
787 0.7233502538071066
788 0.7237008871989861
789 0.7240506329113924
790 0.7243994943109987
791 0.7247474747474747
792 0.725094577553594
793 0.7241813602015114
794 0.7245283018867924
795 0.7236180904522613
796 0.7239648682559598
797 0.7230576441102757
798 0.723404255319149
799 0.72375
800 0.7240948813982522
801 0.7244389027431422
802 0.7247820672478207
803 0.7251243781094527
804 0.7254658385093168
805 0.7245657568238213
806 0.7236679058240396
807 0.724009900990099
808 0.7243510506798516
809 0.7246913580246913
810 0.7237977805178791
811 0.7241379310344828
812 0.7244772447724477
813 0.7248157248157249
814 0.7251533742331289
815 0.7254901960784313
816 0.7258261933904528
817 0.726161369193154
818 0.7252747252747253
819 0.724390243902439
820 0.7235079171741778
821 0.7238442822384428
822 0.724179829890644
823 0.7233009708737864
824 0.7236363636363636
825 0.7239709443099274
826 0.7230955259975816
827 0.7234299516908212
828 0.7225572979493365
829 0.7228915662650602
830 0.7232250300842359
831 0.7235576923076923
832 0.723889555822329
833 0.7242206235011991
834 0.7245508982035929
835 0.7236842105263158
836 0.7228195937873357
837 0.7231503579952268
838 0.7222884386174017
839 0.7214285714285714
840 0.7217598097502973
841 0.7209026128266033
842 0.7200474495848161
843 0.7191943127962085
844 0.7195266272189349
845 0.7198581560283688
846 0.7201889020070839
847 0.7205188679245284
848 0.7208480565371025
849 0.72
850 0.7203290246768508
851 0.7206572769953051
852 0.7209847596717468
853 0.7201405152224825
854 0.7204678362573099
855 0.7207943925233645
856 0.721120186697783
857 0.7214452214452215
858 0.7217694994179278
859 0.7209302325581395
860 0.7212543554006968
861 0.7215777262180975
862 0.7219003476245655
863 0.7222222222222222
864 0.7225433526011561
865 0.7217090069284064
866 0.7220299884659747
867 0.7223502304147466
868 0.7215189873417721
869 0.7218390804597701
870 0.722158438576349
871 0.7224770642201835
872 0.7216494845360825
873 0.7219679633867276
874 0.7222857142857143
875 0.7214611872146118
876 0.7217787913340935
877 0.7220956719817767
878 0.7224118316268487
879 0.7215909090909091
880 0.7219069239500567
881 0.7222222222222222
882 0.7225368063420159
883 0.7217194570135747
884 0.7220338983050848
885 0.7223476297968398
886 0.7215332581736189
887 0.7218468468468469
888 0.7221597300337458
889 0.7224719101123596
890 0.7227833894500562
891 0.7230941704035875
892 0.723404255319149
893 0.7225950782997763
894 0.7229050279329609
895 0.7232142857142857
896 0.7224080267558528
897 0.72271714922049
898 0.7230255839822024
899 0.7222222222222222
900 0.7225305216426193
901 0.7217294900221729
902 0.7220376522702104
903 0.7223451327433629
904 0.7226519337016575
905 0.7229580573951435
906 0.7232635060639471
907 0.7224669603524229
908 0.7227722772277227
909 0.7230769230769231
910 0.7233809001097695
911 0.7236842105263158
912 0.7228915662650602
913 0.7221006564551422
914 0.7224043715846995
915 0.7216157205240175
916 0.7208287895310797
917 0.7200435729847494
918 0.719260065288357
919 0.7195652173913043
920 0.7198697068403909
921 0.720173535791757
922 0.7204767063921993
923 0.7207792207792207
924 0.721081081081081
925 0.7203023758099352
926 0.7206040992448759
927 0.7209051724137931
928 0.721205597416577
929 0.7215053763440861
930 0.7218045112781954
931 0.7221030042918455
932 0.7213290460878885
933 0.7205567451820128
934 0.720855614973262
935 0.7211538461538461
936 0.7214514407684098
937 0.7217484008528785
938 0.7220447284345048
939 0.7223404255319149
940 0.7215727948990436
941 0.721868365180467
942 0.721102863202545
943 0.7213983050847458
944 0.7206349206349206
945 0.7209302325581395
946 0.7212249208025343
947 0.7215189873417721
948 0.7207586933614331
949 0.72
950 0.7202944269190326
951 0.7205882352941176
952 0.720881427072403
953 0.7211740041928721
954 0.7204188481675393
955 0.7196652719665272
956 0.7199582027168234
957 0.7202505219206681
958 0.7205422314911366
959 0.7197916666666667
960 0.7200832466181062
961 0.7203742203742204
962 0.7206645898234684
963 0.720954356846473
964 0.7202072538860104
965 0.7204968944099379
966 0.7207859358841778
967 0.7200413223140496
968 0.7192982456140351
969 0.7195876288659794
970 0.7188465499485067
971 0.7191358024691358
972 0.7194244604316546
973 0.7186858316221766
974 0.718974358974359
975 0.7192622950819673
976 0.7185261003070624
977 0.7177914110429447
978 0.7170582226762002
979 0.7163265306122449
980 0.7166156982670744
981 0.7169042769857433
982 0.7171922685656155
983 0.717479674796748
984 0.7177664974619289
985 0.7170385395537525
986 0.7173252279635258
987 0.7176113360323887
988 0.7168857431749242
989 0.7171717171717171
990 0.7174571140262361
991 0.717741935483871
992 0.7170191339375629
993 0.7173038229376257
994 0.7175879396984924
995 0.7168674698795181
996 0.7161484453360081
997 0.7164328657314629
998 0.7167167167167167
999 0.717
1000 0.7162837162837162
1001 0.716566866267465
1002 0.7168494516450648
1003 0.7161354581673307
1004 0.7154228855721393
1005 0.7157057654075547
1006 0.7159880834160874
1007 0.7162698412698413
1008 0.7165510406342914
1009 0.7168316831683168
1010 0.7171117705242335
1011 0.7164031620553359
1012 0.7156959526159921
1013 0.7159763313609467
1014 0.716256157635468
1015 0.7165354330708661
1016 0.7168141592920354
1017 0.7170923379174853
1018 0.7173699705593719
1019 0.7176470588235294
1020 0.7169441723800196
1021 0.7172211350293543
1022 0.7165200391006843
1023 0.716796875
1024 0.7160975609756097
1025 0.716374269005848
1026 0.7166504381694255
1027 0.7169260700389105
1028 0.717201166180758
1029 0.7174757281553398
1030 0.7177497575169738
1031 0.7180232558139535
1032 0.718296224588577
1033 0.718568665377176
1034 0.7188405797101449
1035 0.7191119691119691
1036 0.7193828351012537
1037 0.7186897880539499
1038 0.7189605389797883
1039 0.7192307692307692
1040 0.7195004803073968
1041 0.7197696737044146
1042 0.7200383509108341
1043 0.7203065134099617
1044 0.7196172248803828
1045 0.719885277246654
1046 0.720152817574021
1047 0.7194656488549618
1048 0.7197330791229742
1049 0.72
1050 0.7202664129400571
1051 0.720532319391635
1052 0.7198480531813866
1053 0.7201138519924098
1054 0.7203791469194313
1055 0.7206439393939394
1056 0.7209082308420057
1057 0.72117202268431
1058 0.720491029272899
1059 0.720754716981132
1060 0.7210179076343073
1061 0.7203389830508474
1062 0.7206020696142992
1063 0.7208646616541353
1064 0.7211267605633803
1065 0.7213883677298312
1066 0.7207122774133083
1067 0.7200374531835206
1068 0.7202993451824135
1069 0.719626168224299
1070 0.7198879551820728
1071 0.7201492537313433
1072 0.7204100652376515
1073 0.7206703910614525
1074 0.7209302325581395
1075 0.7211895910780669
1076 0.7214484679665738
1077 0.7207792207792207
1078 0.7210379981464319
1079 0.7212962962962963
1080 0.7206290471785384
1081 0.7208872458410351
1082 0.7202216066481995
1083 0.7204797047970479
1084 0.719815668202765
1085 0.7200736648250461
1086 0.7203311867525299
1087 0.7196691176470589
1088 0.7199265381083563
1089 0.7192660550458716
1090 0.7186067827681026
1091 0.717948717948718
1092 0.7182067703568161
1093 0.7175502742230347
1094 0.7168949771689498
1095 0.7171532846715328
1096 0.7174111212397447
1097 0.7176684881602914
1098 0.7179253867151957
1099 0.7181818181818181
1100 0.7184377838328792
1101 0.7186932849364791
1102 0.7180417044424298
1103 0.717391304347826
1104 0.7167420814479638
1105 0.7160940325497287
1106 0.7163504968383018
1107 0.7166064981949458
1108 0.7168620378719567
1109 0.7171171171171171
1110 0.7164716471647165
1111 0.716726618705036
1112 0.7169811320754716
1113 0.7163375224416517
1114 0.7165919282511211
1115 0.7159498207885304
1116 0.7162041181736795
1117 0.7164579606440071
1118 0.7167113494191242
1119 0.7169642857142857
1120 0.7172167707404103
1121 0.7174688057040999
1122 0.7168299198575245
1123 0.7170818505338078
1124 0.7164444444444444
1125 0.716696269982238
1126 0.7160603371783496
1127 0.7154255319148937
1128 0.7156775907883083
1129 0.715929203539823
1130 0.7152961980548187
1131 0.715547703180212
1132 0.7157987643424537
1133 0.7160493827160493
1134 0.7154185022026431
1135 0.7147887323943662
1136 0.7150395778364116
1137 0.7152899824253075
1138 0.7146619841966637
1139 0.7140350877192982
1140 0.7134092900964066
1141 0.7136602451838879
1142 0.7139107611548556
1143 0.7141608391608392
1144 0.7135371179039302
1145 0.7137870855148342
1146 0.7140366172624237
1147 0.7142857142857143
1148 0.7136640557006092
1149 0.7139130434782609
1150 0.7141615986099045
1151 0.7144097222222222
1152 0.7146574154379879
1153 0.7140381282495667
1154 0.7142857142857143
1155 0.7145328719723183
1156 0.7147796024200519
1157 0.7150259067357513
1158 0.7152717860224331
1159 0.7155172413793104
1160 0.7149009474590869
1161 0.7151462994836488
1162 0.7145313843508169
1163 0.7139175257731959
1164 0.7141630901287553
1165 0.7135506003430532
1166 0.7129391602399314
1167 0.7131849315068494
1168 0.7125748502994012
1169 0.711965811965812
1170 0.7122117847993168
1171 0.71160409556314
1172 0.711849957374254
1173 0.7120954003407155
1174 0.7123404255319149
1175 0.7125850340136054
1176 0.7128292268479184
1177 0.7130730050933786
1178 0.7133163698049194
1179 0.7135593220338983
1180 0.7129551227773073
1181 0.7131979695431472
1182 0.7134404057480981
1183 0.7136824324324325
1184 0.7130801687763713
1185 0.7124789207419899
1186 0.7118786857624263
1187 0.7121212121212122
1188 0.712363330529857
1189 0.7126050420168067
1190 0.7120067170445005
1191 0.712248322147651
1192 0.7124895222129086
1193 0.711892797319933
1194 0.7112970711297071
1195 0.7115384615384616
1196 0.7117794486215538
1197 0.7120200333889817
1198 0.7122602168473728
1199 0.7125
1200 0.7127393838467944
1201 0.7121464226289518
1202 0.7115544472152951
1203 0.7109634551495017
1204 0.7112033195020747
1205 0.7114427860696517
1206 0.7108533554266777
1207 0.7102649006622517
1208 0.7105045492142267
1209 0.7107438016528925
1210 0.7109826589595376
1211 0.7112211221122112
1212 0.7114591920857378
1213 0.7116968698517299
1214 0.7111111111111111
1215 0.7105263157894737
1216 0.7107641741988496
1217 0.7101806239737274
1218 0.7104183757178015
1219 0.7098360655737705
1220 0.7100737100737101
1221 0.7103109656301145
1222 0.7105478331970564
1223 0.7107843137254902
1224 0.7110204081632653
1225 0.7112561174551386
1226 0.7114914425427873
1227 0.7117263843648208
1228 0.7119609438567941
1229 0.7121951219512195
1230 0.7124289195775793
1231 0.7126623376623377
1232 0.7128953771289538
1233 0.713128038897893
1234 0.7133603238866397
1235 0.7135922330097088
1236 0.713823767178658
1237 0.7132471728594507
1238 0.7134786117836965
1239 0.7137096774193549
1240 0.7131345688960515
1241 0.7133655394524959
1242 0.7127916331456154
1243 0.7130225080385852
1244 0.7124497991967872
1245 0.7126805778491172
1246 0.7121090617481957
1247 0.7123397435897436
1248 0.7125700560448359
1249 0.7128
1250 0.7122302158273381
1251 0.7124600638977636
1252 0.7118914604948124
1253 0.7121212121212122
1254 0.7115537848605578
1255 0.7117834394904459
1256 0.711217183770883
1257 0.7106518282988871
1258 0.7108816521048451
1259 0.7111111111111111
1260 0.711340206185567
1261 0.7115689381933439
1262 0.7117973079968329
1263 0.7120253164556962
1264 0.7114624505928854
1265 0.7116903633491312
1266 0.7119179163378059
1267 0.7121451104100947
1268 0.7123719464144996
1269 0.7118110236220473
1270 0.7112509834775768
1271 0.7114779874213837
1272 0.7109190887666929
1273 0.7111459968602826
1274 0.7105882352941176
1275 0.7108150470219435
1276 0.7102584181675803
1277 0.7104851330203443
1278 0.7107114933541829
1279 0.71015625
1280 0.7096018735362998
1281 0.7098283931357254
1282 0.7092751363990647
1283 0.7095015576323987
1284 0.709727626459144
1285 0.7099533437013997
1286 0.7101787101787101
1287 0.7104037267080745
1288 0.7098525989138867
1289 0.710077519379845
1290 0.710302091402014
1291 0.7105263157894737
1292 0.7099767981438515
1293 0.7094281298299846
1294 0.7096525096525097
1295 0.7098765432098766
1296 0.7101002313030069
1297 0.7103235747303543
1298 0.7105465742879138
1299 0.7107692307692308
1300 0.7109915449654112
1301 0.7112135176651305
1302 0.7106676899462778
1303 0.7108895705521472
1304 0.7103448275862069
1305 0.7105666156202144
1306 0.7107880642693191
1307 0.7102446483180428
1308 0.7104660045836516
1309 0.7106870229007634
1310 0.7109077040427155
1311 0.7111280487804879
1312 0.7105864432597105
1313 0.7100456621004566
1314 0.7102661596958175
1315 0.709726443768997
1316 0.7099468488990129
1317 0.7101669195751138
1318 0.709628506444276
1319 0.7098484848484848
1320 0.7100681302043906
1321 0.7095310136157338
1322 0.7097505668934241
1323 0.709214501510574
1324 0.7086792452830188
1325 0.7088989441930619
1326 0.7091183119819141
1327 0.7085843373493976
1328 0.708051166290444
1329 0.7082706766917293
1330 0.7084898572501879
1331 0.7087087087087087
1332 0.7081770442610653
1333 0.7083958020989505
1334 0.7078651685393258
1335 0.7080838323353293
1336 0.7083021690351533
1337 0.7077727952167414
1338 0.707244212098581
1339 0.7074626865671642
1340 0.7076808351976137
1341 0.7078986587183308
1342 0.7081161578555473
1343 0.7083333333333334
1344 0.708550185873606
1345 0.7087667161961367
1346 0.7082405345211581
1347 0.7084569732937686
1348 0.7086730911786508
1349 0.7088888888888889
1350 0.7083641746854182
1351 0.7085798816568047
1352 0.7087952697708795
1353 0.7090103397341211
1354 0.7084870848708487
1355 0.7087020648967551
1356 0.7089167280766396
1357 0.7091310751104566
1358 0.7093451066961001
1359 0.7095588235294118
1360 0.7090374724467303
1361 0.7092511013215859
1362 0.7094644167278064
1363 0.7089442815249267
1364 0.7091575091575092
1365 0.7093704245973645
1366 0.709583028529627
1367 0.7097953216374269
1368 0.7092768444119796
1369 0.7094890510948905
1370 0.7097009482129832
1371 0.7099125364431487
1372 0.7101238164603059
1373 0.710334788937409
1374 0.7105454545454546
1375 0.7107558139534884
1376 0.710239651416122
1377 0.7097242380261248
1378 0.7092095721537346
1379 0.7086956521739131
1380 0.7089065894279507
1381 0.7091172214182344
1382 0.7093275488069414
1383 0.7095375722543352
1384 0.7097472924187725
1385 0.70995670995671
1386 0.7101658255227109
1387 0.7103746397694525
1388 0.7105831533477321
1389 0.7107913669064748
1390 0.710999281092739
1391 0.7112068965517241
1392 0.7114142139267767
1393 0.7116212338593975
1394 0.7118279569892473
1395 0.7113180515759312
1396 0.7108088761632069
1397 0.7110157367668097
1398 0.7112223016440314
1399 0.7114285714285714
1400 0.7116345467523197
1401 0.7118402282453637
1402 0.7120456165359943
1403 0.7122507122507122
1404 0.7124555160142348
1405 0.7126600284495022
1406 0.7128642501776831
1407 0.7130681818181818
1408 0.7132718239886444
1409 0.7134751773049646
1410 0.7136782423812899
1411 0.7138810198300283
1412 0.7133757961783439
1413 0.7135785007072136
1414 0.7137809187279152
1415 0.7139830508474576
1416 0.7134791813690896
1417 0.7129760225669958
1418 0.7124735729386892
1419 0.7119718309859155
1420 0.7121745249824067
1421 0.7116736990154712
1422 0.7118763176387913
1423 0.7120786516853933
1424 0.712280701754386
1425 0.7124824684431977
1426 0.7119831814996496
1427 0.7121848739495799
1428 0.7116864940517844
1429 0.7118881118881119
1430 0.7113906359189378
1431 0.7115921787709497
1432 0.7117934403349616
1433 0.7119944211994421
1434 0.7121951219512195
1435 0.7123955431754875
1436 0.7125956854558108
1437 0.7127955493741307
1438 0.7129951355107713
1439 0.7131944444444445
1440 0.7133934767522554
1441 0.7135922330097088
1442 0.7137907137907138
1443 0.71398891966759
1444 0.7141868512110726
1445 0.7143845089903181
1446 0.7145818935729095
1447 0.7147790055248618
1448 0.714975845410628
1449 0.7151724137931035
1450 0.715368711233632
1451 0.7155647382920111
1452 0.7157604955264969
1453 0.7152682255845942
1454 0.7154639175257732
1455 0.7156593406593407
1456 0.7158544955387783
1457 0.7160493827160493
1458 0.7162440027416038
1459 0.7164383561643836
1460 0.7166324435318275
1461 0.7168262653898769
1462 0.7163362952836637
1463 0.7165300546448088
1464 0.7167235494880546
1465 0.7169167803547067
1466 0.7171097477845945
1467 0.7173024523160763
1468 0.7168141592920354
1469 0.7170068027210884
1470 0.717199184228416
1471 0.717391304347826
1472 0.7175831636116768
1473 0.7170963364993216
1474 0.7166101694915255
1475 0.7168021680216802
1476 0.7163168584969533
1477 0.7165087956698241
1478 0.716024340770791
1479 0.7155405405405405
1480 0.7150573936529372
1481 0.7145748987854251
1482 0.7140930546190155
1483 0.7136118598382749
1484 0.7131313131313132
1485 0.7133243606998654
1486 0.7128446536650975
1487 0.7130376344086021
1488 0.7132303559435863
1489 0.7134228187919464
1490 0.7136150234741784
1491 0.7138069705093834
1492 0.7139986604152713
1493 0.714190093708166
1494 0.7143812709030101
1495 0.714572192513369
1496 0.7147628590514362
1497 0.7149532710280374
1498 0.715143428952635
1499 0.7146666666666667
1500 0.714856762158561
1501 0.715046604527297
1502 0.7152361942781105
1503 0.7154255319148937
1504 0.7156146179401993
1505 0.7158034528552457
1506 0.7159920371599203
1507 0.7161803713527851
1508 0.7163684559310802
1509 0.7165562913907285
1510 0.7160820648577101
1511 0.7162698412698413
1512 0.7164573694646398
1513 0.7166446499339498
1514 0.7168316831683168
1515 0.7170184696569921
1516 0.7172050098879367
1517 0.717391304347826
1518 0.716919025674786
1519 0.7164473684210526
1520 0.7166337935568705
1521 0.716819973718791
1522 0.7170059093893631
1523 0.7165354330708661
1524 0.7167213114754099
1525 0.7169069462647444
1526 0.7170923379174853
1527 0.7172774869109948
1528 0.7174623937213865
1529 0.7169934640522876
1530 0.7165251469627695
1531 0.716710182767624
1532 0.7168949771689498
1533 0.7170795306388527
1534 0.7172638436482085
1535 0.716796875
1536 0.7169811320754716
1537 0.7171651495448634
1538 0.7173489278752436
1539 0.7175324675324676
1540 0.7177157689811811
1541 0.7178988326848249
1542 0.7180816591056384
1543 0.7176165803108808
1544 0.7177993527508091
1545 0.7173350582147477
1546 0.7168713639301875
1547 0.7170542635658915
1548 0.7165913492575855
1549 0.7161290322580646
1550 0.7156673114119922
1551 0.7158505154639175
1552 0.7160334835801674
1553 0.7162162162162162
1554 0.7163987138263666
1555 0.7165809768637532
1556 0.7167630057803468
1557 0.7169448010269577
1558 0.7171263630532393
1559 0.7173076923076923
1560 0.7174887892376681
1561 0.7176696542893726
1562 0.7178502879078695
1563 0.717391304347826
1564 0.7169329073482428
1565 0.7164750957854407
1566 0.7166560306317805
1567 0.7161989795918368
1568 0.715742511153601
1569 0.7152866242038216
1570 0.7148313176320815
1571 0.7150127226463104
1572 0.7151938970120788
1573 0.7147395171537484
1574 0.7142857142857143
1575 0.7144670050761421
1576 0.7146480659480026
1577 0.7141951837769328
1578 0.714376187460418
1579 0.7139240506329114
1580 0.7141049968374447
1581 0.7142857142857143
1582 0.7138344914718888
1583 0.7140151515151515
1584 0.7141955835962145
1585 0.71437578814628
1586 0.7145557655954632
1587 0.714735516372796
1588 0.7149150409062304
1589 0.7150943396226415
1590 0.7146448774355751
1591 0.714824120603015
1592 0.714375392341494
1593 0.7145545796737767
1594 0.7147335423197492
1595 0.7149122807017544
1596 0.715090795241077
1597 0.7146433041301627
1598 0.7148217636022514
1599 0.714375
1600 0.7145534041224235
1601 0.7147315855181023
1602 0.7149095446038678
1603 0.7144638403990025
1604 0.7140186915887851
1605 0.7141967621419676
1606 0.7143746110765401
1607 0.7145522388059702
1608 0.714108141702921
1609 0.7136645962732919
1610 0.7138423339540658
1611 0.7140198511166254
1612 0.7141971481711097
1613 0.7143742255266419
1614 0.7145510835913312
1615 0.7141089108910891
1616 0.7136672850958565
1617 0.7132262051915945
1618 0.7134033353922175
1619 0.7135802469135802
1620 0.7137569401603948
1621 0.7139334155363748
1622 0.714109673444239
1623 0.7142857142857143
1624 0.7144615384615385
1625 0.7140221402214022
1626 0.7141979102642901
1627 0.7143734643734644
1628 0.7139349294045426
1629 0.7141104294478527
1630 0.7142857142857143
1631 0.7144607843137255
1632 0.7146356399265156
1633 0.7148102815177478
1634 0.7149847094801223
1635 0.715158924205379
1636 0.7147220525351252
1637 0.7142857142857143
1638 0.713849908480781
1639 0.7140243902439024
1640 0.7141986593540524
1641 0.7143727161997564
1642 0.7139379184418746
1643 0.7141119221411192
1644 0.7142857142857143
1645 0.7138517618469016
1646 0.7140255009107468
1647 0.7141990291262136
1648 0.7143723468768951
1649 0.7145454545454546
1650 0.7147183525136281
1651 0.7148910411622276
1652 0.7150635208711433
1653 0.7152357920193471
1654 0.7154078549848942
1655 0.7155797101449275
1656 0.7157513578756789
1657 0.7159227985524729
1658 0.7160940325497287
1659 0.7162650602409638
1660 0.7164358819987959
1661 0.7166064981949458
1662 0.7161755862898377
1663 0.7163461538461539
1664 0.7165165165165165
1665 0.7166866746698679
1666 0.7162567486502699
1667 0.7158273381294964
1668 0.7159976033553026
1669 0.7155688622754491
1670 0.7157390783961699
1671 0.7159090909090909
1672 0.7160789001793186
1673 0.7162485065710872
1674 0.7164179104477612
1675 0.7159904534606205
1676 0.7155635062611807
1677 0.7157330154946365
1678 0.7153067301965456
1679 0.7154761904761905
1680 0.7156454491374182
1681 0.7158145065398336
1682 0.7153891859774213
1683 0.7155581947743468
1684 0.7151335311572701
1685 0.7153024911032029
1686 0.7148784825133373
1687 0.715047393364929
1688 0.7152161042036708
1689 0.7153846153846154
1690 0.7155529272619752
1691 0.7157210401891253
1692 0.7152982870643827
1693 0.7148760330578512
1694 0.7144542772861356
1695 0.714622641509434
1696 0.714201532115498
1697 0.7143698468786808
1698 0.7145379635079459
1699 0.7147058823529412
1700 0.7142857142857143
1701 0.7138660399529965
1702 0.714034057545508
1703 0.7142018779342723
1704 0.713782991202346
1705 0.7139507620164126
1706 0.7141183362624487
1707 0.7142857142857143
1708 0.7144528964306612
1709 0.7140350877192982
1710 0.7142022209234365
1711 0.7143691588785047
1712 0.7145359019264448
1713 0.7147024504084014
1714 0.7142857142857143
1715 0.7144522144522144
1716 0.714618520675597
1717 0.7147846332945286
1718 0.7143688190808609
1719 0.713953488372093
1720 0.7135386403253922
1721 0.7137049941927991
1722 0.7138711549622752
1723 0.7140371229698376
1724 0.7142028985507246
1725 0.7143684820393974
1726 0.7139548349739433
1727 0.7141203703703703
1728 0.7142857142857143
1729 0.7144508670520231
1730 0.7146158290005777
1731 0.7147806004618937
1732 0.7149451817657242
1733 0.7151095732410612
1734 0.7152737752161383
1735 0.7154377880184332
1736 0.715601611974669
1737 0.7151898734177216
1738 0.7153536515238643
1739 0.7155172413793104
1740 0.7151062607696727
1741 0.7146957520091849
1742 0.714859437751004
1743 0.7150229357798165
1744 0.7151862464183381
1745 0.7153493699885453
1746 0.7155123068116772
1747 0.715675057208238
1748 0.7158376214979989
1749 0.716
1750 0.7155910908052542
1751 0.7151826484018264
1752 0.7147746719908727
1753 0.7149372862029647
1754 0.7150997150997151
1755 0.715261958997722
1756 0.7154240182128628
1757 0.7155858930602957
1758 0.7151790790221717
1759 0.7153409090909091
1760 0.7155025553662692
1761 0.7156640181611805
1762 0.7152580828133863
1763 0.7154195011337868
1764 0.7155807365439093
1765 0.7151755379388448
1766 0.7153367289190719
1767 0.7149321266968326
1768 0.7150932730356133
1769 0.7152542372881356
1770 0.7154150197628458
1771 0.7155756207674944
1772 0.7157360406091371
1773 0.7158962795941376
1774 0.716056338028169
1775 0.7162162162162162
1776 0.7158131682611142
1777 0.7154105736782902
1778 0.7155705452501405
1779 0.7151685393258427
1780 0.7153284671532847
1781 0.7154882154882155
1782 0.715086932136848
1783 0.7146860986547086
1784 0.7148459383753502
1785 0.7150055991041433
1786 0.7151650811415781
1787 0.7153243847874721
1788 0.7149245388485187
1789 0.7150837988826816
1790 0.7152428810720268
1791 0.7154017857142857
1792 0.7155605131065254
1793 0.7157190635451505
1794 0.7158774373259053
1795 0.7160356347438753
1796 0.7161936560934892
1797 0.7163515016685206
1798 0.7165091717620901
1799 0.7166666666666667
1800 0.71682398667407
1801 0.7169811320754716
1802 0.7171381031613977
1803 0.7167405764966741
1804 0.7168975069252077
1805 0.7170542635658915
1806 0.7166574432761483
1807 0.7168141592920354
1808 0.7169707020453289
1809 0.7171270718232045
1810 0.7172832689122032
1811 0.717439293598234
1812 0.7175951461665747
1813 0.7177508269018743
1814 0.7179063360881542
1815 0.7175110132158591
1816 0.7176664832140892
1817 0.7178217821782178
1818 0.7179769103903244
1819 0.7175824175824176
1820 0.7177375068643602
1821 0.7173435784851812
1822 0.7174986286341196
1823 0.7176535087719298
1824 0.7172602739726027
1825 0.7168674698795181
1826 0.7164750957854407
1827 0.7166301969365426
1828 0.7162383816293056
1829 0.7163934426229508
1830 0.7165483342435828
1831 0.7167030567685589
1832 0.7163120567375887
1833 0.7164667393675027
1834 0.7166212534059946
1835 0.7167755991285403
1836 0.7169297768100164
1837 0.7165397170837867
1838 0.7166938553561718
1839 0.7168478260869565
1840 0.7164584464964693
1841 0.7166123778501629
1842 0.7167661421595225
1843 0.7169197396963124
1844 0.7170731707317073
1845 0.7172264355362947
1846 0.7173795343800758
1847 0.716991341991342
1848 0.7171444023796647
1849 0.7172972972972973
1850 0.7174500270124257
1851 0.7176025917926566
1852 0.7177549919050189
1853 0.7179072276159655
1854 0.7175202156334232
1855 0.7176724137931034
1856 0.7178244480344642
1857 0.7179763186221744
1858 0.7181280258203335
1859 0.7182795698924731
1860 0.7184309511015583
1861 0.7185821697099892
1862 0.7181964573268921
1863 0.7183476394849786
1864 0.7179624664879356
1865 0.717577706323687
1866 0.7171933583288699
1867 0.7173447537473233
1868 0.7174959871589085
1869 0.7171122994652407
1870 0.7172634954569749
1871 0.7174145299145299
1872 0.7175654030966364
1873 0.7177161152614728
1874 0.7173333333333334
1875 0.7174840085287847
1876 0.7176345231752796
1877 0.7177848775292864
1878 0.717935071846727
1879 0.7180851063829787
1880 0.7182349813928761
1881 0.7178533475026567
1882 0.7180031864046734
1883 0.7181528662420382
1884 0.7183023872679045
1885 0.7184517497348887
1886 0.7186009538950715
1887 0.71875
1888 0.718369507676019
1889 0.7185185185185186
1890 0.7181385510312004
1891 0.7182875264270613
1892 0.7184363444268357
1893 0.7180570221752904
1894 0.7176781002638523
1895 0.7178270042194093
1896 0.7179757511860833
1897 0.7175974710221286
1898 0.7177461822011585
1899 0.7178947368421053
1900 0.7180431351920042
1901 0.7181913774973712
1902 0.7183394640042039
1903 0.7179621848739496
1904 0.7181102362204724
1905 0.7182581322140609
1906 0.7184058730991085
1907 0.7180293501048218
1908 0.7181770560502881
1909 0.7178010471204188
1910 0.717948717948718
1911 0.7180962343096234
1912 0.7182435964453737
1913 0.7183908045977011
1914 0.7185378590078328
1915 0.7186847599164927
1916 0.7188315075639019
1917 0.718978102189781
1918 0.7191245440333507
1919 0.7192708333333333
1920 0.7194169703279542
1921 0.7195629552549427
1922 0.719188767550702
1923 0.7193347193347194
1924 0.7194805194805195
1925 0.719626168224299
1926 0.7192527244421381
1927 0.7193983402489627
1928 0.7190254017625712
1929 0.7191709844559585
1930 0.7187985499741066
1931 0.718944099378882
1932 0.719089498189343
1933 0.7192347466390899
1934 0.7193798449612403
1935 0.7195247933884298
1936 0.7196695921528137
1937 0.7198142414860681
1938 0.7199587416193914
1939 0.7201030927835051
1940 0.7202472952086554
1941 0.7203913491246138
1942 0.7200205867215645
1943 0.720164609053498
1944 0.7203084832904885
1945 0.7199383350462487
1946 0.7200821777092964
1947 0.7197125256673511
1948 0.7193432529502309
1949 0.7194871794871794
1950 0.7191184008200923
1951 0.71875
1952 0.7188940092165899
1953 0.7190378710337769
1954 0.7191815856777494
1955 0.7188139059304703
1956 0.7189575881451201
1957 0.7185903983656793
1958 0.7187340479836651
1959 0.7188775510204082
1960 0.719020907700153
1961 0.719164118246687
1962 0.7187977585328579
1963 0.7189409368635438
1964 0.7190839694656489
1965 0.7192268565615463
1966 0.7188612099644128
1967 0.7190040650406504
1968 0.7191467750126967
1969 0.7192893401015228
1970 0.7194317605276509
1971 0.7195740365111561
1972 0.7192093258996453
1973 0.7188449848024316
1974 0.7184810126582278
1975 0.7186234817813765
1976 0.7187658067779464
1977 0.7189079878665319
1978 0.7190500252652855
1979 0.7186868686868687
1980 0.718324078748107
1981 0.7184661957618567
1982 0.7186081694402421
1983 0.71875
1984 0.7188916876574307
1985 0.7190332326283988
1986 0.7191746351283341
1987 0.7188128772635815
1988 0.7189542483660131
1989 0.7185929648241206
1990 0.7182320441988951
1991 0.7183734939759037
1992 0.7185148018063221
1993 0.7181544633901705
1994 0.7182957393483709
1995 0.718436873747495
1996 0.7180771156735103
1997 0.7177177177177178
1998 0.7173586793396698
1999 0.7175
2000 0.7171414292853573
2001 0.7167832167832168
2002 0.7169246130803795
2003 0.7170658682634731
2004 0.7167082294264339
2005 0.7168494516450648
2006 0.7164922770303936
2007 0.7161354581673307
2008 0.7162767546042808
2009 0.7164179104477612
2010 0.7165589259075087
2011 0.7162027833001988
2012 0.7163437655240934
2013 0.7164846077457795
2014 0.7161290322580646
2015 0.7162698412698413
2016 0.7164105106593951
2017 0.7165510406342914
2018 0.716691431401684
2019 0.7168316831683168
2020 0.7164769915883226
2021 0.7166172106824926
2022 0.7162629757785467
2023 0.7164031620553359
2024 0.7165432098765432
2025 0.7161895360315893
2026 0.715836211149482
2027 0.7159763313609467
2028 0.7161163134549039
2029 0.7157635467980296
2030 0.7159034958148696
2031 0.7160433070866141
2032 0.7156910969011313
2033 0.7158308751229105
2034 0.715970515970516
2035 0.7161100196463654
2036 0.7157584683357879
2037 0.7154072620215898
2038 0.7155468366846494
2039 0.7156862745098039
2040 0.7158255756981872
2041 0.7159647404505387
2042 0.7156142927068038
2043 0.7157534246575342
2044 0.7158924205378973
2045 0.7155425219941349
2046 0.7156814851001465
2047 0.7158203125
2048 0.7154709614446071
2049 0.715609756097561
2050 0.7152608483666504
2051 0.7149122807017544
2052 0.7150511446663419
2053 0.7151898734177216
2054 0.7148418491484185
2055 0.7149805447470817
2056 0.715119105493437
2057 0.7152575315840622
2058 0.7153958232151529
2059 0.7155339805825243
2060 0.7156720038816109
2061 0.7158098933074685
2062 0.7154629180804654
2063 0.7156007751937985
2064 0.7157384987893463
2065 0.7158760890609874
2066 0.7160135462022255
2067 0.7161508704061895
2068 0.7162880618656355
2069 0.7159420289855073
2070 0.7160791887976823
2071 0.7162162162162162
2072 0.7163531114327062
2073 0.71648987463838
2074 0.7161445783132531
2075 0.7162813102119461
2076 0.7164179104477612
2077 0.7165543792107796
2078 0.7166907166907167
2079 0.7168269230769231
2080 0.7164824603555983
2081 0.7166186359269933
2082 0.7162746039366299
2083 0.7164107485604606
2084 0.7165467625899281
2085 0.7166826462128476
2086 0.7168183996166747
2087 0.7164750957854407
2088 0.7161321206318813
2089 0.716267942583732
2090 0.7164036346245816
2091 0.7160611854684512
2092 0.7161968466316292
2093 0.7158548233046801
2094 0.7159904534606205
2095 0.7156488549618321
2096 0.7153075822603719
2097 0.715443279313632
2098 0.7151024297284421
2099 0.7152380952380952
2100 0.7153736316039981
2101 0.7155090390104663
2102 0.7156443176414645
2103 0.7153041825095057
2104 0.7154394299287411
2105 0.7155745489078822
2106 0.7152349311817751
2107 0.7148956356736242
2108 0.7145566619250829
2109 0.7146919431279621
2110 0.7148270961629559
2111 0.7149621212121212
2112 0.7150970184571699
2113 0.7152317880794702
2114 0.7148936170212766
2115 0.7150283553875236
2116 0.7151629664619745
2117 0.7152974504249292
2118 0.7149598867390279
2119 0.714622641509434
2120 0.7142857142857143
2121 0.7144203581526861
2122 0.7140838436175224
2123 0.7137476459510358
2124 0.7138823529411765
2125 0.7140169332079022
2126 0.7141513869299483
2127 0.7142857142857143
2128 0.7144199154532644
2129 0.7140845070422536
2130 0.7142186766776162
2131 0.7143527204502814
2132 0.7144866385372715
2133 0.7146204311152765
2134 0.7147540983606557
2135 0.7148876404494382
2136 0.7150210575573234
2137 0.715154349859682
2138 0.7152875175315568
2139 0.7154205607476636
2140 0.7150864082204578
2141 0.715219421101774
2142 0.7153523098460103
2143 0.7154850746268657
2144 0.7156177156177156
2145 0.7152842497670084
2146 0.7154168607359106
2147 0.7155493482309124
2148 0.7152163797114938
2149 0.7148837209302326
2150 0.7150162715016272
2151 0.7151486988847584
2152 0.7152810032512773
2153 0.7154131847725163
2154 0.7155452436194896
2155 0.7156771799628943
2156 0.7158089939731108
2157 0.7154772937905468
2158 0.715145900880037
2159 0.7152777777777778
2160 0.7154095326237853
2161 0.7155411655874191
2162 0.7156726768377254
2163 0.7158040665434381
2164 0.7159353348729792
2165 0.7156048014773777
2166 0.7157360406091371
2167 0.7158671586715867
2168 0.7155371138773629
2169 0.715668202764977
2170 0.7157991708889913
2171 0.7159300184162063
2172 0.7160607455131155
2173 0.7161913523459061
2174 0.7158620689655173
2175 0.7155330882352942
2176 0.7156637574644006
2177 0.7157943067033976
2178 0.7159247361174851
2179 0.7155963302752294
2180 0.7157267308574049
2181 0.7153987167736022
2182 0.7155290884104444
2183 0.7156593406593407
2184 0.7157894736842105
2185 0.7159194876486734
2186 0.7155921353452218
2187 0.7152650822669104
2188 0.7153951576062129
2189 0.7155251141552511
2190 0.7151985394796896
2191 0.7148722627737226
2192 0.7150022799817601
2193 0.7146763901549681
2194 0.7148063781321184
2195 0.714936247723133
2196 0.7150659990896677
2197 0.7147406733393995
2198 0.7148703956343793
2199 0.715
2200 0.7151294865970014
2201 0.7148047229791099
2202 0.7149341806627326
2203 0.7150635208711433
2204 0.7151927437641723
2205 0.7153218495013599
2206 0.7149977344811962
2207 0.7151268115942029
2208 0.7148030783159801
2209 0.7144796380090498
2210 0.7141564902758932
2211 0.7142857142857143
2212 0.7144148215092635
2213 0.7140921409214093
2214 0.7142212189616253
2215 0.7143501805054152
2216 0.7144790257104194
2217 0.7141568981064021
2218 0.7142857142857143
2219 0.7144144144144144
2220 0.7145429986492571
2221 0.7146714671467147
2222 0.7147998200629779
2223 0.7144784172661871
2224 0.7146067415730337
2225 0.7147349505840072
2226 0.714863044454423
2227 0.7149910233393177
2228 0.71511888739345
2229 0.7152466367713004
2230 0.715374271627073
2231 0.7155017921146953
2232 0.7156291983878191
2233 0.7157564905998209
2234 0.7154362416107383
2235 0.7155635062611807
2236 0.715690657130085
2237 0.7158176943699732
2238 0.7159446181330952
2239 0.7160714285714286
2240 0.7157518964747881
2241 0.715878679750223
2242 0.7160053499777084
2243 0.7156862745098039
2244 0.7153674832962138
2245 0.7150489759572574
2246 0.7147307521139297
2247 0.7148576512455516
2248 0.7149844375277902
2249 0.7151111111111111
2250 0.715237672145713
2251 0.7153641207815276
2252 0.7154904571682201
2253 0.7156166814551908
2254 0.7157427937915742
2255 0.7158687943262412
2256 0.7155516171909615
2257 0.7156775907883083
2258 0.715360779105799
2259 0.7154867256637168
2260 0.7156125608137992
2261 0.715738284703802
2262 0.7158638974812196
2263 0.715547703180212
2264 0.7156732891832229
2265 0.7153574580759047
2266 0.7150419056021173
2267 0.7151675485008818
2268 0.7152930806522697
2269 0.714977973568282
2270 0.7151034786437692
2271 0.7152288732394366
2272 0.7153541575010999
2273 0.7154793315743184
2274 0.7156043956043956
2275 0.7157293497363796
2276 0.7158541941150637
2277 0.7155399473222125
2278 0.7156647652479158
2279 0.7153508771929824
2280 0.7154756685664182
2281 0.7151621384750219
2282 0.7148488830486203
2283 0.7149737302977233
2284 0.7146608315098468
2285 0.7147856517935258
2286 0.714910362920857
2287 0.7145979020979021
2288 0.7147225862822193
2289 0.7148471615720524
2290 0.7149716281099956
2291 0.7150959860383944
2292 0.7152202354993459
2293 0.7153443766346992
2294 0.7154684095860566
2295 0.7151567944250871
2296 0.7152808010448412
2297 0.7154046997389034
2298 0.7155284906481079
2299 0.7152173913043478
2300 0.7149065623641895
2301 0.7145960034752389
2302 0.7147199305254016
2303 0.71484375
2304 0.7149674620390456
2305 0.7146574154379879
2306 0.7147811009969658
2307 0.7149046793760832
2308 0.715028150714595
2309 0.7151515151515152
2310 0.7152747728256166
2311 0.7153979238754326
2312 0.7155209684392564
2313 0.7156439066551427
2314 0.7157667386609071
2315 0.7158894645941278
2316 0.7155804920155373
2317 0.7157031924072477
2318 0.7158257869771453
2319 0.715948275862069
2320 0.7160706591986212
2321 0.7161929371231697
2322 0.7163151097718468
2323 0.7164371772805508
2324 0.7165591397849462
2325 0.7166809974204643
2326 0.7168027503223035
2327 0.7169243986254296
2328 0.7170459424645771
2329 0.7171673819742489
2330 0.7168597168597168
2331 0.7165523156089194
2332 0.7162451778825546
2333 0.7159383033419023
2334 0.7160599571734475
2335 0.716181506849315
2336 0.7163029525032092
2337 0.7164242942686057
2338 0.7165455322787516
2339 0.7166666666666667
2340 0.7167876975651432
2341 0.7169086251067464
2342 0.7166026461801109
2343 0.7167235494880546
2344 0.7168443496801705
2345 0.716538789428815
2346 0.7162334895611419
2347 0.7163543441226575
2348 0.7160493827160493
2349 0.7161702127659575
2350 0.7158655891110166
2351 0.7155612244897959
2352 0.7156821079473014
2353 0.715802888700085
2354 0.7159235668789808
2355 0.716044142614601
2356 0.7161646160373356
2357 0.7162849872773537
2358 0.7159813480288257
2359 0.7161016949152542
2360 0.7157983905124947
2361 0.7159187129551228
2362 0.7160389335590351
2363 0.7161590524534687
2364 0.7158562367864694
2365 0.7155536770921387
2366 0.7156738487536967
2367 0.715793918918919
2368 0.715913887716336
2369 0.7160337552742616
2370 0.7157317587515816
2371 0.7158516020236088
2372 0.7159713442899284
2373 0.7160909856781803
2374 0.7162105263157895
2375 0.7159090909090909
2376 0.7160286074884308
2377 0.716148023549201
2378 0.7162673392181589
2379 0.7163865546218487
2380 0.7165056698866022
2381 0.716624685138539
2382 0.7167436005035669
2383 0.7168624161073825
2384 0.7169811320754716
2385 0.7166806370494552
2386 0.7163803937997486
2387 0.716499162479062
2388 0.7166178317287568
2389 0.7163179916317992
2390 0.7164366373902133
2391 0.7161371237458194
2392 0.7162557459256164
2393 0.7159565580618212
2394 0.7160751565762005
2395 0.7161936560934892
2396 0.7163120567375887
2397 0.7160133444537115
2398 0.7161317215506461
2399 0.71625
2400 0.7159516867971678
2401 0.7160699417152373
2402 0.7157719517270079
2403 0.7158901830282862
2404 0.716008316008316
2405 0.71571072319202
2406 0.715828832571666
2407 0.715531561461794
2408 0.7156496471564965
2409 0.7157676348547718
2410 0.7158855246785566
2411 0.7155887230514096
2412 0.7152921674264401
2413 0.7154101077050539
2414 0.715527950310559
2415 0.7156456953642384
2416 0.7153496069507654
2417 0.7154673283705542
2418 0.7155849524596941
2419 0.715702479338843
2420 0.7158199091284593
2421 0.7155243600330305
2422 0.7156417664052827
2423 0.7157590759075908
2424 0.7154639175257732
2425 0.7155812036273702
2426 0.715698393077874
2427 0.7154036243822076
2428 0.7155207904487444
2429 0.7152263374485597
2430 0.7149321266968326
2431 0.7146381578947368
2432 0.7147554459515002
2433 0.714872637633525
2434 0.7149897330595483
2435 0.7151067323481116
2436 0.714813295034879
2437 0.7149302707136997
2438 0.7150471504715047
2439 0.7151639344262295
2440 0.7152806226956165
2441 0.7153972153972153
2442 0.7155137126483831
2443 0.7156301145662848
2444 0.7157464212678937
2445 0.7154538021259199
2446 0.7155700858193706
2447 0.7156862745098039
2448 0.7158023683135973
2449 0.7159183673469388
2450 0.7160342717258262
2451 0.715742251223491
2452 0.7154504688136976
2453 0.715158924205379
2454 0.7152749490835031
2455 0.7149837133550488
2456 0.7146927146927147
2457 0.7144019528071603
2458 0.7145180967873119
2459 0.7146341463414634
2460 0.7143437626980902
2461 0.7144597887896019
2462 0.7145757206658546
2463 0.7146915584415584
2464 0.7148073022312373
2465 0.7149229521492295
2466 0.7150385083096878
2467 0.7151539708265803
2468 0.7152693398136898
2469 0.7153846153846154
2470 0.7154997976527722
2471 0.7156148867313916
2472 0.715729882733522
2473 0.7158447857720291
2474 0.7159595959595959
2475 0.7160743134087237
2476 0.7161889382317319
2477 0.7158999192897498
2478 0.7156111335215812
2479 0.7157258064516129
2480 0.7158403869407497
2481 0.7159548751007252
2482 0.716069271043093
2483 0.716183574879227
2484 0.716297786720322
2485 0.7160096540627514
2486 0.7161238439887414
2487 0.7162379421221865
2488 0.7159501807955002
2489 0.7160642570281125
2490 0.7161782416700121
2491 0.7162921348314607
2492 0.7164059366225431
2493 0.7161186848436247
2494 0.7162324649298597
2495 0.7163461538461539
2496 0.7164597517020425
2497 0.7165732586068855
2498 0.7166866746698679
2499 0.7168
2500 0.7165133946421431
2501 0.7162270183852918
2502 0.7163403915301638
2503 0.7160543130990416
2504 0.7157684630738523
2505 0.7154828411811652
2506 0.7155963302752294
2507 0.7157097288676236
2508 0.7154244719011559
2509 0.7155378486055777
2510 0.7156511350059738
2511 0.7157643312101911
2512 0.7154795065658576
2513 0.7155926809864758
2514 0.7157057654075547
2515 0.715818759936407
2516 0.7155343663090982
2517 0.715647339158062
2518 0.7157602223104407
2519 0.7154761904761905
2520 0.7155890519635065
2521 0.7157018239492466
2522 0.7158145065398336
2523 0.7155309033280507
2524 0.7156435643564356
2525 0.715360253365004
2526 0.7154728927582114
2527 0.7155854430379747
2528 0.7156979043100039
2529 0.7154150197628458
2530 0.715527459502173
2531 0.7156398104265402
2532 0.7157520726411369
2533 0.7158642462509865
2534 0.7155818540433925
2535 0.7156940063091483
2536 0.7158060701616082
2537 0.7159180457052797
2538 0.7160299330445057
2539 0.7161417322834646
2540 0.7162534435261708
2541 0.7163650668764752
2542 0.7164766024380653
2543 0.7165880503144654
2544 0.7166994106090373
2545 0.7168106834249803
2546 0.7169218688653317
2547 0.717032967032967
2548 0.7171439780306003
2549 0.7172549019607843
2550 0.7173657389259114
2551 0.7174764890282131
2552 0.7175871523697611
2553 0.7176977290524668
2554 0.7174168297455968
2555 0.7171361502347418
2556 0.7172467735627689
2557 0.7173573103987491
2558 0.7174677608440797
2559 0.7171875
2560 0.7172979304959001
2561 0.717408274785324
2562 0.7171283651970347
2563 0.7168486739469578
2564 0.7169590643274854
2565 0.7170693686671863
2566 0.7167900272691858
2567 0.7169003115264797
2568 0.7170105099260412
2569 0.7171206225680934
2570 0.7172306495527032
2571 0.7169517884914464
2572 0.7166731441896619
2573 0.7163947163947164
2574 0.7165048543689321
2575 0.7166149068322981
2576 0.716336825766395
2577 0.7160589604344453
2578 0.7161690577743312
2579 0.7162790697674418
2580 0.7163889965129795
2581 0.7161115414407436
2582 0.716221447928765
2583 0.7163312693498453
2584 0.716441005802708
2585 0.7161639597834494
2586 0.716273676072671
2587 0.7163833075734157
2588 0.7161066048667439
2589 0.7158301158301158
2590 0.7159397915862601
2591 0.7160493827160493
2592 0.716158889317393
2593 0.7162683114880494
2594 0.7163776493256262
2595 0.7164869029275809
2596 0.7165960723912206
2597 0.716320246343341
2598 0.7164293959215082
2599 0.7161538461538461
2600 0.7162629757785467
2601 0.7159877017678709
2602 0.7157126392623896
2603 0.7158218125960062
2604 0.7159309021113244
2605 0.7156561780506523
2606 0.715765247410817
2607 0.7154907975460123
2608 0.7152165580682254
2609 0.7149425287356321
2610 0.7150517043278437
2611 0.7151607963246555
2612 0.7152698048220436
2613 0.7153787299158378
2614 0.7151051625239006
2615 0.7152140672782875
2616 0.715322888803974
2617 0.7154316271963331
2618 0.7155402825505919
2619 0.7156488549618321
2620 0.7157573445249905
2621 0.7154843630816171
2622 0.7155928326343881
2623 0.7157012195121951
2624 0.7158095238095238
2625 0.715917745620716
2626 0.7156452226874762
2627 0.7157534246575342
2628 0.7158615443134272
2629 0.7155893536121672
2630 0.7156974534397568
2631 0.71580547112462
2632 0.7159134067603494
2633 0.7160212604403948
2634 0.7157495256166982
2635 0.7158573596358119
2636 0.7159651118695487
2637 0.7160727824109173
2638 0.7161803713527851
2639 0.7159090909090909
2640 0.7160166603559258
2641 0.7161241483724451
2642 0.7162315550510783
2643 0.716338880484115
2644 0.7164461247637051
2645 0.7161753590325018
2646 0.7159047978843974
2647 0.7156344410876133
2648 0.7157417893544734
2649 0.7158490566037736
2650 0.7159562429271973
2651 0.7156862745098039
2652 0.715793441387109
2653 0.7159005275056518
2654 0.7160075329566855
2655 0.7161144578313253
2656 0.7162213022205495
2657 0.7163280662151994
2658 0.7164347499059797
2659 0.7165413533834587
2660 0.7166478767380684
2661 0.7167543200601052
2662 0.7164851671047691
2663 0.7162162162162162
2664 0.7163227016885554
2665 0.7164291072768192
2666 0.7165354330708661
2667 0.7162668665667167
2668 0.7159985013113526
2669 0.7161048689138577
2670 0.7158367652564582
2671 0.7159431137724551
2672 0.7156752712308267
2673 0.7157816005983545
2674 0.7158878504672898
2675 0.7156203288490284
2676 0.7153530070974972
2677 0.7154592979835698
2678 0.7155655095184771
2679 0.7152985074626865
2680 0.7150317045878404
2681 0.715137956748695
2682 0.7152441297055535
2683 0.7153502235469449
2684 0.7154562383612663
2685 0.7151898734177216
2686 0.7149237067361369
2687 0.7150297619047619
2688 0.7151357381926366
2689 0.7152416356877324
2690 0.7153474544778893
2691 0.7154531946508172
2692 0.7155588562940958
2693 0.7156644394951744
2694 0.7157699443413729
2695 0.7158753709198813
2696 0.7159807193177605
2697 0.7157153446997776
2698 0.7158206743238237
2699 0.715925925925926
2700 0.7160310995927435
2701 0.7161361954108069
2702 0.7162412134665187
2703 0.7163461538461539
2704 0.7164510166358595
2705 0.7161862527716186
2706 0.7162910971555227
2707 0.7163958641063516
2708 0.716500553709856
2709 0.7166051660516605
2710 0.716709701217263
2711 0.7168141592920354
2712 0.7169185403612237
2713 0.7166543846720708
2714 0.7167587476979742
2715 0.7168630338733432
2716 0.7169672432830327
2717 0.7167034584253127
2718 0.7168076498712762
2719 0.7165441176470588
2720 0.7166482910694597
2721 0.7167523879500367
2722 0.7164891663606316
2723 0.7162261380323054
2724 0.7163302752293578
2725 0.7160674981658107
2726 0.7161716171617162
2727 0.7159090909090909
2728 0.7160131916452913
2729 0.7161172161172161
2730 0.7162211644086415
2731 0.7163250366032211
2732 0.7164288327844859
2733 0.716532553035845
2734 0.716636197440585
2735 0.7167397660818714
2736 0.7168432590427475
2737 0.7169466764061359
2738 0.7170500182548375
2739 0.7167883211678832
2740 0.716891645384896
2741 0.7166301969365426
2742 0.7167335034633613
2743 0.7164723032069971
2744 0.7165755919854281
2745 0.7166788055353241
2746 0.7167819439388424
2747 0.7165211062590975
2748 0.7166242269916333
2749 0.7167272727272728
2750 0.7164667393675027
2751 0.7165697674418605
2752 0.7163094805666546
2753 0.7160493827160493
2754 0.7161524500907441
2755 0.716255442670537
2756 0.7163583605368153
2757 0.7164612037708484
2758 0.7165639724537876
2759 0.7166666666666667
2760 0.7167692864904021
2761 0.7165097755249819
2762 0.7162504524068042
2763 0.7159913169319826
2764 0.7160940325497287
2765 0.7158351409978309
2766 0.7155764365739068
2767 0.715679190751445
2768 0.7157818707114482
2769 0.715884476534296
2770 0.7159870083002526
2771 0.7160894660894661
2772 0.71583122971511
2773 0.7159336697909157
2774 0.7156756756756757
2775 0.715778097982709
2776 0.715880446525027
2777 0.7159827213822895
2778 0.716084922634041
2779 0.7158273381294964
2780 0.7159295217547644
2781 0.7160316319194824
2782 0.7161336687028387
2783 0.7162356321839081
2784 0.7163375224416517
2785 0.7160804020100503
2786 0.7161822748475063
2787 0.716284074605452
2788 0.7163858013624955
2789 0.7164874551971326
2790 0.7165890361877463
2791 0.7166905444126075
2792 0.7167919799498746
2793 0.7168933428775949
2794 0.716994633273703
2795 0.7170958512160229
2796 0.7168394708616375
2797 0.7169406719085061
2798 0.7170418006430869
2799 0.7171428571428572
2800 0.7172438414851838
2801 0.7173447537473233
2802 0.7174455940064217
2803 0.7171897289586305
2804 0.7172905525846702
2805 0.7170349251603706
2806 0.7171357320983256
2807 0.7172364672364673
2808 0.7173371306514774
2809 0.7170818505338078
2810 0.7171824973319103
2811 0.716927453769559
2812 0.7170280838961962
2813 0.716773276474769
2814 0.716873889875666
2815 0.7169744318181818
2816 0.7167199148029819
2817 0.7164655784244145
2818 0.716566158212132
2819 0.7166666666666667
2820 0.7164126196384261
2821 0.7165131112686038
2822 0.7166135317038611
2823 0.71671388101983
2824 0.7168141592920354
2825 0.7169143665958952
2826 0.7170145030067209
2827 0.7171145685997171
2828 0.7172145634499824
2829 0.7169611307420495
2830 0.7170611091487107
2831 0.7171610169491526
2832 0.7172608542181433
2833 0.7170077628793226
2834 0.7171075837742504
2835 0.7168547249647391
2836 0.7169545294324992
2837 0.7167019027484144
2838 0.7168016907361747
2839 0.7165492957746479
2840 0.7166490672298487
2841 0.7167487684729064
2842 0.7168483995779107
2843 0.7165963431786216
2844 0.7166959578207381
2845 0.7164441321152495
2846 0.7165437302423604
2847 0.7162921348314607
2848 0.7163917163917164
2849 0.7164912280701754
2850 0.7165906699403718
2851 0.7166900420757363
2852 0.7167893445495969
2853 0.7168885774351786
2854 0.7166374781085815
2855 0.7167366946778712
2856 0.7168358417920896
2857 0.7169349195241428
2858 0.7170339279468345
2859 0.7171328671328672
2860 0.717231737154841
2861 0.717330538085255
2862 0.7174292699965071
2863 0.7171787709497207
2864 0.7172774869109948
2865 0.7170272156315423
2866 0.7171259155912103
2867 0.7168758716875872
2868 0.7169745555942837
2869 0.7170731707317073
2870 0.7168234064785789
2871 0.7169220055710307
2872 0.7170205360250609
2873 0.7167710508002784
2874 0.7168695652173913
2875 0.7169680111265647
2876 0.7170663885992353
2877 0.7171646977067407
2878 0.7172629385203195
2879 0.7173611111111111
2880 0.7174592155501562
2881 0.7172102706453851
2882 0.7173083593479015
2883 0.7174063800277393
2884 0.717157712305026
2885 0.7172557172557172
2886 0.717353654312435
2887 0.7174515235457064
2888 0.7172031844929041
2889 0.7173010380622837
2890 0.7173988239363542
2891 0.7174965421853389
2892 0.717594192879364
2893 0.7176917760884589
2894 0.7177892918825561
2895 0.7178867403314917
2896 0.7179841215050051
2897 0.7180814354727398
2898 0.7181786823042429
2899 0.7182758620689655
2900 0.7180282661151327
2901 0.7177808407994487
2902 0.7178780571822253
2903 0.7176308539944903
2904 0.7177280550774526
2905 0.7174810736407433
2906 0.717578259373925
2907 0.71767537826685
2908 0.7177724303884496
2909 0.7178694158075601
2910 0.7179663345929234
2911 0.7180631868131868
2912 0.717816683831102
2913 0.7179135209334249
2914 0.7180102915951972
2915 0.717764060356653
2916 0.7178608159067535
2917 0.7179575051405072
2918 0.7180541281260706
2919 0.7178082191780822
2920 0.717904827114002
2921 0.7180013689253936
2922 0.7180978446801232
2923 0.7181942544459644
2924 0.7182905982905983
2925 0.7183868762816131
2926 0.718483088486505
2927 0.7185792349726776
2928 0.7186753158074428
2929 0.7184300341296929
2930 0.7185261003070624
2931 0.7186221009549796
2932 0.7187180361404705
2933 0.7188139059304703
2934 0.7189097103918228
2935 0.7190054495912807
2936 0.7187606401089547
2937 0.718856364874064
2938 0.7189520244981286
2939 0.719047619047619
2940 0.7191431485889154
2941 0.7192386131883073
2942 0.7189942235813795
2943 0.7190896739130435
2944 0.7188455008488964
2945 0.718601493550577
2946 0.7183576518493383
2947 0.7184531886024423
2948 0.7185486605629027
2949 0.7186440677966102
2950 0.7187394103693663
2951 0.7188346883468835
2952 0.718929901794785
2953 0.7190250507786052
2954 0.7191201353637902
2955 0.7192151556156969
2956 0.7193101115995942
2957 0.7190669371196755
2958 0.7188239270023656
2959 0.7189189189189189
2960 0.7190138466734212
2961 0.7191087103308575
2962 0.7192035099561256
2963 0.7189608636977058
2964 0.7190556492411467
2965 0.7191503708698584
2966 0.7189079878665319
2967 0.7190026954177897
2968 0.7187605254294375
2969 0.7188552188552189
2970 0.718613261528105
2971 0.7187079407806191
2972 0.7184661957618567
2973 0.7182246133154001
2974 0.7183193277310924
2975 0.7180779569892473
2976 0.7181726570372858
2977 0.7182672934855607
2978 0.7180261832829808
2979 0.7181208053691275
2980 0.7182153639718215
2981 0.7183098591549296
2982 0.7184042909822327
2983 0.7184986595174263
2984 0.7185929648241206
2985 0.7186872069658405
2986 0.7187813860060261
2987 0.7188755020080321
2988 0.7186349949815992
2989 0.7183946488294315
2990 0.7184887997325309
2991 0.7185828877005348
2992 0.7183427998663549
2993 0.718436873747495
2994 0.7185308848080133
2995 0.7186248331108144
2996 0.7187187187187187
2997 0.718812541694463
2998 0.7189063021007003
2999 0.7186666666666667
3000 0.7187604131956015
3001 0.7188540972684877
3002 0.7189477189477189
3003 0.7187083888149135
3004 0.718801996672213
3005 0.7188955422488357
3006 0.7189890256069172
3007 0.71875
3008 0.7188434695912264
3009 0.718936877076412
3010 0.7186981069412155
3011 0.7187915006640107
3012 0.7188848323929639
3013 0.718978102189781
3014 0.7187396351575456
3015 0.7188328912466844
3016 0.7189260855154127
3017 0.7190192180251822
3018 0.7191122888373633
3019 0.7192052980132451
3020 0.7192982456140351
3021 0.7190602250165453
3022 0.7191531591134634
3023 0.7192460317460317
3024 0.7193388429752066
3025 0.7194315928618639
3026 0.7195242814667988
3027 0.7192866578599736
3028 0.7193793331132387
3029 0.7194719471947195
3030 0.7192345760475091
3031 0.7193271767810027
3032 0.7190900098911969
3033 0.7188529993408043
3034 0.7189456342668863
3035 0.7187088274044796
3036 0.7188014487981561
3037 0.7188940092165899
3038 0.7189865087199737
3039 0.719078947368421
3040 0.7191713252219665
3041 0.7189349112426036
3042 0.7186986526454157
3043 0.7184625492772667
3044 0.7185550082101806
3045 0.7186474064346684
3046 0.7187397440105021
3047 0.7188320209973753
3048 0.718596261069203
3049 0.7183606557377049
3050 0.7184529662405769
3051 0.7185452162516383
3052 0.7186374058303309
3053 0.7184020956123117
3054 0.7184942716857611
3055 0.7185863874345549
3056 0.718351324828263
3057 0.7181164159581426
3058 0.7182085648904871
3059 0.7183006535947712
3060 0.7180659915060438
3061 0.7181580666231221
3062 0.7182500816193275
3063 0.7183420365535248
3064 0.7181076672104405
3065 0.7181996086105675
3066 0.7182914900554288
3067 0.7180573663624511
3068 0.7181492342782665
3069 0.7182410423452769
3070 0.7180071637902963
3071 0.7177734375
3072 0.7178652782297429
3073 0.717957059206246
3074 0.7177235772357724
3075 0.717815344603381
3076 0.7179070523236919
3077 0.7179987004548408
3078 0.7177655082819097
3079 0.7178571428571429
3080 0.717948717948718
3081 0.7177157689811811
3082 0.7178073305222186
3083 0.7178988326848249
3084 0.7179902755267423
3085 0.7180816591056384
3086 0.7178490443796566
3087 0.717940414507772
3088 0.7180317254775008
3089 0.7181229773462783
3090 0.7182141701714655
3091 0.7183053040103493
3092 0.7183963789201423
3093 0.718164188752424
3094 0.7182552504038773
3095 0.7180232558139535
3096 0.7177914110429447
3097 0.7178825048418335
3098 0.717973539851565
3099 0.7180645161290322
3100 0.7178329571106095
3101 0.7179239200515797
3102 0.7180148243635192
3103 0.7181056701030928
3104 0.7181964573268921
3105 0.7182871860914359
3106 0.7183778564531703
3107 0.7181467181467182
3108 0.717915728530074
3109 0.7180064308681672
3110 0.718097074895532
3111 0.7181876606683805
3112 0.7179569547060713
3113 0.7180475272960822
3114 0.7181380417335473
3115 0.7179075738125802
3116 0.7179980750721848
3117 0.7180885182809493
3118 0.7181789034947098
3119 0.7182692307692308
3120 0.7183595001602051
3121 0.7184497117232543
3122 0.7185398655139289
3123 0.7183098591549296
3124 0.71808
3125 0.7178502879078695
3126 0.7179405180684362
3127 0.7180306905370843
3128 0.7178012144455097
3129 0.7178913738019169
3130 0.7176620887895241
3131 0.7174329501915708
3132 0.7175231407596553
3133 0.7176132737715379
3134 0.7177033492822966
3135 0.7177933673469388
3136 0.7175645521198597
3137 0.7176545570427023
3138 0.7174259318254221
3139 0.717515923566879
3140 0.7176058580070042
3141 0.7176957352005092
3142 0.7177855552020362
3143 0.7178753180661578
3144 0.7179650238473768
3145 0.7180546726001271
3146 0.7181442643787734
3147 0.7179161372299873
3148 0.7176881549698317
3149 0.7177777777777777
3150 0.7175499841320215
3151 0.7176395939086294
3152 0.7177291468442752
3153 0.7178186429930248
3154 0.7175911251980983
3155 0.717680608365019
3156 0.7177700348432056
3157 0.7178594046865104
3158 0.7176321620766065
3159 0.7177215189873418
3160 0.7178108193609617
3161 0.7179000632511069
3162 0.71798925071135
3163 0.718078381795196
3164 0.7181674565560822
3165 0.7182564750473784
3166 0.7183454373223871
3167 0.7181186868686869
3168 0.7182076364783844
3169 0.7182965299684543
3170 0.718070009460738
3171 0.7181588902900379
3172 0.7182477150961235
3173 0.718336483931947
3174 0.7184251968503937
3175 0.718198992443325
3176 0.718287692791942
3177 0.7183763373190686
3178 0.7181503617489776
3179 0.7179245283018868
3180 0.7180132033951587
3181 0.7181018227529855
3182 0.7178762174049639
3183 0.717964824120603
3184 0.7180533751962324
3185 0.7181418706842435
3186 0.7182303106369626
3187 0.7180050188205772
3188 0.718093446221386
3189 0.7178683385579937
3190 0.7179567533688499
3191 0.7180451127819549
3192 0.7181334168493579
3193 0.7182216656230432
3194 0.7183098591549296
3195 0.718397997496871
3196 0.7181732874569909
3197 0.717948717948718
3198 0.7180368865270397
3199 0.7178125
3200 0.717900656044986
3201 0.7179887570268582
3202 0.7180768029971901
3203 0.7181647940074907
3204 0.7179407176287051
3205 0.718028696194635
3206 0.7181166198939819
3207 0.7182044887780549
3208 0.717980679339358
3209 0.7180685358255452
3210 0.7178449081283089
3211 0.7176214196762142
3212 0.7173980703392469
3213 0.7174859987554449
3214 0.7175738724727838
3215 0.7176616915422885
3216 0.7177494560149207
3217 0.7175264139216905
3218 0.7176141658900279
3219 0.7177018633540373
3220 0.7177895063644831
3221 0.7175667287399131
3222 0.7176543592925846
3223 0.717741935483871
3224 0.7178294573643411
3225 0.717606943583385
3226 0.7176944530523707
3227 0.7177819083023544
3228 0.7178693093837101
3229 0.7179566563467492
3230 0.7180439492417209
3231 0.7181311881188119
3232 0.7179090627899783
3233 0.7179962894248608
3234 0.717774343122102
3235 0.7175525339925835
3236 0.7176397899289465
3237 0.7177269919703521
3238 0.7178141401667181
3239 0.7179012345679012
3240 0.7179882752236963
3241 0.7180752621838371
3242 0.7178538390379279
3243 0.717940813810111
3244 0.7177195685670262
3245 0.7178065311152187
3246 0.7178934400985525
3247 0.7179802955665024
3248 0.7180670975684826
3249 0.7181538461538461
3250 0.7179329437096278
3251 0.718019680196802
3252 0.7181063633569014
3253 0.7181929932390904
3254 0.7182795698924731
3255 0.7180589680589681
3256 0.7181455326988025
3257 0.7182320441988951
3258 0.718318502608162
3259 0.7184049079754601
3260 0.7181846059490954
3261 0.7179644389944819
3262 0.7180508734293595
3263 0.7181372549019608
3264 0.7182235834609495
3265 0.7183098591549296
3266 0.7183960820324456
3267 0.7184822521419829
3268 0.7182624655858061
3269 0.7180428134556575
3270 0.7181290125343932
3271 0.7179095354523227
3272 0.717995722578674
3273 0.7180818570555895
3274 0.7178625954198473
3275 0.717948717948718
3276 0.7180347879157766
3277 0.7181208053691275
3278 0.7182067703568161
3279 0.7179878048780488
3280 0.7180737580006096
3281 0.7178549664838513
3282 0.7179409077063661
3283 0.7177222898903776
3284 0.7178082191780822
3285 0.7178940961655508
3286 0.7179799209005172
3287 0.718065693430657
3288 0.7181514138035877
3289 0.7179331306990882
3290 0.718018839258584
3291 0.7178007290400972
3292 0.7178864257515943
3293 0.7179720704310868
3294 0.7177541729893778
3295 0.7178398058252428
3296 0.7179253867151957
3297 0.717707701637356
3298 0.7174901485298575
3299 0.7172727272727273
3300 0.7173583762496213
3301 0.7174439733494852
3302 0.7175295186194369
3303 0.7173123486682809
3304 0.7173978819969743
3305 0.7174833635813672
3306 0.7175687934684004
3307 0.7173518742442564
3308 0.7171350861287398
3309 0.7172205438066466
3310 0.7173059498640894
3311 0.717391304347826
3312 0.7174766073045578
3313 0.7175618587809294
3314 0.7176470588235294
3315 0.7177322074788902
3316 0.7175158275550196
3317 0.7176009644364075
3318 0.7176860500150648
3319 0.7174698795180723
3320 0.717554953327311
3321 0.7176399759181216
3322 0.7174240144447788
3323 0.717208182912154
3324 0.7172932330827068
3325 0.717077570655442
3326 0.7171626089570183
3327 0.7172475961538461
3328 0.7173325322919796
3329 0.7174174174174174
3330 0.7172020414290003
3331 0.7169867947178872
3332 0.7170717071707171
3333 0.7171565686862628
3334 0.7172413793103448
3335 0.7170263788968825
3336 0.717111177704525
3337 0.7171959257040144
3338 0.7172806229410003
3339 0.7173652694610778
3340 0.7171505537264292
3341 0.7172351885098743
3342 0.717319772659288
3343 0.7174043062200957
3344 0.7171898355754858
3345 0.7172743574417214
3346 0.7173588288019122
3347 0.7174432497013142
3348 0.7175276201851299
3349 0.7176119402985075
3350 0.717397791703969
3351 0.7171837708830548
3352 0.7172681181031911
3353 0.7170542635658915
3354 0.7171385991058122
3355 0.717222884386174
3356 0.7173071194518915
3357 0.717391304347826
3358 0.7174754391187853
3359 0.7175595238095238
3360 0.7176435584647426
3361 0.7174301011302796
3362 0.7175141242937854
3363 0.7175980975029727
3364 0.7176820208023774
3365 0.7174688057040999
3366 0.7175527175527175
3367 0.7176365795724465
3368 0.717720391807658
3369 0.7178041543026706
3370 0.7175912192227826
3371 0.7176749703440095
3372 0.7177586718055143
3373 0.7178423236514523
3374 0.717925925925926
3375 0.7177132701421801
3376 0.7177968611193367
3377 0.7178804026050918
3378 0.7179638946433856
3379 0.7177514792899409
3380 0.7175391895888791
3381 0.7176227084565346
3382 0.7174105823233816
3383 0.7174940898345153
3384 0.7175775480059084
3385 0.7173656231541642
3386 0.7174490699734278
3387 0.7172373081463991
3388 0.7170256712894659
3389 0.7171091445427729
3390 0.7168976703037452
3391 0.7169811320754716
3392 0.7170645446507515
3393 0.7171479080730702
3394 0.7172312223858616
3395 0.7173144876325088
3396 0.7171033264645276
3397 0.7171865803413773
3398 0.7172697852309503
3399 0.7173529411764706
3400 0.7171420170538078
3401 0.7172251616696061
3402 0.7170143990596533
3403 0.7170975323149236
3404 0.7171806167400882
3405 0.7172636523781561
3406 0.7170531259172293
3407 0.7171361502347418
3408 0.7172191258433558
3409 0.717008797653959
3410 0.7170917619466433
3411 0.7171746776084408
3412 0.7169645473190741
3413 0.7170474516695958
3414 0.7171303074670571
3415 0.7172131147540983
3416 0.7172958735733099
3417 0.7170860152135752
3418 0.7171687627961392
3419 0.7172514619883041
3420 0.7170418006430869
3421 0.717124488603156
3422 0.717207128250073
3423 0.7172897196261683
3424 0.7170802919708029
3425 0.7168709865732633
3426 0.7169536037350452
3427 0.7170361726954493
3428 0.7168270632837562
3429 0.7169096209912537
3430 0.716700670358496
3431 0.7167832167832168
3432 0.7168657151179726
3433 0.7169481654047758
3434 0.7170305676855895
3435 0.7171129220023282
3436 0.7171952283968577
3437 0.7169866201279814
3438 0.7170689153823786
3439 0.7168604651162791
3440 0.7166521360069747
3441 0.7167344567112144
3442 0.7165262852163811
3443 0.7166085946573751
3444 0.7166908563134978
3445 0.7167730702263494
3446 0.7168552364374818
3447 0.7169373549883991
3448 0.7170194259205567
3449 0.7168115942028985
3450 0.7168936540133295
3451 0.7166859791425261
3452 0.7167680278019114
3453 0.7168500289519398
3454 0.7169319826338639
3455 0.7170138888888888
3456 0.7170957477581719
3457 0.7168883747831116
3458 0.71697022260769
3459 0.7167630057803468
3460 0.7168448425310604
3461 0.7166377816291161
3462 0.7167196072769275
3463 0.7168013856812933
3464 0.7168831168831169
3465 0.7169648009232544
3466 0.7170464378425151
3467 0.7168396770472895
3468 0.7169213029691553
3469 0.7170028818443804
3470 0.7167963123019303
3471 0.716589861751152
3472 0.7166714655917075
3473 0.7167530224525043
3474 0.7165467625899281
3475 0.7166283084004603
3476 0.7167098073051481
3477 0.7167912593444509
3478 0.7168726645587813
3479 0.7169540229885057
3480 0.7167480609020397
3481 0.7168294083859851
3482 0.7166236003445305
3483 0.7164179104477612
3484 0.7162123385939742
3485 0.7162937464142284
3486 0.7163751075422999
3487 0.7161697247706422
3488 0.7159644597305819
3489 0.7160458452722063
3490 0.7161271841879118
3491 0.7162084765177549
3492 0.7162897223017464
3493 0.7160847166571265
3494 0.7161659513590845
3495 0.7162471395881007
3496 0.7160423219902774
3497 0.7158376214979989
3498 0.7156330380108602
3499 0.7157142857142857
3500 0.7157954870037132
3501 0.7158766419189034
3502 0.7159577504995718
3503 0.7160388127853882
3504 0.7158345221112696
3505 0.7156303479749002
3506 0.7154262902765897
3507 0.7155074116305588
3508 0.7155884867483614
3509 0.7156695156695156
3510 0.7157504984334947
3511 0.7155466970387244
3512 0.7156276686592656
3513 0.7157085941946499
3514 0.7157894736842105
3515 0.7155858930602957
3516 0.7153824282058573
3517 0.7154633314383172
3518 0.7152600170502984
3519 0.7150568181818182
3520 0.7148537347344505
3521 0.7146507666098807
3522 0.7147317627022424
3523 0.7148127128263337
3524 0.7148936170212766
3525 0.7146908678389109
3526 0.7147717607031472
3527 0.7148526077097506
3528 0.7146500425049589
3529 0.7147308781869688
3530 0.7148116680826961
3531 0.7148924122310306
3532 0.7146900651004812
3533 0.7147707979626485
3534 0.7148514851485148
3535 0.7149321266968326
3536 0.7150127226463104
3537 0.7148106274731487
3538 0.7146086465103136
3539 0.7146892655367232
3540 0.714769839028523
3541 0.7148503670242801
3542 0.7149308495625176
3543 0.7147291196388262
3544 0.7148095909732017
3545 0.7148900169204738
3546 0.7146884691288413
3547 0.7147688838782412
3548 0.7145674837982531
3549 0.7146478873239437
3550 0.7144466347507744
3551 0.714527027027027
3552 0.7146073740500986
3553 0.7146876758581879
3554 0.7144866385372715
3555 0.7145669291338582
3556 0.7146471745853247
3557 0.7147273749297358
3558 0.7148075302051138
3559 0.7148876404494382
3560 0.7146868857062623
3561 0.714486243683324
3562 0.7145663766488913
3563 0.7146464646464646
3564 0.714726507713885
3565 0.7148065058889512
3566 0.7148864592094197
3567 0.7149663677130045
3568 0.7147660409078174
3569 0.7145658263305322
3570 0.7146457574908989
3571 0.7147256438969765
3572 0.714805485586342
3573 0.7148852825965305
3574 0.7149650349650349
3575 0.7150447427293065
3576 0.7151244059267543
3577 0.7149245388485187
3578 0.7150041911148366
3579 0.714804469273743
3580 0.7146048589779391
3581 0.7146845337800112
3582 0.7144850683784538
3583 0.7145647321428571
3584 0.7146443514644352
3585 0.7147239263803681
3586 0.7145246724282129
3587 0.7143255295429208
3588 0.7141264976316523
3589 0.7142061281337048
3590 0.7142857142857143
3591 0.7143652561247216
3592 0.7144447536877261
3593 0.7145242070116862
3594 0.7146036161335187
3595 0.7146829810901001
3596 0.7144842924659438
3597 0.7142857142857143
3598 0.7143651014170603
3599 0.7144444444444444
3600 0.7145237434046098
3601 0.7146029983342588
3602 0.7144046627810158
3603 0.7142064372918979
3604 0.7142857142857143
3605 0.7143649473100389
3606 0.7141668976989187
3607 0.7142461197339246
3608 0.714325297866445
3609 0.714404432132964
3610 0.7144835225699252
3611 0.714562569213732
3612 0.7146415721007473
3613 0.7144438295517432
3614 0.7145228215767635
3615 0.714325221238938
3616 0.714404202377661
3617 0.7142067440574903
3618 0.7142857142857143
3619 0.7143646408839779
3620 0.7144435238884286
3621 0.7145223633351739
3622 0.7143251449075352
3623 0.7144039735099338
3624 0.7144827586206897
3625 0.714561500275786
3626 0.7146401985111662
3627 0.7147188533627343
3628 0.7145219068613943
3629 0.7146005509641873
3630 0.7146791517488296
3631 0.7144823788546255
3632 0.7142857142857143
3633 0.7143643368189323
3634 0.714442916093535
3635 0.7145214521452146
3636 0.7145999450096233
3637 0.7146783947223749
3638 0.7147568013190437
3639 0.7145604395604396
3640 0.7143641856632793
3641 0.71444261394838
3642 0.7142465001372496
3643 0.714324917672887
3644 0.7144032921810699
3645 0.714207350521119
3646 0.7140115163147792
3647 0.7138157894736842
3648 0.7136201699095642
3649 0.7134246575342466
3650 0.7135031498219666
3651 0.7133077765607886
3652 0.7133862578702437
3653 0.7134646962233169
3654 0.7135430916552667
3655 0.7136214442013129
3656 0.7136997538966365
3657 0.7137780207763805
3658 0.713582946160153
3659 0.7136612021857923
3660 0.7137394154602568
3661 0.7135445111960678
3662 0.7136227136227137
3663 0.7137008733624454
3664 0.713506139154161
3665 0.7133115111838516
3666 0.7133896918461958
3667 0.7131952017448201
3668 0.7132733714908694
3669 0.7133514986376022
3670 0.7131571778806864
3671 0.7132352941176471
3672 0.7133133678192214
3673 0.713119216113228
3674 0.7129251700680272
3675 0.7127312295973884
3676 0.7128093554528148
3677 0.7126155519303969
3678 0.71242185376461
3679 0.7122282608695653
3680 0.7123064384678076
3681 0.7123845736013037
3682 0.712191148520228
3683 0.7122692725298588
3684 0.7123473541383989
3685 0.7124253933803582
3686 0.7122321670735015
3687 0.7123101952277657
