0 1.0
1 0.49748743718592964
2 0.32998888926298775
3 0.5000252512499368
4 0.6020401987718
5 0.670044439581499
6 0.5714137085866402
7 0.49744937638249065
8 0.5555593010778739
9 0.6020401987718
10 0.5445177301269524
11 0.49659121379486154
12 0.5376928623007023
13 0.5729151395820806
14 0.5319755652249597
15 0.5634834023043381
16 0.5912769508362863
17 0.615975261266518
18 0.5805400438243046
19 0.6035755153925678
20 0.6244101211176152
21 0.6433439818378553
22 0.6606250235910717
23 0.6764598515310283
24 0.6460131870946256
25 0.617920387279785
26 0.6339973028967651
27 0.6489190916069558
28 0.6232526569667051
29 0.6377262598656934
30 0.651259255767308
31 0.6639398306435558
32 0.6758454813839585
33 0.6870445877191667
34 0.6975977146719442
35 0.7075586979329821
36 0.7169755532298153
37 0.7258912421111663
38 0.7035059115717646
39 0.6822537698048861
40 0.6620518897570283
41 0.6718662402619687
42 0.6812175146306617
43 0.6621565289186369
44 0.6714426749666935
45 0.6803183718703413
46 0.6888098245152621
47 0.670811599274574
48 0.6535618863156148
49 0.6623326061890519
50 0.6707523157285354
51 0.6788412725568032
52 0.6624029738690485
53 0.6465875522744717
54 0.6549100861473062
55 0.6629279968812315
56 0.6706573253607067
57 0.6781130063346902
58 0.6853089621563838
59 0.6922581871489952
60 0.6989728236732196
61 0.6839000410504307
62 0.6906385551002634
63 0.6760805145938185
64 0.6828336280149472
65 0.6893749901893391
66 0.6957140917039015
67 0.701859864999489
68 0.7078207248156491
69 0.6938089494043425
70 0.6998114040604988
71 0.6862230608043277
72 0.6922588746456516
73 0.679064445299603
74 0.6662377110567521
75 0.6724865460251874
76 0.6600048465987551
77 0.6478587905394405
78 0.6542852369093348
79 0.6424424725939918
80 0.6488623708187975
81 0.6373040772683084
82 0.6437147525125744
83 0.6499641540491006
84 0.6560579880899756
85 0.6620016955819022
86 0.6678004674504051
87 0.6734592588046531
88 0.6789828021846456
89 0.6843756199252476
90 0.672956329174632
91 0.6783770425895629
92 0.6836730873463238
93 0.6724876308839831
94 0.6615547200731686
95 0.650866431199753
96 0.6564726308432532
97 0.6459948143299469
98 0.6357453269207494
99 0.641490961860721
100 0.6471135042864208
101 0.6370220924126259
102 0.6426510603144656
103 0.6327395830570086
104 0.6383732160973631
105 0.6286328272790604
106 0.6342695613789212
107 0.6246920034119094
108 0.6303304491371359
109 0.6358564257498664
110 0.6412729942605349
111 0.6317804511332443
112 0.6372050258499864
113 0.6425245149505805
114 0.6331472073480626
115 0.6239490174697246
116 0.614925313254901
117 0.6060716194310513
118 0.611718564462113
119 0.6029874562134027
120 0.5944175875125695
121 0.5860049537409927
122 0.5777456802966379
123 0.5836727522345546
124 0.5894931321046193
125 0.5812845139654371
126 0.5870922799862414
127 0.5927974084347053
128 0.5984023156723361
129 0.6039093438526983
130 0.5956586896400564
131 0.587550449453222
132 0.5931445982670275
133 0.5986432792699786
134 0.590580910668286
135 0.5960758033367811
136 0.6014784644424994
137 0.6067909307405022
138 0.5987289921318847
139 0.604042891855408
140 0.6092694732748288
141 0.6012528490058816
142 0.6064829546862294
143 0.5985528273080168
144 0.5907503882552234
145 0.596069019342774
146 0.6013028483525075
147 0.6064536293305249
148 0.611523069353852
149 0.6165128300941459
150 0.6086165409155642
151 0.6136153391534356
152 0.6185366496332392
153 0.6233820174031681
154 0.6281529477463162
155 0.6202167889938291
156 0.6124014830527797
157 0.6172729131022064
158 0.6220707957637818
159 0.6267965472668448
160 0.618978455451556
161 0.6237192483036469
162 0.6283896480618433
163 0.6329909803292116
164 0.6375245386643623
165 0.6419915855446875
166 0.6463933532949968
167 0.6384640479442957
168 0.6428889770962605
169 0.6472499830454365
170 0.6515482254987547
171 0.6436264495632859
172 0.6479500453620191
173 0.6401057104167635
174 0.6444535722014988
175 0.6366841341730338
176 0.6290241112403502
177 0.6334783194780971
178 0.6258875474385539
179 0.6303615490913901
180 0.6228378095936574
181 0.6273307678124915
182 0.6317617291306312
183 0.6361317487729135
184 0.6404418592081896
185 0.6446930707589554
186 0.648886372191428
187 0.6530227312867992
188 0.6453433506632595
189 0.6495066959018002
190 0.6536140242675489
191 0.645967654840246
192 0.6501023147158077
193 0.6425226482799343
194 0.6350437635066757
195 0.6276640338852538
196 0.6319838816362766
197 0.6246633223259004
198 0.6174389998309873
199 0.6218564596649268
200 0.6146869294551512
201 0.6191225119279506
202 0.6120061583979364
203 0.6049820978219995
204 0.6095090739864895
205 0.6025341750439225
206 0.6070760073791539
207 0.600148849462861
208 0.6047050008359273
209 0.6092029636588381
210 0.6022805399545441
211 0.6067937072805707
212 0.5999173126152614
213 0.5931278894588181
214 0.5864241346239549
215 0.5798047690589514
216 0.5732685372950811
217 0.5668142069092256
218 0.5716852383540918
219 0.5764955094542541
220 0.5700290242888347
221 0.5748460984344066
222 0.5796034813327371
223 0.5843020398170944
224 0.5889426252849815
225 0.5823756871712563
226 0.5758894346577235
227 0.5806076303120707
228 0.5852680937787452
229 0.5898716471483875
230 0.5944190982349038
231 0.5878354169791415
232 0.5923955733938667
233 0.5858483212866139
234 0.5904207819441357
235 0.5949380597041812
236 0.5994009234946944
237 0.6038101292606414
238 0.6081664202332249
239 0.6124705271923897
240 0.6167231687228116
241 0.6209250514635605
242 0.6250768703516184
243 0.6291793088594293
244 0.6223012588161416
245 0.6264263348510485
246 0.6195910539869071
247 0.6237381241131471
248 0.6278362895479029
249 0.631886206947407
250 0.6358885224132809
251 0.6398438716998103
252 0.6328992299870932
253 0.6260358219391084
254 0.6192525711163067
255 0.6233746194580024
256 0.627448675683341
257 0.6206669400898832
258 0.6247636233342275
259 0.6180217551078335
260 0.6221404510513883
261 0.6262115511873619
262 0.6302356737336217
263 0.6342134274131833
264 0.6381454116313026
265 0.6312908715275757
266 0.6352483696538409
267 0.6391605212923291
268 0.6323101611420372
269 0.6362481409894039
270 0.6401411805529217
271 0.6332949046828033
272 0.6265265530132197
273 0.6198351387124661
274 0.6238926068152839
275 0.6279040705137405
276 0.6318701086325021
277 0.6251396629361874
278 0.6291299358332693
279 0.63307519002915
280 0.6263449340043205
281 0.6303147757080766
282 0.6342399897272487
283 0.6381211294691951
284 0.6313540568060814
285 0.6352610678809056
286 0.6285324219823034
287 0.6324646559301013
288 0.6363529872521444
289 0.6296246050828403
290 0.6229711791804098
291 0.6269530932331548
292 0.6308907429033412
293 0.6347846666235419
294 0.6386353953022866
295 0.6424434524494861
296 0.6462093542993479
297 0.6499336099308455
298 0.6536167213857945
299 0.6467434844893722
300 0.6504563090795357
301 0.6541282371384803
302 0.6472601410112324
303 0.6509619250468757
304 0.6546230512101547
305 0.6477599439800648
306 0.6514510630768119
307 0.6551017543481834
308 0.6587124970016183
309 0.6622837638052848
310 0.6658160211902696
311 0.6588552839492196
312 0.651970446138495
313 0.6451606151516691
314 0.6384249102314776
315 0.631762462284697
316 0.6356036263438924
317 0.6289763675183713
318 0.6224210065226469
319 0.6263545753959181
320 0.630245538943001
321 0.6340943922970232
322 0.6379016241394001
323 0.6416677167982092
324 0.64539314634478
325 0.6386859260685751
326 0.6424393938348142
327 0.6357680805235703
328 0.6395489378451696
329 0.643289125911981
330 0.636616605688653
331 0.6403843985479332
332 0.6441117504424351
333 0.637438081153125
334 0.6411932448674897
335 0.6345545840491966
336 0.6383369236477807
337 0.6317324834045465
338 0.635541379115256
339 0.6393095888806969
340 0.6327018819155601
341 0.6261646646651893
342 0.630025932096852
343 0.6338460612722241
344 0.6376255162730349
345 0.6413647554159145
346 0.6450642313347894
347 0.6384122161552509
348 0.631830852256386
349 0.6356251197976653
350 0.6290765141934109
351 0.6328968426940452
352 0.6366766916143557
353 0.6404165130518837
354 0.6441167535800709
355 0.647777854325392
356 0.6514002510432215
357 0.6447028890222584
358 0.6483548430288946
359 0.6519682534237988
360 0.6452706509523524
361 0.6489137546949253
362 0.6422511489963844
363 0.6459232895800341
364 0.6495567758579105
365 0.6531520343407107
366 0.6464529693299
367 0.6398243137574657
368 0.6435165770572708
369 0.6369213630500664
370 0.6303953645439726
371 0.6341814609697958
372 0.6276867174511638
373 0.6314987120668063
374 0.6352707766126539
375 0.6390033476806047
376 0.6324654348691542
377 0.6362249660105417
378 0.6297184764242386
379 0.6335043806676719
380 0.6372507356737603
381 0.640957971684463
382 0.6446265139137294
383 0.6482567826132698
384 0.6518491931373269
385 0.6554041560064664
386 0.6589220769704045
387 0.6521966568866523
388 0.655745847714143
389 0.6592581019260165
390 0.6627338185068566
391 0.6559749980522287
392 0.6594828045663794
393 0.6629541625106757
394 0.6663894644348921
395 0.6595986709708658
396 0.6528783583264204
397 0.6564143362575237
398 0.6599136418561338
399 0.6633766686851597
400 0.6668038058158775
401 0.6701954378845817
402 0.6633746836748148
403 0.666800000361007
404 0.670189868103364
405 0.6735446658039912
406 0.6768647680714257
407 0.6801505452741871
408 0.6834023635935614
409 0.6866205850756351
410 0.6898055676825886
411 0.6929576653432643
412 0.6859171871629124
413 0.6891077707448356
414 0.682108636743932
415 0.6853368914674491
416 0.6783782289658227
417 0.6714912802971328
418 0.6748258193210963
419 0.6781260141998617
420 0.6813922286920521
421 0.6744788245057727
422 0.6777810795771241
423 0.6810493625438675
424 0.6842840324265564
425 0.6874854442592729
426 0.6906539491377488
427 0.683652557390082
428 0.6868590376179371
429 0.6900325857115986
430 0.6931735485989202
431 0.696282269377631
432 0.6892285692079806
433 0.6923764339756056
434 0.6954920108832595
435 0.6884490466605641
436 0.6814782861133843
437 0.6745789712415159
438 0.6778731388275817
439 0.6811335599229986
440 0.6843605882989876
441 0.6774354777023854
442 0.6806991504283264
443 0.6839294208485726
444 0.6871266384865153
445 0.6902911490538538
446 0.6833101013080697
447 0.6865124849459601
448 0.6896821307706682
449 0.6827095862796263
450 0.6859169749502511
451 0.689091596108955
452 0.6922337914556169
453 0.695343898987349
454 0.698422253041413
455 0.701469184337584
456 0.6943827608086576
457 0.6974698696930945
458 0.690425281821634
459 0.6834525444190145
460 0.6765509106154391
461 0.6798168403658978
462 0.672953261726758
463 0.6762548790359715
464 0.6795228544440051
465 0.6726642039843455
466 0.675967804845495
467 0.6792377623600104
468 0.6824744252123477
469 0.6856781383513652
470 0.6888492430327796
471 0.6819002536499078
472 0.685108905860469
473 0.6882849164832958
474 0.6813434305698932
475 0.6845568696694924
476 0.6877376351328163
477 0.6808034232236183
478 0.6739396937138431
479 0.677226702267315
480 0.6804803110534527
481 0.6837008647367071
482 0.68688870431883
483 0.6799663996109712
484 0.6831913730515999
485 0.6863836027364577
486 0.6895434260459384
487 0.6926711767854157
488 0.6856932572176341
489 0.688859326655479
490 0.6819208281607251
491 0.6750527148872285
492 0.6783252571329857
493 0.6714943323130996
494 0.6748022436723008
495 0.668007746832391
496 0.6612821261068579
497 0.6646921653755197
498 0.6580008343510296
499 0.6614434456265266
500 0.6648511777116811
501 0.6682243885027418
502 0.6614992697453268
503 0.664905777493345
504 0.6682777896147475
505 0.6615534148752769
506 0.6649587353160532
507 0.6683295850146092
508 0.6616059321216866
509 0.6650101011458563
510 0.6683798235536095
511 0.6616568709985761
512 0.6550019316585984
513 0.6584717181596631
514 0.6518495792789687
515 0.6553506703008509
516 0.6588163584640786
517 0.6622470056618434
518 0.6555883904650148
519 0.6590511153953358
520 0.6624788407798071
521 0.6658719240817298
522 0.6591783014194962
523 0.6626042038898964
524 0.6659954935865574
525 0.6593016708836784
526 0.6627258055278883
527 0.6661153558127741
528 0.6594213394434177
529 0.6628437596572381
530 0.666231623059738
531 0.6695852818857136
532 0.6628577029057356
533 0.6662449397947877
534 0.6695979881566982
535 0.6729171962118888
536 0.6762029085712045
537 0.6794554662745832
538 0.672630610163473
539 0.6658746082744599
540 0.6692304652466862
541 0.6725524717910722
542 0.6758409722573766
543 0.6690539057166286
544 0.672377258426491
545 0.6756671000143349
546 0.6789237711497791
547 0.6821476089841108
548 0.6752986319539406
549 0.6785586046194028
550 0.6717462088646513
551 0.6650024726673858
552 0.6683654192130204
553 0.6716944771754272
554 0.6649520435866815
555 0.6683151096105181
556 0.6616071044868007
557 0.6650034916556535
558 0.6683656661307933
559 0.6716939750176488
560 0.6749887618507197
561 0.6682150066260584
562 0.6715444707490323
563 0.6648057544048194
564 0.6581348899183572
565 0.6515311894763045
566 0.6449939723298315
567 0.6385225647202236
568 0.632116299805306
569 0.6358071369331209
570 0.6394608261160092
571 0.643077743623913
572 0.6466582618680585
573 0.6401714194543766
574 0.6437808656007177
575 0.6473539945128909
576 0.6508911738167298
577 0.6543927673725796
578 0.6578591353147456
579 0.6612906340905107
580 0.6646876164987284
581 0.6580215291442258
582 0.6614510987907603
583 0.664846177469003
584 0.6682071139909742
585 0.6615064930573665
586 0.6649007306651592
587 0.6582336336654836
588 0.6616605023986492
589 0.6650529187751648
590 0.6583848345773735
591 0.6618099132360544
592 0.6652005630011901
593 0.6685571317197295
594 0.6718799636889391
595 0.665144300216404
596 0.6685011776612824
597 0.6718243203475169
598 0.6650897167559499
599 0.668446893629965
600 0.6717703376783427
601 0.675060389445788
602 0.6783173860072113
603 0.6715185050846404
604 0.674810850087434
605 0.678070121452066
606 0.6712741862938112
607 0.6745687557709648
608 0.6678082151875003
609 0.6711373741137368
610 0.6644115176071697
611 0.6677745716681781
612 0.6610827031228628
613 0.6644789720581199
614 0.667841136801601
615 0.6711695412198329
616 0.6744645256842084
617 0.6677063166115353
618 0.6710358690771054
619 0.6743319941074716
620 0.6775950286097275
621 0.6808253060692743
622 0.6840231565850919
623 0.6871889069046359
624 0.6903228804583643
625 0.6834068434234684
626 0.6765602221108772
627 0.6798005013429542
628 0.6729902586241737
629 0.6762661838639578
630 0.679509233672993
631 0.672702272825218
632 0.665963618177683
633 0.6693097000721365
634 0.672622207165093
635 0.6759014774785573
636 0.6691312367546534
637 0.6724453646942995
638 0.6757262429162092
639 0.6789742060807252
640 0.6821895854583839
641 0.6753569153951529
642 0.6786084221614307
643 0.6818273126928805
644 0.6850139151697284
645 0.6881685544501037
646 0.691291552104066
647 0.6943832264472765
648 0.6974438925743148
649 0.7004738623916491
650 0.7034734446502603
651 0.7064429449779247
652 0.7093826659111607
653 0.7122929069268402
654 0.70516010796456
655 0.7081125514259465
656 0.7110353898570491
657 0.7139289209152749
658 0.7167934392493795
659 0.7196292365301937
660 0.7224366014810317
661 0.7152029059516215
662 0.7180545179237003
663 0.7108648845846517
664 0.7137598585781366
665 0.7166258106477549
666 0.7194630324518644
667 0.7222718127035226
668 0.7250524372005119
669 0.7278051888550563
670 0.7205185519189371
671 0.7233166301026294
672 0.7260866624817125
673 0.7288289308104186
674 0.7315437139995766
675 0.7342312881455636
676 0.7368919265589549
677 0.7395258997928786
678 0.7421334756710765
679 0.7447149193156736
680 0.7372598264637907
681 0.7398900027172888
682 0.7424938219376199
683 0.745071548796718
684 0.7476234452978238
685 0.750149770802612
686 0.7526507820580364
687 0.745116791871708
688 0.7376582906328653
689 0.7402842638072155
690 0.7328742805364435
691 0.735548088580879
692 0.7381951077349705
693 0.7408156069001651
694 0.7434098522687034
695 0.7459781073511145
696 0.7485206330034285
697 0.7510376874541084
698 0.7435206263847057
699 0.7460876799267958
700 0.7486290179241009
701 0.751144898428921
702 0.7536355768951515
703 0.7561013062046236
704 0.7585423366931745
705 0.7609589161764508
706 0.7633512899754457
707 0.7657197009417748
708 0.7680643894826926
709 0.7703855935858529
710 0.7726835488438135
711 0.7749584884782914
712 0.7772106433641693
713 0.7694325885335678
714 0.7717400096405621
715 0.7640168206448619
716 0.7563709788237617
717 0.7588090601275698
718 0.7612227249496669
719 0.7636122181654476
720 0.7659777821873892
721 0.7683196569899637
722 0.7706380801342939
723 0.7729332867925589
724 0.7752055097721495
725 0.7674481961653629
726 0.7597685604092481
727 0.7621724719347117
728 0.7645523125411238
729 0.7669083235711921
730 0.7692407439415718
731 0.7615434240087161
732 0.7639294973523144
733 0.7662916799427837
734 0.7686302112856054
735 0.7609391941151253
736 0.7533251810029795
737 0.7557934122554713
738 0.7582369316649277
739 0.7506500944346505
740 0.7531450480839248
741 0.7556150232335761
742 0.7580602702454639
743 0.7604810369663346
744 0.7628775687532018
745 0.7552445610148671
746 0.747687967617979
747 0.7502124597695494
748 0.7527116796855378
749 0.7451805518581565
750 0.7477300906289418
751 0.7502541072466895
752 0.7427476870435977
753 0.7453215269684378
754 0.7478696022765244
755 0.7403871543575271
756 0.7429845722034553
757 0.7355510733038175
758 0.7381968498295468
759 0.7408161429612248
760 0.7334044472539207
761 0.7260669388690341
762 0.7288075503382364
763 0.7315207301918759
764 0.7342067532539259
765 0.7268613547229756
766 0.7195894764939759
767 0.7123903820433213
768 0.7152677442971719
769 0.7181163077226258
770 0.7209363608098898
771 0.7237281891542706
772 0.7264920754853234
773 0.7292282996957038
774 0.7319371388697296
775 0.7346188673116503
776 0.7372737565736324
777 0.7399020754834604
778 0.742504090171957
779 0.7450800641001254
780 0.7476302580860178
781 0.7501549303313306
782 0.7526543364477312
783 0.7451249436891817
784 0.7476746495040212
785 0.7501988392441494
786 0.7526977684489529
787 0.7451680535307738
788 0.7377136902523375
789 0.7403374881829916
790 0.7429350295245949
791 0.7455065772135667
792 0.7480523915495829
793 0.7505727302220905
794 0.7530678483365536
795 0.7555379984404349
796 0.7579834305489135
797 0.7604043921703442
798 0.762801128331458
799 0.7551706583400728
800 0.7576197330118333
801 0.750041142285933
802 0.7525415126089471
803 0.7550168636671714
804 0.757467445963072
805 0.759893507487921
806 0.7522922895217765
807 0.7547701033524072
808 0.7472201799560023
809 0.7497487150022237
810 0.7522519500305203
811 0.7547301383330797
812 0.7471807022946367
813 0.7497096031852186
814 0.7522132009755103
815 0.7546917489770493
816 0.7571454979626715
817 0.749572006478788
818 0.7420742904469695
819 0.7446542274795025
820 0.7472083516074325
821 0.7397343375288371
822 0.7423376598758414
823 0.7349124034763996
824 0.7375639440010457
825 0.7401889558924309
826 0.7427877047002228
827 0.7453604533133492
828 0.7379050538513603
829 0.7405266281598456
830 0.7431219742878559
831 0.7356890181701784
832 0.7383327393987871
833 0.7409500112452581
834 0.7335388312659973
835 0.7362040410261748
836 0.7288403647316788
837 0.7315525575887469
838 0.734237616644222
839 0.7268936574311112
840 0.7296253037958275
841 0.7323296220939585
842 0.7250047938457637
843 0.7277553154408388
844 0.7304783204839221
845 0.7331740843661897
846 0.7358428797204135
847 0.7284829870060467
848 0.721196722356513
849 0.7239852987561138
850 0.7167440482287823
851 0.7095752380230802
852 0.7124800351037469
853 0.7153557732772869
854 0.7082008890850288
855 0.711119415855461
856 0.7040069293377438
857 0.6969655934077781
858 0.6899946960476699
859 0.6830935323698971
860 0.6862631502809601
861 0.6793993327268496
862 0.6826058879438229
863 0.685780366690747
864 0.6889230899496434
865 0.6920343754883863
866 0.6951145378929316
867 0.6981638885992201
868 0.6911811250786304
869 0.6842682115770443
870 0.6874260279339581
871 0.6905522562061459
872 0.6936472124719321
873 0.6967112096449265
874 0.6997445575057503
875 0.7027475627334416
876 0.705720528936548
877 0.7086637566839039
878 0.7115775435350999
879 0.714462184070647
880 0.7173179699218359
881 0.7101437762768424
882 0.7130427441348858
883 0.7059113288509349
884 0.7088526189152242
885 0.7117644880510602
886 0.714647230627513
887 0.7074998072735164
888 0.7104251945649821
889 0.7133213203137853
890 0.7161884772880102
891 0.7190269553250218
892 0.7118357757979332
893 0.7147177790825485
894 0.707569714773605
895 0.7004931487516278
896 0.703488581371179
897 0.696452848887672
898 0.6994886820732599
899 0.7024941497288211
900 0.7054695556529247
901 0.6984140445024191
902 0.6914291046955964
903 0.6945151632878128
904 0.697570354335507
905 0.6905938761117872
906 0.6936882775223457
907 0.6967517281486456
908 0.6897834600801686
909 0.6928859564110592
910 0.6959574211924049
911 0.6989981648707876
912 0.7020084947857146
913 0.7049887152007406
914 0.7079391273342784
915 0.7008590250475394
916 0.703850732232378
917 0.706812516425823
918 0.7097446769756043
919 0.7026465454699912
920 0.695619408906979
921 0.6886625570659154
922 0.6917762229402639
923 0.6848578196109969
924 0.6880095305503631
925 0.6911297186260171
926 0.6942186991811224
927 0.6972767844031316
928 0.6903034020345176
929 0.6934006382265887
930 0.6964668966790477
931 0.6995024872763205
932 0.7025077168018582
933 0.7054828889691901
934 0.6984274747108381
935 0.6914426262448629
936 0.6945284509101016
937 0.6975834123348249
938 0.7006078192508277
939 0.6936011882275979
940 0.6966654156984559
941 0.6996989961311094
942 0.7027022360907452
943 0.7056754390750111
944 0.7086189055447286
945 0.7115329329542993
946 0.7144178157818036
947 0.7072731174503043
948 0.7102005972812085
949 0.7130987981144965
950 0.7159680128237194
951 0.7188085313520296
952 0.7216206407415178
953 0.7244046251622556
954 0.727160765941048
955 0.7298893415898972
956 0.7325906278341808
957 0.7352648976405487
958 0.7379124212445387
959 0.7405334661779173
960 0.743128297295745
961 0.7456971768031718
962 0.7482403642819622
963 0.7507581167167563
964 0.7432500747739852
965 0.7358171224206332
966 0.7284585085783072
967 0.7311740852001243
968 0.7238619132759796
969 0.7266234553155254
970 0.7293573787271616
971 0.7320639597610021
972 0.7247429055742111
973 0.7274956308456445
974 0.7302208257930823
975 0.732918765780888
976 0.7255891794062297
977 0.7283334354021297
978 0.7310502458968936
979 0.7337398854040669
980 0.7364026256908947
981 0.7390387358058075
982 0.741648482105633
983 0.7342316212293607
984 0.7368894384281122
985 0.7395206747998644
986 0.742125596205726
987 0.7347039787748616
988 0.7373570669132057
989 0.7399836216243153
990 0.7425839082931294
991 0.7451581896497281
992 0.7477067257959031
993 0.7502297742314596
994 0.7427271358985619
995 0.7352995307270503
996 0.7379466531974742
997 0.7405673020993144
998 0.7431617422149033
999 0.7457302356778209
1000 0.7482730419994023
1001 0.750790418094977
1002 0.7532826183098474
1003 0.7557498944450062
1004 0.7581924957825963
1005 0.7606106691111169
1006 0.7630046587503753
1007 0.7653747065761902
1008 0.767721052044848
1009 0.7600435417690448
1010 0.7624431991049957
1011 0.764818858021719
1012 0.7671707585401419
1013 0.7594987632177802
1014 0.7619038648865271
1015 0.7642849137614328
1016 0.7666421504058031
1017 0.7689758129766066
1018 0.7712861372485527
1019 0.7735733566379274
1020 0.7758377022261911
1021 0.7680790566974379
1022 0.7703983455923593
1023 0.7726944400169862
1024 0.7649672361410319
1025 0.757317309467577
1026 0.7597442162455242
1027 0.752146526533828
1028 0.7446248186456372
1029 0.7371783326646775
1030 0.7298063162757876
1031 0.732508337681721
1032 0.7351833371906259
1033 0.7378315850549654
1034 0.7404533488240109
1035 0.733048592711576
1036 0.7257178885906185
1037 0.718460495853056
1038 0.7212759730278113
1039 0.7240632937963194
1040 0.726822739755171
1041 0.7195543066200661
1042 0.7223588421441589
1043 0.7251353307490206
1044 0.7178837782782146
1045 0.7207050172056857
1046 0.7234980422173071
1047 0.7162628689836611
1048 0.7191003151532973
1049 0.7119091241760064
1050 0.7147901074297833
1051 0.7076420233709586
1052 0.7005654237942064
1053 0.7035598446853235
1054 0.7065243198724239
1055 0.7094591488423015
1056 0.7023643846354588
1057 0.7053408125241284
1058 0.7082874747063503
1059 0.7012044326476709
1060 0.7041924581968303
1061 0.6971503705808985
1062 0.700178936289375
1063 0.6931769880476825
1064 0.6862450624501658
1065 0.6793824592074623
1066 0.6825887052064108
1067 0.6857628873405778
1068 0.6889053262765674
1069 0.6920163394737614
1070 0.6850960297201875
1071 0.678244925976751
1072 0.681462543412741
1073 0.6746477781326617
1074 0.6679011632883739
1075 0.661222017320137
1076 0.6546096654849091
1077 0.6580636369161692
1078 0.6514828721214856
1079 0.6549681107355526
1080 0.6484183043504825
1081 0.6419339985223367
1082 0.6355145381959326
1083 0.6391594604595204
1084 0.6427679321543014
1085 0.6463403178127529
1086 0.6498769783214946
1087 0.6533782709577577
1088 0.6568445494254886
1089 0.6502759891601981
1090 0.6537732897650989
1091 0.6572356161600496
1092 0.6506631485699839
1093 0.6541565757189669
1094 0.6576150674296106
1095 0.6610389730795192
1096 0.6644286385520587
1097 0.6577842450395207
1098 0.6612064572134142
1099 0.6645944461785284
1100 0.6679485541885833
1101 0.661268965195818
1102 0.6546561741516844
1103 0.6481095130357272
1104 0.6516284707869086
1105 0.6551122379082199
1106 0.6585611663269022
1107 0.6519754586355931
1108 0.6554557542889268
1109 0.648901103072787
1110 0.652412141716937
1111 0.6558880689861014
1112 0.6493290973452693
1113 0.6528358545125248
1114 0.6563075431500947
1115 0.6597445139623406
1116 0.6631471141462012
1117 0.6665156874262741
1118 0.6598504435360745
1119 0.6632519830643363
1120 0.6666195063224284
1121 0.659953226814609
1122 0.6633537371914157
1123 0.6567201174608361
1124 0.6501528355665201
1125 0.6536513497817479
1126 0.6571148780076524
1127 0.660543770120986
1128 0.6639383724993977
1129 0.6672990280564314
1130 0.6706260762761733
1131 0.6739198532475531
1132 0.6671805782807136
1133 0.6705088098680024
1134 0.673803758395745
1135 0.6770657567093364
1136 0.6802951343254228
1137 0.6834922174651956
1138 0.686657329087351
1139 0.6797906832081998
1140 0.672992705232362
1141 0.6762628120608785
1142 0.6795002171468743
1143 0.6827052475211919
1144 0.6758781264125945
1145 0.6791193774070803
1146 0.6823282152496685
1147 0.6855049640846531
1148 0.688649944814631
1149 0.691763475132924
1150 0.6948458695556763
1151 0.6978974394536315
1152 0.6909184003187507
1153 0.6940092447007468
1154 0.6970691800740524
1155 0.6900984255303892
1156 0.6931974688902605
1157 0.6862654330485866
1158 0.6894028061184881
1159 0.6925088049124182
1160 0.6955837431839875
1161 0.698627931549055
1162 0.691641593622325
1163 0.6847251202412357
1164 0.6878778949623835
1165 0.6909991414204368
1166 0.6940891749082929
1167 0.6971483075657153
1168 0.6901767694256352
1169 0.693275025958123
1170 0.69634229944317
1171 0.6893788230815683
1172 0.6824849825455972
1173 0.6856601565700098
1174 0.6888035783795623
1175 0.6919155655058483
1176 0.6949964323049576
1177 0.6980464899892346
1178 0.6910659752259432
1179 0.6941553373210172
1180 0.6872137353491211
1181 0.6903416196752017
1182 0.6834381561085737
1183 0.6766037281202791
1184 0.6798377125882884
1185 0.6730392901988218
1186 0.6763089188481805
1187 0.679545850782171
1188 0.6727503483740029
1189 0.6760228658199889
1190 0.6792626576750107
1191 0.6724699885195583
1192 0.6757453089598493
1193 0.6789878757912576
1194 0.6821980165579214
1195 0.6753759953146719
1196 0.67862225471287
1197 0.6818360511319921
1198 0.6850177092094923
1199 0.6881675503362981
1200 0.6812858354266597
1201 0.674472938450307
1202 0.6777282273353868
1203 0.6809509629680494
1204 0.6841414708880534
1205 0.6873000733796171
1206 0.6904270895039741
1207 0.6935228351316088
1208 0.6965876229741641
1209 0.699621762616034
1210 0.6926255087583817
1211 0.695699269429698
1212 0.6987422921806973
1213 0.7017548843968238
1214 0.7047373503895425
1215 0.6976899421779292
1216 0.7007130574957785
1217 0.6937058930980388
1218 0.6967688488037502
1219 0.699801174661133
1220 0.7028031769744668
1221 0.7057751589848731
1222 0.708717420900949
1223 0.711630259929095
1224 0.714513970303539
1225 0.7173688433160601
1226 0.7101951232507869
1227 0.7030931410156483
1228 0.7060622224369575
1229 0.6990015700037382
1230 0.7020115670531264
1231 0.7049914638783062
1232 0.7079415614865685
1233 0.7008621167759681
1234 0.7038535077795517
1235 0.7068149846308888
1236 0.6997468065979471
1237 0.7027493503858404
1238 0.7057218684999619
1239 0.6986646225078009
1240 0.6916779495189761
1241 0.6947611817165701
1242 0.697813581359501
1243 0.7008354567779459
1244 0.7038271132186878
1245 0.6967888164463817
1246 0.699820939217312
1247 0.702822740542918
1248 0.6957944882944115
1249 0.698836554056864
1250 0.7018481989498477
1251 0.7048297271862733
1252 0.7077814399368382
1253 0.7007036017452668
1254 0.7036965756881081
1255 0.7066596196933104
1256 0.7095930330641946
1257 0.7024970798203631
1258 0.7054721185326436
1259 0.6984173750205203
1260 0.7014332107193633
1261 0.6944188568549571
1262 0.6974746776702058
1263 0.6904999096896043
1264 0.6935949199077166
1265 0.6866589500423
1266 0.679792340286799
1267 0.6829944262349672
1268 0.6861644911375675
1269 0.6893028552087589
1270 0.6924098354604846
1271 0.6954857457344968
1272 0.698530896734059
1273 0.7015455960553324
1274 0.7045301482184494
1275 0.6974848277513322
1276 0.6905099608666876
1277 0.6936048694318678
1278 0.6966688287487365
1279 0.6997021483130133
1280 0.702705134525397
1281 0.7056780907225156
1282 0.7086213172075695
1283 0.7115351112806662
1284 0.7144197672688526
1285 0.717275576555847
1286 0.7201028276114735
1287 0.7129017821354479
1288 0.7057727474564616
1289 0.708715026869767
1290 0.7116278833518704
1291 0.7145116111348117
1292 0.7173665015082554
1293 0.7201928428489173
1294 0.722990920649693
1295 0.7157609955084187
1296 0.7186033917553382
1297 0.7214173639163682
1298 0.724203196234824
1299 0.7269611701115384
1300 0.719691543173394
1301 0.722494633558143
1302 0.7152696723805052
1303 0.7081169611100012
1304 0.7110357973756711
1305 0.7139254451617363
1306 0.7067861766219985
1307 0.7097183205840002
1308 0.7126211429923902
1309 0.7154949370649729
1310 0.708339974131581
1311 0.7112565798636128
1312 0.7141440194294046
1313 0.7070025661000433
1314 0.709932545774179
1315 0.712833225545404
1316 0.7057048805684009
1317 0.7086478369623214
1318 0.7115613636888304
1319 0.714445755046661
1320 0.7073012852482821
1321 0.7102282773634243
1322 0.7131259994585594
1323 0.7159947442358542
1324 0.7188348014704157
1325 0.7216464580395605
1326 0.7144299818117803
1327 0.7072856705780611
1328 0.7102128185026783
1329 0.7031106791952645
1330 0.7060795770062935
1331 0.7090187857476129
1332 0.7019285871162402
1333 0.7049093057291291
1334 0.6978602021735449
1335 0.7008816046066131
1336 0.7038727929266997
1337 0.6968340548259285
1338 0.6998657186148408
1339 0.7028670656795541
1340 0.6958383851674607
1341 0.6888799916566088
1342 0.6919911960156212
1343 0.685071274640847
1344 0.6882205661362328
1345 0.6913383646322528
1346 0.6944249850605808
1347 0.6874807261345237
1348 0.6906059229166546
1349 0.6936998676504988
1350 0.6967628728581406
1351 0.6997952479364115
1352 0.702797299188143
1353 0.6957693175488904
1354 0.6988116280792889
1355 0.7018235154306361
1356 0.7048052838361902
1357 0.7077572344868476
1358 0.7106796655615667
1359 0.7035728606733125
1360 0.706537135466105
1361 0.6994717560896679
1362 0.702477041906743
1363 0.7054522747984258
1364 0.7083977552953076
1365 0.7113137809226476
1366 0.7142006462304266
1367 0.7170586428230991
1368 0.7198880593890509
1369 0.7126891712532385
1370 0.7155622825206236
1371 0.7184066626160344
1372 0.7212225988523707
1373 0.72401037566938
1374 0.7267702746623891
1375 0.7195025647473138
1376 0.7123075320740414
1377 0.7051844498673154
1378 0.7081326081901689
1379 0.7110512848736452
1380 0.713940774735256
1381 0.7168013696443145
1382 0.71963335855142
1383 0.7124370184162118
1384 0.7053126418126948
1385 0.7082595180232715
1386 0.7111769254194311
1387 0.70406514994756
1388 0.7070245010095102
1389 0.7099542585098685
1390 0.7128547183852652
1391 0.715726173612944
1392 0.7185689142403564
1393 0.7213832274144603
1394 0.7241693974107246
1395 0.7169276975944744
1396 0.7197584228793422
1397 0.7225608408663713
1398 0.7253352346294352
1399 0.728081884411651
1400 0.7308010676536871
1401 0.7334930590217885
1402 0.7361581304355206
1403 0.7387965510952367
1404 0.7414085875092706
1405 0.7439945035208569
1406 0.7465545603347825
1407 0.7390890093929764
1408 0.7316981140668237
1409 0.7343811348065475
1410 0.7370373253014543
1411 0.7396669538547368
1412 0.7422702860865411
1413 0.7348475782284666
1414 0.7374991042134249
1415 0.730124108305008
1416 0.732822868984888
1417 0.7354946420228872
1418 0.7381396972961219
1419 0.7407583019829245
1420 0.7333507143148575
1421 0.7360172088281937
1422 0.7286570322133322
1423 0.7213704574546984
1424 0.7241567545596505
1425 0.7169151826926949
1426 0.7097460266304042
1427 0.7126485680617037
1428 0.7155220840449081
1429 0.7183668648351703
1430 0.7211831977850788
1431 0.7139713617554606
1432 0.7168316497288085
1433 0.7096633292843448
1434 0.7125666975742297
1435 0.7154410321497195
1436 0.7082866180057116
1437 0.7112037533686563
1438 0.7140917173472656
1439 0.7069507964718099
1440 0.7098812900111208
1441 0.7127824785851082
1442 0.7156546552440214
1443 0.7184981101075945
1444 0.7113131254642454
1445 0.7141999956186277
1446 0.7170579970434267
1447 0.7198874184264961
1448 0.7226885455687999
1449 0.725461661413282
1450 0.728207046073446
1451 0.7309249768616497
1452 0.7336157283171175
1453 0.7362795722336712
1454 0.7389167776871851
1455 0.7315276066486505
1456 0.7342123317553809
1457 0.7368702095876971
1458 0.7395015086188077
1459 0.74210649463718
1460 0.7446854307733879
1461 0.7472385775266903
1462 0.7497661927913453
1463 0.7522685318826591
1464 0.7447458435304083
1465 0.7472983861140904
1466 0.739825399299533
1467 0.7424271463244976
1468 0.7450028758589552
1469 0.7475528480782141
1470 0.7500773205558211
1471 0.7525765482895801
1472 0.7450507800064622
1473 0.7376002694618998
1474 0.7402242677242006
1475 0.7428220259848357
1476 0.7453938066442007
1477 0.7379398659401915
1478 0.7405604681988133
1479 0.7431548644165804
1480 0.7357233132208729
1481 0.7383660809869559
1482 0.7409824210575021
1483 0.7435725977098226
1484 0.7461368725784482
1485 0.7386755014164363
1486 0.7412887472469956
1487 0.733875857402294
1488 0.7365370996713906
1489 0.7391717295010182
1490 0.7417800130159053
1491 0.7443622136795267
1492 0.7369185892774092
1493 0.739549404177266
1494 0.742153910912351
1495 0.7447323725646255
1496 0.7372850466618378
1497 0.739912196955557
1498 0.7325130728659958
1499 0.7351879428960786
1500 0.727836061402567
1501 0.7305577015451877
1502 0.733252125271325
1503 0.7359196047454433
1504 0.7385604094103565
1505 0.7311748033438793
1506 0.7338630560211765
1507 0.7365244261575572
1508 0.7391591825787119
1509 0.7417675914220687
1510 0.744349916163676
1511 0.7469064176448161
1512 0.7494373540983535
1513 0.751942981174819
1514 0.7544235519682326
1515 0.746879314626458
1516 0.7494105220854198
1517 0.7519164174577482
1518 0.7543972538645489
1519 0.7568532818957122
1520 0.7592847496352245
1521 0.7616919026862282
1522 0.7640749841958295
1523 0.7564342326510359
1524 0.7488698886555767
1525 0.7413811881332841
1526 0.7439673768111966
1527 0.7465277035912009
1528 0.7390624249730992
1529 0.7416718012708685
1530 0.744255083794765
1531 0.746812533482744
1532 0.7493444086633774
1533 0.7518509650819466
1534 0.7443324539309051
1535 0.7368891279212283
1536 0.7395202371565724
1537 0.7321250333532164
1538 0.7348037835331326
1539 0.7374557462010319
1540 0.740081189232238
1541 0.742680377823317
1542 0.7452535745188655
1543 0.7378010374152241
1544 0.7404230275142305
1545 0.7330187959162983
1546 0.7356886084293361
1547 0.7283317210568663
1548 0.7310484043172266
1549 0.7337379207356117
1550 0.7264005402816536
1551 0.7291365353390273
1552 0.7318451704366694
1553 0.7345267191743595
1554 0.7371814524158758
1555 0.739809638316355
1556 0.7424115423493792
1557 0.7449874273337911
1558 0.7475375534602415
1559 0.7400621767654288
1560 0.7426615553971749
1561 0.7452349402346554
1562 0.747782591215971
1563 0.7503047656798387
1564 0.7528017183915848
1565 0.7552737015688794
1566 0.7477209634606077
1567 0.7502437541873003
1568 0.7527413169995362
1569 0.7452139027729634
1570 0.7477617640992853
1571 0.7502841468052984
1572 0.7527813056773459
1573 0.7552534929539049
1574 0.757700958351065
1575 0.7601239490877522
1576 0.7625227099107007
1577 0.7548974818239735
1578 0.7573485073200162
1579 0.7597750225548443
1580 0.7521772713744621
1581 0.7446554977248849
1582 0.7372089418304267
1583 0.7398368527325714
1584 0.7424384845193178
1585 0.7450140999819466
1586 0.7475639592838236
1587 0.7400883188153214
1588 0.742687435928573
1589 0.7352605607166477
1590 0.737907955410375
1591 0.7305288750259771
1592 0.7232235854619459
1593 0.7259913499125579
1594 0.7287314367125897
1595 0.7214441215578049
1596 0.7242296806402968
1597 0.7169873830666783
1598 0.7098175084840637
1599 0.7127193337005114
1600 0.7155921406587993
1601 0.718436219541628
1602 0.7212518576298688
1603 0.7240393393315826
1604 0.7267989462107467
1605 0.7295309570156967
1606 0.722235646739545
1607 0.7250132905382646
1608 0.7277631578937013
1609 0.7304855265703933
1610 0.7331806715552315
1611 0.7258488641649263
1612 0.7185903748619519
1613 0.7214044713671625
1614 0.7241904269022698
1615 0.7269485228770751
1616 0.7296790378872803
1617 0.7323822477426278
1618 0.7250584246369727
1619 0.7278078406240862
1620 0.7305297624466823
1621 0.7232244642141876
1622 0.7259922198001054
1623 0.7287322978256258
1624 0.7314449750664428
1625 0.7241305247309773
1626 0.7268892197020236
1627 0.7296203277190142
1628 0.732324124651576
1629 0.7350008836106381
1630 0.7376508749760187
1631 0.7302743656710086
1632 0.732971622215298
1633 0.7256419054523967
1634 0.7183854858678854
1635 0.7212016312128327
1636 0.7239896151002783
1637 0.7267497191448781
1638 0.7194822214435482
1639 0.7122873987293783
1640 0.7051645242522949
1641 0.7081128792104819
1642 0.711031750615093
1643 0.7139214333017435
1644 0.7167822191576906
1645 0.7196143971513179
1646 0.7224182533613234
1647 0.7251940710056166
1648 0.7179421298354203
1649 0.7207627087142437
1650 0.7235550818007533
1651 0.7263195311529421
1652 0.7190563353987179
1653 0.7218657722142549
1654 0.7246471146582628
1655 0.7274006436745242
1656 0.7301266373973824
1657 0.7228253706002036
1658 0.7255971170532544
1659 0.7283411460386094
1660 0.731057734731009
1661 0.7337471575334439
1662 0.7364096861048747
1663 0.729045588841958
1664 0.731755133099923
1665 0.7244375813775425
1666 0.7271932057096787
1667 0.7299212737955899
1668 0.7326220611977959
1669 0.7352958407231908
1670 0.7279428819419581
1671 0.7206634527559805
1672 0.723456818367675
1673 0.7262222503204813
1674 0.7189600274624464
1675 0.7117704268400528
1676 0.714652722709678
1677 0.7075061951437748
1678 0.7104311333296174
1679 0.7133268221308697
1680 0.7061935535814273
1681 0.709131618179414
1682 0.7020403016779074
1683 0.7050198987941203
1684 0.6979696994946459
1685 0.7009900026318256
1686 0.7039801027350041
1687 0.706940301834574
1688 0.7098708989406224
1689 0.7027721896529127
1690 0.6957444674640164
1691 0.6887870225028271
1692 0.6918991524046931
1693 0.6949801610050153
1694 0.6980303595168593
1695 0.7010500560411592
1696 0.6940395552061643
1697 0.6970991597727411
1698 0.7001281682912913
1699 0.7031268867223421
1700 0.6960956175905737
1701 0.6991346615278659
1702 0.7021433150235324
1703 0.7051218819820344
1704 0.7080706632687875
1705 0.7109899567405523
1706 0.7138800572755211
1707 0.7167412568031026
1708 0.7195738443334119
1709 0.7223781059864609
1710 0.7251543250210615
1711 0.7279027818634362
1712 0.7306237541355447
1713 0.7333175166831264
1714 0.7359843416034623
1715 0.7386244982728601
1716 0.7412382533738641
1717 0.7338258706050419
1718 0.7364876119825644
1719 0.7391227359446486
1720 0.7417315086654819
1721 0.7343141933528564
1722 0.7369710514994604
1723 0.7396013410630037
1724 0.7422053277293486
1725 0.7447832745274983
1726 0.7473354418561651
1727 0.7498620875100738
1728 0.7523634667060013
1729 0.754839832108556
1730 0.7572914338556999
1731 0.749718519308492
1732 0.7522213341836756
1733 0.7546991209087489
1734 0.7471521294979008
1735 0.7396806080051762
1736 0.7422838019933331
1737 0.744860964040251
1738 0.7474123544653695
1739 0.739938230730696
1740 0.7425388484888451
1741 0.7351134598189326
1742 0.7277623250394013
1743 0.7304847018554929
1744 0.7331798549021006
1745 0.7358480564169454
1746 0.7384895759153708
1747 0.7411046802175663
1748 0.7436936334755191
1749 0.7362566969697684
1750 0.738894130060106
1751 0.7415051888183456
1752 0.7440901369878319
1753 0.7466492356744757
1754 0.7491827433731283
1755 0.751690915993692
1756 0.7541740068869695
1757 0.7566322668702553
1758 0.7490659440426277
1759 0.7515752846543813
1760 0.7540595318589788
1761 0.7565189365905127
1762 0.7589537472737338
1763 0.7613642098491451
1764 0.7537505676000932
1765 0.7562130619723013
1766 0.758650931399828
1767 0.7610644221321392
1768 0.7634537779562058
1769 0.7658192402211284
1770 0.7581610476763379
1771 0.7605794372441494
1772 0.7529736427329222
1773 0.7454439061695691
1774 0.7479894671533989
1775 0.7505095725264844
1776 0.7430044766696678
1777 0.7455744319475678
1778 0.7481186876718012
1779 0.7506375008379225
1780 0.7531311258715301
1781 0.7455998144872732
1782 0.7381438162193572
1783 0.7407623780999446
1784 0.7433547543608747
1785 0.7459212068583612
1786 0.7384619946715317
1787 0.7310773746089237
1788 0.7337666009046167
1789 0.7364289349365212
1790 0.7290646454750149
1791 0.7317739990611094
1792 0.7344562591105299
1793 0.7371116965586598
1794 0.7397405796315276
1795 0.7323431737280878
1796 0.7350197420291796
1797 0.7376695446464969
1798 0.7402928492368926
1799 0.742889920780651
1800 0.7454610216082527
1801 0.7380064112905347
1802 0.7306263470780162
1803 0.7233200835096053
1804 0.7260868827111111
1805 0.7188260137889066
1806 0.721637753687474
1807 0.7244213761863301
1808 0.7271771624594864
1809 0.7199053907434081
1810 0.7127063367463111
1811 0.7055792732909694
1812 0.7085234805939996
1813 0.7114382458232843
1814 0.7043238632799347
1815 0.7072806246821564
1816 0.7102078184696591
1817 0.7131057403186037
1818 0.7159746829483893
1819 0.708814936037444
1820 0.7117267867098684
1821 0.7146095188749159
1822 0.7174634237176732
1823 0.7102887894020824
1824 0.7031859014312077
1825 0.70615404244869
1826 0.7090925020553647
1827 0.7020015769603656
1828 0.704981561221735
1829 0.7079317456398744
1830 0.7008524281113595
1831 0.703843903860415
1832 0.6968054647515379
1833 0.6998374101339914
1834 0.7028390360620238
1835 0.6958106456333152
1836 0.698852539206156
1837 0.6918640137477394
1838 0.6949453736392266
1839 0.6979959199312223
1840 0.7010159607597333
1841 0.7040058011794055
1842 0.6969657431040431
1843 0.6899960856106996
1844 0.6930961247820273
1845 0.6961651635610959
1846 0.6992035119518386
1847 0.6922114767722799
1848 0.6952893620307226
1849 0.6883364683518992
1850 0.6914531036943478
1851 0.694538572682855
1852 0.6875931868993096
1853 0.6807172549747283
1854 0.6839100824505353
1855 0.6870709816510755
1856 0.690200271859112
1857 0.6932982691645797
1858 0.6863652864196316
1859 0.689501633579307
1860 0.6926066172669108
1861 0.6956805511171729
1862 0.6887237455546231
1863 0.6918365081218355
1864 0.6849181429905398
1865 0.688068961583213
1866 0.69118827198951
1867 0.6942763892913038
1868 0.687333625350117
1869 0.6904602891181385
1870 0.6835556861799041
1871 0.6867201293394544
1872 0.6898529280669841
1873 0.6829543987406989
1874 0.6761248547085842
1875 0.6693636061176803
1876 0.6726699700777169
1877 0.6759432703977309
1878 0.6791838377141312
1879 0.6823919993569619
1880 0.6855680793829668
1881 0.6787123985473074
1882 0.6819252745812415
1883 0.6851060218544502
1884 0.6882549616545484
1885 0.6913724120562745
1886 0.6844586878955953
1887 0.6876141010347654
1888 0.6907379600421831
1889 0.6938305804591732
1890 0.6868922746159085
1891 0.680023351831846
1892 0.6832231183310076
1893 0.6863908871648297
1894 0.6895269783099726
1895 0.6926317085433298
1896 0.6957053914740261
1897 0.6987483375750945
1898 0.7017608542148377
1899 0.6947432456369571
1900 0.6977958131959752
1901 0.7008178550790968
1902 0.703809676543087
1903 0.7067715797921433
1904 0.7097038640084207
1905 0.7126068253822528
1906 0.7054807570946109
1907 0.6984259494905184
1908 0.7014416900096407
1909 0.7044272731232927
1910 0.7073830004055346
1911 0.7103091704146858
1912 0.7032060786788012
1913 0.6961740178609072
1914 0.6992122776956033
1915 0.6922201548883333
1916 0.6952979533526602
1917 0.6983449738320809
1918 0.7013615241064498
1919 0.7043479088778224
1920 0.6973044297600043
1921 0.7003313854747594
1922 0.6933280715917121
1923 0.6963947908880632
1924 0.6994308429912068
1925 0.7024365345730799
1926 0.7054121692388995
1927 0.7083580475578312
1928 0.7112744670933482
1929 0.7141617224332893
1930 0.7070201051823274
1931 0.6999499041044048
1932 0.7029504050743263
1933 0.7059209010343301
1934 0.7088616920345202
1935 0.7117730751244987
1936 0.7146553443833721
1937 0.7075087909147011
1938 0.700433702981211
1939 0.7034293659616029
1940 0.7063950723119878
1941 0.6993311215652851
1942 0.6923378103265188
1943 0.6954144322333204
1944 0.6884602878884606
1945 0.6915756850195668
1946 0.6846599281474145
1947 0.6878133288758518
1948 0.6909351955968076
1949 0.6840258436195548
1950 0.6871855851929956
1951 0.6903137293505104
1952 0.6834105920363714
1953 0.6865764861253761
1954 0.6897107212733044
1955 0.6828136140405677
1956 0.6859854779092693
1957 0.6891256231391026
1958 0.6922343669164601
1959 0.6853120232280099
1960 0.678458902976828
1961 0.6816743139558396
1962 0.6848575708248863
1963 0.6880089951250713
1964 0.6811289051555922
1965 0.6843176161124002
1966 0.6874744399594735
1967 0.6905996955679132
1968 0.6836936985946579
1969 0.686856761616681
1970 0.6799881939833811
1971 0.6831883120514498
1972 0.6863564289386805
1973 0.689492864656885
1974 0.682597935993795
1975 0.6857719566413865
1976 0.688914237082352
1977 0.6920250947187611
1978 0.6951048437786621
1979 0.6981537953478232
1980 0.6911722573785952
1981 0.6942605348117064
1982 0.6973179294703492
1983 0.6903447501603822
1984 0.6934413026654886
1985 0.6965068896454105
1986 0.6995418207554023
1987 0.7025464025541659
1988 0.6955209385139999
1989 0.6985657291351346
1990 0.7015800718499331
1991 0.7045642711374612
1992 0.7075186284319942
1993 0.7104434421534642
1994 0.7033390077180063
1995 0.7063056176465821
1996 0.7092425614757576
1997 0.7121501358665291
1998 0.705028634494457
1999 0.6979783481363724
2000 0.69099856464213
2001 0.6940885790013531
2002 0.6971476932168718
2003 0.6901762162722219
2004 0.6932744541149911
2005 0.6963417095792233
2006 0.6893782924713345
2007 0.6924845095519632
2008 0.6855596644446535
2009 0.6787040677886516
2010 0.6819170271161265
2011 0.6850978568502198
2012 0.6882468782868677
2013 0.6913644095090468
2014 0.6944507654189036
2015 0.6975062577695634
2016 0.7005311951966201
2017 0.6935258832337583
2018 0.6965906244061397
2019 0.6996247181667034
2020 0.7026284709895694
2021 0.6956021862691761
2022 0.6986461644109867
2023 0.7016597027712896
2024 0.7046431057479017
2025 0.7075966746946616
2026 0.7105207079518696
2027 0.7134155008764228
2028 0.7062813458577238
2029 0.6992185323894096
2030 0.6922263470559722
2031 0.6953040835895711
2032 0.6883510427443745
2033 0.691467532321058
2034 0.6945528570018924
2035 0.6876073284228585
2036 0.6907312551426441
2037 0.6838239425824307
2038 0.6869857031605883
2039 0.690115846132885
2040 0.683214687663038
2041 0.6863825407902786
2042 0.6795187153740723
2043 0.6827235282241697
2044 0.6858962929456899
2045 0.6790373300081817
2046 0.6822469567118298
2047 0.6854244871483671
2048 0.6785702422690766
2049 0.6717845398387344
2050 0.6750666944440109
2051 0.6783160275031618
2052 0.6715328672207088
2053 0.6748175385520595
2054 0.6680693631593027
2055 0.6713886695312334
2056 0.6746747828393747
2057 0.6679280350039611
2058 0.671248754657342
2059 0.6645362671039233
2060 0.6578909044261751
2061 0.6613119953853326
2062 0.6646988754348305
2063 0.6580518866739709
2064 0.6614713678105474
2065 0.6548566541260912
2066 0.6583080875881108
2067 0.6617250067154449
2068 0.6651077566514418
2069 0.6584566790787933
2070 0.6618721122911239
2071 0.6652533911712691
2072 0.6686008572625519
2073 0.6719148486928623
2074 0.6751957002088111
2075 0.6684437432008604
2076 0.6617593057631058
2077 0.6651417127083533
2078 0.668490295584091
2079 0.6718053926310151
2080 0.6750873387074149
2081 0.6783364653229967
2082 0.68155310067237
2083 0.6847375696681975
2084 0.6778901939660843
2085 0.6711112920211003
2086 0.6744001791034461
2087 0.6676561773072213
2088 0.6709796155366813
2089 0.6742698193837964
2090 0.6775271211923909
2091 0.680751849982851
2092 0.6839443314853592
2093 0.6871048881727957
2094 0.6902338392933123
2095 0.6833315008954773
2096 0.6864981858887491
2097 0.6796332040250831
2098 0.6828368719870399
2099 0.6860085032693333
2100 0.6891484182387605
2101 0.6922569340584513
2102 0.6953343647199038
2103 0.6883810210681482
2104 0.6914972108594883
2105 0.694582238752875
2106 0.6876364163609296
2107 0.6907600521992867
2108 0.683852451672989
2109 0.6870139271582095
2110 0.6901437878885391
2111 0.6932423500115273
2112 0.6963099265132484
2113 0.6993468272499157
2114 0.6923533589733133
2115 0.6954298253853672
2116 0.698475527133265
2117 0.7014907718636489
2118 0.7044758641466949
2119 0.6974311055012972
2120 0.6904567944424317
2121 0.6835522264942314
2122 0.6767167042255884
2123 0.6799495371850652
2124 0.6731500418096067
2125 0.6764185413932277
2126 0.6696543559757776
2127 0.6729578124177207
2128 0.6762282342952105
2129 0.6794659519538923
2130 0.6826712924359546
2131 0.6758445795082187
2132 0.6790861337147238
2133 0.682295272379132
2134 0.6854723196568654
2135 0.6886175964617911
2136 0.6917314204986378
2137 0.6848141062904306
2138 0.6879659652289792
2139 0.6910863055781135
2140 0.694175442523728
2141 0.6972336880998586
2142 0.6902613512157725
2143 0.6833587377005887
2144 0.6765251503206171
2145 0.6697598988145042
2146 0.6730622998277638
2147 0.6763316768308628
2148 0.6795683600639035
2149 0.6827726764645871
2150 0.6759449496971515
2151 0.6791855002014908
2152 0.6823936452007606
2153 0.6755697087460475
2154 0.6788140116598604
2155 0.672025871540624
2156 0.6753056128264795
2157 0.6685525566956428
2158 0.6718670311299361
2159 0.6651483608161289
2160 0.668496877209205
2161 0.6618119084346673
2162 0.6651937893515455
2163 0.6685418514592305
2164 0.6718564329458149
2165 0.6751378686175098
2166 0.6683864899289859
2167 0.6717026250308382
2168 0.6749855987816494
2169 0.67823574279493
2170 0.6814533853680561
2171 0.6846388515154295
2172 0.6877924630013081
2173 0.6909145383723075
2174 0.6840053929863664
2175 0.687165339057507
2176 0.6902936856679163
2177 0.6833907488090868
2178 0.6865568413219723
2179 0.6896912729097096
2180 0.6927943601815504
2181 0.6958664165806542
2182 0.6989077524157485
2183 0.7019186748924741
2184 0.7048994881444147
2185 0.7078504932638188
2186 0.7107719883320119
2187 0.7036642684466895
2188 0.706627625763049
2189 0.6995613495034675
2190 0.6925657360065206
2191 0.6956400786472874
2192 0.6986836778616299
2193 0.6916968410811605
2194 0.6947798726711584
2195 0.6878320739426407
2196 0.6909537532040176
2197 0.6940442156727649
2198 0.697103773516809
2199 0.6901327357799001
2200 0.6932314084228671
2201 0.6862990943369418
2202 0.6794361033919096
2203 0.6726417423563608
2204 0.6659153249311999
2205 0.6692561716826733
2206 0.662563609964289
2207 0.6659379738654236
2208 0.6692785941275314
2209 0.672585808187003
2210 0.675859950105865
2211 0.6691013506033106
2212 0.6724103370980025
2213 0.6756862337277331
2214 0.6789293713911523
2215 0.6821400776779233
2216 0.6853186769018131
2217 0.6884654901334507
2218 0.681580835230696
2219 0.6747650268769969
2220 0.6780173766088846
2221 0.6712372028414385
2222 0.6645248308116939
2223 0.6678795825042351
2224 0.6712007866798378
2225 0.6744887788136716
2226 0.6777438910261546
2227 0.6809664521165004
2228 0.6741567875940648
2229 0.677415219718726
2230 0.6706410675203001
2231 0.6639346568438829
2232 0.6572953102742543
2233 0.6507223571703453
2234 0.6542151335992554
2235 0.6576729822638642
2236 0.6610962524418149
2237 0.6644852899179743
2238 0.6678404370193608
2239 0.6611620326480515
2240 0.6645504123221314
2241 0.6679049081994592
2242 0.6612258591163821
2243 0.6646136005257618
2244 0.667967464521037
2245 0.6712877898763487
2246 0.674574911978097
2247 0.6778291628588178
2248 0.6810508712307212
2249 0.6842403625188958
2250 0.6873979588941791
2251 0.6905239793057002
2252 0.6836187395116309
2253 0.6767825521155226
2254 0.6800147265948316
2255 0.6732145793279162
2256 0.6764824335350971
2257 0.669717609198803
2258 0.6730204331072707
2259 0.6662902287752785
2260 0.6696273264879771
2261 0.6729310532235397
2262 0.6762017426917379
2263 0.6694397252639331
2264 0.6727453280117234
2265 0.6660178747307407
2266 0.6593576959825852
2267 0.6627641190231888
2268 0.6561364778321296
2269 0.6495751130529975
2270 0.6530793619228963
2271 0.6565485683040874
2272 0.6599830826214583
2273 0.6633832517956473
2274 0.6567494192769113
2275 0.6501819250833781
2276 0.6536801058329472
2277 0.6571433047750127
2278 0.6605718717276496
2279 0.6639661530107525
2280 0.6673264914810166
2281 0.6706532265665708
2282 0.6739466943012622
2283 0.6772072273585996
2284 0.6804351550853566
2285 0.6736308035337872
2286 0.6768944954987893
2287 0.6801255505441346
2288 0.6833242950390198
2289 0.6864910520889497
2290 0.6896261415683738
2291 0.6827298801520069
2292 0.6759025813498173
2293 0.6691435555356628
2294 0.6724521199806244
2295 0.6657275987801783
2296 0.6690703227926914
2297 0.6623796195641405
2298 0.6657558233688108
2299 0.6590982651345141
2300 0.6525072824825725
2301 0.6459822096571624
2302 0.6495223875609046
2303 0.6530271636856033
2304 0.6564968920490489
2305 0.659931923128854
2306 0.6633326038978552
2307 0.6566992778583173
2308 0.6501322850791857
2309 0.6536309622286831
2310 0.6470946526058613
2311 0.6506237060800885
2312 0.6541174690195679
2313 0.6575762943296468
2314 0.6610005313866195
2315 0.6543905260722388
2316 0.6478466208110122
2317 0.6413681546024079
2318 0.6449544730566547
2319 0.638504928325606
2320 0.6421198790426174
2321 0.6456986802524535
2322 0.6392416934494606
2323 0.642849276515225
2324 0.6464207837503267
2325 0.6399565759123684
2326 0.6335570101527987
2327 0.6372214400515236
2328 0.6408492256512562
2329 0.6444407333949863
2330 0.6479963260612744
2331 0.651516362800895
2332 0.6550011991731146
2333 0.6484511871809582
2334 0.6519666753093746
2335 0.6454470085558659
2336 0.6489925384705307
2337 0.6525026130860444
2338 0.6559775869553984
2339 0.6594178110860548
2340 0.6628236329754004
2341 0.6561953966452492
2342 0.6596334426790007
2343 0.6530371082518232
2344 0.6465067371689251
2345 0.6500416697974394
2346 0.6535412530996645
2347 0.6570058405688634
2348 0.6604357821633664
2349 0.6538314243413673
2350 0.6572931100981433
2351 0.6607201789973476
2352 0.6541129772070196
2353 0.6575718474351331
2354 0.6609961289609618
2355 0.6543861676710081
2356 0.6578423059944762
2357 0.6612638829347061
2358 0.66465124410553
2359 0.6580047316641422
2360 0.6614246843476701
2361 0.6648104375043593
2362 0.6681623331294785
2363 0.6614807097978627
2364 0.6648659027000451
2365 0.6682172436732023
2366 0.6715350712366251
2367 0.6648197205239489
2368 0.6681715233188626
2369 0.671489808085824
2370 0.6747749100051128
2371 0.6780271609052059
2372 0.6812468892962952
2373 0.6844344204034707
2374 0.6875900761995717
2375 0.6807141754372832
2376 0.683907033683045
2377 0.6870679633463466
2378 0.6901972837130124
2379 0.693295310876009
2380 0.6963623577673732
2381 0.6993987341898211
2382 0.6924047468476453
2383 0.6854806993788968
2384 0.6886258923852302
2385 0.6917396334614978
2386 0.6948222371270003
2387 0.687874014755468
2388 0.69099527460803
2389 0.6840853218616942
2390 0.6772444686428267
2391 0.6704720239561529
2392 0.6737673037167096
2393 0.6770296306796584
2394 0.6802593343729754
2395 0.6734567410290087
2396 0.6767221736188311
2397 0.6799549518827532
2398 0.673155402363696
2399 0.6764238483401683
2400 0.6796596098568738
2401 0.6828630137584101
2402 0.686034383620929
2403 0.6891740397848206
2404 0.6922822993870713
2405 0.6853594763929826
2406 0.6885058816291509
2407 0.6916208228129556
2408 0.6947046145849203
2409 0.6977575684391635
2410 0.7007799927548624
2411 0.7037721928274024
2412 0.7067344708992153
2413 0.7096671261903083
2414 0.7125704549284888
2415 0.7154447503792857
2416 0.7082903028752909
2417 0.7012073998463404
2418 0.7041953258479595
2419 0.6971533725892873
2420 0.6901818388632055
2421 0.6932800204746565
2422 0.6963472202699915
2423 0.6893837480671087
2424 0.6824899105862582
2425 0.6856650114804774
2426 0.6888083613657529
2427 0.6919202777521739
2428 0.6950010749747291
2429 0.6980510642250572
2430 0.7010705535828806
2431 0.7040598480471244
2432 0.6970192495664841
2433 0.6900490570706534
2434 0.6831485664997845
2435 0.6863170808348604
2436 0.6894539100265843
2437 0.6925593709263893
2438 0.695633777217195
2439 0.6986774394450911
2440 0.7016906650507069
2441 0.7046737584002654
2442 0.7076270208163267
2443 0.7105507506082264
2444 0.7034452431019929
2445 0.6964107906708248
2446 0.6994466827641799
2447 0.7024522159366
2448 0.7054276937772949
2449 0.6983734168393791
2450 0.6913896826708454
2451 0.6944757858441982
2452 0.6875310279856198
2453 0.6906557177058245
2454 0.6937491605288257
2455 0.6968116689235959
2456 0.6898435522342286
2457 0.6929451167119441
2458 0.6860156655446965
2459 0.6891555088893071
2460 0.6922639538004703
2461 0.6853413142623414
2462 0.6784879011195963
2463 0.6817030221084569
2464 0.6848859918874278
2465 0.6880371319686078
2466 0.6811567606488044
2467 0.6843451930423702
2468 0.6875017411119992
2469 0.6806267237007654
2470 0.6738204564636461
2471 0.6670822518989004
2472 0.6604114293798042
2473 0.6538073150859012
2474 0.6472692419349392
2475 0.6507965495156448
2476 0.6542885840205422
2477 0.6577456981803896
2478 0.6611682411986375
2479 0.6545565587865522
2480 0.6580109931987378
2481 0.6614308832668007
2482 0.6648165744341817
2483 0.6681684086898882
2484 0.6614867246028943
2485 0.6648718573569131
2486 0.6682231387833908
2487 0.6715409073956027
2488 0.6748254983216916
2489 0.6680772433383834
2490 0.671396470905044
2491 0.6646825061959045
2492 0.6680356811339896
2493 0.6613553243225627
2494 0.6647417710793807
2495 0.6680943533686297
2496 0.6714134098349852
2497 0.6646992757365514
2498 0.6680522829792274
2499 0.6713717601494757
2500 0.6746580425480209
2501 0.6779114621225796
2502 0.6811323475013922
2503 0.6843210240264157
2504 0.6874778137861883
2505 0.6906030356483625
2506 0.6936970052919141
2507 0.6867600352389166
2508 0.6898924348865625
2509 0.6929935105377313
2510 0.6860635754322779
2511 0.6892029396779893
2512 0.6923109102812427
2513 0.6853878011783566
2514 0.6785339231665009
2515 0.6817485839348695
2516 0.6849310980955536
2517 0.6880817871146303
2518 0.6912009692435157
2519 0.6942889595511115
2520 0.6873460699555316
2521 0.6804726092559087
2522 0.6736678831632834
2523 0.676931204331682
2524 0.6801618922883959
2525 0.6833602733655422
2526 0.6865266706319162
2527 0.689661403925626
2528 0.6927647898863982
2529 0.6958371419875621
2530 0.6988787705677137
2531 0.6918899828619746
2532 0.694971083033382
2533 0.6980213722030747
2534 0.6910411584809838
2535 0.6941307468962004
2536 0.6871894394271798
2537 0.6903175450329342
2538 0.6834143695825476
2539 0.6865802258867482
2540 0.689714423627906
2541 0.6928172793916519
2542 0.6958891065977598
2543 0.6989302155318061
2544 0.7019409133765115
2545 0.7049215042427694
2546 0.6978722892002879
2547 0.6908935663082322
2548 0.6839846306450982
2549 0.6871447843386705
2550 0.6902733364953069
2551 0.6933706031303762
2552 0.6964368970990945
2553 0.6894725281280539
2554 0.6925778028467953
2555 0.6956520248183488
2556 0.6886955045701172
2557 0.681808549524369
2558 0.6849904640291469
2559 0.6881405593888765
2560 0.6912591537950085
2561 0.684346562257013
2562 0.6875030966344634
2563 0.6806280656680745
2564 0.6838217850114141
2565 0.6869835671613199
2566 0.6901137314897263
2567 0.6932125941748483
2568 0.6962804682331186
2569 0.6993176635508057
2570 0.7023244869153158
2571 0.7053012420461804
2572 0.7082482296257359
2573 0.7011657473294372
2574 0.7041540898561599
2575 0.7071125489576152
2576 0.7100414234680558
2577 0.7129410092333914
2578 0.7158115991410734
2579 0.7186534831496781
2580 0.7214669483181966
2581 0.7142522788349758
2582 0.707109756046588
2583 0.7000386584860849
2584 0.6930382719011877
2585 0.6961078891821916
2586 0.6991468102903852
2587 0.7021553421874965
2588 0.7051337887656365
2589 0.7080824508779947
2590 0.711001626369229
2591 0.7138916101055508
2592 0.716752694004509
2593 0.7195851670644775
2594 0.722389315393846
2595 0.7251654222399204
2596 0.7179137680174876
2597 0.7207346303373257
2598 0.7235272840339649
2599 0.7262920111936376
2600 0.7190290910816691
2601 0.7118388001708208
2602 0.7047204121690815
2603 0.7076732080474035
2604 0.7005964759668993
2605 0.6935905112072008
2606 0.6966546060951416
2607 0.6996880600342028
2608 0.6926911794338322
2609 0.6957642676395063
2610 0.6988066249631234
2611 0.7018185587135043
2612 0.704800373126381
2613 0.7077523693951286
2614 0.7106748457011888
2615 0.7135680972441879
2616 0.706432416271719
2617 0.7093680921090127
2618 0.7022744111878964
2619 0.7052516670760283
2620 0.6981991504052424
2621 0.7012171589012008
2622 0.7042049873121994
2623 0.7071629374390879
2624 0.7100913080647072
2625 0.7029903949840356
2626 0.7059604910342054
2627 0.7089008861238734
2628 0.7118118772626445
2629 0.7146937584900276
2630 0.7175468209051367
2631 0.710371352696062
2632 0.7132676391691106
2633 0.7161349627774287
2634 0.7189736131496635
2635 0.7217838770181756
2636 0.7245660382480024
2637 0.7173203778655002
2638 0.7101471740868235
2639 0.713045702345964
2640 0.7059152453224833
2641 0.7088560928692671
2642 0.711767531940583
2643 0.7146498566211854
2644 0.7175033580549817
2645 0.7203283244744397
2646 0.7231250412297031
2647 0.7258937908174138
2648 0.7286348529092471
2649 0.7313485043801621
2650 0.7340350193363676
2651 0.7266946691429844
2652 0.7294277224515617
2653 0.7321334452270533
2654 0.7348121107747896
2655 0.7374639896670486
2656 0.7400893497703848
2657 0.7426884562726874
2658 0.745261571709967
2659 0.7478089559928736
2660 0.750330866432951
2661 0.7528275577686274
2662 0.755299282190947
2663 0.7477462893690198
2664 0.7502688264753354
2665 0.7427661382105647
2666 0.7453384768284649
2667 0.747885092060186
2668 0.7404062411395674
2669 0.7330021787281553
2670 0.7256721569408577
2671 0.7184154353714333
2672 0.7212312810177249
2673 0.7240189682075537
2674 0.726778778525484
2675 0.719510990740214
2676 0.712315880832797
2677 0.7151927220244749
2678 0.7080407948042158
2679 0.7009603868561592
2680 0.7039507829876036
2681 0.7069112751577333
2682 0.6998421624061422
2683 0.7028437407820866
2684 0.7058153033742713
2685 0.6987571503405152
2686 0.6917695788370971
2687 0.6848518830487133
2688 0.6780033642182136
2689 0.6812233305760372
2690 0.6744110972702647
2691 0.6776669862975678
2692 0.6808903164345979
2693 0.6840814132702574
2694 0.6872405991375602
2695 0.6803681931461729
2696 0.6835645112147165
2697 0.6867288661025747
2698 0.6798615774415375
2699 0.6830629616671274
2700 0.6862323320504613
2701 0.6793700087299458
2702 0.6725763086426355
2703 0.6758505455562143
2704 0.6690920401006416
2705 0.6724011196996402
2706 0.6756771085026488
2707 0.6789203374176271
2708 0.6821311340434557
2709 0.6853098227030259
2710 0.6784567244759856
2711 0.6816721572312304
2712 0.6848554356589228
2713 0.6780068813023238
2714 0.6712268124892911
2715 0.6645145443643887
2716 0.6678693989207496
2717 0.6711907049315468
2718 0.6744787978822359
2719 0.6677340099034045
2720 0.6610566698043616
2721 0.6644461031063223
2722 0.6578016420752505
2723 0.6512236256544894
2724 0.6547113893979489
2725 0.6481642755039613
2726 0.6516826327489259
2727 0.6451658064214286
2728 0.6487141483572189
2729 0.652227006873651
2730 0.6557047368049187
2731 0.6491476894368616
2732 0.6526562125424972
2733 0.6561296504170763
2734 0.6495683539128978
2735 0.6530726703737729
2736 0.6565419436700392
2737 0.6599765242333426
2738 0.6533767589910019
2739 0.6568429914010956
2740 0.6602745614870884
2741 0.6636718158722211
2742 0.6570350977134918
2743 0.6604647467363605
2744 0.6638600992690004
2745 0.6572214982763036
2746 0.6606492832935441
2747 0.6640427904606121
2748 0.6674023625560093
2749 0.6707283389304526
2750 0.6640210555411413
2751 0.6673808449857332
2752 0.670707036535879
2753 0.6739999661705234
2754 0.6772599665088213
2755 0.6704873668437267
2756 0.6737824931752924
2757 0.6770446682435424
2758 0.6702742215611008
2759 0.6635714793454838
2760 0.6669357645520321
2761 0.6702664069065146
2762 0.6735637428374524
2763 0.6768281054090807
2764 0.6800598243549926
2765 0.6832592261114453
2766 0.6864266338503335
2767 0.6795623675118244
2768 0.6827667438367088
2769 0.6859390763983442
2770 0.6890796856343633
2771 0.6821888887780141
2772 0.6853669998902364
2773 0.6785133298913287
2774 0.6817281965924179
2775 0.6849109146264962
2776 0.678061805480226
2777 0.6812811874254262
2778 0.6744683755511668
2779 0.6777236917956576
2780 0.6809464548777033
2781 0.6741369903289215
2782 0.6773956204256346
2783 0.6806216642213806
2784 0.673815447579162
2785 0.6770772931033727
2786 0.6803065201723411
2787 0.6835034549706198
2788 0.676668420420909
2789 0.6699017362166955
2790 0.6732027188545308
2791 0.6764706916659876
2792 0.6797059847493299
2793 0.6729089249018322
2794 0.6661798356528096
2795 0.6695180372962837
2796 0.6728228569233229
2797 0.6760946283540916
2798 0.6793336820705527
2799 0.6725403452498431
2800 0.6658149417973406
2801 0.6691567923793692
2802 0.6624652244555718
2803 0.6558405722110121
2804 0.6592821664889039
2805 0.6626893448240169
2806 0.6660624513757786
2807 0.659401826862017
2808 0.6628078085933987
2809 0.6661797305074666
2810 0.6695179332023937
2811 0.6628227538703662
2812 0.656194526331659
2813 0.649632581068339
2814 0.6531362552576573
2815 0.6566048927050825
2816 0.6500388437780283
2817 0.6535384553402498
2818 0.657003070786849
2819 0.6604330400789823
2820 0.6638287096781941
2821 0.6571904225814089
2822 0.6606185183555965
2823 0.6640123331720421
2824 0.6673722098403233
2825 0.660698487741917
2826 0.6640915028644993
2827 0.6574505878358513
2828 0.6608760819574943
2829 0.6642673211379209
2830 0.6576246479265386
2831 0.6510484014472704
2832 0.6445379174327949
2833 0.6480925382584685
2834 0.6516116128758852
2835 0.6550954967471277
2836 0.6585445417796579
2837 0.6619590963618627
2838 0.6653395053982455
2839 0.6686861103442643
2840 0.671999249240823
2841 0.6652792567484122
2842 0.6586264641809254
2843 0.6520401995391136
2844 0.6555197975437238
2845 0.6589645995682878
2846 0.6523749535726024
2847 0.6558512040368777
2848 0.6592926919965102
2849 0.6626997650765463
2850 0.6660727674257819
2851 0.6694120397515253
2852 0.6727179193540112
2853 0.6759907401604722
2854 0.6692308327588652
2855 0.6725385244312777
2856 0.6758131391869661
2857 0.6790550077950974
2858 0.6722644577171442
2859 0.6755418131399737
2860 0.668786395008572
2861 0.6720985310584873
2862 0.6753775457479034
2863 0.6786237702904254
2864 0.6818375325875221
2865 0.6750191572616449
2866 0.6782689656890294
2867 0.6814862760321401
2868 0.6846714132718197
2869 0.6878246991391025
2870 0.6909464521477123
2871 0.6840369876262331
2872 0.6871966177499716
2873 0.6903246515724728
2874 0.6834214050567461
2875 0.6865871910061795
2876 0.6897213190961187
2877 0.6928241059051584
2878 0.6858958648461049
2879 0.679036906197642
2880 0.6722465371356638
2881 0.6755240717643081
2882 0.6787688310466657
2883 0.6819811427362
2884 0.6751613313088364
2885 0.6684097179957463
2886 0.6717256208157897
2887 0.6650083646076301
2888 0.6683582809615548
2889 0.6716746981519401
2890 0.6749579511704215
2891 0.6782083716587181
2892 0.6814262879421317
2893 0.684612025062711
2894 0.6877659048120847
2895 0.6808882457639623
2896 0.6840793633063234
2897 0.6872385696732608
2898 0.6903661839765288
2899 0.6934625221367642
2900 0.6865278969153951
2901 0.6796626179462396
2902 0.6728659917667758
2903 0.6761373318491087
2904 0.6693759585306163
2905 0.6726821989453107
2906 0.6659553769558562
2907 0.6692958231862983
2908 0.6726028649544361
2909 0.6758768363048924
2910 0.6791180679418442
2911 0.6823268872624263
2912 0.6855036183898026
2913 0.6886485822059051
2914 0.6817620963838448
2915 0.6849444754200069
2916 0.6780950306658056
2917 0.6713140803591463
2918 0.6746009395555554
2919 0.6778549301600004
2920 0.6810763808584009
2921 0.6842656170498174
2922 0.6874229608793198
2923 0.6805487312705254
2924 0.6837432439578207
2925 0.686905811518243
2926 0.690036753403061
2927 0.6831363858690293
2928 0.6763050220103377
2929 0.6695419717902332
2930 0.6728465520723315
2931 0.6761180865516087
2932 0.6793569056860931
2933 0.6825633366292326
2934 0.6857377032629407
2935 0.6888803262303118
2936 0.6919915229680093
2937 0.6950716077383294
2938 0.6981208916609466
2939 0.691139682744336
2940 0.6942282859168931
2941 0.6972860030577247
2942 0.7003131430271479
2943 0.6933100115968754
2944 0.6963769114809071
2945 0.689413142366097
2946 0.6925190109424364
2947 0.6955938208330124
2948 0.6986378826246826
2949 0.6916515037984349
2950 0.6847349887604497
2951 0.6878876388728457
2952 0.6810087624841163
2953 0.6841986748592757
2954 0.677356688110682
2955 0.6805831212295756
2956 0.6837772900172803
2957 0.6869395171171079
2958 0.6900701219459371
2959 0.6931694207264781
2960 0.6862377265192126
2961 0.6893753492540209
2962 0.6824815957614799
2963 0.6756567798038644
2964 0.6789002120058261
2965 0.6821112098857682
2966 0.6752900977869098
2967 0.6785371968090411
2968 0.67175182484095
2969 0.6750343065925407
2970 0.6782839635266157
2971 0.6715011238913488
2972 0.6747861126524356
2973 0.6780382515259116
2974 0.6812578690106529
2975 0.6844452903205468
2976 0.6876008374173416
2977 0.6807248290431674
2978 0.6739175807527351
2979 0.677178404945208
2980 0.6804066208957563
2981 0.673602554686798
2982 0.6668665291399293
2983 0.6701978638485303
2984 0.6734958852100452
2985 0.666760926357944
2986 0.6600933170943639
2987 0.6634923839234206
2988 0.6668574600841868
2989 0.6701888854833452
2990 0.6734869966285121
2991 0.6667521266622264
2992 0.6700846053956043
2993 0.6733837593416486
2994 0.6666499217482316
2995 0.6699834225307495
2996 0.6732835883054423
2997 0.6765507524223882
2998 0.6697852448981638
2999 0.6630873924491816
3000 0.66645651852469
3001 0.6597919533394425
3002 0.6631940338060482
3003 0.6665620934679881
3004 0.6698964725333086
3005 0.6731975078079758
3006 0.6664655327298956
3007 0.6698008774025969
3008 0.6731028686285712
3009 0.6763718399422858
3010 0.6796081215428632
3011 0.6828120403274348
3012 0.6859839199241606
3013 0.6891240807249193
3014 0.6922328399176703
3015 0.6853105115184931
3016 0.6784574064033077
3017 0.6816728323392747
3018 0.684856104015882
3019 0.6880075429757234
3020 0.6911274675459663
3021 0.6942161928705068
3022 0.697274030941802
3023 0.7003012906323842
3024 0.7032982777260606
3025 0.7062652949488002
3026 0.7092026419993125
3027 0.7121106155793195
3028 0.7049895094235259
3029 0.7079396143292909
3030 0.7108602181859981
3031 0.7137516160041384
3032 0.7166140998440971
3033 0.7194479588456563
3034 0.7122534792571993
3035 0.7051309444646269
3036 0.6980796350199803
3037 0.7010988386697806
3038 0.7040878502830831
3039 0.6970469717802518
3040 0.7000765020624495
3041 0.7030757370418251
3042 0.706044979671407
3043 0.708984529874693
3044 0.7118946845759462
3045 0.7147757377301869
3046 0.7176279803528851
3047 0.7104517005493558
3048 0.7133471835438625
3049 0.7162137117084241
3050 0.7090515745913395
3051 0.7119610588454264
3052 0.7048414482569718
3053 0.7077930337744022
3054 0.7107151034366584
3055 0.713607952402292
3056 0.7164718728782692
3057 0.7093071541494863
3058 0.7122140826079916
3059 0.7050919417819114
3060 0.7080410223640925
3061 0.7109606121404517
3062 0.7138510060190473
3063 0.716712495958857
3064 0.7195453709992685
3065 0.7223499172892759
3066 0.7151264181163828
3067 0.717975153935219
3068 0.720795402395867
3069 0.713587448371908
3070 0.716451573888189
3071 0.7092870581493068
3072 0.7021941875678135
3073 0.7051722456921354
3074 0.6981205232352138
3075 0.7011393180028617
3076 0.6941279248228328
3077 0.6971866455746045
3078 0.6902147791188582
3079 0.6833126313276694
3080 0.6864795050143928
3081 0.6796147099642486
3082 0.6828185628646063
3083 0.67599037723596
3084 0.6792304734636005
3085 0.6824381687289647
3086 0.6856137870416753
3087 0.6787576491712584
3088 0.681970072679546
3089 0.6851503719527507
3090 0.6782988682332229
3091 0.6815158795508909
3092 0.6747007207553818
3093 0.6779537135478282
3094 0.68117417641235
3095 0.6843624346482267
3096 0.6875188103017444
3097 0.6906436221987271
3098 0.6837371859767396
3099 0.6868998141169723
3100 0.6800308159758023
3101 0.6732305078160441
3102 0.6764982027378837
3103 0.679733220710505
3104 0.6829358885034
3105 0.6861065296183662
3106 0.6892454643221826
3107 0.6923530096789607
3108 0.6954294795821713
3109 0.6984751847863497
3110 0.691490432938486
3111 0.6945755286091012
3112 0.6976297733230103
3113 0.7006534755897803
3114 0.6936469408338823
3115 0.6967104714255437
3116 0.689743366711288
3117 0.6828459330441748
3118 0.6760174737137329
3119 0.6792572989765956
3120 0.6724647259868295
3121 0.6757400787269612
3122 0.6789826779396917
3123 0.6821928511602948
3124 0.6753709226486917
3125 0.6786172134222047
3126 0.6718310412879825
3127 0.6751127308751027
3128 0.6783616035663517
3129 0.6715779875306881
3130 0.6648622076553811
3131 0.6682135855788274
3132 0.6715314497230392
3133 0.6748161352258091
3134 0.678067973873551
3135 0.6812872941348156
3136 0.6844744211934676
3137 0.687629676981533
3138 0.6907533802117177
3139 0.6938458464096007
3140 0.6969073879455048
3141 0.6999383140660499
3142 0.7029389309253895
3143 0.7059095416161358
3144 0.7088504461999745
3145 0.7017619417379747
3146 0.704744322320595
3147 0.6976968790973891
3148 0.7007199103064152
3149 0.7037127112033511
3150 0.6966755840913176
3151 0.6997088282504044
3152 0.7027117399679004
3153 0.7056846225682215
3154 0.7086277763425394
3155 0.7015414985791139
3156 0.7045260835933228
3157 0.6974808227573895
3158 0.6905060145298156
3159 0.6936009543845175
3160 0.6966649448406724
3161 0.6896982953922656
3162 0.6928013124383431
3163 0.6958732993139597
3164 0.6889145663208199
3165 0.6920254206576119
3166 0.6951051664510358
3167 0.6981541147865256
3168 0.7011725736386603
3169 0.7041608479022737
3170 0.6971192394232509
3171 0.6901480470290183
3172 0.6932465665587282
3173 0.6963141008931409
3174 0.6893509598842095
3175 0.6924574502853674
3176 0.6955328757825138
3177 0.6985775470246887
3178 0.6915917715544416
3179 0.6846758538388972
3180 0.6878290953005083
3181 0.6909508043475032
3182 0.6940412963040282
3183 0.697100883340988
3184 0.7001298745075781
3185 0.7031285757625024
3186 0.7060972900048774
3187 0.7090363171048287
3188 0.7119459539337805
3189 0.7048264943944424
3190 0.6977782294504979
3191 0.700800447155993
3192 0.7037924426844331
3193 0.7067545182575886
3194 0.7096869730750127
3195 0.7125901033442626
3196 0.71546420231082
3197 0.7183095602877119
3198 0.7211264646848347
3199 0.7239152000379864
3200 0.7166760480376063
3201 0.7095092875572302
3202 0.7124141946816579
3203 0.7152900527348413
3204 0.7181371522074929
3205 0.7209557806854179
3206 0.7237462228785637
3207 0.726508760649778
3208 0.7192436730432802
3209 0.7220512363128474
3210 0.724830723949719
3211 0.7175824167102217
3212 0.7104065925431194
3213 0.7133025266176882
3214 0.7061695013515112
3215 0.7091078063379961
3216 0.7120167282746162
3217 0.71489656099187
3218 0.7177475953819514
3219 0.7205701194281318
3220 0.7233644182338504
3221 0.7261307740515119
3222 0.7288694663109967
3223 0.7215807716478866
3224 0.7243649639314077
3225 0.7271213142920936
3226 0.7298501011491726
3227 0.7325516001376808
3228 0.725226084136304
3229 0.7279738232949409
3230 0.7306940850619915
3231 0.7333871442113717
3232 0.7360532727692581
3233 0.7286927400415655
3234 0.7314058126411499
3235 0.7240917545147384
3236 0.7268508369695911
3237 0.7295823285998952
3238 0.7322865053138963
3239 0.7349636402607574
3240 0.7276140038581498
3241 0.7303378638195683
3242 0.7330344851813727
3243 0.7357041403295591
3244 0.7383470989262636
3245 0.740963627937001
3246 0.7435539916576311
3247 0.746118451741055
3248 0.7486572672236445
3249 0.7511706945514081
3250 0.753658987605894
3251 0.7461223977298351
3252 0.7486611737525368
3253 0.7411745620150113
3254 0.7337628163948613
3255 0.7364251882309127
3256 0.7290609363486035
3257 0.7217703269851174
3258 0.7145526237152663
3259 0.7174070974781137
3260 0.7202330265033327
3261 0.7230306962382995
3262 0.7258003892759165
3263 0.7185423853831573
3264 0.7213569615293258
3265 0.7141433919140325
3266 0.7170019579948924
3267 0.7198319384149436
3268 0.7126336190307941
3269 0.7155072828404864
3270 0.7183522100120816
3271 0.7211686879119609
3272 0.7239570010328413
3273 0.716717431022513
3274 0.719550256712288
3275 0.7223547541451653
3276 0.7251312066037137
3277 0.7278798945376767
3278 0.7206010955922999
3279 0.7233950846363769
3280 0.7261611337900132
3281 0.7188995224521131
3282 0.7217105272275921
3283 0.7244934219553162
3284 0.7272484877357631
3285 0.7299760028584055
3286 0.7326762428298216
3287 0.7353494804015235
3288 0.7379959855975082
3289 0.7306160257415331
3290 0.7333098654841179
3291 0.7359767668292767
3292 0.728616999160984
3293 0.7213308291693742
3294 0.7141175208776803
3295 0.7169763456689036
3296 0.7198065822122146
3297 0.7226085163900925
3298 0.7153824312261916
3299 0.7082286069139297
3300 0.7111463208447906
3301 0.7140348576363427
3302 0.7068945090599792
3303 0.6998255639693794
3304 0.7028273083296858
3305 0.695799035246389
3306 0.6888410448939251
3307 0.6919526344449859
3308 0.685033108100536
3309 0.6881827770195307
3310 0.6813009492493355
3311 0.6844879397568422
3312 0.6876430603592738
3313 0.6907666297556813
3314 0.6938589634581245
3315 0.6969203738235433
3316 0.6899511700853078
3317 0.6930516583844547
3318 0.6961211418006102
3319 0.6891599303826041
3320 0.6922683310787782
3321 0.6953456477679905
3322 0.6883921912903106
3323 0.6915082693774076
3324 0.6945931866836335
3325 0.6976472548167972
3326 0.7006707822686293
3327 0.693664074445943
3328 0.6967274337014837
3329 0.6997601593644689
3330 0.7027625577708243
3331 0.7057349321931161
3332 0.708677582871185
3333 0.7015908070424732
3334 0.7045748989720486
3335 0.7075291499823282
3336 0.710453858482505
3337 0.7133493198976801
3338 0.7162158266987033
3339 0.7090536684317164
3340 0.7119631317473992
3341 0.7148435004299253
3342 0.7176950654256261
3343 0.72051811477137
3344 0.7233129336236563
3345 0.7260798042874199
3346 0.7288190062445459
3347 0.7315308161821005
3348 0.7242155080202795
3349 0.7269733529400767
3350 0.729703619410676
3351 0.7224065832165691
3352 0.7151825173844034
3353 0.7180306922105595
3354 0.7208503852884539
3355 0.7236418814355695
3356 0.7264054626212139
3357 0.7291414079950017
3358 0.7218499939150517
3359 0.7246314939759012
3360 0.7273851790361423
3361 0.730111327245781
3362 0.7228102139733231
3363 0.7155821118335899
3364 0.7184262907152541
3365 0.7112420278081016
3366 0.7141296075300206
3367 0.7169883114547205
3368 0.7198184283401735
3369 0.7126202440567718
3370 0.7154940416162041
3371 0.7183391012000422
3372 0.7211557101880418
3373 0.7239441530861614
3374 0.7267047115552999
3375 0.7294376644397469
3376 0.7321432877953495
3377 0.724821854917396
3378 0.7275736363682221
3379 0.7202979000045399
3380 0.7130949210044945
3381 0.7159639717944496
3382 0.7188043320765052
3383 0.7216162887557401
3384 0.7244001258681828
3385 0.717156124609501
3386 0.719984563363406
3387 0.722784717729772
3388 0.7155568705524743
3389 0.7084013018469495
3390 0.70131728882848
3391 0.7043041159401953
3392 0.7072610747807934
3393 0.7101884640329855
3394 0.7130865793926557
3395 0.7059557135987291
3396 0.6988961564627418
3397 0.7019071948981145
3398 0.7048881229491334
3399 0.7078392417196421
3400 0.7107608493024458
3401 0.7136532408094213
3402 0.7165167084013271
3403 0.7193515413173138
3404 0.7121580259041407
3405 0.7150364456450994
3406 0.7178860811886485
3407 0.7207072203767622
3408 0.7235001481729946
3409 0.7262651466912647
3410 0.7190024952243521
3411 0.7218124702721086
3412 0.7145943455693876
3413 0.7174484021136938
3414 0.7202739180925569
3415 0.7230711789116315
3416 0.7158404671225153
3417 0.7186820624512902
3418 0.7214952418267774
3419 0.7142802894085096
3420 0.7171374865144245
3421 0.7199661116492805
3422 0.7227664505327878
3423 0.7255387860274599
3424 0.7282833981671853
3425 0.7310005641855136
3426 0.7336905585436585
3427 0.726353652958222
3428 0.7190901164286397
3429 0.7218992152643535
3430 0.7246802231117101
3431 0.7174334208805929
3432 0.7202590866717872
3433 0.7230564958050693
3434 0.7158259308470186
3435 0.7086676715385484
3436 0.7115809948231628
3437 0.7144651848749314
3438 0.7173205330261821
3439 0.7201473276959204
3440 0.7129458544189612
3441 0.7058163958747715
3442 0.7087582319160239
3443 0.7116706495968637
3444 0.7045539431008951
3445 0.7075084036698862
3446 0.7104333196331875
3447 0.7033289864368556
3448 0.6962956965724871
3449 0.6993327396067623
3450 0.7023394122106947
3451 0.7053160180885879
3452 0.708262857907702
3453 0.701180229328625
3454 0.6941684270353389
3455 0.6972267427649855
3456 0.7002544753373358
3457 0.7032519305839624
3458 0.7062194112781228
3459 0.7091572171653417
3460 0.7120656449936884
3461 0.7149449885437515
3462 0.717795538658314
3463 0.720617583271731
3464 0.7234114074390137
3465 0.7161772933646237
3466 0.7190155204309774
3467 0.7218253652266677
3468 0.724607111574401
3469 0.717361040458657
3470 0.7201874300540705
3471 0.7229855557535299
3472 0.7257557001959947
3473 0.7284981431940347
3474 0.7312131617620945
3475 0.7339010301444736
3476 0.736562019843029
3477 0.7291963996445987
3478 0.7319044356481528
3479 0.7345853912916713
3480 0.7372395373787548
3481 0.7398671420049673
3482 0.7424684705849176
3483 0.7450437858790685
3484 0.7375933480202779
3485 0.7402174145400752
3486 0.7428152403946745
3487 0.745387087990728
3488 0.7479332171108207
3489 0.7504538849397125
3490 0.7429493460903155
3491 0.7455198526294124
3492 0.7480646541031183
3493 0.7505840075620871
3494 0.7530781674864663
3495 0.7555473858116017
3496 0.7479919119534857
3497 0.750511992833951
3498 0.7430068729056114
3499 0.7455768041765553
3500 0.7381210361347897
3501 0.7407398257734419
3502 0.7333324275157075
3503 0.7359991032405505
3504 0.728639112208145
3505 0.7313527210860635
3506 0.734039193875203
3507 0.736698801936451
3508 0.7393318139170867
3509 0.7319384957779158
3510 0.7346191108201368
3511 0.7372729197119354
3512 0.7399001905148161
3513 0.7425011886096681
3514 0.7350761767235713
3515 0.7377254149563357
3516 0.7403481608067723
3517 0.7429446791987048
3518 0.7455152324067178
3519 0.7380600800826506
3520 0.7406794792818241
3521 0.7332726844890058
3522 0.7359399576441159
3523 0.7385805580676749
3524 0.7411947524869982
3525 0.7437828049621283
3526 0.736344976912507
3527 0.738981527143382
3528 0.7415917118719483
3529 0.7441757947532288
3530 0.7467340368056966
3531 0.7392666964376396
3532 0.7418740294732633
3533 0.7444552891785308
3534 0.7470107362867455
3535 0.7395406289238781
3536 0.7321452226346392
3537 0.7248237704082928
3538 0.7275755327042099
3539 0.7202997773771678
3540 0.7230967796033962
3541 0.7258658118073623
3542 0.7186071536892887
3543 0.721421082152396
3544 0.724206871330872
3545 0.7269648026175635
3546 0.7296951545913879
3547 0.722398203045474
3548 0.7151742210150193
3549 0.718022478804869
3550 0.7208422540168203
3551 0.7236338314766523
3552 0.7163974931618857
3553 0.7192335182302669
3554 0.7120411830479643
3555 0.7149207712174847
3556 0.7177715635053099
3557 0.7105938478702567
3558 0.7034879093915541
3559 0.7064530302976386
3560 0.7093884999946622
3561 0.7022946149947156
3562 0.7052716688447684
3563 0.7082189521563209
3564 0.7111367626347578
3565 0.7140253950084103
3566 0.7168851410583262
3567 0.719716289647743
3568 0.7125191267512656
3569 0.7153939354837531
3570 0.7182399961289155
3571 0.7210575961676264
3572 0.7238470202059503
