0 0.8522945720821062
1 0.7943958096308944
2 0.7170739442165313
3 0.9159905204725098
4 0.8823427251508822
5 0.829330772800429
6 0.9381034533981182
7 0.6804883945093503
8 0.8461536531397056
9 0.9316027096628017
10 0.6480341137863648
11 0.9193328964989719
12 0.8048608492294115
13 0.9013927068350661
14 0.5797342715346981
15 0.8378448087943161
16 0.8690316443406716
17 0.6809739441247726
18 0.8453539970018571
19 0.6035514844182992
20 0.8845584542615348
21 0.672901005953984
22 0.6350968636841142
23 0.9734301006788829
24 0.7086161990091456
25 0.6958245241242094
26 0.5099395093658514
27 0.6858521470634362
28 0.547968328193545
29 0.8444507146892906
30 0.8872165009537041
31 0.8385487615824998
32 0.753833866014935
33 0.8601575359505753
34 0.7625299580717715
35 0.6534322808603734
36 0.8585832178024704
37 0.92032114380595
38 0.8209603862749104
39 0.7818995053932268
40 0.8392920949993007
41 0.8461526395860157
42 0.5618209797946961
43 0.8648720340097549
44 0.7231855806773921
45 0.5534402425848273
46 0.8045328871241136
47 0.9011339262107799
48 0.7461094508173611
49 0.7536793288037953
50 0.89146250576148
51 0.9162682105022724
52 0.9116562821380624
53 0.6052129459963989
54 0.8810080805428844
55 0.7636476052277158
56 0.8760959233729003
57 0.889217936574327
58 0.5464155420258512
59 0.7112956918744485
60 0.8085210399658587
61 0.8209927627479906
62 0.5538188107973053
63 0.8451716640736028
64 0.8505858467596724
65 0.868622188980364
66 0.8573237012526742
67 0.8375159467523341
68 0.9334711639792177
69 0.5906213456833909
70 0.6872415899115701
71 0.8693544500961193
72 0.730542650711027
73 0.7746468033458385
74 0.9118541881279615
75 0.869803500384492
76 0.7671823033971148
77 0.856349022766754
78 0.8739424315819435
79 0.8565468661698077
80 0.7905342274740071
81 0.5434288606454466
82 0.7408724949800621
83 0.7458844768315438
84 0.568320267674121
85 0.853435396821117
86 0.5941203464122456
87 0.9438193058504467
88 0.6690616432471057
89 0.7362446088466872
90 0.877067551393785
91 0.619964093748771
92 0.5541230879440077
93 0.6077062019831826
94 0.5964350492365935
95 0.8832736715079125
96 0.7583899179362185
97 0.5262625753058014
98 0.5562455988584794
99 0.5448871851078153
100 0.7843357316429131
101 0.6078866947614959
102 0.6640578126258984
103 0.8221445227066133
104 0.5444192247811978
105 0.5199551985120049
106 0.5521470571304912
107 0.8519436055149903
108 0.8209164048588927
109 0.8548488291561557
110 0.6469513088498222
111 0.5715931271799228
112 0.6338510413785321
113 0.5979410609347806
114 0.839277482166669
115 0.7824286243195542
116 0.8227768776741182
117 0.549220817176911
118 0.8271012254615404
119 0.8170490340240437
120 0.756949373663847
121 0.7987999538319112
122 0.6512028744474762
123 0.7061329148709942
124 0.5418996566292982
125 0.760489067759345
126 0.7923787630690766
127 0.7885149487753054
128 0.8600905854772647
129 0.6047539895392774
130 0.8611189313661123
131 0.5694225458466301
132 0.8916787691283034
133 0.7411720010323863
134 0.818664377479267
135 0.5221432615444347
136 0.8218849483077955
137 0.6596296183097498
138 0.5413924992425646
139 0.761967973422043
140 0.5760293113845841
141 0.7065559153947853
142 0.6404930812902431
143 0.7143979222092096
144 0.5982979786901644
145 0.8482924093489373
146 0.7099623159573506
147 0.60364625952243
148 0.6847501217730843
149 0.7578765520186961
150 0.6779411638386987
151 0.7754105589868876
152 0.7229754622155102
153 0.8305986167395064
154 0.8423833323111064
155 0.5665137154070494
156 0.7107079427128551
157 0.531554607848555
158 0.8425354401439618
159 0.848972276296224
160 0.8105014611095066
161 0.7240940249437117
162 0.8157434536110761
163 0.7187317697186172
164 0.751428944723156
165 0.9036344607215164
166 0.6019646594130061
167 0.6148929559800763
168 0.8781997183113514
169 0.8041640733516345
170 0.7042609003427385
171 0.9004689806227769
172 0.7096378375943472
173 0.6558119416334299
174 0.846883580921232
175 0.6659855885236402
176 0.5449750702760026
177 0.8844151807067068
178 0.8560189704970296
179 0.6880623475364316
180 0.826437564086612
181 0.5816514449379251
182 0.5870616149375582
183 0.8582920277076714
184 0.798457356573137
185 0.8524758977981092
186 0.8795989663351187
187 0.6918950643240049
188 0.5531207553140043
189 0.5590981431349844
190 0.6513747839008359
191 0.7374044381747641
192 0.5966867134404022
193 0.7421447744707682
194 0.8379871624439194
195 0.7498083395443311
196 0.7039766267050416
197 0.8100897326184847
198 0.6081791047290862
199 0.663021808842815
200 0.5595802177777868
201 0.8248673798777436
202 0.766793087148475
203 0.6352475248096402
204 0.5942613299420231
205 0.7044834963556482
206 0.8230212507281204
207 0.5262890046332763
208 0.7119005522119826
209 0.7091662337784838
210 0.7978828682322002
211 0.840082878089772
212 0.6165258250060496
213 0.7350433142668011
214 0.5242318363407206
215 0.8992923495087245
216 0.8936322043551197
217 0.6153848358589962
218 0.8737535298136202
219 0.7992869908903253
220 0.5274700019645541
221 0.7293816907458668
222 0.6765434787903576
223 0.500116671045688
224 0.5765903174918426
225 0.8061942263514857
226 0.7689350909772515
227 0.7538913710327818
228 0.5280589945032459
229 0.6823158143587511
230 0.533461760027139
231 0.5502826830151679
232 0.7222073370921454
233 0.7556997123185155
234 0.6823100671499067
235 0.8443129885238604
236 0.763230587406885
237 0.8423554604204592
238 0.8011264479277902
239 0.7658766416389049
240 0.7629881374081934
241 0.8179101287940566
242 0.6244228926759753
243 0.6819895640820269
244 0.709651404160637
245 0.7436039422483257
246 0.5863679006968332
247 0.7819713429553157
248 0.8444357559238288
249 0.5058686495818877
250 0.5985092335228779
251 0.8373206404315716
252 0.7030939599978369
253 0.7464943751642942
254 0.7375071472520772
255 0.6413350045956935
256 0.6235877547232372
257 0.8622464972955701
258 0.8200684973368859
259 0.7256296425950381
260 0.5084745615881834
261 0.5113133408071658
262 0.7918644862967539
263 0.8272226887946875
264 0.8587914826500174
265 0.5494265351989036
266 0.7655855564411995
267 0.7057256125777805
268 0.6664025892463089
269 0.6037284205596107
270 0.8600996878627747
271 0.5830904430929276
272 0.612162961716594
273 0.6700356270008277
274 0.8263134195067965
275 0.7816447844488285
276 0.7351854563528748
277 0.5925527283033745
278 0.7631750355482834
279 0.8129313945919265
280 0.7199610359785628
281 0.8776994622130279
282 0.7721367630531222
283 0.64851160456799
284 0.6766172676045155
285 0.603226449607938
286 0.8012887320282173
287 0.8673667681034143
288 0.7814119996090683
289 0.8199981961506204
290 0.8204298975188181
291 0.7169903654007759
292 0.7711817215561583
293 0.5519091734442768
294 0.6267244814022811
295 0.8324150657834144
296 0.7984291808076528
297 0.5413748197452796
298 0.6494517564919655
299 0.7967200381721247
300 0.6698878826436621
301 0.7100308768717537
302 0.8103178991612724
303 0.6718060647253132
304 0.7093215522583635
305 0.828843960802996
306 0.7194450143983802
307 0.5698988232234928
308 0.6177146542041644
309 0.805972679254433
310 0.8638642737564335
311 0.7576833350990383
312 0.6264779438503371
313 0.5456245852832488
314 0.6391371868871304
315 0.8148784918670998
316 0.6951873491939059
317 0.652515255026359
318 0.6885688710135011
319 0.69238568852372
320 0.5420363009033259
321 0.7707543908741633
322 0.8221293141859105
323 0.6067459290968064
324 0.7961817574854472
325 0.8704158849013572
326 0.694826690031903
327 0.8181582228698142
328 0.6687353488777168
329 0.6852304486830341
330 0.5510918746563855
331 0.7603947926840934
332 0.562570792218696
333 0.7695686008510256
334 0.551433659766549
335 0.8039064464429964
336 0.799591613960077
337 0.6807863663197681
338 0.7609990522126281
339 0.7192763737892509
340 0.8079560594640444
341 0.8061562326832044
342 0.645068681352746
343 0.8156073037321957
344 0.7058254511606576
345 0.5373541942248475
346 0.8048409624397558
347 0.8022952518589337
348 0.7681477843585848
349 0.6155209088770122
350 0.5613288244083141
351 0.8249750323966663
352 0.54021977730182
353 0.7613982131906226
354 0.803720513657381
355 0.739088537202881
356 0.6045991171942936
357 0.7032440410402704
358 0.7986013883412828
359 0.5915539512891648
360 0.7826572667475533
361 0.5839387767281263
362 0.8142837990774991
363 0.6061999014536762
364 0.7299099411844158
365 0.74370165091204
366 0.7505262597354599
367 0.5510153800625743
368 0.8042700938796298
369 0.6479067244727523
370 0.793592753667068
371 0.7099302486798984
372 0.6107026668993535
373 0.7736849487814961
374 0.7173638271823005
375 0.7476199055205855
376 0.6843144068352148
377 0.6950358143157508
378 0.7225411836854008
379 0.6346926133924837
380 0.8002042694974442
381 0.6388524482595456
382 0.707591793126299
383 0.7441725399246215
384 0.7049689279477529
385 0.6183672595906373
386 0.5335553077266505
387 0.8273375341364801
388 0.7880800782708746
389 0.790620311896228
390 0.8125912346612322
391 0.6086598585308296
392 0.7160225262149689
393 0.7983758486713916
394 0.707957083281059
395 0.6397344482322997
396 0.8190794739167887
397 0.6143277299810207
398 0.7730032531525609
399 0.7480589218923379
400 0.7985657362922864
401 0.7178151618732445
402 0.6008769034712601
403 0.7559292435628274
404 0.73952901448764
405 0.7275788578202581
406 0.7694950648028935
407 0.7802119542516638
408 0.7108398112119163
409 0.6494369926379362
410 0.577057733891077
411 0.7129467302000665
412 0.6408243915743362
413 0.6862590840672221
414 0.6173924828385197
415 0.5334017044315709
416 0.716633276021108
417 0.8373214763679633
418 0.6240162966471958
419 0.7053465030926356
420 0.658884478624035
421 0.6820317812008765
422 0.8121463383690073
423 0.7054649101509254
424 0.6378714281348566
425 0.5997983591425151
426 0.8248411693295215
427 0.8215911845920755
428 0.5518402631822849
429 0.6560530353017463
430 0.8153114501723411
431 0.7240786261769238
432 0.5985996626594907
433 0.7982762426043896
434 0.8102707130094701
435 0.7703122267962347
436 0.8558132260110598
437 0.6047602071202833
438 0.8018407832371856
439 0.7599455437967596
440 0.6038545625802295
441 0.6037764486398911
442 0.804548490874437
443 0.649074393337976
444 0.6478822453907899
445 0.6183471582203295
446 0.5489379757720535
447 0.5123424320237692
448 0.7532487089350159
449 0.7129663065409988
450 0.6667513979518361
451 0.8451006603973596
452 0.646819993255802
453 0.8446997885199014
454 0.5624250031232446
455 0.5727535458110715
456 0.5103958110940816
457 0.7170055412677115
458 0.7274862906650575
459 0.8512100579516183
460 0.8714514051669087
461 0.6721315209891634
462 0.5993606246291663
463 0.5579843446782098
464 0.6886450499913394
465 0.6893272228895284
466 0.7923564601528057
467 0.7335861253971435
468 0.5395404123826377
469 0.618746534805295
470 0.6572178592867628
471 0.7721680508159874
472 0.6274797326473085
473 0.6529797055518672
474 0.7147397477410284
475 0.7425379041028757
476 0.6262337286855982
477 0.8013306023034775
478 0.6770054760309123
479 0.8518878521484098
480 0.6476753055363389
481 0.8150721397530959
482 0.8015607380707981
483 0.7413250677260915
484 0.7862736941828521
485 0.707930551118717
486 0.605434026536553
487 0.6683488396486811
488 0.6778712152803701
489 0.6980731636323869
490 0.5797797006001195
491 0.5999060208136445
492 0.5369472702421626
493 0.7816294044600816
494 0.6897003385653027
495 0.7603966926210037
496 0.7168523359685374
497 0.8204425119744948
498 0.7153465418035301
499 0.5510212121794827
500 0.6869027306460979
501 0.5585379898821906
502 0.6903354386407646
503 0.7493798818768495
504 0.6405872093529498
505 0.7994194139895248
506 0.7559201816484657
507 0.7259428896397166
508 0.6790687874782594
509 0.8323364532400069
510 0.7265019801712702
511 0.8456557926768001
512 0.8030854049076379
513 0.7546316152050975
514 0.7430301508333758
515 0.8076804412983571
516 0.6358679253426359
517 0.8594757234430388
518 0.7647214491836645
519 0.7832725884388669
520 0.7082851223438998
521 0.7299471278377083
522 0.7558863449678638
523 0.7985052664416338
524 0.6926231679419986
525 0.8516807198381023
526 0.6773274601260488
527 0.7157969296279512
528 0.8036579606952157
529 0.8683034152814391
530 0.8067426244236169
531 0.720026755635661
532 0.7233305191860145
533 0.501310648679201
534 0.8137911903253151
535 0.7772418825418926
536 0.6233304632572053
537 0.5937141718990453
538 0.786501864849362
539 0.7183730321243801
540 0.8151110456978227
541 0.8146097988725118
542 0.590991525634401
543 0.8443473315671972
544 0.7587361110570794
545 0.8125393710942572
546 0.5184550276720118
547 0.6326128143654417
548 0.755297214928478
549 0.5257281136196648
550 0.6935499358060286
551 0.8413454571139489
552 0.7366346189875188
553 0.7627248818215066
554 0.5725610702945967
555 0.7522047672455326
556 0.7939392502529281
557 0.5078192050552823
558 0.7549265656190901
559 0.680267333274716
560 0.8189639910486303
561 0.5747473882159079
562 0.7735678681610568
563 0.705564179156462
564 0.5160149440774526
565 0.7770052661836695
566 0.7688340184950879
567 0.8249450426635351
568 0.6754521255812848
569 0.5729617700709875
570 0.7692780615625664
571 0.8103534665683856
572 0.6237633122528962
573 0.814431014881058
574 0.549736525446333
575 0.7756533926109042
576 0.7253019896712398
577 0.6901997337190792
578 0.7457786401301087
579 0.7793041924652251
580 0.524343469270404
581 0.8448586356934997
582 0.6689793059076106
583 0.8289658798142385
584 0.7642103197229926
585 0.5348970339176206
586 0.6787726973055662
587 0.8436593439557777
588 0.5422558667187929
589 0.5315769282538032
590 0.850329633169686
591 0.6636561444387089
592 0.5506046259142445
593 0.6268938067238943
594 0.8750109759169328
595 0.7276018215911431
596 0.8367663049504833
597 0.7104197779710535
598 0.6238648122960073
599 0.7995520416041739
600 0.6848351145294435
601 0.6580174885972823
602 0.649478816649662
603 0.8245530595376542
604 0.8367110066537772
605 0.7825727650321607
606 0.8570198810283784
607 0.7894170599222491
608 0.6839770085652673
609 0.8228538707505313
610 0.5601514647479705
611 0.8147318217723777
612 0.7531878934571872
613 0.5170266897258349
614 0.8255875138620886
615 0.8068628686514084
616 0.7231968854354086
617 0.8273184802734848
618 0.7705363091532608
619 0.5411395653696389
620 0.6945735008710611
621 0.6292177179332845
622 0.8034605734311868
623 0.6153266236268343
624 0.6861724881344988
625 0.7117523208306605
626 0.7597188599764625
627 0.8104643880380378
628 0.8087580475724819
629 0.6273827183784089
630 0.8103539090805543
631 0.7622428792425266
632 0.5408490361208862
633 0.5241298828091244
634 0.641591228584301
635 0.8044561795417715
636 0.7289906575726682
637 0.6432293771961092
638 0.6834251331603862
639 0.6640109223359943
640 0.7112258589089264
641 0.678441561794499
642 0.5107079392469608
643 0.6834218041521583
644 0.5443866305461327
645 0.5754966716339958
646 0.6763704806442955
647 0.7223970774660448
648 0.603839929984963
649 0.6910144291241992
650 0.7395897742743383
651 0.7272908803970526
652 0.7567778680813448
653 0.7600688863129405
654 0.5872088081894143
655 0.792851596576997
656 0.7027046560189919
657 0.8152900383827231
658 0.797854693710132
659 0.7888047626906436
660 0.7698114893126327
661 0.6919893702787057
662 0.7487775962106777
663 0.8363547077927623
664 0.7310592641063227
665 0.71357289772921
666 0.8083953829348366
667 0.5247879625963916
668 0.7565787640456737
669 0.7200175087635731
670 0.8228683758002194
671 0.7228193813537694
672 0.7023657367715448
673 0.6324436835919166
674 0.7148980832383547
675 0.7853638717146948
676 0.7612896603392619
677 0.8251084575391017
678 0.8265622181705078
679 0.7035710863600462
680 0.7550902021547222
681 0.7298266884698937
682 0.5728112636767574
683 0.7356937223227064
684 0.7841276435878441
685 0.8139409545177193
686 0.8442549182876201
687 0.6494113307353393
688 0.6046797221147545
689 0.7130271630377742
690 0.6504305571641563
691 0.6813946780996246
692 0.7737472799428322
693 0.6315433344676281
694 0.8223617826741444
695 0.6223290127504655
696 0.6383620311480795
697 0.8363182778022639
698 0.8106489841553908
699 0.7369382752337487
700 0.7530809548235357
701 0.8081121222446511
702 0.8441517170740886
703 0.7039450046576697
704 0.6320552226301386
705 0.7971243401548699
706 0.6526544668313898
707 0.7505604307883413
708 0.7697271693029111
709 0.8455238863167435
710 0.6869990014176561
711 0.8184773369737779
712 0.5101334050224653
713 0.7342383645350302
714 0.6766416796167832
715 0.7540960350933766
716 0.7915967232169845
717 0.6026226609129816
718 0.5336973155092967
719 0.7961362294396784
720 0.5205169706774133
721 0.7185010424292304
722 0.8109647354441396
723 0.7677033871965314
724 0.7824675477752687
725 0.7212136836536439
726 0.6410591349430111
727 0.5726305998829407
728 0.7748166190056103
729 0.7057606604595306
730 0.7466416216057585
731 0.7265577811809099
732 0.6578196983596785
733 0.807697539239011
734 0.7284457727950878
735 0.6673425104937429
736 0.7717350014817574
737 0.8609485345594127
738 0.825181144230087
739 0.8201826334984028
740 0.7553208908206318
741 0.6799732464251985
742 0.7709446429030776
743 0.7393982984731293
744 0.7680920075448772
745 0.6270863490447873
746 0.637424232194658
747 0.8266604650072492
748 0.7160790931970415
749 0.715928617259605
750 0.8240600866887874
751 0.5119080905068811
752 0.5370078802679317
753 0.734821510651249
754 0.5338107745371105
755 0.8417139442749413
756 0.7285155229952919
757 0.7843120844965692
758 0.5072332094894672
759 0.7581493044373133
760 0.5266244275810633
761 0.5032765159893361
762 0.708517360293746
763 0.514990504838945
764 0.7720218463913499
765 0.6769551034696728
766 0.5409744276714629
767 0.7828352708855891
768 0.681867400554802
769 0.6670075696663669
770 0.6929604002992188
771 0.5622277317417067
772 0.5287078659159877
773 0.5618000627222962
774 0.859231291013505
775 0.8190724652367324
776 0.5809046468113583
777 0.7726070504003361
778 0.8242060647665411
779 0.6761861447030669
780 0.6869062956273514
781 0.8029976825343629
782 0.6541328839816489
783 0.7940393691188683
784 0.7206836292234282
785 0.7111212441847218
786 0.5050262822587215
787 0.6465492260273545
788 0.8684507368053596
789 0.699496836323426
790 0.5642699983167467
791 0.7823059418876663
792 0.5379382414393608
793 0.7506343906770157
794 0.5856719314580453
795 0.5767145804818907
796 0.7898518761079992
797 0.8299050568822532
798 0.8096263730535548
799 0.7899783853003965
800 0.6029442992151419
801 0.8207905318486157
802 0.5631236728196376
803 0.5955350431272921
804 0.522287517813666
805 0.853639376265158
806 0.5828930823408979
807 0.5721771195222255
808 0.8737204230919652
809 0.6156390850485968
810 0.8136692764452756
811 0.7056712110019918
812 0.7689121662711766
813 0.8506694793105797
814 0.8001801739911948
815 0.5175019841568316
816 0.826959440353435
817 0.8303225144401907
818 0.7504641938816176
819 0.796093903397083
820 0.7986529603972032
821 0.7336948099512296
822 0.7526339123836062
823 0.754705906193545
824 0.6275265352317527
825 0.8797877887828334
826 0.835544135402754
827 0.6395937841707525
828 0.521922172820617
829 0.5036068067237206
830 0.8437428064641691
831 0.8192593246887993
832 0.6481219714232477
833 0.571625437507373
834 0.8605069082654043
835 0.7773941081709629
836 0.5577633660944225
837 0.7368415235396759
838 0.5313151026032188
839 0.6830469534328845
840 0.6241418569403798
841 0.6761669137096991
842 0.5252886689560834
843 0.7510874572859765
844 0.5438839427875382
845 0.8255281885948131
846 0.6923904586719493
847 0.5267342085832558
848 0.7621020490283451
849 0.8399787781772418
850 0.541454147913924
851 0.8359422087488679
852 0.7876934389006134
853 0.8356307182071782
854 0.5632613057546983
855 0.860510428718889
856 0.8082702982121333
857 0.6956664665152485
858 0.8225465223768212
859 0.7726446994359831
860 0.9130854782967468
861 0.5684434706496214
862 0.7778407040103931
863 0.8285339291308775
864 0.7622432832774033
865 0.7550693051911441
866 0.8185597768232247
867 0.5008403396330139
868 0.5584281207764626
869 0.7383569724849174
870 0.7893256337503177
871 0.8353944917379929
872 0.5730722786589634
873 0.8716810748263886
874 0.7198747163282941
875 0.8462057258686374
876 0.8408263190280251
877 0.6309274362112817
878 0.7984927120158594
879 0.5900677605317288
880 0.7999788639022505
881 0.7789079730403715
882 0.5872385653546418
883 0.8267260768353789
884 0.8272422609798953
885 0.572210602022652
886 0.7147151091583244
887 0.5178059132599936
888 0.8003388516825404
889 0.8259263389933135
890 0.5942364154027376
891 0.8386680822709682
892 0.7235989342993544
893 0.8453529028549371
894 0.6424368852317911
895 0.6935831474134725
896 0.7805923809132286
897 0.5077594444252751
898 0.7053939346706776
899 0.5729265120975182
900 0.8909308218200679
901 0.525669634671605
902 0.8442251407556491
903 0.7982836777810823
904 0.5470832489110186
905 0.5884543144845208
906 0.8630066730287637
907 0.6766118451741351
908 0.5991377712669783
909 0.6382237734447856
910 0.681410286886152
911 0.8660544844543595
912 0.739742144352077
913 0.5818133718733904
914 0.8009585743717951
915 0.7026051846932834
916 0.8354559482237349
917 0.6476967661436938
918 0.563564990437379
919 0.745526229592198
920 0.5140290532019838
921 0.6940611191235228
922 0.6100439997037689
923 0.8705991139299523
924 0.6109496974737719
925 0.6978931607286718
926 0.5867404926739996
927 0.5020770478990074
928 0.7575266834155812
929 0.5333014803751223
930 0.5210998419655469
931 0.5379643523884247
932 0.8137412788096019
933 0.5086663831973385
934 0.7941870244714342
935 0.8143347057454583
936 0.7424389616945516
937 0.741871660217386
938 0.5623664397702925
939 0.8307681869138367
940 0.77164776225678
941 0.8726166512098166
942 0.7972689757338332
943 0.6637879992471905
944 0.7966068486177692
945 0.6131164192030136
946 0.7652428627503483
947 0.8596513554362699
948 0.7210283770489372
949 0.7336919568802519
950 0.7799225300309632
951 0.7901116137435193
952 0.5729079060349133
953 0.695651824370821
954 0.6566445996369167
955 0.8877919017916472
956 0.7721098506200853
957 0.7994835813814181
958 0.8630436899777985
959 0.6764740391896688
960 0.5306474528381098
961 0.8268972087749352
962 0.8500290140763097
963 0.8001034620861995
964 0.5972752292620523
965 0.5340600090390736
966 0.7730374865935841
967 0.8349491810556018
968 0.599280985426159
969 0.8233173569500979
970 0.7791064386822364
971 0.8500370580653855
972 0.5275814893762488
973 0.7250930195906163
974 0.8371160951121219
975 0.6294940487111392
976 0.5214875472225243
977 0.7260318254293584
978 0.7941989354808113
979 0.5844561349376405
980 0.663921554346158
981 0.8324071167564373
982 0.5764763623459606
983 0.7908591571998678
984 0.8454916968649115
985 0.8483040768392025
986 0.8565131640717543
987 0.5977770141850725
988 0.8288126209971977
989 0.7569831377392152
990 0.5798315760337089
991 0.7430968313571356
992 0.6358550014929701
993 0.7040925820213326
994 0.8923680338740949
995 0.8515602321580836
996 0.6638952191929305
997 0.8521219556833975
998 0.8379701649051847
999 0.7496358787720865
1000 0.8292160033513662
1001 0.8388732435292873
1002 0.5214766625698884
1003 0.5260963540337223
1004 0.83981737006627
1005 0.5506223972519827
1006 0.8277231980244621
1007 0.5594777536687157
1008 0.6439942090667542
1009 0.5035572035785068
1010 0.5413861303464654
1011 0.503226670546339
1012 0.6052385356055994
1013 0.8434209377401697
1014 0.7983165505144825
1015 0.8201775219587328
1016 0.5604928754061513
1017 0.6985743583523545
1018 0.7850516894880183
1019 0.8501732479473345
1020 0.563874171090036
1021 0.8857329615597316
1022 0.865945059770724
1023 0.634385049935759
1024 0.7521157468315018
1025 0.562814357085778
1026 0.7272662799285229
1027 0.6692322830222923
1028 0.63713581336319
1029 0.8438284077875173
1030 0.5064868817025886
1031 0.8362347596956073
1032 0.6814627482026039
1033 0.50973220252051
1034 0.5844078119802399
1035 0.6256026551594869
1036 0.7540030194140129
1037 0.5267166412967079
1038 0.8509813950611986
1039 0.6948636282698802
1040 0.6694468553181108
1041 0.8192167299168772
1042 0.64136188512961
1043 0.5032925441740518
1044 0.6440452980336658
1045 0.6546033102636558
1046 0.6501310236441121
1047 0.6363961054053444
1048 0.8278453751642527
1049 0.8012484268741172
1050 0.783191501177436
1051 0.8036820658233267
1052 0.681736537941153
1053 0.7333730265500339
1054 0.692552593251204
1055 0.6500972643765203
1056 0.8280280723268155
1057 0.695485531467596
1058 0.6294579846197227
1059 0.5300082872161106
1060 0.761833048319737
1061 0.7375659616478731
1062 0.5144701045359998
1063 0.5965302986120435
1064 0.7924092177767105
1065 0.6970581947536305
1066 0.7237994291631042
1067 0.7796763996456875
1068 0.8017098985022192
1069 0.6124070950914483
1070 0.6835582811008456
1071 0.8300664031860978
1072 0.7552272147836722
1073 0.7144660612818043
1074 0.5979955056408927
1075 0.8209454596467949
1076 0.7610836655984337
1077 0.9337551042363895
1078 0.7763334401888125
1079 0.5234587356543126
1080 0.9397072449219904
1081 0.9333542364517439
1082 0.6300619535801831
1083 0.8078033557898824
1084 0.5779031596443425
1085 0.506862208748844
1086 0.9601946002998468
1087 0.9254176436526894
1088 0.531163747494625
1089 0.8074079407580487
1090 0.7774033990043431
1091 0.756053242247952
1092 0.6506006055096959
1093 0.9195137064338431
1094 0.8152707824830391
1095 0.7762489546635318
1096 0.5763542813943479
1097 0.6552662618585359
1098 0.821428366070231
1099 0.723842579411067
1100 0.8625327613511086
1101 0.9224810999443028
1102 0.8667932079697461
1103 0.5816325582231824
1104 0.8800520505409578
1105 0.7184101827898421
1106 0.5885131224415696
1107 0.5609962360933006
1108 0.614562804817125
1109 0.662158166777248
1110 0.6716833352954072
1111 0.815761852575887
1112 0.962947057610263
1113 0.8613684342133321
1114 0.6030035530727813
1115 0.506932558972993
1116 0.8955891742334683
1117 0.5281208886671169
1118 0.8893172883936472
1119 0.5684054143139814
1120 0.6250203478050972
1121 0.7146650784420748
1122 0.6770592650592449
1123 0.5334053083040206
1124 0.9108436817480269
1125 0.8614167449310254
1126 0.548503542222964
1127 0.6351100401775985
1128 0.529000839700617
1129 0.9331600332736143
1130 0.9416843018699658
1131 0.9223373088810303
1132 0.7003582732390227
1133 0.5384792837657401
1134 0.8794185762654622
1135 0.8261913783482718
1136 0.8940142614601174
1137 0.8314931627028962
1138 0.7168620834358106
1139 0.9305496933613758
1140 0.9359650115253507
1141 0.7837098799540901
1142 0.9085202577860446
1143 0.7394569394864298
1144 0.9116702613656434
1145 0.8385809790053728
1146 0.870642535436734
1147 0.9094197012854578
1148 0.9399597660228313
1149 0.924506796538084
1150 0.9074882430418436
1151 0.9554629529466614
1152 0.5297208649716038
1153 0.6048608668404077
1154 0.8275524466061998
1155 0.7807051455020193
1156 0.862207026171578
1157 0.8062491709250147
1158 0.6066631307097756
1159 0.8533309629851984
1160 0.8899823451419557
1161 0.9551403741429138
1162 0.8388845759524236
1163 0.6192208721697652
1164 0.7646930255834152
1165 0.8888321767307434
1166 0.9146480332256127
1167 0.7540074658417804
1168 0.9127632462148383
1169 0.9550573726727307
1170 0.6025613492907248
1171 0.5740051268119073
1172 0.5478109628102507
1173 0.8352971684280901
1174 0.9062669883644425
1175 0.7386289495382214
1176 0.7948346917374984
1177 0.8726216541514062
1178 0.6119728452013092
1179 0.6576153505789807
1180 0.792850825089504
1181 0.7517098230886596
1182 0.8863395948093281
1183 0.604102520632301
1184 0.761697920741066
1185 0.9563971858470741
1186 0.9111605086489817
1187 0.9014613583303598
1188 0.834515686056511
1189 0.5662265553710503
1190 0.9048662425434388
1191 0.8445110277284669
1192 0.6822174969990533
1193 0.5119455852223673
1194 0.9079378131299328
1195 0.7393728807144692
1196 0.6851534988009524
1197 0.8847441749217647
1198 0.8174429356137407
1199 0.6759039625071859
1200 0.9073318027866673
1201 0.7884320363605029
1202 0.705389057612332
1203 0.6860470227382042
1204 0.7880361716621108
1205 0.7088883452197764
1206 0.6504216692014402
1207 0.7132780924521684
1208 0.545537499188925
1209 0.7784534577831197
1210 0.8981549321753394
1211 0.7371448944784905
1212 0.8581426406639284
1213 0.8696780826472291
1214 0.6505201372893735
1215 0.7562382515410664
1216 0.5439310005233493
1217 0.7119627136430968
1218 0.9481756857425212
1219 0.8004578127745771
1220 0.6932143945631867
1221 0.6398786899601999
1222 0.8370888188809946
1223 0.5237221630829525
1224 0.928206628489099
1225 0.8996977812338052
1226 0.653364622983433
1227 0.7845329153002917
1228 0.8734406237407651
1229 0.942932909506397
1230 0.7522974990491089
1231 0.8962702740998912
1232 0.8366892533863752
1233 0.5561233153097513
1234 0.7697021556841857
1235 0.956954065870256
1236 0.6903853940521518
1237 0.9315970253008079
1238 0.6613225353289075
1239 0.7242466748837341
1240 0.5861898842943076
1241 0.5031304830691432
1242 0.6055440443571276
1243 0.6812954228554816
1244 0.5842461397607251
1245 0.8932545069802568
1246 0.6791652092193556
1247 0.818654416848002
1248 0.6960452180022008
1249 0.6176771394188536
1250 0.703883161053231
1251 0.6364420534516747
1252 0.8183893914454672
1253 0.8960138688796184
1254 0.5487194072416686
1255 0.5131127546096035
1256 0.8555554595537841
1257 0.6009882307003874
1258 0.6123806174968246
1259 0.8486576640476661
1260 0.905398359896308
1261 0.8512103788102406
1262 0.8659384923130788
1263 0.8545516915862176
1264 0.679505300497762
1265 0.7380844847699812
1266 0.7785788985028215
1267 0.633573001528528
1268 0.7733748855808752
1269 0.9193798403303906
1270 0.5097234130729991
1271 0.6423610839955115
1272 0.8090063950334998
1273 0.7490010591235594
1274 0.802402566532254
1275 0.5873547978836073
1276 0.6035693648207278
1277 0.6390529856170042
1278 0.678064762283994
1279 0.8762132738698158
1280 0.5557110263269779
1281 0.8470417339629903
1282 0.7541825274633522
1283 0.7353753674725528
1284 0.7493247431512409
1285 0.5742109323600142
1286 0.8508461733538292
1287 0.8118260093932159
1288 0.8209135942602485
1289 0.7589626846533746
1290 0.731197938976912
1291 0.8797206198834833
1292 0.5625306008728174
1293 0.864502407959452
1294 0.6364134462359795
1295 0.7093971740643666
1296 0.5331985993807765
1297 0.7777248552539485
1298 0.8404855203397891
1299 0.8962336471419835
1300 0.768491171191514
1301 0.8568162802919642
1302 0.9541433687968516
1303 0.6615338982284501
1304 0.534724181967897
1305 0.602752001604789
1306 0.6470560936627507
1307 0.5841929793316482
1308 0.5718993769139658
1309 0.8364561474582508
1310 0.700404483554212
1311 0.5873142823313462
1312 0.7254019766927013
1313 0.5817954310177306
1314 0.7377917290794114
1315 0.7764386647626249
1316 0.7517754198985166
1317 0.8617625706803372
1318 0.7201447003822482
1319 0.9010955883360185
1320 0.8063737044716575
1321 0.6664826422407244
1322 0.6350977843981298
1323 0.7134436302405569
1324 0.8472578658280188
1325 0.709611753523996
1326 0.6036394675743515
1327 0.6014223244851192
1328 0.5378723873188362
1329 0.7205183483933629
1330 0.6732408299739713
1331 0.648298240034729
1332 0.7294088015584261
1333 0.7570854319098068
1334 0.6956433843875985
1335 0.8326563056646737
1336 0.6100286676067344
1337 0.7225112713052043
1338 0.7863076116946031
1339 0.5015935046667394
1340 0.5548938907697105
1341 0.6170933627484783
1342 0.7720298486854231
1343 0.7013538481972321
1344 0.7480879286497308
1345 0.8851669609525769
1346 0.8882203735984247
1347 0.7613981998787254
1348 0.519018463736459
1349 0.5071459295115869
1350 0.5140539313622671
1351 0.7701023681658163
1352 0.7140821806761347
1353 0.7864256928649148
1354 0.8438175674219064
1355 0.5450036182195809
1356 0.8313373506631657
1357 0.6298780031110943
1358 0.6835550285927792
1359 0.803832528103868
1360 0.7135074472320269
1361 0.7120043660816975
1362 0.7510843604675621
1363 0.7764335605815558
1364 0.5438000084423612
1365 0.7456946714598476
1366 0.831797548679294
1367 0.8136337259931503
1368 0.7992254111633128
1369 0.5710165811695643
1370 0.7661884502353674
1371 0.5905108913906534
1372 0.6647981096985895
1373 0.5442880627049091
1374 0.5719032836495956
1375 0.683993973213982
1376 0.7206789085788389
1377 0.8185891046197127
1378 0.51716232576003
1379 0.8350460385381041
1380 0.6525219611271615
1381 0.8702323670908948
1382 0.6168769786318552
1383 0.6370103382140072
1384 0.7940959663525481
1385 0.8678277650923223
1386 0.8746068620324087
1387 0.6997231804727596
1388 0.7808059864535799
1389 0.8140019739528908
1390 0.693622155658887
1391 0.5041271543728408
1392 0.8755337378523358
1393 0.6252771943737732
1394 0.6443769236954334
1395 0.5420732238972467
1396 0.8531865973319712
1397 0.7912895210917398
1398 0.6811192557780353
1399 0.897195306417464
1400 0.7061024548653955
1401 0.7613087602972416
1402 0.8126285826498517
1403 0.5947456533754497
1404 0.6275587060979382
1405 0.7046375753022884
1406 0.5998346101365318
1407 0.8931138925012297
1408 0.6197678891054303
1409 0.8005415129446934
1410 0.5635703341715133
1411 0.7338600176677843
1412 0.8726432583366949
1413 0.550949646217719
1414 0.7344395438550049
1415 0.8318803489033102
1416 0.8026623211385995
1417 0.7516766825246485
1418 0.9168696806113759
1419 0.7450159287320052
1420 0.9241828814375008
1421 0.8688538849181179
1422 0.7974762302836516
1423 0.6291411041957397
1424 0.8040426961376131
1425 0.5984243511157932
1426 0.5980303747314033
1427 0.8040095005145862
1428 0.7983501699435798
1429 0.6054678681282795
1430 0.7566772516846225
1431 0.794240715518785
1432 0.6955979260770806
1433 0.8334525883490183
1434 0.8654619256417978
1435 0.7170835306195967
1436 0.9246005368461434
1437 0.5689370856716944
1438 0.8982561910189558
1439 0.520566143887266
1440 0.8996653253809455
1441 0.8326111242618994
1442 0.8872359491470767
1443 0.7149141701610652
1444 0.8338607050786186
1445 0.5511097818291859
1446 0.729360656602807
1447 0.849690148067806
1448 0.6858928984799952
1449 0.6766856040676053
1450 0.5980901336905062
1451 0.8532827284807631
1452 0.8847696030851424
1453 0.5967142988235702
1454 0.8831212948942891
1455 0.5081431945614988
1456 0.5386962207705733
1457 0.60773624114756
1458 0.8773311696113727
1459 0.8660228035180143
1460 0.8460558266367294
1461 0.680389723137866
1462 0.7192914759402371
1463 0.7997691159757296
1464 0.6356296535965585
1465 0.6584170344178735
1466 0.9622224873992816
1467 0.5275146613397821
1468 0.8374885949833242
1469 0.7164644335849248
1470 0.5071264109325154
1471 0.959981520328857
1472 0.7280003761166501
1473 0.6840463886374084
1474 0.7466610978263876
1475 0.5594407914576156
1476 0.9393973641953072
1477 0.6863017768228987
1478 0.8028280865458189
1479 0.5281513310365585
1480 0.8390393294061086
1481 0.5012426686472953
1482 0.8516256626785509
1483 0.6742375504069161
1484 0.7850801058053085
1485 0.7388382749194384
1486 0.8499195886560971
1487 0.603014895815007
1488 0.7669083691853367
1489 0.8793502225517906
1490 0.6316211159552799
1491 0.9014357086438334
1492 0.5612924301925171
1493 0.9229006185159707
1494 0.8055281878516095
1495 0.7312686600513125
1496 0.5302445651187185
1497 0.8560002879265896
1498 0.9284080785657353
1499 0.6005642744961489
1500 0.8671997658590491
1501 0.7129233419172959
1502 0.9303400022327862
1503 0.5076657023247821
1504 0.5792122806161901
1505 0.6237899149522935
1506 0.8934698176694049
1507 0.6294036626289892
1508 0.8683170421385445
1509 0.9275299061637465
1510 0.8809395625179433
1511 0.5358429822682012
1512 0.6107963983436447
1513 0.6520241216716705
1514 0.9127353416016297
1515 0.5246637287902701
1516 0.8785432296524284
1517 0.6699206919766459
1518 0.8505161786575919
1519 0.9093046459609477
1520 0.8270525431750255
1521 0.8300285640443346
1522 0.9014853861080968
1523 0.9596690252615523
1524 0.8664572905127338
1525 0.7967498210015854
1526 0.8545312590426056
1527 0.6966479290189158
1528 0.8698081226626636
1529 0.8103090273581659
1530 0.5383464085054697
1531 0.5134916287292765
1532 0.8107494444385238
1533 0.9205952065862592
1534 0.7591471089543245
1535 0.8571410218324886
1536 0.8726669837810903
1537 0.7106909375335467
1538 0.7777553218048946
1539 0.9215825070216178
1540 0.7990729817697915
1541 0.7996232142502879
1542 0.7807122595225591
1543 0.9027075927001912
1544 0.8715379099977059
1545 0.8210432729390492
1546 0.6960914801633351
1547 0.8780196436938879
1548 0.5767972088156267
1549 0.9307241534346478
1550 0.8444297903672567
1551 0.6663306060159209
1552 0.6470163930421832
1553 0.5576410468715959
1554 0.7723399502506546
1555 0.7333199632131646
1556 0.6968129792236983
1557 0.8239816573865322
1558 0.6244700401182379
1559 0.7482065875314206
1560 0.6253103216923879
1561 0.6464282346739747
1562 0.8771254381852538
1563 0.6540728505968183
1564 0.5457792912340558
1565 0.5151331210114074
1566 0.5014732636677182
1567 0.7675328963656207
1568 0.7403022178762585
1569 0.8105236696352287
1570 0.825253619203058
1571 0.6473546827314286
1572 0.8553103817681782
1573 0.5786443832735465
1574 0.6945553235838257
1575 0.5184213197583964
1576 0.8028045823642315
1577 0.8694855079755559
1578 0.8922903581187153
1579 0.9244412694836622
1580 0.8771719043346486
1581 0.8170772460675947
1582 0.8229196919560549
1583 0.7749944067516024
1584 0.7517800597433358
1585 0.8765923570324563
1586 0.5749301602614239
1587 0.6001026814262908
1588 0.8562520414239985
1589 0.6787963925577832
1590 0.7757510743547978
1591 0.5166880401126206
1592 0.6745856318834643
1593 0.7524206545563771
1594 0.816420721314146
1595 0.6706881675673927
1596 0.8819890801309515
1597 0.5507758523776499
1598 0.5342239289291814
1599 0.8242483296762625
1600 0.7465577406252766
1601 0.6766721501794917
1602 0.7928249544453605
1603 0.5933884710772288
1604 0.8167083328004296
1605 0.5366766800058657
1606 0.8743845698470015
1607 0.6512392214155385
1608 0.7936497900315282
1609 0.6295833518163438
1610 0.8426133646948576
1611 0.6507948356017674
1612 0.6786770749466953
1613 0.7215590579876724
1614 0.8198508174741165
1615 0.7891385641850425
1616 0.7032178549909623
1617 0.7285512292831225
1618 0.6434913353718569
1619 0.8628627603899192
1620 0.7252048022625394
1621 0.8462323309613645
1622 0.6359401690502327
1623 0.6618521095415835
1624 0.8103437714781863
1625 0.9149737825782864
1626 0.758110954249837
1627 0.6527473350221413
1628 0.5404760067103214
1629 0.57307812049131
1630 0.7637337003821941
1631 0.7218147529774517
1632 0.6335663448142612
1633 0.8614294275900612
1634 0.5998543749297527
1635 0.7477545515286359
1636 0.8438870634811837
1637 0.7645071173310125
1638 0.7327054521526386
1639 0.7423708096934091
1640 0.6857238956054784
1641 0.7968399022531069
1642 0.7844676659257221
1643 0.7292350243275262
1644 0.7712472042131633
1645 0.8467554578940628
1646 0.7665508375266784
1647 0.8759648323584751
1648 0.5604702604819376
1649 0.6353641536818376
1650 0.5889681000804237
1651 0.5409288881029022
1652 0.7766111741150857
1653 0.6677704649610456
1654 0.6745840324285006
1655 0.8240737271091755
1656 0.8228867105047833
1657 0.6668630497913508
1658 0.622098058732693
1659 0.8420304925855492
1660 0.764468073562641
1661 0.7884517622940193
1662 0.6170398424989275
1663 0.8918327082213814
1664 0.8057489841178593
1665 0.6641009246731279
1666 0.7180594250595279
1667 0.8052207656494088
1668 0.7954107279369809
1669 0.8623181020847479
1670 0.8316535783718743
1671 0.7438910931359659
1672 0.8826555618889448
1673 0.5650471713295242
1674 0.5334264496119355
1675 0.6714276901934577
1676 0.6990172747721233
1677 0.7807433295373446
1678 0.8374900118820304
1679 0.7496619967898882
1680 0.5994337809787803
1681 0.6062981215567831
1682 0.6090877468317094
1683 0.6060473655342684
1684 0.8162835102381585
1685 0.8954611616279278
1686 0.6123062669226395
1687 0.80223826237379
1688 0.5993008799236246
1689 0.5420628291695936
1690 0.7308847590449112
1691 0.5865031083959532
1692 0.88427608998211
1693 0.7899449048840154
1694 0.8105847194292962
1695 0.9010530560573974
1696 0.6702558057124829
1697 0.7338598326926977
1698 0.6167566574844439
1699 0.7845678964285938
1700 0.6261445262190848
1701 0.7224925899490425
1702 0.565284541398295
1703 0.8159495750034452
1704 0.7360766503042963
1705 0.671468465494062
1706 0.5618675987441781
1707 0.7429667326227009
1708 0.730955004511246
1709 0.8386550651304103
1710 0.531260455100817
1711 0.6827573521000315
1712 0.5114640205744451
1713 0.8468066317715637
1714 0.8646399670955224
1715 0.6535755745319239
1716 0.7354962730666674
1717 0.5443065136277314
1718 0.911926600394219
1719 0.9020949191452968
1720 0.6790045225244672
1721 0.8008573424870884
1722 0.7519481532653536
1723 0.5332595192766824
1724 0.7784552025354559
1725 0.6340061319595374
1726 0.8343441571003637
1727 0.6566126291447872
1728 0.8328744584743565
1729 0.6319582586911268
1730 0.5100400104525481
1731 0.8527557337336985
1732 0.9248388882014912
1733 0.5982074994449984
1734 0.8978679545288032
1735 0.8484043508437173
1736 0.8794549467197654
1737 0.8322104213500707
1738 0.8478206514005013
1739 0.7020570363609357
1740 0.8537123431004838
1741 0.771301818500075
1742 0.6769029661311806
1743 0.5846579370198977
1744 0.5838502002688797
1745 0.520710195372734
1746 0.8940379435155638
1747 0.6535512859885175
1748 0.5060827853059114
1749 0.7751803708143808
1750 0.8759411147321977
1751 0.5455091285674629
1752 0.9108622622554257
1753 0.8566951286627391
1754 0.8661073988874249
1755 0.581294699652739
1756 0.5638298046979733
1757 0.5422347650224665
1758 0.6851092979765393
1759 0.8133517560606969
1760 0.6069664077878891
1761 0.7990238039530074
1762 0.5295152784454886
1763 0.752493049894631
1764 0.5274698013523842
1765 0.8362656121525852
1766 0.9035690384365406
1767 0.6501320386261678
1768 0.8813819681152129
1769 0.8288928643983664
1770 0.7320078649616303
1771 0.7778163009046984
1772 0.634415997931978
1773 0.6319444264264692
1774 0.8159028852685944
1775 0.5396854384039924
1776 0.5704370640533343
1777 0.6039198908636553
1778 0.7546587637003996
1779 0.7606259862362083
1780 0.8067963520192802
1781 0.5917345178250224
1782 0.6571157019733023
1783 0.5101203722142652
1784 0.5958471553045288
1785 0.7902587400085849
1786 0.8770517446926153
1787 0.7728183887224115
1788 0.816429621573746
1789 0.8721196918046061
1790 0.8654094204752915
1791 0.8913961929586602
1792 0.5766259887431296
1793 0.9251997284309004
1794 0.5820142606366876
1795 0.554320593778896
1796 0.5417721404082769
1797 0.9551582730362054
1798 0.9104896767769164
1799 0.6298894050573037
1800 0.6718502523688988
1801 0.8103602994928796
1802 0.8971979879176357
1803 0.7596301670917893
1804 0.6358366673308707
1805 0.6454616317164387
1806 0.9231664973246323
1807 0.598432349826999
1808 0.6133797521375695
1809 0.9390161466547668
1810 0.5179441493332462
1811 0.823331749570508
1812 0.5749526463418718
1813 0.6462743694877144
1814 0.9362915169592188
1815 0.7324112467322897
1816 0.8775153519153794
1817 0.7731450688661032
1818 0.9253984140719956
1819 0.5648311310664111
1820 0.9243865387978671
1821 0.94116107380496
1822 0.9499875542770394
1823 0.8472892138492942
1824 0.7972371059751079
1825 0.9520482220875528
1826 0.59717143738325
1827 0.7044444664542219
1828 0.9100756281600327
1829 0.5752296676489356
1830 0.8289434158544322
1831 0.9063505262957994
1832 0.5579116933575659
1833 0.8845297875571088
1834 0.9075519523521091
1835 0.5207535927718276
1836 0.5638045449173439
1837 0.6029565770934792
1838 0.654674537488691
1839 0.8778200036354398
1840 0.5416322033395874
1841 0.9243527927007074
1842 0.5929025041431779
1843 0.8645755231116513
1844 0.8350313329313482
1845 0.8617933130576418
1846 0.763632674342848
1847 0.5636911290039267
1848 0.8780209409726415
1849 0.949030408277784
1850 0.8335208126357058
1851 0.8699060701383524
1852 0.7127116667029291
1853 0.9748839819793909
1854 0.6691567172890868
1855 0.8301356879060681
1856 0.6716572449958667
1857 0.5236777036445434
1858 0.9657469836172581
1859 0.89064560553524
1860 0.794306659981976
1861 0.8611800477942062
1862 0.8794997493562662
1863 0.6641572984787446
1864 0.8880945486855625
1865 0.9385042256124686
1866 0.8931664262211719
1867 0.9860880739061307
1868 0.9084587554084744
1869 0.529078592106641
1870 0.8560896582711857
1871 0.677884695131645
1872 0.6622704744803141
1873 0.6320381747195501
1874 0.8181705960536748
1875 0.9082571294167047
1876 0.8398118870839286
1877 0.590327988737933
1878 0.816141131646032
1879 0.9217574719806543
1880 0.7953441943029095
1881 0.6473279634456014
1882 0.9476640431358345
1883 0.6529809076846019
1884 0.7947991714262477
1885 0.7224655752233841
1886 0.857996144766926
1887 0.6630857618386317
1888 0.5920399607412485
1889 0.938239277760869
1890 0.6889293456963828
1891 0.8947504681513831
1892 0.8748512020438818
1893 0.9401307660616222
1894 0.8678134647244623
1895 0.7768094199218568
1896 0.8792259783013763
1897 0.5901834492654279
1898 0.9727002567576425
1899 0.8256910655667117
1900 0.8676163804508553
1901 0.5704785394520185
1902 0.8330331490639404
1903 0.6707230087134163
1904 0.7819998911785736
1905 0.8365554275916138
1906 0.9225807125844082
1907 0.804870239458337
1908 0.8521507649018699
1909 0.6375281204756164
1910 0.7757599496941622
1911 0.7926758994525378
1912 0.8911806475777073
1913 0.6808768478505316
1914 0.5763824937479339
1915 0.5367980596083073
1916 0.7842271925265221
1917 0.9213208701077606
1918 0.8588279304902409
1919 0.7187326611626548
1920 0.9223124970506775
1921 0.5103262805078864
1922 0.8741406145010314
1923 0.6883985804448344
1924 0.6521690044512609
1925 0.8973799980773185
1926 0.8433645871621346
1927 0.8874756009767266
1928 0.6957428097043559
1929 0.8778535225503247
1930 0.8661255748173582
1931 0.6642319443237096
1932 0.8767328092193561
1933 0.8978513743197173
1934 0.9465243346787294
1935 0.8842901934253282
1936 0.9264400877326805
1937 0.9195336870503521
1938 0.8851816863680487
1939 0.9266733783660123
1940 0.6889110868608735
1941 0.8338285237236667
1942 0.6652454958023352
1943 0.8589728196642731
1944 0.7527822452598447
1945 0.7916646166594677
1946 0.8765539099984774
1947 0.64526074016795
1948 0.7093959060138306
1949 0.6868484442574606
1950 0.8613124526441639
1951 0.8777151815261077
1952 0.653837600506708
1953 0.72944703405477
1954 0.9279058220812538
1955 0.9168489691271828
1956 0.8172498575371727
1957 0.594970615164526
1958 0.6728842998062208
1959 0.5911915341827292
1960 0.9089539776690901
1961 0.9154087945511552
1962 0.7412290082321326
1963 0.5105941938215158
1964 0.9664077407483702
1965 0.92102802968233
1966 0.6946706395910436
1967 0.5679031330951411
1968 0.6672724653637794
1969 0.8820388505434873
1970 0.9133760491613845
1971 0.5575145935216786
1972 0.6891234672010932
1973 0.5515566866847635
1974 0.5088771501237246
1975 0.7442043894568865
1976 0.7603612560778785
1977 0.9067592084210948
1978 0.8084128935437651
1979 0.7751344191795501
1980 0.91359505171169
1981 0.6041305841847063
1982 0.8579670401305867
1983 0.8513203819878215
1984 0.6360387026616717
1985 0.5158421630992274
1986 0.6730379944138567
1987 0.6299646649443587
1988 0.6583828939598934
1989 0.8373214646484368
1990 0.7508418538352658
1991 0.7899315974350363
1992 0.7622425909524935
1993 0.876001293067645
1994 0.5185315685697925
1995 0.9606396023461223
1996 0.6022886864432715
1997 0.9617680299366888
1998 0.8394116774468261
1999 0.8984662626363925
2000 0.8928029523917523
2001 0.6280618782832342
2002 0.9036600578329738
2003 0.5901704010157891
2004 0.6232891314391507
2005 0.6494578412107904
2006 0.6684761295046471
2007 0.5162833092460238
2008 0.738098959001364
2009 0.7705614402778367
2010 0.6419006743541277
2011 0.658191870124802
2012 0.8874547781010012
2013 0.7177574939767476
2014 0.6855938289319455
2015 0.9554793604935884
2016 0.6343501003184069
2017 0.6372206299991049
2018 0.6555904229285158
2019 0.5583716451225744
2020 0.6831307273542782
2021 0.7853088685507438
2022 0.8928164186939839
2023 0.8700338874451349
2024 0.5237965159737313
2025 0.8357797254250051
2026 0.7999491203045053
2027 0.8296680835035609
2028 0.8402771217774361
2029 0.8527164495287365
2030 0.6424525333211841
2031 0.8631769609557345
2032 0.8336179999952273
2033 0.9011253029799376
2034 0.8998020542138206
2035 0.7311829011077038
2036 0.7051911007774196
2037 0.8387819978715019
2038 0.7696595598243048
2039 0.7431808942391736
2040 0.8756361506227115
2041 0.9346751453187175
2042 0.5529734857989296
2043 0.6391078001152167
2044 0.6610894042904817
2045 0.6056619652355762
2046 0.7419617006048908
2047 0.9210623978984835
2048 0.8512988019274638
2049 0.5879161304424485
2050 0.8208376230435489
2051 0.5754602053624523
2052 0.894791826724
2053 0.7782821223751502
2054 0.766473533719237
2055 0.8478765226747457
2056 0.8356589230432577
2057 0.6993486068748852
2058 0.8543159907689115
2059 0.8215108431051885
2060 0.8160173664781881
2061 0.8270891513698673
2062 0.7419935349777748
2063 0.7441430656198295
2064 0.6545146534021599
2065 0.5083335339894576
2066 0.7939820506223706
2067 0.6172781436748596
2068 0.8975542459573103
2069 0.6060928593642062
2070 0.6200012199868432
2071 0.7573480817601359
2072 0.7979548396748863
2073 0.8638487762231583
2074 0.5893507193033801
2075 0.6192287469708195
2076 0.6955528928732132
2077 0.631836083842533
2078 0.6240383087793707
2079 0.9238990249251161
2080 0.699293223926171
2081 0.7579026427428526
2082 0.5297750120807373
2083 0.7994351955451983
2084 0.5880761018416365
2085 0.8179423669129651
2086 0.5286411996795858
2087 0.819327425530197
2088 0.7513518322240063
2089 0.7022408255846202
2090 0.863220289386435
2091 0.888039454074147
2092 0.5358646676384293
2093 0.6597398308825287
2094 0.8057146003939747
2095 0.6174496712044596
2096 0.6901176189277872
2097 0.5801189380145023
2098 0.7587898130109052
2099 0.7302928733628087
2100 0.5059260930691536
2101 0.5981827134994361
2102 0.7614471715725323
2103 0.7214157739789946
2104 0.8172840911639964
2105 0.8715830278074426
2106 0.6696672248145279
2107 0.8315789497418903
2108 0.9272825325638576
2109 0.5010592270448528
2110 0.5813936958979167
2111 0.8248995969925226
2112 0.7107674333204
2113 0.8903826591250081
2114 0.9009346954332679
2115 0.864745099728029
2116 0.7612607933019342
2117 0.5991380537208174
2118 0.6789849990997041
2119 0.887458793670533
2120 0.6456341165514605
2121 0.7488110023467077
2122 0.786496156666333
2123 0.5569474894626819
2124 0.9070350177456689
2125 0.7901546432637996
2126 0.8306592497477093
2127 0.8230039105361386
2128 0.5051726567588094
2129 0.8633134701292865
2130 0.8284595666563767
2131 0.746274021988441
2132 0.8856296503565433
2133 0.857244952865703
2134 0.9192484414587725
2135 0.5669985251967343
2136 0.8627823720682537
2137 0.6619178857927001
2138 0.7720348615736626
2139 0.7193623912480847
2140 0.5972207859494504
2141 0.7398749492230164
2142 0.935001449550579
2143 0.8065946526278299
2144 0.6362766100833926
2145 0.7440124225637955
2146 0.5505646023517968
2147 0.8313824913936353
2148 0.9820670057450859
2149 0.9790019333489027
2150 0.8930067994399337
2151 0.9652894927641246
2152 0.896254433096808
2153 0.6977708623206792
2154 0.9820344310819501
2155 0.7168537703015354
2156 0.561563916293681
2157 0.840953013652363
2158 0.9634756080086572
2159 0.5329784558479495
2160 0.9840410649381497
2161 0.8980982096582524
2162 0.9745478889579426
2163 0.5125787738197691
2164 0.9194199900624775
2165 0.7705659283949817
2166 0.9583060889668983
2167 0.7301545804823829
2168 0.7348316724354428
2169 0.8341574669021726
2170 0.9217711570953955
2171 0.643673077901358
2172 0.9520311089363711
2173 0.9327605738252133
2174 0.6740855962348777
2175 0.8054450291215535
2176 0.9107562653788821
2177 0.8592673501638499
2178 0.5211716381851269
2179 0.9019546788890399
2180 0.8884271636713896
2181 0.902319103545071
2182 0.7585291084851886
2183 0.910541802861999
2184 0.9647266533798456
2185 0.9678169859182831
2186 0.9227663472470132
2187 0.6094966864102801
2188 0.6970451434974285
2189 0.7535200269419883
2190 0.5005647678512843
2191 0.9813307343927862
2192 0.9468016814726871
2193 0.951941896669525
2194 0.8332670487632412
2195 0.9521687433941306
2196 0.9646805501873993
2197 0.7072708183510944
2198 0.8900300059702004
2199 0.7294057074692938
2200 0.5494622238109771
2201 0.8753202941010713
2202 0.8668043022306204
2203 0.849268532687646
2204 0.7576833830207714
2205 0.9541322824611729
2206 0.956882584049032
2207 0.7050043175934756
2208 0.6563243162074754
2209 0.5588102146742018
2210 0.784639048917948
2211 0.7960543662111359
2212 0.8959615200046301
2213 0.6644758485535263
2214 0.6437268753365157
2215 0.6445859052326501
2216 0.8023981085385542
2217 0.9426846592200736
2218 0.9173566834538944
2219 0.6120868898040231
2220 0.9545470149036146
2221 0.8601279124821587
2222 0.5756708368855682
2223 0.8420627408192536
2224 0.9353966925702693
2225 0.933558604680673
2226 0.8251252416063539
2227 0.9196430120316093
2228 0.5867470486472729
2229 0.9301935203746337
2230 0.808873430015003
2231 0.682906288161939
2232 0.9435018107793058
2233 0.8963475364194409
2234 0.8022130711729549
2235 0.5803158386739903
2236 0.8453898835832159
2237 0.5166794947449013
2238 0.7979482754343452
2239 0.9084458151189606
2240 0.8772557028660768
2241 0.8735812981578738
2242 0.6629836140592092
2243 0.712755945392986
2244 0.5468824521691448
2245 0.6451735060021325
2246 0.5145985528368539
2247 0.8028014286385897
2248 0.8721957159300432
2249 0.7055241754474014
2250 0.8674028678007585
2251 0.5319786436276631
2252 0.8186536120266779
2253 0.8852597907785764
2254 0.9329017561595787
2255 0.8136495738970906
2256 0.922788376470627
2257 0.5946477885388639
2258 0.8896686226755012
2259 0.8211002145729682
2260 0.810816487793083
2261 0.9143082610782132
2262 0.9339336411898719
2263 0.512870291996438
2264 0.9014825561666923
2265 0.6232973539842805
2266 0.5347610429139634
2267 0.8535224412888666
2268 0.9042961496724021
2269 0.5188923148520744
2270 0.9275432004440358
2271 0.8209914780203726
2272 0.7129316511340461
2273 0.7347636914622706
2274 0.8848314262519613
2275 0.5829147313815588
2276 0.8939722979697824
2277 0.6577018601839004
2278 0.8838363629314528
2279 0.8842262921413413
2280 0.7649420611562899
2281 0.826229604542434
2282 0.909931329964409
2283 0.5293596880177769
2284 0.8781628633860193
2285 0.9144207914860595
2286 0.6020286201875736
2287 0.9269876715152008
2288 0.7892454525639429
2289 0.7591312778245449
2290 0.7335163679448049
2291 0.7211650335651617
2292 0.8410794398405638
2293 0.634161931838107
2294 0.9202798052159742
2295 0.8643530926476578
2296 0.7079849467863454
2297 0.8462537795896348
2298 0.695845299187373
2299 0.7605295535556403
2300 0.8688109910647425
2301 0.7642424485610756
2302 0.6792826626529226
2303 0.8793346010170563
2304 0.6446550132326093
2305 0.7423888819232306
2306 0.6964587455914757
2307 0.9406424759438234
2308 0.7100007470510549
2309 0.8379820437957567
2310 0.6308479569784475
2311 0.8509110260239119
2312 0.5602327571073901
2313 0.8832657320816211
2314 0.8304673173293029
2315 0.903600742966093
2316 0.9251350224691248
2317 0.5418575480932095
2318 0.9002413125497892
2319 0.8566683623487447
2320 0.7566043908701664
2321 0.6308539559441338
2322 0.8996350211050299
2323 0.7126377762343371
2324 0.8106305591888173
2325 0.6098905651618661
2326 0.7440241830888452
2327 0.8278480565960943
2328 0.7732202478064167
2329 0.8767020840941967
2330 0.8116435590544772
2331 0.891261809684106
2332 0.9066108568999519
2333 0.8369800268155339
2334 0.8895092512341398
2335 0.6723310730397071
2336 0.6592798530568482
2337 0.9068245464711272
2338 0.914861104670974
2339 0.5111262920245959
2340 0.6545999890727539
2341 0.7384167406799402
2342 0.5054925121791355
2343 0.9063276502267593
2344 0.7568682012613377
2345 0.5910009274170058
2346 0.5315439156137189
2347 0.8857834480576782
2348 0.8799426128009431
2349 0.8689270158149249
2350 0.8300206571993934
2351 0.8696578961569301
2352 0.8042892330371579
2353 0.88020820482084
2354 0.8995505666297144
2355 0.6515080534854042
2356 0.8495230170700495
2357 0.5292170291116652
2358 0.8913306730018223
2359 0.5844034695206684
2360 0.749241411221009
2361 0.9006362023550039
2362 0.7675804643215176
2363 0.8133227580925274
2364 0.8414300929033304
2365 0.7511698962707998
2366 0.8909013412999266
2367 0.6513216596717308
2368 0.9403191887636387
2369 0.7608724128165414
2370 0.9085393022811866
2371 0.6118442911408283
2372 0.8708271130227375
2373 0.6419738488762519
2374 0.7213744343184791
2375 0.8537290917447777
2376 0.6431737967493969
2377 0.79586246891339
2378 0.5760881861913546
2379 0.7121728202784587
2380 0.8785080371304602
2381 0.8974134300357237
2382 0.535005964545052
2383 0.8119727014431514
2384 0.5570670198422721
2385 0.8665192804302125
2386 0.5366340112679824
2387 0.8520052853086629
2388 0.5180354940739269
2389 0.6046700148729374
2390 0.5340430228899755
2391 0.8423900223753478
2392 0.838254653281478
2393 0.5439715529137747
2394 0.6295181433304484
2395 0.8439406450444652
2396 0.8926946385330078
2397 0.9030490330355051
2398 0.8086282639964153
2399 0.8506696874754424
2400 0.6210875549446259
2401 0.8120590864947029
2402 0.8092290879545702
2403 0.7531037670176222
2404 0.8454225970445133
2405 0.5762927452970109
2406 0.7362999285331452
2407 0.5934552927865586
2408 0.8069765745025137
2409 0.734137745471652
2410 0.7609193645253024
2411 0.8040334341627458
2412 0.5637412242961373
2413 0.946940124195178
2414 0.8574950499472918
2415 0.6394041727197056
2416 0.5747760715228732
2417 0.7917974393696283
2418 0.5504962020630016
2419 0.6493771835771777
2420 0.7751539088912115
2421 0.7349714960487044
2422 0.8334763446012535
2423 0.8386410907099915
2424 0.7875605289781994
2425 0.7891803675411435
2426 0.8693336909923135
2427 0.8366194509483548
2428 0.7007098723553811
2429 0.8240347145422027
2430 0.7886219337621593
2431 0.5699538108674183
2432 0.8519976537094042
2433 0.7239055197249832
2434 0.8649446241003693
2435 0.7572231839578055
2436 0.8786064693886803
2437 0.6432319133986847
2438 0.6344707320719015
2439 0.8885959112875261
2440 0.7381407515999717
2441 0.7457688818509398
2442 0.8435973748724913
2443 0.5369542872869124
2444 0.5537725183064179
2445 0.7137456103963516
2446 0.5339076703415301
2447 0.8158362850657851
2448 0.819163045403727
2449 0.8749304879938676
2450 0.6541232420229143
2451 0.6704017718939091
2452 0.8790278145242115
2453 0.7561790657323691
2454 0.8894429361234836
2455 0.785430341191026
2456 0.8596423912815337
2457 0.8259598651173482
2458 0.6439127610373305
2459 0.6970807479897938
2460 0.7406355780320569
2461 0.8771033688602966
2462 0.7171297148828962
2463 0.7637860524995136
2464 0.876851339366208
2465 0.8154180600404781
2466 0.5046892767070985
2467 0.5004102291472492
2468 0.6965140882021867
2469 0.8617145687106224
2470 0.8453002075009235
2471 0.554786761086432
2472 0.8264294801538141
2473 0.713104646058777
2474 0.82553786149713
2475 0.6446214240731123
2476 0.8595026275374491
2477 0.5036243523742322
2478 0.5616792078880505
2479 0.8707004599347151
2480 0.8575798249000172
2481 0.6579622709109636
2482 0.6783489847286599
2483 0.6059875547817168
2484 0.7688767641119656
2485 0.9009967124108895
2486 0.5465862255988988
2487 0.68847371273074
2488 0.784527168237489
2489 0.7301751007163231
2490 0.6099656292112632
2491 0.7760774626036535
2492 0.8144793280565847
2493 0.6801300476960905
2494 0.8290699146887596
2495 0.7542714651940252
2496 0.8331650536010458
2497 0.7087272140859033
2498 0.8299803781649469
2499 0.8373131089198275
2500 0.6764728604051105
2501 0.6536135216992692
2502 0.7328851398625452
2503 0.7167867406200354
2504 0.9540859662548603
2505 0.6516894985512602
2506 0.8168334240404991
2507 0.7555999798152008
2508 0.8878724383727887
2509 0.9085618074272254
2510 0.6092943388919367
2511 0.7878834315190614
2512 0.6512995732647381
2513 0.5867890344100569
2514 0.601397435092941
2515 0.6570934401436016
2516 0.9455268391198379
2517 0.9877226311439001
2518 0.9820447600494494
2519 0.7945276607012225
2520 0.9905558893748958
2521 0.9621236007465602
2522 0.5873154509835915
2523 0.97421014704246
2524 0.926464861936005
2525 0.6429199209604342
2526 0.7820013373241286
2527 0.9838756826720455
2528 0.9113067771756037
2529 0.7508844884945248
2530 0.9861508979450322
2531 0.9585712437923415
2532 0.970943706990082
2533 0.66587373862449
2534 0.9492251878865213
2535 0.6612761773342678
2536 0.7108836274825838
2537 0.8963685769856026
2538 0.9359631685968454
2539 0.9129012403166219
2540 0.6647846406074965
2541 0.6484633683502976
2542 0.9318549032939661
2543 0.87683709717975
2544 0.9445589772667324
2545 0.7089607944581807
2546 0.9109120922307967
2547 0.9255408677330408
2548 0.5036504637795663
2549 0.7034575581982823
2550 0.7006656168788572
2551 0.8472161835802076
2552 0.5685670878898502
2553 0.907262707032441
2554 0.6349989389724324
2555 0.9060419830801656
2556 0.7920525955508986
2557 0.9217573916902864
2558 0.8852596684973125
2559 0.6533386680224723
2560 0.9481505823128444
2561 0.5316056963353852
2562 0.8733211213669644
2563 0.8635122197039116
2564 0.8992222648622283
2565 0.9384472883427414
2566 0.9449793455510577
2567 0.8962923675529806
2568 0.9345415011244147
2569 0.6483087661237146
2570 0.8696122856687852
2571 0.9706967963644286
2572 0.8920029353183934
2573 0.8766258668762847
2574 0.8529374259452566
2575 0.504918097021961
2576 0.9032013223665648
2577 0.7632065525731357
2578 0.8461792434588725
2579 0.5145678292447085
2580 0.7937496957079441
2581 0.8653686721740251
2582 0.6830001439654538
2583 0.9836092715246411
2584 0.8888398082831637
2585 0.9633179384344581
2586 0.8621402635803705
2587 0.734898321582367
2588 0.9223355917080484
2589 0.7180900858315019
2590 0.7038667467743089
2591 0.6874938075807098
2592 0.8540835323742845
2593 0.734430721819565
2594 0.8335942219352844
2595 0.9063338608957865
2596 0.8345960819526782
2597 0.9056694880161754
2598 0.6173092079725333
2599 0.8647386705441182
2600 0.8847090340592951
2601 0.8892561952157917
2602 0.839881449814624
2603 0.9037630801535091
2604 0.7347337071134126
2605 0.9310921896058086
2606 0.89406594249418
2607 0.915725267933156
2608 0.8611827535134584
2609 0.9295839581962702
2610 0.93518710704985
2611 0.8485158193625428
2612 0.7758537937513196
2613 0.8842677616196889
2614 0.586664667229746
2615 0.9141435798117604
2616 0.772639961207335
2617 0.9260131900908273
2618 0.6902125239734601
2619 0.9772498847371572
2620 0.5150722803820966
2621 0.9291021754990088
2622 0.8491351852659587
2623 0.5649522223746924
2624 0.7179473380723318
2625 0.9062620048196214
2626 0.8034517465073492
2627 0.9029458180297465
2628 0.6268135429071591
2629 0.85344982143366
2630 0.5478190178663064
2631 0.7935570223824034
2632 0.8418834112377794
2633 0.9095984975400431
2634 0.6560620205125043
2635 0.6876786552709333
2636 0.8606938235479246
2637 0.9605336818117133
2638 0.8495908857101416
2639 0.8165390533383458
2640 0.9041006013512893
2641 0.9008643153185707
2642 0.5968019693129758
2643 0.5018505890702618
2644 0.6430700278585934
2645 0.6661082595281268
2646 0.804527751312922
2647 0.8448976578807175
2648 0.8650131393956788
2649 0.8378794965263496
2650 0.9104012699453928
2651 0.6538892081598009
2652 0.9482938242636071
2653 0.8231447411743973
2654 0.921300518341612
2655 0.5905047687238597
2656 0.8785982418828875
2657 0.6182840276375673
2658 0.9150876841551623
2659 0.7743183328294744
2660 0.9291335776640272
2661 0.6399731619786694
2662 0.6237685711728752
2663 0.9550866581669623
2664 0.6194087851022017
2665 0.6319458921032198
2666 0.8758892397617182
2667 0.9403661238355093
2668 0.9036402309816678
2669 0.7005178676640323
2670 0.929858331466644
2671 0.9374317761839465
2672 0.5757023235767251
2673 0.6365365393153359
2674 0.5017438450511363
2675 0.8244652757846715
2676 0.7457792410839089
2677 0.6646655449881582
2678 0.7788713276093692
2679 0.5292262193610542
2680 0.9153468758541268
2681 0.6646313885292673
2682 0.530858253578643
2683 0.5324864083991729
2684 0.864257774123091
2685 0.7768154840909627
2686 0.9068395461880704
2687 0.8447789254249938
2688 0.7904264141977864
2689 0.5594946851586201
2690 0.7626745614216505
2691 0.5105493812646363
2692 0.8953936576700094
2693 0.584654417312069
2694 0.6157849413921842
2695 0.8478153887947499
2696 0.5515095988658701
2697 0.7753971727593163
2698 0.7265280840640147
2699 0.709584618400655
2700 0.7704430875889844
2701 0.661750149646376
2702 0.9128053556231256
2703 0.9501742621350888
2704 0.9468636696148226
2705 0.9252357406609355
2706 0.8935340918483429
2707 0.8075828629321482
2708 0.5467082390131058
2709 0.6366781067957239
2710 0.5908536129714562
2711 0.7704807407906731
2712 0.828459807661429
2713 0.8892170128964562
2714 0.8487300479428591
2715 0.7884908049336892
2716 0.6110177147214304
2717 0.6516349921875461
2718 0.579886074710865
2719 0.869003210438435
2720 0.9193579124299348
2721 0.650901811343419
2722 0.8529841349514782
2723 0.5256028122235782
2724 0.8889591126181343
2725 0.5994588346990204
2726 0.8838777475547035
2727 0.9092016416989042
2728 0.8493185102620481
2729 0.7223778292248236
2730 0.8650227476395612
2731 0.7433150717274911
2732 0.757389482752173
2733 0.8267516297038985
2734 0.7636481054517001
2735 0.5292381517054617
2736 0.8562357272572707
2737 0.5990478680858228
2738 0.5919394288915751
2739 0.852123602953038
2740 0.5332120038265784
2741 0.8101882251234968
2742 0.8610315514561122
2743 0.8853390332469602
2744 0.7424315345086574
2745 0.5372084023567854
2746 0.549192242249598
2747 0.8167710757061731
2748 0.883391045294274
2749 0.667472762075845
2750 0.7862613395079641
2751 0.6518112925746611
2752 0.5519852788704612
2753 0.7959640398774369
2754 0.6577921040773357
2755 0.8028061630921817
2756 0.7743799204829167
2757 0.7970821919148762
2758 0.6408260663972769
2759 0.8600475974798947
2760 0.7596304643184674
2761 0.783764748798571
2762 0.6571841832169247
2763 0.7942656319586224
2764 0.7574735926420814
2765 0.7229003969320903
2766 0.9304171250479712
2767 0.8449699456447806
2768 0.7710902486679884
2769 0.6855195417021226
2770 0.6361341785750293
2771 0.8383045985684144
2772 0.5199863314771995
2773 0.8715761478335344
2774 0.7368944875531184
2775 0.7216308241852847
2776 0.7618195805778437
2777 0.8606305153211101
2778 0.591572676516417
2779 0.7201556994787237
2780 0.7508662925653218
2781 0.8687621985021272
2782 0.6176358248412767
2783 0.7811135873855142
2784 0.7277600979060179
2785 0.5556244699868496
2786 0.7803083683739085
2787 0.8650538177090656
2788 0.7719296073392065
2789 0.7930088402843991
2790 0.7894360833486791
2791 0.8063576360874875
2792 0.6279012461428601
2793 0.5507380989311499
2794 0.5812657908682289
2795 0.6344919902719505
2796 0.6463244686055009
2797 0.8520499246688785
2798 0.9177159899028436
2799 0.8436535623853713
2800 0.8754339278816743
2801 0.9027452889473374
2802 0.8193975632147453
2803 0.8100423305877282
2804 0.7254439933474259
2805 0.6109722639886294
2806 0.8329744186094805
2807 0.8575752673450937
2808 0.8009267746147438
2809 0.612435587722867
2810 0.8049217905516174
2811 0.729795544486588
2812 0.6814277408958062
2813 0.893139436963786
2814 0.8669848739925478
2815 0.807004626272766
2816 0.7869233556132119
2817 0.6972045244623744
2818 0.7049128933433307
2819 0.8047040778237025
2820 0.9336082392838957
2821 0.7695291868387475
2822 0.7867073396945669
2823 0.8665315433725668
2824 0.566698988119252
2825 0.748045243251994
2826 0.8053237506826875
2827 0.5298057200510017
2828 0.7190506513246343
2829 0.7128492350920562
2830 0.8429769746845938
2831 0.6220502878710481
2832 0.7756174257355742
2833 0.5929520390263865
2834 0.7938067291794414
2835 0.8028452593513573
2836 0.5541605158587144
2837 0.8149307961541261
2838 0.8052689447774541
2839 0.7865049376656368
2840 0.5982409080605813
2841 0.8558332002705465
2842 0.7740423768536067
2843 0.5179283743135786
2844 0.7680931559885258
2845 0.8620527025976553
2846 0.7019384253925429
2847 0.7754821743741703
2848 0.5143692484341937
2849 0.6424854073941294
2850 0.7838091118605391
2851 0.7913244845367463
2852 0.7977838822125071
2853 0.6251361668262124
2854 0.8513245470946705
2855 0.568547090767239
2856 0.796886909347198
2857 0.7672404414823509
2858 0.523965758284315
2859 0.8091143371538727
2860 0.8540008577128757
2861 0.559921616193748
2862 0.9171173562736783
2863 0.9798904749619622
2864 0.7401997459356253
2865 0.6436558266711273
2866 0.991291125097701
2867 0.7531344231439906
2868 0.9517138854878878
2869 0.9979001648329888
2870 0.5154367632688412
2871 0.9804700066005319
2872 0.9419475483451231
2873 0.9676631322456299
2874 0.9807604381541442
2875 0.6476398306008309
2876 0.5013697365096829
2877 0.7142225473567567
2878 0.6636432312662389
2879 0.947712218253195
2880 0.9919262150181789
2881 0.7253575767515283
2882 0.8251590746415199
2883 0.6669573570722054
2884 0.5378360383674565
2885 0.63590258198051
2886 0.5688071236656846
2887 0.9770834877219383
2888 0.8512461501494749
2889 0.9781110448525235
2890 0.5524924971042358
2891 0.7878184473959057
2892 0.7003234814471031
2893 0.9046382033182793
2894 0.9242099890161649
2895 0.893051728925816
2896 0.9037506034890894
2897 0.9437175111760872
2898 0.749078530159494
2899 0.5947022111345989
2900 0.9820648576195715
2901 0.9015873257578885
2902 0.9746047527015788
2903 0.9725800329386447
2904 0.9586772220853615
2905 0.9778064140826487
2906 0.9785930772232341
2907 0.9589976006861415
2908 0.9253159773010353
2909 0.895917474795839
2910 0.5847251568299887
2911 0.9587240111979725
2912 0.8653872684210335
2913 0.9562789547893722
2914 0.910961493145576
2915 0.9550088734659365
2916 0.9423159917506678
2917 0.9223454787075719
2918 0.619221193762178
2919 0.6346618355340324
2920 0.8636971366001059
2921 0.922115025918557
2922 0.8800353204584137
2923 0.6092528766378212
2924 0.9333370835263024
2925 0.5739290800886182
2926 0.9642382125122899
2927 0.9198844880812516
2928 0.9584323925887119
2929 0.603390909286359
2930 0.934287830445151
2931 0.5594548948179219
2932 0.920170980370727
2933 0.5451070778834853
2934 0.6754634166537091
2935 0.9464541945372289
2936 0.9227471895286014
2937 0.786881114835652
2938 0.8422306997309015
2939 0.9549167183115785
2940 0.7934607297860721
2941 0.6271973325018566
2942 0.9375465001548484
2943 0.8434439822846722
2944 0.8822372180525531
2945 0.5710998162549804
2946 0.634333056636875
2947 0.8950539704499029
2948 0.9047905786009138
2949 0.7077241861991367
2950 0.9620788499562525
2951 0.5693630386144893
2952 0.7392963408167337
2953 0.8817371521780979
2954 0.9565105737870303
2955 0.9592505962576078
2956 0.6785440995106216
2957 0.9415350519063637
2958 0.9614582890485801
2959 0.83451748185681
2960 0.9688517608993779
2961 0.817683567474259
2962 0.9647377729727985
2963 0.5856191261729086
2964 0.9214828547351874
2965 0.7944684313243751
2966 0.9925241999910367
2967 0.6250403693927924
2968 0.8311864775590639
2969 0.8706602941350865
2970 0.9278746054582095
2971 0.9201306711387821
2972 0.5644027647490801
2973 0.8861542810330694
2974 0.8394372887825156
2975 0.8890300818850684
2976 0.6309434274029284
2977 0.9479106996734379
2978 0.5990799740787172
2979 0.6544273544803708
2980 0.9233588520621696
2981 0.7184265999896013
2982 0.9753844907823032
2983 0.6617599871979449
2984 0.5506400314919817
2985 0.627521733281298
2986 0.9623644864017911
2987 0.9164922249195615
2988 0.7387994666765784
2989 0.5756089872760005
2990 0.7280574831174936
2991 0.8580883016707745
2992 0.6070862339874561
2993 0.7649605994741162
2994 0.8012465212287935
2995 0.9497627006207174
2996 0.7079660159968513
2997 0.5371452750958703
2998 0.9409142732574505
2999 0.672947162471577
3000 0.7616975222194043
3001 0.9238397212975918
3002 0.8307171433299663
3003 0.8912449749825085
3004 0.9008949477526386
3005 0.5234643006918771
3006 0.9433139269568337
3007 0.8619575112253476
3008 0.9538484500136631
3009 0.9184431895257364
3010 0.5566714845647586
3011 0.6579037978027168
3012 0.5571646951471577
3013 0.5801475159260799
3014 0.8194430192716172
3015 0.7450872571524415
3016 0.9735184216007678
3017 0.8892050318862069
3018 0.8328125045073841
3019 0.5011164686145541
3020 0.5626732351009773
3021 0.9015044011192761
3022 0.6649720978129782
3023 0.5511155236785236
3024 0.8085294226448662
3025 0.8845007987203903
3026 0.8058914813769368
3027 0.9554930528747198
3028 0.5602002651446116
3029 0.507934412585162
3030 0.9446199464709372
3031 0.8419279489347071
3032 0.7345512645434782
3033 0.5588058879210815
3034 0.9314958424080372
3035 0.9403472078033335
3036 0.5231435099269971
3037 0.8646485579018486
3038 0.8711378744451508
3039 0.9571831522724505
3040 0.956794812473549
3041 0.5731191590856988
3042 0.9013191993688004
3043 0.7098052827622184
3044 0.8523617927425313
3045 0.6350723769266793
3046 0.8007765774829032
3047 0.8438646454195529
3048 0.6344848224974593
3049 0.5182675942468271
3050 0.8190834934744335
3051 0.8327584321535443
3052 0.9203536671299278
3053 0.9240050522927434
3054 0.785016764760379
3055 0.6198440571178423
3056 0.9765809502681139
3057 0.574434402041121
3058 0.5961580412698708
3059 0.8835858447543936
3060 0.8696359135586941
3061 0.6074844331904296
3062 0.9527824597355637
3063 0.8568430594762967
3064 0.6462956256844831
3065 0.6852927019532815
3066 0.5240905854586629
3067 0.9545366428863779
3068 0.8772853256135041
3069 0.6237809099753938
3070 0.9382591238681184
3071 0.9178059637729413
3072 0.9413368928987641
3073 0.6962459034089253
3074 0.9160271249214864
3075 0.5572479903403944
3076 0.6297950965458903
3077 0.534238399133028
3078 0.8991687350917901
3079 0.7818476222873131
3080 0.8476245782105751
3081 0.9068996286049801
3082 0.5113362534143818
3083 0.5530336519585752
3084 0.6352509121979459
3085 0.7434135867755413
3086 0.7801155484489178
3087 0.8562669350159284
3088 0.6859730224687242
3089 0.8841584832598965
3090 0.8844544706082182
3091 0.7151365990099047
3092 0.8292098827493561
3093 0.8988354798584226
3094 0.8578864637265374
3095 0.812088715923129
3096 0.6935488892347074
3097 0.7569707361942276
3098 0.8897765273441847
3099 0.8136442481720292
3100 0.80439192001404
3101 0.7937679483161446
3102 0.611364550111935
3103 0.505868912710374
3104 0.8552118067360924
3105 0.6188724425766536
3106 0.5155110179671958
3107 0.7067906383579113
3108 0.673140031710025
3109 0.841106029818307
3110 0.5412464011803403
3111 0.8864824046280037
3112 0.5640493332894276
3113 0.9529645877965884
3114 0.5182749771084342
3115 0.906482729288611
3116 0.6179045844198935
3117 0.5592146406267242
3118 0.7312624287440241
3119 0.9426257666700677
3120 0.9064705425763238
3121 0.9215434881130202
3122 0.6867239008081101
3123 0.8199784559154112
3124 0.5805681776655115
3125 0.503744353745654
3126 0.9382941299933417
3127 0.8318427870931624
3128 0.908241124873074
3129 0.9654313980741291
3130 0.8357771138872043
3131 0.859763414977112
3132 0.7957531293494202
3133 0.9494064000755028
3134 0.7096481292115615
3135 0.8692668735761404
3136 0.8399061814731157
3137 0.8394640239398038
3138 0.7977375404777685
3139 0.7879494351729814
3140 0.6815307988196919
3141 0.651881672863752
3142 0.895739588252485
3143 0.9440587959810822
3144 0.8735956697245886
3145 0.6006524749326864
3146 0.8905213831377311
3147 0.8882080322424554
3148 0.8863459350514212
3149 0.6477234202176511
3150 0.7019292672856103
3151 0.872351723226719
3152 0.7195923292625489
3153 0.7927675367972562
3154 0.7868892580233365
3155 0.8677367688875256
3156 0.8985572691262823
3157 0.5314120113461335
3158 0.9180392964288224
3159 0.9125101612850038
3160 0.9118607610958362
3161 0.6455311168012087
3162 0.7059104316391785
3163 0.5029520982506724
3164 0.7981403324890458
3165 0.8380295244736703
3166 0.5283643936696666
3167 0.8312864936096519
3168 0.6921329303595627
3169 0.7105645671686458
3170 0.8419606021572386
3171 0.8340098609212466
3172 0.9477189388622989
3173 0.8882989300870462
3174 0.8113677627252438
3175 0.8987749337159904
3176 0.952389448578816
3177 0.912128557446431
3178 0.7139983536215218
3179 0.8832649540619104
3180 0.7572196883145617
3181 0.8127884188492349
3182 0.8751893697793246
3183 0.6643880383294883
3184 0.6514453982198636
3185 0.8246739778171582
3186 0.6844951541652603
3187 0.9255664502522151
3188 0.65906524785149
3189 0.7946889333680168
3190 0.5896884805812639
3191 0.9331380979988069
3192 0.8703836547512005
3193 0.668238124726103
3194 0.9182886376953123
3195 0.7697865516750624
3196 0.8611145505245813
3197 0.8855789207230342
3198 0.5218120620198896
3199 0.6052509446887554
3200 0.9090627462820685
3201 0.8773780034130984
3202 0.6623723613782411
3203 0.5270431450483319
3204 0.6258265645642572
3205 0.58757659002138
3206 0.6380438551407771
3207 0.8035694831940295
3208 0.6673500075020903
3209 0.8917471149330369
3210 0.5256226021876926
3211 0.6988402187635772
3212 0.6362500065320538
3213 0.7074302107678228
3214 0.6788371244230612
3215 0.9399598583999319
3216 0.6763199309257223
3217 0.7307178663687685
3218 0.5772252904369619
3219 0.9931088201685042
3220 0.6177953222334642
3221 0.9891865285259863
3222 0.9930336213622932
3223 0.8773861735246062
3224 0.9883168023599384
3225 0.9940132276437873
3226 0.9888454126478491
3227 0.9894861079611713
3228 0.6623363689801053
3229 0.6114156598304604
3230 0.9934099749468067
3231 0.9821534980082925
3232 0.9010148414983233
3233 0.9899559955428348
3234 0.923717586566672
3235 0.8945029996254745
3236 0.8036170836211882
3237 0.984414340255616
3238 0.977714475414148
3239 0.8812544908615416
3240 0.7785035665750916
3241 0.501777009850563
3242 0.9934562606205499
3243 0.689588023222107
3244 0.7659808298098376
3245 0.9885542566262498
3246 0.667118396542853
3247 0.8762595055397004
3248 0.718599577004286
3249 0.6554538969491168
3250 0.7652913262932848
3251 0.9785522434947201
3252 0.7157158980961056
3253 0.9620803148525989
3254 0.9877034677316155
3255 0.9784366749161789
3256 0.5475619788262513
3257 0.9700857971203848
3258 0.9721650297128936
3259 0.9504400689020901
3260 0.9933513091455376
3261 0.5530631361430299
3262 0.9511339195178831
3263 0.8715196519122925
3264 0.9829768512079575
3265 0.5841177880185459
3266 0.9003870570814473
3267 0.761436664010357
3268 0.8022850795288777
3269 0.6026013113771912
3270 0.5914310060662673
3271 0.9705846204388656
3272 0.8295162810618055
3273 0.980550960556805
3274 0.993226684911611
3275 0.5609790751728165
3276 0.7612918760299306
3277 0.6893746972014082
3278 0.9512601496978633
3279 0.9166271576635049
3280 0.9916960960272874
3281 0.9011670766710984
3282 0.6008553043267262
3283 0.6494038545253812
3284 0.6102395964292813
3285 0.9905910271258987
3286 0.993440276389934
3287 0.9935713760139607
3288 0.8218823616298745
3289 0.7995628107047581
3290 0.9670073753884086
3291 0.9724884625353696
3292 0.5412524390376947
3293 0.9690411359209667
3294 0.9101851965949483
3295 0.8572750207720176
3296 0.6398029512438734
3297 0.8480934282742983
3298 0.9874365454996948
3299 0.9333959794358689
3300 0.5548059189896708
3301 0.6118095224617134
3302 0.5630196612784832
3303 0.9608152063346721
3304 0.7942732966690971
3305 0.9541825744785106
3306 0.9938887081427668
3307 0.9400233597444315
3308 0.5981780777153396
3309 0.5782717595521706
3310 0.9034630210390758
3311 0.6383052961475568
3312 0.8500204523709429
3313 0.9258133606382359
3314 0.899617463481557
3315 0.8785640231743275
3316 0.9858457414941219
3317 0.9398217820421052
3318 0.9148896387115529
3319 0.9096947561813529
3320 0.96077519400866
3321 0.8805573399217
3322 0.935582376079383
3323 0.9582814844855512
3324 0.7703815049751198
3325 0.5934209698397843
3326 0.6455956334767607
3327 0.5255718140081312
3328 0.8870082769758676
3329 0.9794056085351671
3330 0.9489601583519975
3331 0.5776483518520887
3332 0.8911763565295944
3333 0.8723499739570169
3334 0.6699365326466037
3335 0.6117957503656537
3336 0.8822297788994489
3337 0.6844108074008595
3338 0.9633695285869899
3339 0.8269281469962926
3340 0.5735246043032899
3341 0.6902680323148129
3342 0.9069619622884533
3343 0.7658903086541824
3344 0.8407971181257398
3345 0.9619132648289926
3346 0.7137785954787342
3347 0.954593538878994
3348 0.9356602639478673
3349 0.9005982196708349
3350 0.9564388622410301
3351 0.6522505068681013
3352 0.5408047580554863
3353 0.966968362361029
3354 0.5288020353643379
3355 0.6998006858668404
3356 0.9651117898295425
3357 0.8918342400703161
3358 0.899423977243237
3359 0.9173307849327571
3360 0.9030624748154069
3361 0.9026718334282111
3362 0.6739023669321849
3363 0.5865840491883046
3364 0.9510713948802092
3365 0.5541292315314953
3366 0.9345061080643235
3367 0.9252245813140443
3368 0.6025075324043597
3369 0.5603641691807435
3370 0.8953221073281596
3371 0.9321041980419729
3372 0.9025973891148874
3373 0.8905905877852951
3374 0.8904834081590343
3375 0.7904595674198989
3376 0.9116801514885121
3377 0.5788240043423247
3378 0.8209265369206594
3379 0.6026797990781602
3380 0.8815170925475406
3381 0.853244511950522
3382 0.5904142813164672
3383 0.9219276106665125
3384 0.6728211389874359
3385 0.839416662636966
3386 0.561234594774547
3387 0.7854481423562517
3388 0.9354611060960838
3389 0.8852037419736771
3390 0.8533596968131989
3391 0.8839619176219454
3392 0.8827547736458036
3393 0.6012205333042832
3394 0.9519513357542202
3395 0.5402704512386441
3396 0.7717666267622229
3397 0.942776421353859
3398 0.5899540006649677
3399 0.8997609433329278
3400 0.8810264752115498
3401 0.5403029778532407
3402 0.920897097334697
3403 0.5671568356368695
3404 0.6658720825653964
3405 0.9521445744338516
3406 0.8758459329301471
3407 0.8595434244429778
3408 0.923479876877279
3409 0.5789775399649271
3410 0.7975774785746332
3411 0.7262589200176041
3412 0.5215105082620392
3413 0.9111354020469218
3414 0.7586393350801633
3415 0.6120313907969496
3416 0.8782146408074986
3417 0.8856619996737896
3418 0.6103802499800419
3419 0.5144750273101489
3420 0.7330824027167772
3421 0.9497869540085948
3422 0.6371235500162231
3423 0.9354272327554902
3424 0.870171219272277
3425 0.767222885908297
3426 0.8010798187079834
3427 0.5936880535972109
3428 0.9467535933610507
3429 0.8089844457022815
3430 0.9265725517089504
3431 0.8282462021998724
3432 0.9240004428927466
3433 0.788299404299827
3434 0.6501186008669987
3435 0.9523294218647559
3436 0.8822599299356612
3437 0.864101301231589
3438 0.6647009541671164
3439 0.7737461886505198
3440 0.8122635250532679
3441 0.9429722060799164
3442 0.8340708582145686
3443 0.9342255296384478
3444 0.9631560466592933
3445 0.822802186210204
3446 0.9586241927821537
3447 0.5134607493811562
3448 0.8965575550226508
3449 0.9279409484803476
3450 0.8828181664267529
3451 0.886687616447669
3452 0.8872921769577101
3453 0.7883307077014364
3454 0.7564260795869373
3455 0.8049612974395038
3456 0.8228208961120649
3457 0.9772630625686785
3458 0.610494881542035
3459 0.8324486024943896
3460 0.789658684210176
3461 0.9207142611089227
3462 0.5034627182764969
3463 0.8462142278059992
3464 0.7660857705402837
3465 0.8200486191374425
3466 0.6464501565737686
3467 0.7888050509344444
3468 0.9330408504170588
3469 0.8319957262621385
3470 0.8480089250346982
3471 0.8680816842011392
3472 0.9421929576981454
3473 0.8450720220499248
3474 0.9056048127449366
3475 0.9009016744448735
3476 0.6696814296583551
3477 0.9400806871686226
3478 0.7264648077124446
3479 0.8561919583325327
3480 0.678681892988341
3481 0.887136258802327
3482 0.8912184075684848
3483 0.5342319139056825
3484 0.5922228658284386
3485 0.9531440968204496
3486 0.8048971552738363
3487 0.9267919521158946
3488 0.638616398432914
3489 0.8725388739710348
3490 0.731149180309652
3491 0.7725290377257243
3492 0.7701568649035876
3493 0.9119986657889403
3494 0.8973550059401985
3495 0.9364885239028836
3496 0.8358928652245159
3497 0.845346144097743
3498 0.9293151055882509
3499 0.9664178577625004
3500 0.5983749525794515
3501 0.8520384507217142
3502 0.9634443233003565
3503 0.9497892041386281
3504 0.8782201850348459
3505 0.9173615797975342
3506 0.8758720774959573
3507 0.5388809652332822
3508 0.7924906063370832
3509 0.8867753529004767
3510 0.945872163001267
3511 0.9232166904076385
3512 0.8426940996674658
3513 0.8723649504504757
3514 0.9369642433639679
3515 0.6579487690110513
3516 0.8933984344658753
3517 0.7742311983496043
3518 0.8047053275256122
3519 0.9088226516399851
3520 0.7932481332161035
3521 0.9425725830536018
3522 0.5251473736664186
3523 0.8061839727238849
3524 0.9346737290925698
3525 0.7320690912499782
3526 0.9089556365067539
3527 0.5776585224139783
3528 0.6137040350386322
3529 0.7841293252467482
3530 0.6028568807656042
3531 0.8099414949528748
3532 0.9745816180550327
3533 0.5718341341360026
3534 0.7660784831330746
3535 0.9058110684825448
3536 0.9512463593026812
3537 0.8653652041023384
3538 0.8883005923776846
3539 0.797068015044774
3540 0.9087034451855384
3541 0.6737959304254969
3542 0.8556674325929542
3543 0.6536923281083844
3544 0.6964906886177865
3545 0.8894420497576002
3546 0.9201660696717208
3547 0.735398978134078
3548 0.779259202510996
3549 0.8981864994728881
3550 0.512017228492777
3551 0.8503148828013016
3552 0.9702925102061972
3553 0.5341705791963025
3554 0.5913691769689368
3555 0.94730943071016
3556 0.8574169103652332
3557 0.9042039757424727
3558 0.8378548156046868
3559 0.8163255098215937
3560 0.7377465985874218
3561 0.876795231089629
3562 0.9362351099358701
3563 0.9185983770135344
3564 0.6647458603733023
3565 0.842940814704342
3566 0.8732660886218226
3567 0.8376166106322421
3568 0.8603354727716074
3569 0.854332163497224
3570 0.7960018580816691
3571 0.8237677461542204
3572 0.6729760059552725
