0 0.0
1 0.5025125628140703
2 0.6700111107370122
3 0.7537561551507855
4 0.8039997984001211
5 0.6666105552338272
6 0.5684852929860476
7 0.5684852929860476
8 0.6243409657865837
9 0.6243409657865837
10 0.6677784169873137
11 0.5979402127961222
12 0.5979402127961222
13 0.6363553743583745
14 0.6683620825436656
15 0.6954392124786699
16 0.6424550580566383
17 0.6680046320256214
18 0.6903548667313648
19 0.6903548667313648
20 0.7100703531174828
21 0.7100703531174828
22 0.6671622322163409
23 0.6863093951237353
24 0.6486193598160916
25 0.6670866275604039
26 0.6838691229898151
27 0.6991866014757949
28 0.6665633961663038
29 0.6815709865868754
30 0.6519319054221376
31 0.6245003077064969
32 0.639809285245438
33 0.6540557630542195
34 0.6540557630542195
35 0.6673459948324546
36 0.6797725242489093
37 0.6914163271335648
38 0.7023485641802045
39 0.7126320243485376
40 0.7126320243485376
41 0.7223223208259514
42 0.6985293771350136
43 0.6760361450964009
44 0.686241485914429
45 0.686241485914429
46 0.686241485914429
47 0.6650788907474631
48 0.6650788907474631
49 0.6751964900134774
50 0.6751964900134774
51 0.6552035795985043
52 0.6361758135380634
53 0.6465442065747576
54 0.6564341693012206
55 0.6658776031813515
56 0.6478894856430617
57 0.6572423213875918
58 0.6661983926907018
59 0.6490673069133213
60 0.6490673069133213
61 0.6579518153548438
62 0.6579518153548438
63 0.6415458393032581
64 0.6257843416667247
65 0.6348460605309124
66 0.6196885831477605
67 0.6196885831477605
68 0.6286445626820089
69 0.6140384679089711
70 0.6228888720789132
71 0.6314259384174861
72 0.6173100740087236
73 0.6257608974460303
74 0.6257608974460303
75 0.6257608974460303
76 0.6257608974460303
77 0.6121073840072933
78 0.5989077842110366
79 0.5989077842110366
80 0.6074581349935995
81 0.5946534630419699
82 0.6031041776864032
83 0.6112899109437067
84 0.5988149695258793
85 0.6069178496779173
86 0.6147769310937778
87 0.6224026743583229
88 0.6102013254833688
89 0.6177701049565233
90 0.6251226799959289
91 0.6251226799959289
92 0.6251226799959289
93 0.6251226799959289
94 0.6251226799959289
95 0.6322678282827771
96 0.6203250274781943
97 0.6274334586087627
98 0.6343484870408953
99 0.6226745844560189
100 0.6226745844560189
101 0.6226745844560189
102 0.6226745844560189
103 0.6295606332394206
104 0.6362656998773194
105 0.6248416331913763
106 0.6248416331913763
107 0.6248416331913763
108 0.6137112250435292
109 0.6137112250435292
110 0.6205389055647221
111 0.6096543774590578
112 0.5990407999026336
113 0.5990407999026336
114 0.6059698289803581
115 0.6059698289803581
116 0.6059698289803581
117 0.6127298956469167
118 0.6022924618270531
119 0.6090198148415861
120 0.615587951667573
121 0.6220021382927878
122 0.6282674119016619
123 0.6179219677846259
124 0.6179219677846259
125 0.6241730800101347
126 0.6241730800101347
127 0.6140256389259143
128 0.6041052450334818
129 0.6104623107312428
130 0.6007188549044328
131 0.5911877252370887
132 0.5976361973182033
133 0.5882633935194602
134 0.5790897197281407
135 0.5790897197281407
136 0.5856170879444401
137 0.5856170879444401
138 0.5920080317432534
139 0.598266471059155
140 0.6043961780621441
141 0.5952224524424365
142 0.6013346493087802
143 0.6013346493087802
144 0.6013346493087802
145 0.6073240046191812
146 0.6131938912836093
147 0.6040727452375735
148 0.609933519938426
149 0.6009480384197662
150 0.6067991463772845
151 0.6125377061803706
152 0.6181666526684662
153 0.6092265744361632
154 0.6004549310460746
155 0.6004549310460746
156 0.591847437510448
157 0.5976730318476385
158 0.5891786936053013
159 0.5808402045036264
160 0.5867479282281165
161 0.5925486379984886
162 0.5925486379984886
163 0.5925486379984886
164 0.5982449303217816
165 0.5899144444869753
166 0.5817320744047993
167 0.573694307014642
168 0.5657977379844362
169 0.571751866173447
170 0.5639405498041137
171 0.5562640640775808
172 0.5487193256966154
173 0.5487193256966154
174 0.5413033432141203
175 0.5474809478936244
176 0.5474809478936244
177 0.5474809478936244
178 0.5474809478936244
179 0.5474809478936244
180 0.5401331003576633
181 0.5462840193494671
182 0.5523322517309351
183 0.5582800497627859
184 0.5508869310377518
185 0.5568151641043495
186 0.5568151641043495
187 0.5626464858214445
188 0.5626464858214445
189 0.5683829659270015
190 0.5740266168035146
191 0.5740266168035146
192 0.5665438893182332
193 0.5665438893182332
194 0.5665438893182332
195 0.559181052908094
196 0.5648928480013443
197 0.5648928480013443
198 0.5705140109132268
199 0.5760464046152216
200 0.5814918425269113
201 0.574044101750977
202 0.5794844634835834
203 0.584840492659908
204 0.5774118176090568
205 0.5700972662906924
206 0.5628945898949604
207 0.5558015967502128
208 0.5613843875888914
209 0.5613843875888914
210 0.5668828911281654
211 0.5722987304052328
212 0.5776334882461752
213 0.5828887085048042
214 0.5828887085048042
215 0.5880658972559103
216 0.5931665239448602
217 0.5981920224953932
218 0.5908200702035683
219 0.5958509994955293
220 0.6008086940879088
221 0.6056944965556788
222 0.6105097179743046
223 0.6152556388386354
224 0.619933509949745
225 0.619933509949745
226 0.6245445532710208
227 0.6290899627547367
228 0.6335709051402937
229 0.6259326669545539
230 0.6259326669545539
231 0.6304331157575032
232 0.6304331157575032
233 0.6304331157575032
234 0.6228636740157656
235 0.6273827803377241
236 0.6273827803377241
237 0.6198799250412116
238 0.6198799250412116
239 0.6198799250412116
240 0.6244168839118325
241 0.6288910313508046
242 0.6333034414530476
243 0.6376551650254624
244 0.6419472302142374
245 0.6461806431119257
246 0.6503563883450527
247 0.6503563883450527
248 0.6503563883450527
249 0.6544754296429767
250 0.6544754296429767
251 0.6585387103886988
252 0.6508080672175671
253 0.6549001451940584
254 0.6549001451940584
255 0.6589373305682734
256 0.6629205206740109
257 0.6668505943836942
258 0.6668505943836942
259 0.6590885353034021
260 0.6630502062603949
261 0.6553574873103097
262 0.6553574873103097
263 0.6553574873103097
264 0.65934963968687
265 0.6632893108232304
266 0.6671773337645113
267 0.6671773337645113
268 0.6710145250053309
269 0.6710145250053309
270 0.6748016848974894
271 0.667045340620125
272 0.6708666970957636
273 0.6708666970957636
274 0.6746386239096422
275 0.6746386239096422
276 0.6783618871306506
277 0.6820372380402143
278 0.685665413485831
279 0.685665413485831
280 0.685665413485831
281 0.6778525175846414
282 0.6778525175846414
283 0.6815181531288875
284 0.685137088717984
285 0.6887100318252012
286 0.6922376766422752
287 0.6957207043878435
288 0.6991597836072846
289 0.6991597836072846
290 0.7025555704642412
291 0.6946355493112494
292 0.6980735943540491
293 0.6980735943540491
294 0.6902239869034724
295 0.6902239869034724
296 0.6937029858471362
297 0.6937029858471362
298 0.6971386849388894
299 0.7005317172431322
300 0.7038827044544306
301 0.7071922571494941
302 0.7071922571494941
303 0.6992976162662762
304 0.6992976162662762
305 0.6915001773105305
306 0.694936117021653
307 0.6983299279865016
308 0.6905697936772193
309 0.6829044203288763
310 0.6864203358423465
311 0.6898934889816609
312 0.6822605618723036
313 0.6822605618723036
314 0.6857722697568184
315 0.6782009694708364
316 0.6817501134208485
317 0.6852565052929452
318 0.6887207390195007
319 0.6921433985439132
320 0.6921433985439132
321 0.6921433985439132
322 0.6921433985439132
323 0.6955250580268514
324 0.6988662820473805
325 0.6912045766454631
326 0.6945866589386325
327 0.6945866589386325
328 0.6945866589386325
329 0.6869864368362673
330 0.6869864368362673
331 0.6904082323742845
332 0.6937894710229344
333 0.6971307018312036
334 0.70043246492525
335 0.6928035014264322
336 0.6928035014264322
337 0.6928035014264322
338 0.6961464400571991
339 0.6994500864439187
340 0.6994500864439187
341 0.7027149653596552
342 0.6950879427742506
343 0.698394528986298
344 0.7016624978272473
345 0.7016624978272473
346 0.7048923597062949
347 0.6972673528569894
348 0.6897309869225545
349 0.6897309869225545
350 0.6897309869225545
351 0.6897309869225545
352 0.6930817991808237
353 0.6963937750848653
354 0.6963937750848653
355 0.6996674215391259
356 0.7029032376099688
357 0.6953359391145487
358 0.6953359391145487
359 0.6953359391145487
360 0.6986133742350591
361 0.70185309801081
362 0.7050555967818386
363 0.7082213494929913
364 0.7113508278302741
365 0.7113508278302741
366 0.7144444963541814
367 0.7067927536858405
368 0.6992283328171995
369 0.7024450697964862
370 0.7056251939278251
371 0.7087691688761484
372 0.7087691688761484
373 0.7118774514350366
374 0.7149504916496634
375 0.7179887329370985
376 0.7209926122040312
377 0.7209926122040312
378 0.7239625599619834
379 0.7239625599619834
380 0.7268990004400712
381 0.7298023516953788
382 0.7298023516953788
383 0.7220486770501829
384 0.7143821667234301
385 0.7143821667234301
386 0.7174129046187832
387 0.7174129046187832
388 0.7098049677697885
389 0.7128805345180872
390 0.7053297480346981
391 0.7084490306767189
392 0.7009540112166925
393 0.7009540112166925
394 0.7041159287986621
395 0.6966753314631012
396 0.6998788339369062
397 0.6998788339369062
398 0.6998788339369062
399 0.703046725130018
400 0.703046725130018
401 0.7061794382185567
402 0.6987336790551947
403 0.7019084209966308
404 0.7050480184574729
405 0.7081528958521414
406 0.711223471728244
407 0.7037444595678455
408 0.7068581879980167
409 0.709937618903794
410 0.7129831628860903
411 0.7129831628860903
412 0.7159952249440471
413 0.708485016061599
414 0.711541276592371
415 0.711541276592371
416 0.7145640319105026
417 0.7070797093440372
418 0.7101462943466057
419 0.7101462943466057
420 0.7101462943466057
421 0.7027152520011765
422 0.6953653799121379
423 0.6880957205136775
424 0.68090532901284
425 0.68090532901284
426 0.6737932731887306
427 0.6737932731887306
428 0.6771989867477732
429 0.6805676600459082
430 0.6734685140657389
431 0.6664464487902051
432 0.6699228336792165
433 0.6629436646799426
434 0.6560400885535322
435 0.6596204409177351
436 0.6596204409177351
437 0.6631620753407967
438 0.6666654405029645
439 0.6701309792642156
440 0.6701309792642156
441 0.6735591287524795
442 0.6665619408186699
443 0.6700244771824716
444 0.6700244771824716
445 0.6734497408803557
446 0.6768381603098117
447 0.6801901583832809
448 0.6835061526098597
449 0.6867865551755561
450 0.6867865551755561
451 0.6867865551755561
452 0.6796707304162067
453 0.6796707304162067
454 0.6796707304162067
455 0.6796707304162067
456 0.6829884777781354
457 0.6862706894800953
458 0.6895177702823776
459 0.6823837964485363
460 0.6753260772682543
461 0.6683437473866299
462 0.6717716442437089
463 0.6717716442437089
464 0.6751629729731488
465 0.6785181470685392
466 0.6818375748670779
467 0.6818375748670779
468 0.6851216596236608
469 0.688370799583712
470 0.688370799583712
471 0.691585388054779
472 0.684453638570285
473 0.6877065923499581
474 0.6909250172159852
475 0.694109300060311
476 0.694109300060311
477 0.694109300060311
478 0.697259823021987
479 0.6900805418396435
480 0.6829772871229005
481 0.6862395623194056
482 0.6791799656726112
483 0.6824794102238209
484 0.6857439934588367
485 0.6889741027018849
486 0.692170120585543
487 0.6953324251154404
488 0.6881912957810019
489 0.6811254149674377
490 0.6741339507828836
491 0.6672160813282252
492 0.6706301698998423
493 0.6637518400927479
494 0.6671996906629145
495 0.6706113211956365
496 0.6637384210457064
497 0.6671838111507012
498 0.6671838111507012
499 0.6671838111507012
500 0.6705930600133507
501 0.6739665638448867
502 0.6773047141645164
503 0.6773047141645164
504 0.6806078978620259
505 0.6838764972594099
506 0.6871108901715444
507 0.6800823953461208
508 0.6800823953461208
509 0.673127388454621
510 0.6764694628718408
511 0.6797766244952204
512 0.6830492531285135
513 0.6830492531285135
514 0.6760701397318816
515 0.6793792004204788
516 0.6793792004204788
517 0.6826537526441105
518 0.6826537526441105
519 0.6826537526441105
520 0.685894170600275
521 0.6891008241377484
522 0.6922740788129896
523 0.68520970505327
524 0.6884213541559523
525 0.6813991548644384
526 0.6846483717428159
527 0.687863813904245
528 0.6910458453664918
529 0.694194825961574
530 0.694194825961574
531 0.6973111113891755
532 0.6973111113891755
533 0.7003950532692741
534 0.7034469991939982
535 0.7034469991939982
536 0.7064672927787239
537 0.6992734870580981
538 0.7023351613474852
539 0.6951860327026111
540 0.6982882041486028
541 0.6982882041486028
542 0.701358259782067
543 0.7043965431037448
544 0.70740339371743
545 0.70020898956638
546 0.7032573927435778
547 0.7062742903251058
548 0.6990949976457297
549 0.7021531985140763
550 0.6950181399060373
551 0.6981167680600834
552 0.6981167680600834
553 0.6981167680600834
554 0.7011834232354655
555 0.7042184452614191
556 0.7042184452614191
557 0.6970669564665762
558 0.7001428288393972
559 0.7031870022187078
560 0.7031870022187078
561 0.6960492784402855
562 0.6991340762941438
563 0.6991340762941438
564 0.7021871115923255
565 0.6950627225658289
566 0.6981561639351106
567 0.6981561639351106
568 0.7012177813805811
569 0.7012177813805811
570 0.6941063109137766
571 0.6972081232272956
572 0.7002780523588946
573 0.7002780523588946
574 0.7033164347114881
575 0.7063236029635173
576 0.7092998861136961
577 0.7122456095251497
578 0.7122456095251497
579 0.7151610949689556
580 0.7180466606670975
581 0.7209026213348405
582 0.7237292882225359
583 0.7237292882225359
584 0.7164003765972323
585 0.7192719109186181
586 0.7119899717973875
587 0.7149054358133011
588 0.717791032897257
589 0.7206470761502853
590 0.723473875247457
591 0.7262717364782477
592 0.72904096278637
593 0.7216663357924208
594 0.7244814997851947
595 0.7272678716045099
596 0.730025752134038
597 0.7327554389841812
598 0.7354572265302637
599 0.7381314059502264
600 0.7381314059502264
601 0.740778265261833
602 0.740778265261833
603 0.7433980893593938
604 0.7433980893593938
605 0.7459911600500154
606 0.7485577560893825
607 0.7510981532170787
608 0.7536126241914541
609 0.7536126241914541
610 0.7460002125561644
611 0.7485656621902366
612 0.741005753930071
613 0.741005753930071
614 0.741005753930071
615 0.7436211270941686
616 0.7361126367575055
617 0.7387769009562495
618 0.7414140124282149
619 0.7414140124282149
620 0.7440242529956413
621 0.746607901453337
622 0.7491652336032472
623 0.751696522288588
624 0.751696522288588
625 0.7542020374275511
626 0.7566820460465851
627 0.7490480941287169
628 0.7515796525896558
629 0.7540854530689474
630 0.7540854530689474
631 0.7565657620643316
632 0.7489356506756278
633 0.7413831338476556
634 0.7439908926383718
635 0.7465721406469781
636 0.74912715170818
637 0.7516561967414793
638 0.7541595437839412
639 0.7566374580225594
640 0.7490116425552062
641 0.7414632773151014
642 0.7440685477088116
643 0.746647366307163
644 0.7492000056603543
645 0.7492000056603543
646 0.7517267354305307
647 0.7542278224239816
648 0.7466303473058534
649 0.7491823994967849
650 0.7517085632684489
651 0.7542091049045538
652 0.7466140085405294
653 0.7466140085405294
654 0.7491654969374058
655 0.7516911172274693
656 0.7516911172274693
657 0.7541911351931712
658 0.7566658138156547
659 0.7591154133056901
660 0.7514740517360187
661 0.7514740517360187
662 0.7539755831255376
663 0.7463869585979914
664 0.7388751990424859
665 0.741503032834727
666 0.7441042561566532
667 0.736616896945573
668 0.7292053387073192
669 0.7319298034184051
670 0.7346266927873125
671 0.7372962892076013
672 0.7399388721149817
673 0.7324961370778804
674 0.7351866887202592
675 0.7378500243650008
676 0.7404864224035946
677 0.733039898685675
678 0.7357243677487275
679 0.7383816946156866
680 0.7309575771326421
681 0.7309575771326421
682 0.7309575771326421
683 0.723608507138278
684 0.7163337179826741
685 0.7191854009025099
686 0.7191854009025099
687 0.7119558489065053
688 0.7047993465131914
689 0.6977151481040814
690 0.7007533686683988
691 0.7037608995833972
692 0.7037608995833972
693 0.7067380539096658
694 0.6996358064379109
695 0.6996358064379109
696 0.6926052786815549
697 0.6926052786815549
698 0.6956940879689573
699 0.698751711992644
700 0.6917310867534116
701 0.6948282354757651
702 0.6978941236289219
703 0.6908831015594864
704 0.6908831015594864
705 0.6939883373038189
706 0.6970622395011308
707 0.6900605304543737
708 0.6831294598536019
709 0.6863120141813402
710 0.6894624661797748
711 0.6925811424158075
712 0.6956683660792911
713 0.68868248109829
714 0.6918085929053893
715 0.6918085929053893
716 0.6918085929053893
717 0.6949031850966882
718 0.6879258539272812
719 0.6879258539272812
720 0.6810188614963837
721 0.684221403569358
722 0.6773521560891048
723 0.6805912543009566
