0 0.0
1 0.5025125628140703
2 0.6700111107370122
3 0.7537561551507855
4 0.8039997984001211
5 0.6666105552338272
6 0.5684852929860476
7 0.4949000176737073
8 0.5533047246967345
9 0.6000214125295229
10 0.6382377240039364
11 0.5820623067294621
12 0.5345388605853489
13 0.5700014350931922
14 0.6007284258902916
15 0.6276077569096697
16 0.5876471992979349
17 0.6125648483009783
18 0.6348528356740162
19 0.6549056130565131
20 0.673042498564517
21 0.6895247525912708
22 0.6561152335235491
23 0.6721604828402381
24 0.6419073279454892
25 0.6574794957466322
26 0.6718918670447556
27 0.685268708999208
28 0.6581645526289863
29 0.6712969359451145
30 0.646220156492252
31 0.6227229218947572
32 0.6360887698406246
33 0.6486614175412684
34 0.6267879939797713
35 0.639081414780983
36 0.6507032960505664
37 0.6617066591000603
38 0.6721390872876482
39 0.6820434057619789
40 0.6914582617312743
41 0.7004186218368412
42 0.6804578390421442
43 0.6614181096325888
44 0.6707245522674434
45 0.6796196486454981
46 0.6881296609280506
47 0.6701492079911358
48 0.6529165282193162
49 0.661703586523362
50 0.6701389806180523
51 0.653675006709919
52 0.6378461149801242
53 0.6464928400095253
54 0.6548176042679568
55 0.6628376637504353
56 0.6476382701956706
57 0.655615058043584
58 0.6633139675265551
59 0.6486662100541151
60 0.6563319824634918
61 0.663742904815967
62 0.6709111220083491
63 0.6567689180750572
64 0.6430765185898232
65 0.6504378467969598
66 0.6371639911525845
67 0.6444923221500295
68 0.6516001589772604
69 0.6387013065341662
70 0.645784070777727
71 0.6526619347352852
72 0.6401073284296767
73 0.6469668698543004
74 0.6347464213225136
75 0.6415848491808929
76 0.6296767012910036
77 0.6180887734863243
78 0.6068088827835904
79 0.5958254551011796
80 0.6030823557239463
81 0.5923395492120173
82 0.5995449755654481
83 0.6065691346140185
84 0.5960092685791168
85 0.6029906859514249
86 0.6098018634388443
87 0.6164486212613776
88 0.606021191322285
89 0.6126397024902772
90 0.619103082736043
91 0.6254164078767123
92 0.631584535565749
93 0.6212512908386829
94 0.62740876596061
95 0.6334284686704251
96 0.6232572139628184
97 0.6292703234198552
98 0.6351523971889231
99 0.6251337095091047
100 0.6310127847848331
101 0.6211724555895461
102 0.6270472155769868
103 0.6327991909010533
104 0.6384319095800876
105 0.6286906252083242
106 0.6343264820320478
107 0.6247480645553133
108 0.6153621519556368
109 0.6211118809979745
110 0.6267477718926002
111 0.6174702406260854
112 0.6083737288684953
113 0.61411595748032
114 0.6197477322708717
115 0.6107442063104972
116 0.6019114733237343
117 0.6076431513893564
118 0.5989326150491188
119 0.6046570820776983
120 0.6102758339497097
121 0.6157914962547806
122 0.6212066093384163
123 0.6124868968569792
124 0.617904446337648
125 0.6232250791353461
126 0.6284511112642565
127 0.6197678289240206
128 0.6112370846165398
129 0.616568112194751
130 0.6081445129508534
131 0.5998663129261199
132 0.6052934188302008
133 0.5971128332728841
134 0.5890710763111795
135 0.5945862327581737
136 0.6000088175156458
137 0.6053408748496962
138 0.6105843903294178
139 0.6157412929214044
140 0.6208134569951311
141 0.6126449397065729
142 0.6177256227813015
143 0.6096484907933535
144 0.6017014141511194
145 0.6068777250871074
146 0.6119715031465761
147 0.6040654241478399
148 0.6091656276690401
149 0.6013412486815318
150 0.6064472653454547
151 0.6114737698408227
152 0.6164223570957402
153 0.608592527522693
154 0.6008829844569294
155 0.5932913576510256
156 0.5858153370812738
157 0.5910209081160792
158 0.5836118454582384
159 0.576314170324999
160 0.5815988432091745
161 0.5868047252434077
162 0.5919333083628237
163 0.596986048217016
164 0.6019643652674435
165 0.5945459236713514
166 0.5872358913725962
167 0.5800322704321138
168 0.5729331100639081
169 0.5781484104278214
170 0.5711036990952082
171 0.5641599989006657
172 0.5573154959961402
173 0.5505684181124858
174 0.5439170333745798
175 0.5494155029275218
176 0.5428054193301616
177 0.5482948323329354
178 0.5417247873057784
179 0.5472052893446969
180 0.5406740691985041
181 0.5461458059430989
182 0.5515420399335931
183 0.5568640562726369
184 0.5502678622604448
185 0.5555852400133128
186 0.5608301843031548
187 0.5660039056221137
188 0.5593478441751909
189 0.5645206981403904
190 0.5696239525201753
191 0.562960149398003
192 0.5563854711995863
193 0.5498984672526726
194 0.5434977165793944
195 0.5371818271419982
196 0.542551450882663
197 0.5478502873444232
198 0.553079464764419
199 0.558240088854417
200 0.5633332433584846
201 0.556848358075323
202 0.5619420571261327
203 0.5669696953031257
204 0.5604721206806249
205 0.5540583746533422
206 0.5477271630532394
207 0.5414772165763673
208 0.5467019088311511
209 0.5518598743153733
210 0.556952127659403
211 0.5619796643584738
212 0.5669434612191911
213 0.5718444767935378
214 0.5653812751059688
215 0.5702871104077749
216 0.575131332442816
217 0.5799148546014736
218 0.5733939032287289
219 0.57818498484022
220 0.5829164363317746
221 0.5875891295240677
222 0.5922039205798781
223 0.5967616503510982
224 0.6012631447165075
225 0.6057092149105965
226 0.6101006578437163
227 0.6144382564138201
228 0.6187227798100559
229 0.611854913376
230 0.6161586167986525
231 0.6204099763651143
232 0.6246097304258768
233 0.6177064422221641
234 0.6108866258357302
235 0.6151781843762046
236 0.6194180479029847
237 0.6126004045569964
238 0.6168600423848426
239 0.6210686540073764
240 0.6252269420660164
241 0.6293355975216121
242 0.6333952998925603
243 0.6374067174870836
244 0.6413705076298408
245 0.6452873168830303
246 0.6491577812621406
247 0.6529825264465019
248 0.6567621679847822
249 0.6604973114955717
250 0.6641885528631911
251 0.6678364784288571
252 0.6605880147480999
253 0.6642687317418745
254 0.6570712180162338
255 0.6607838340705044
256 0.6644532249398922
257 0.6680799590392459
258 0.6716645959031886
259 0.6644166159812029
260 0.6680350574525825
261 0.6608375746291428
262 0.6644889211785466
263 0.6680981942574058
264 0.6716659377448609
265 0.6751926872225298
266 0.678678970128081
267 0.6821253059053911
268 0.6855322061513717
269 0.6889001747595553
270 0.6922297080605226
271 0.6848263481598514
272 0.6881947727229851
273 0.6808447309382353
274 0.6842510487122625
275 0.6876187449577187
276 0.6909483056083681
277 0.6942402094633527
278 0.6974949283134511
279 0.7007129270646526
280 0.6932636106590677
281 0.6858981363386344
282 0.6892331818251104
283 0.6925307797434761
284 0.6957913935345874
285 0.6990154799960301
286 0.7022034893963592
287 0.7053558655869822
288 0.7084730461117388
289 0.700982113396117
290 0.7041419221709958
291 0.696705268896255
292 0.6999066582557071
293 0.7030724975274824
294 0.6956594970807702
295 0.6988666347258456
296 0.7020382692689968
297 0.6946481078568038
298 0.6978607700364571
299 0.7010379753240437
300 0.7041801496591369
301 0.7072877131399683
302 0.6998614628610978
303 0.6925168548607198
304 0.6957421035319082
305 0.6884479016974314
306 0.6917126521993199
307 0.6949416447752985
308 0.687666294813178
309 0.6804704854469079
310 0.6838125234259468
311 0.6871180881364626
312 0.6799379125973386
313 0.6728359614372097
314 0.6762516696693979
315 0.6691944708103148
316 0.6726451736289094
317 0.6760584096021276
318 0.6794346160484297
319 0.6827742245487521
320 0.6860776610347837
321 0.6893453458756233
322 0.6925776939628518
323 0.6957751147940529
324 0.6989380125548166
325 0.6916743295793026
326 0.6948773336938
327 0.6876614866420154
328 0.6909036718869125
329 0.6837345720000667
330 0.6766425311504859
331 0.6799953094590132
332 0.6833121012909616
333 0.6865933181022664
334 0.6898393661247529
335 0.6826970426404264
336 0.6859811104874576
337 0.6788837280795715
338 0.682204950657289
339 0.6854906965272453
340 0.6784056758600128
341 0.6817284602921124
342 0.674687028805691
343 0.6780460144217091
344 0.6813692358106492
345 0.6846570959638496
346 0.6879099928759275
347 0.6808161447093687
348 0.6737976405467464
349 0.6771594079081551
350 0.6701828902163866
351 0.6735798433690381
352 0.6769408029577916
353 0.6802661709779647
354 0.683556344512965
355 0.6868117158028759
356 0.6900326723119149
357 0.6829381116245888
358 0.6861970613819279
359 0.6894216153900675
360 0.6926121550297164
361 0.695769057077543
362 0.6988926937693566
363 0.7019834328622735
364 0.7050416376958826
365 0.7080676672524329
366 0.7110618762160589
367 0.7037707282258021
368 0.6965561745217091
369 0.6996660819266524
370 0.702743351452187
371 0.7057883412241105
372 0.6985602613498082
373 0.7016466047990901
374 0.7047006192653154
375 0.7077226582307632
376 0.71071307101058
377 0.7136722028080065
378 0.7166003947687539
379 0.7194979840345406
380 0.7223653037958095
381 0.7252026833436368
382 0.7280104481208485
383 0.7205735580707283
384 0.7132142234612299
385 0.7161425888905102
386 0.7190404414175129
387 0.7219081113955786
388 0.7145413344568606
389 0.7174537275063341
390 0.7101353852925514
391 0.7130915387771759
392 0.7058205929716496
393 0.708819566401863
394 0.711787390337281
395 0.7045339726047877
396 0.7075443244555357
397 0.7105234438488566
398 0.7032869991208611
399 0.7063083643063784
400 0.7092984170330727
401 0.712257492882147
402 0.7050086621405529
403 0.7080103340376126
404 0.7109809413329904
405 0.7139208160660001
406 0.7168302865134176
407 0.7095412496615173
408 0.7124942610592794
409 0.7154167628055991
410 0.7183090799698054
411 0.7211715339585094
412 0.7240044425608749
413 0.71664970491443
414 0.7195276389164743
415 0.7223758956769278
416 0.7251947902503164
417 0.7178325562015189
418 0.7206967065153648
419 0.7235313574610698
420 0.7263368214834326
421 0.7189674095487953
422 0.7116738325005
423 0.7044552884696721
424 0.6973109844999796
425 0.7003803008963055
426 0.6932793247676307
427 0.6862513187027758
428 0.6894314580293188
429 0.6925789357557229
430 0.6855608924599672
431 0.678614889656982
432 0.6818706873514659
433 0.6749638854381772
434 0.668127927055181
435 0.6714886603198144
436 0.6646896289551245
437 0.6680843252745562
438 0.6714442367749257
439 0.6747697282832742
440 0.6780611606312724
441 0.6813188907023621
442 0.6744253803267789
443 0.6777191205874896
444 0.6809791586296122
445 0.6842058469575486
446 0.6873995342346496
447 0.6905605653281537
448 0.6936892813535386
449 0.6967860197182966
450 0.6998511141651388
451 0.70288489481464
452 0.6957811896137359
453 0.6988554491887291
454 0.7018983212853908
455 0.7049101328115288
456 0.7078912071404986
457 0.71084186415201
458 0.7137624202724132
459 0.706553996630558
460 0.6994190799680675
461 0.692356906487683
462 0.6954629380534406
463 0.6985373146404951
464 0.7015803648006367
465 0.7045924135562391
466 0.7075737824405609
467 0.7105247895375373
468 0.7134457495210749
469 0.7163369736938509
470 0.7091100518410842
471 0.7120444982120216
472 0.7048621499724496
473 0.7078389281803159
474 0.7107854288458295
475 0.713701965017617
476 0.7165888464055086
477 0.7093637380809018
478 0.7122938771188332
479 0.7051132543274761
480 0.6980055948785148
481 0.7010495049328304
482 0.6939839359454467
483 0.6970678947113519
484 0.7001205366610787
485 0.7031421845687463
486 0.7061331577863009
487 0.7090937722817047
488 0.7019504126691977
489 0.6948795374828722
490 0.6878804007385545
491 0.680952264339446
492 0.6841653922564864
493 0.6772756556445475
494 0.6805253515542132
495 0.6837421006235159
496 0.6768580636274197
497 0.6801112922796801
498 0.6732647398044209
499 0.6765537024798628
500 0.6798093426724551
501 0.6830320023050315
502 0.6862220197055862
503 0.6893797296467914
504 0.6925054633850494
505 0.6955995486990785
506 0.6986623099280463
507 0.6916330693984208
508 0.684674974482123
509 0.6777872965911667
510 0.6810284909389765
511 0.6842368916809727
512 0.6874128344146958
513 0.6905566512272602
514 0.6836118395925328
515 0.6867935210781915
516 0.6899430295585737
517 0.693060693910838
518 0.6860922600344369
519 0.6892482981205719
520 0.6923724365028836
521 0.6954650009848402
522 0.6985263139748155
523 0.6915048037991051
524 0.6946056028973965
525 0.6876242241958943
526 0.6907637074998396
527 0.6938714814728276
528 0.6969478695132254
529 0.6999931916585539
530 0.7030077646216629
531 0.705991901826492
532 0.698898531635638
533 0.701923669714668
534 0.704918274052271
535 0.7078826556437783
536 0.7108171222608112
537 0.7036769293192965
538 0.7066533750470594
539 0.6995556434473404
540 0.7025732180276392
541 0.7055603544243594
542 0.7085173622755719
543 0.7114445480173608
544 0.7143422149179738
545 0.7071691086943253
546 0.7101094638396829
547 0.7130201747373254
548 0.7058612274149174
549 0.7088143543581458
550 0.7016982057076624
551 0.7046928911726961
552 0.7076573967003627
553 0.7005536969427831
554 0.7035595230741055
555 0.7065350639689425
556 0.6994434379364983
557 0.6924232529697214
558 0.6955102304821816
559 0.698566114334794
560 0.7015912199434544
561 0.6945504994748082
562 0.6976156867909589
563 0.6906153548169436
564 0.69371981507249
565 0.6867590568455205
566 0.6899019978092721
567 0.6829800152326295
568 0.6861606608635835
569 0.6893092914890788
570 0.6823939393298697
571 0.6855801532135899
572 0.6887343022688226
573 0.6818253812093302
574 0.6850169958106943
575 0.6881764972816357
576 0.6913042106914116
577 0.6944004577796862
578 0.6974655569914121
579 0.7004998235113316
580 0.7035035692981012
581 0.7064771031180453
582 0.7094207305785406
583 0.7123347541610375
584 0.7051914315127996
585 0.7081477012442216
586 0.701046762791531
587 0.7040444286669195
588 0.7070119555908966
589 0.7099496481955827
590 0.7128578080018623
591 0.7157367334517992
592 0.7185867199407029
593 0.71138244944571
594 0.7142759424595522
595 0.7171403545593462
596 0.7199759794701949
597 0.722783107921598
598 0.7255620276785794
599 0.7283130235724787
600 0.7310363775314129
601 0.7337323686104096
602 0.7364012730212172
603 0.7390433641617957
604 0.7416589126454908
605 0.7442481863298952
606 0.7468114503454016
607 0.7493489671234492
608 0.7518609964244691
609 0.7543477953655302
610 0.7467880390125574
611 0.7493255680350759
612 0.7418164647962269
613 0.7444037057788708
614 0.7469649665566708
615 0.7495005090834321
616 0.7419902786059008
617 0.7445755645231914
618 0.7471348941205418
619 0.7496685290261383
620 0.75217672821061
621 0.7546597480144311
622 0.7571178421750328
623 0.7595512618536269
624 0.7619602556617473
625 0.7643450696875079
626 0.7667059475215844
627 0.7590249462079001
628 0.76143903475631
629 0.7638288959389801
630 0.766194773755102
631 0.7685369097294016
632 0.7608382516041662
633 0.7532168449645308
634 0.7556888586633164
635 0.7581360688607349
636 0.7605587252549053
637 0.7629570750137454
638 0.7653313628009396
639 0.7676818308016319
640 0.7599927653928141
641 0.7523808347403071
642 0.7548608980143547
643 0.757316083491138
644 0.7597466414877513
645 0.7621528197873838
646 0.7645348636652733
647 0.7668930159143884
648 0.7592127978112203
649 0.7616241785010369
650 0.7640113754607396
651 0.7663746319220973
652 0.7587000504067831
653 0.7611164272983725
654 0.7635085731177426
655 0.7658767315177212
656 0.7682211436878174
657 0.7705420483793904
658 0.7728396819305565
659 0.7751142782908347
660 0.7673530244752169
661 0.7596695846671474
662 0.7620759613610804
663 0.7544455564239564
664 0.7468916477186432
665 0.7494258709147857
666 0.751934689322741
667 0.7444062009229226
668 0.7369531795420302
669 0.7395867819746744
670 0.7421939859382819
671 0.7447750566623805
672 0.7473302566993654
673 0.7398484008956346
674 0.7424528645281004
675 0.7450312248003802
676 0.7475837439166372
677 0.7400996878561752
678 0.7427015196089038
679 0.7452772766936927
680 0.7378165542695261
681 0.7404411573659594
682 0.7430394592779112
683 0.7356013745454886
684 0.728237823850967
685 0.7309582022064456
686 0.7336513218670632
687 0.7263075151629506
688 0.7190372918090843
689 0.7118399130765792
690 0.7147242934798925
691 0.7175797747136251
692 0.7204066468728173
693 0.723205197129556
694 0.715966444399435
695 0.7188093852886167
696 0.7116147640606484
697 0.7145012089817594
698 0.7173587378157645
699 0.7201876407524941
700 0.7129794823767758
701 0.715852166084371
702 0.7186960735899505
703 0.7115030302482215
704 0.7143904171712916
705 0.7172488820824421
706 0.7200787151610177
707 0.7128720740370054
708 0.7057376159120413
709 0.7086825843531843
710 0.7115980564155672
711 0.7144843279932891
712 0.7173416920029625
713 0.7101627848941708
714 0.713063353120505
715 0.705927370829497
716 0.6988628548807619
717 0.7018764402075538
718 0.6948525674448219
719 0.6979062404534856
720 0.6909221997374523
721 0.694015160394075
722 0.687070156819456
723 0.6902016211011396
