0 1.0
1 0.5
2 0.3333333333333333
3 0.5
4 0.6
5 0.6666666666666666
6 0.5714285714285714
7 0.5
8 0.5555555555555556
9 0.6
10 0.5454545454545454
11 0.5
12 0.5384615384615384
13 0.5714285714285714
14 0.5333333333333333
15 0.5625
16 0.5882352941176471
17 0.6111111111111112
18 0.5789473684210527
19 0.6
20 0.6190476190476191
21 0.6363636363636364
22 0.6521739130434783
23 0.6666666666666666
24 0.68
25 0.6538461538461539
26 0.6666666666666666
27 0.6785714285714286
28 0.6551724137931034
29 0.6666666666666666
30 0.6774193548387096
31 0.6875
32 0.696969696969697
33 0.7058823529411765
34 0.7142857142857143
35 0.7222222222222222
36 0.7297297297297297
37 0.7105263157894737
38 0.6923076923076923
39 0.675
40 0.6829268292682927
41 0.6904761904761905
42 0.6976744186046512
43 0.6818181818181818
44 0.6666666666666666
45 0.6739130434782609
46 0.6808510638297872
47 0.6666666666666666
48 0.6530612244897959
49 0.66
50 0.6666666666666666
51 0.6730769230769231
52 0.660377358490566
53 0.6481481481481481
54 0.6363636363636364
55 0.6428571428571429
56 0.6491228070175439
57 0.6551724137931034
58 0.6610169491525424
59 0.6666666666666666
60 0.6721311475409836
61 0.6612903225806451
62 0.6666666666666666
63 0.65625
64 0.6615384615384615
65 0.6666666666666666
66 0.6716417910447762
67 0.6764705882352942
68 0.6811594202898551
69 0.6714285714285714
70 0.676056338028169
71 0.6666666666666666
72 0.6712328767123288
73 0.6621621621621622
74 0.6533333333333333
75 0.6578947368421053
76 0.6493506493506493
77 0.6410256410256411
78 0.6455696202531646
79 0.6375
80 0.6419753086419753
81 0.6341463414634146
82 0.6385542168674698
83 0.6428571428571429
84 0.6470588235294118
85 0.6511627906976745
86 0.6551724137931034
87 0.6590909090909091
88 0.6629213483146067
89 0.6666666666666666
90 0.6593406593406593
91 0.6630434782608695
92 0.6666666666666666
93 0.6595744680851063
94 0.6631578947368421
95 0.65625
96 0.6597938144329897
97 0.6530612244897959
98 0.6464646464646465
99 0.65
100 0.6534653465346535
101 0.6470588235294118
102 0.6504854368932039
103 0.6442307692307693
104 0.6476190476190476
105 0.6415094339622641
106 0.6448598130841121
107 0.6388888888888888
108 0.6422018348623854
109 0.6454545454545455
110 0.6486486486486487
111 0.6517857142857143
112 0.6548672566371682
113 0.6578947368421053
114 0.6521739130434783
115 0.646551724137931
116 0.6410256410256411
117 0.635593220338983
118 0.6386554621848739
119 0.6333333333333333
120 0.6363636363636364
121 0.6311475409836066
122 0.6260162601626016
123 0.6290322580645161
124 0.632
125 0.6349206349206349
126 0.6377952755905512
127 0.640625
128 0.6434108527131783
129 0.6461538461538462
130 0.6412213740458015
131 0.6363636363636364
132 0.6390977443609023
133 0.6417910447761194
134 0.6370370370370371
135 0.6397058823529411
136 0.6423357664233577
137 0.644927536231884
138 0.6402877697841727
139 0.6428571428571429
140 0.6453900709219859
141 0.6408450704225352
142 0.6433566433566433
143 0.6388888888888888
144 0.6344827586206897
145 0.6301369863013698
146 0.6326530612244898
147 0.6351351351351351
148 0.6375838926174496
149 0.64
150 0.6357615894039735
151 0.6381578947368421
152 0.6405228758169934
153 0.6428571428571429
154 0.6451612903225806
155 0.6410256410256411
156 0.6369426751592356
157 0.6392405063291139
158 0.6415094339622641
159 0.64375
160 0.639751552795031
161 0.6419753086419753
162 0.6441717791411042
163 0.6402439024390244
164 0.6424242424242425
165 0.6445783132530121
166 0.6467065868263473
167 0.6428571428571429
168 0.6449704142011834
169 0.6470588235294118
170 0.6491228070175439
171 0.6453488372093024
172 0.6473988439306358
173 0.6436781609195402
174 0.6457142857142857
175 0.6420454545454546
176 0.6384180790960452
177 0.6404494382022472
178 0.6368715083798883
179 0.6388888888888888
180 0.6353591160220995
181 0.6373626373626373
182 0.639344262295082
183 0.6413043478260869
184 0.6432432432432432
185 0.6451612903225806
186 0.6470588235294118
187 0.648936170212766
188 0.6455026455026455
189 0.6473684210526316
190 0.6492146596858639
191 0.6458333333333334
192 0.6476683937823834
193 0.6443298969072165
194 0.6410256410256411
195 0.6377551020408163
196 0.6395939086294417
197 0.6414141414141414
198 0.6381909547738693
199 0.64
200 0.6368159203980099
201 0.6386138613861386
202 0.6354679802955665
203 0.6323529411764706
204 0.6341463414634146
205 0.6310679611650486
206 0.6328502415458938
207 0.6298076923076923
208 0.631578947368421
209 0.6333333333333333
210 0.6350710900473934
211 0.6367924528301887
212 0.6338028169014085
213 0.6308411214953271
214 0.627906976744186
215 0.625
216 0.6267281105990783
217 0.6238532110091743
218 0.6255707762557078
219 0.6272727272727273
220 0.6244343891402715
221 0.6261261261261262
222 0.6278026905829597
223 0.625
224 0.6266666666666667
225 0.6283185840707964
226 0.6255506607929515
227 0.6271929824561403
228 0.62882096069869
229 0.6304347826086957
230 0.6277056277056277
231 0.6293103448275862
232 0.6266094420600858
233 0.6282051282051282
234 0.6297872340425532
235 0.6313559322033898
236 0.6329113924050633
237 0.634453781512605
238 0.6359832635983264
239 0.6375
240 0.6390041493775933
241 0.640495867768595
242 0.6419753086419753
243 0.639344262295082
244 0.6408163265306123
245 0.6382113821138211
246 0.6396761133603239
247 0.6411290322580645
248 0.642570281124498
249 0.644
250 0.6454183266932271
251 0.6428571428571429
252 0.6442687747035574
253 0.6417322834645669
254 0.6431372549019608
255 0.64453125
256 0.642023346303502
257 0.6434108527131783
258 0.640926640926641
259 0.6423076923076924
260 0.6436781609195402
261 0.6450381679389313
262 0.6463878326996197
263 0.6477272727272727
264 0.6452830188679245
265 0.6466165413533834
266 0.6479400749063671
267 0.6455223880597015
268 0.6468401486988847
269 0.6481481481481481
270 0.6457564575645757
271 0.6433823529411765
272 0.6410256410256411
273 0.6423357664233577
274 0.6436363636363637
275 0.644927536231884
276 0.6425992779783394
277 0.6438848920863309
278 0.6451612903225806
279 0.6428571428571429
280 0.6441281138790036
281 0.6453900709219859
282 0.6466431095406361
283 0.6443661971830986
284 0.6421052631578947
285 0.6398601398601399
286 0.6411149825783972
287 0.6423611111111112
288 0.643598615916955
289 0.6413793103448275
290 0.6426116838487973
291 0.6438356164383562
292 0.6450511945392492
293 0.6462585034013606
294 0.6474576271186441
295 0.6452702702702703
296 0.6464646464646465
297 0.6476510067114094
298 0.6454849498327759
299 0.6466666666666666
300 0.6478405315614618
301 0.6456953642384106
302 0.6468646864686468
303 0.6480263157894737
304 0.6491803278688525
305 0.6503267973856209
306 0.6514657980456026
307 0.6525974025974026
308 0.6537216828478964
309 0.6548387096774193
310 0.6527331189710611
311 0.6506410256410257
312 0.6485623003194888
313 0.6464968152866242
314 0.6444444444444445
315 0.6455696202531646
316 0.6435331230283912
317 0.6446540880503144
318 0.64576802507837
319 0.646875
320 0.6479750778816199
321 0.6490683229813664
322 0.6501547987616099
323 0.6481481481481481
324 0.6461538461538462
325 0.647239263803681
326 0.6483180428134556
327 0.6463414634146342
328 0.6474164133738601
329 0.6484848484848484
330 0.6465256797583081
331 0.6475903614457831
332 0.6456456456456456
333 0.6467065868263473
334 0.6447761194029851
335 0.6458333333333334
336 0.6468842729970327
337 0.6449704142011834
338 0.6430678466076696
339 0.6441176470588236
340 0.6451612903225806
341 0.6461988304093568
342 0.6472303206997084
343 0.6453488372093024
344 0.6463768115942029
345 0.6473988439306358
346 0.6455331412103746
347 0.646551724137931
348 0.6475644699140402
349 0.6485714285714286
350 0.6495726495726496
351 0.6505681818181818
352 0.6515580736543909
353 0.6497175141242938
354 0.6507042253521127
355 0.651685393258427
356 0.6498599439775911
357 0.6508379888268156
358 0.649025069637883
359 0.65
360 0.6509695290858726
361 0.6519337016574586
362 0.650137741046832
363 0.6483516483516484
364 0.6493150684931507
365 0.6502732240437158
366 0.6485013623978202
367 0.6494565217391305
368 0.6476964769647696
369 0.6486486486486487
370 0.6495956873315364
371 0.6505376344086021
372 0.6514745308310992
373 0.6524064171122995
374 0.6506666666666666
375 0.651595744680851
376 0.6525198938992043
377 0.6534391534391535
378 0.6543535620052771
379 0.6552631578947369
380 0.6561679790026247
381 0.6570680628272252
382 0.6579634464751958
383 0.6588541666666666
384 0.6597402597402597
385 0.6606217616580311
386 0.661498708010336
387 0.6597938144329897
388 0.6606683804627249
389 0.6615384615384615
390 0.6624040920716112
391 0.6607142857142857
392 0.6615776081424937
393 0.6624365482233503
394 0.6632911392405063
395 0.6641414141414141
396 0.6649874055415617
397 0.6658291457286433
398 0.6666666666666666
399 0.6675
400 0.6683291770573566
401 0.6691542288557214
402 0.6699751861042184
403 0.6707920792079208
404 0.6691358024691358
405 0.6699507389162561
406 0.6707616707616708
407 0.6691176470588235
408 0.6699266503667481
409 0.6682926829268293
410 0.6690997566909975
411 0.6674757281553398
412 0.6658595641646489
413 0.6666666666666666
414 0.6674698795180722
415 0.6658653846153846
416 0.6666666666666666
417 0.6674641148325359
418 0.6682577565632458
419 0.669047619047619
420 0.669833729216152
421 0.6682464454976303
422 0.6690307328605201
423 0.6698113207547169
424 0.6705882352941176
425 0.6713615023474179
426 0.6721311475409836
427 0.6728971962616822
428 0.6713286713286714
429 0.6697674418604651
430 0.6682134570765661
431 0.6689814814814815
432 0.6697459584295612
433 0.6705069124423964
434 0.6689655172413793
435 0.6697247706422018
436 0.6681922196796338
437 0.6689497716894978
438 0.6697038724373576
439 0.6681818181818182
440 0.6689342403628118
441 0.669683257918552
442 0.6681715575620768
443 0.668918918918919
444 0.6696629213483146
445 0.6704035874439462
446 0.6711409395973155
447 0.671875
448 0.6703786191536748
449 0.6711111111111111
450 0.6696230598669624
451 0.668141592920354
452 0.6666666666666666
453 0.6674008810572687
454 0.6659340659340659
455 0.6666666666666666
456 0.6673960612691466
457 0.665938864628821
458 0.6666666666666666
459 0.6673913043478261
460 0.6681127982646421
461 0.6666666666666666
462 0.6652267818574514
463 0.665948275862069
464 0.6666666666666666
465 0.6652360515021459
466 0.6659528907922913
467 0.6666666666666666
468 0.6652452025586354
469 0.6638297872340425
470 0.6624203821656051
471 0.663135593220339
472 0.6638477801268499
473 0.6645569620253164
474 0.6631578947368421
475 0.6638655462184874
476 0.6645702306079665
477 0.6652719665271967
478 0.6659707724425887
479 0.6645833333333333
480 0.6652806652806653
481 0.6639004149377593
482 0.6625258799171843
483 0.6632231404958677
484 0.6618556701030928
485 0.6625514403292181
486 0.6611909650924025
487 0.6598360655737705
488 0.6605316973415133
489 0.6591836734693878
490 0.659877800407332
491 0.6605691056910569
492 0.6612576064908722
493 0.659919028340081
494 0.6606060606060606
495 0.6612903225806451
496 0.6599597585513078
497 0.6606425702811245
498 0.6613226452905812
499 0.66
500 0.6606786427145709
501 0.6613545816733067
502 0.6620278330019881
503 0.6626984126984127
504 0.6633663366336634
505 0.6620553359683794
506 0.6627218934911243
507 0.6633858267716536
508 0.6640471512770137
509 0.6627450980392157
510 0.6634050880626223
511 0.6640625
512 0.6647173489278753
513 0.6634241245136187
514 0.6640776699029126
515 0.6647286821705426
516 0.6634429400386848
517 0.6640926640926641
518 0.6647398843930635
519 0.6634615384615384
520 0.6641074856046065
521 0.6647509578544061
522 0.6653919694072657
523 0.6641221374045801
524 0.6647619047619048
525 0.6653992395437263
526 0.6660341555977229
527 0.6666666666666666
528 0.667296786389414
529 0.6660377358490566
530 0.664783427495292
531 0.6654135338345865
532 0.6660412757973734
533 0.6666666666666666
534 0.6654205607476635
535 0.6660447761194029
536 0.6666666666666666
537 0.6672862453531598
538 0.6679035250463822
539 0.6666666666666666
540 0.66728280961183
541 0.6660516605166051
542 0.6648250460405156
543 0.6654411764705882
544 0.6642201834862386
545 0.663003663003663
546 0.6636197440585009
547 0.6624087591240876
548 0.663023679417122
549 0.6636363636363637
550 0.6642468239564429
551 0.6648550724637681
552 0.6654611211573237
553 0.6660649819494585
554 0.6648648648648648
555 0.6654676258992805
556 0.6642728904847397
557 0.6630824372759857
558 0.6636851520572451
559 0.6642857142857143
560 0.6648841354723708
561 0.6654804270462633
562 0.6660746003552398
563 0.6666666666666666
564 0.6654867256637168
565 0.6643109540636042
566 0.6649029982363316
567 0.6654929577464789
568 0.6660808435852372
569 0.6666666666666666
570 0.6672504378283712
571 0.6678321678321678
572 0.6666666666666666
573 0.6672473867595818
574 0.6678260869565218
575 0.6666666666666666
576 0.6672443674176777
577 0.6660899653979239
578 0.6666666666666666
579 0.6655172413793103
580 0.6660929432013769
581 0.6666666666666666
582 0.6672384219554031
583 0.666095890410959
584 0.6649572649572649
585 0.6638225255972696
586 0.6643952299829642
587 0.6632653061224489
588 0.6638370118845501
589 0.6644067796610169
590 0.6649746192893401
591 0.6655405405405406
592 0.6644182124789207
593 0.664983164983165
594 0.6655462184873949
595 0.6644295302013423
596 0.6649916247906198
597 0.6655518394648829
598 0.666110183639399
599 0.665
600 0.6655574043261231
601 0.6644518272425249
602 0.6650082918739635
603 0.6655629139072847
604 0.6661157024793388
605 0.6666666666666666
606 0.6655683690280065
607 0.6661184210526315
608 0.6666666666666666
609 0.6672131147540984
610 0.6677577741407529
611 0.6683006535947712
612 0.6688417618270799
613 0.6693811074918566
614 0.6682926829268293
615 0.6672077922077922
616 0.6677471636952999
617 0.6666666666666666
618 0.6672051696284329
619 0.667741935483871
620 0.6666666666666666
621 0.6655948553054662
622 0.666131621187801
623 0.6666666666666666
624 0.6672
625 0.6661341853035144
626 0.6666666666666666
627 0.6671974522292994
628 0.6677265500794912
629 0.6682539682539682
630 0.6687797147385103
631 0.6693037974683544
632 0.669826224328594
633 0.668769716088328
634 0.6692913385826772
635 0.6698113207547169
636 0.6703296703296703
637 0.670846394984326
638 0.6713615023474179
639 0.6703125
640 0.6708268330733229
641 0.6713395638629284
642 0.671850699844479
643 0.672360248447205
644 0.6728682170542636
645 0.673374613003096
646 0.6738794435857806
647 0.6743827160493827
648 0.6733436055469953
649 0.6738461538461539
650 0.674347158218126
651 0.6748466257668712
652 0.6753445635528331
653 0.6758409785932722
654 0.6748091603053435
655 0.6753048780487805
656 0.6757990867579908
657 0.6762917933130699
658 0.6767830045523521
659 0.6772727272727272
660 0.6777609682299546
661 0.6782477341389728
662 0.6787330316742082
663 0.6792168674698795
664 0.6781954887218045
665 0.6786786786786787
666 0.679160419790105
667 0.6796407185628742
668 0.680119581464873
669 0.6805970149253732
670 0.6795827123695977
671 0.6785714285714286
672 0.6790490341753344
673 0.6780415430267063
674 0.6785185185185185
675 0.6789940828402367
676 0.6794682422451994
677 0.6799410029498525
678 0.6804123711340206
679 0.6794117647058824
680 0.6798825256975036
681 0.6788856304985337
682 0.6793557833089312
683 0.6798245614035088
684 0.6802919708029197
685 0.6807580174927114
686 0.6812227074235808
687 0.6816860465116279
688 0.6821480406386067
689 0.6826086956521739
690 0.683068017366136
691 0.6835260115606936
692 0.683982683982684
693 0.6844380403458213
694 0.6848920863309352
695 0.6839080459770115
696 0.6843615494978479
697 0.6833810888252149
698 0.6824034334763949
699 0.6828571428571428
700 0.6833095577746077
701 0.6837606837606838
702 0.6842105263157895
