0 0.0
1 0.0
2 0.5
3 0.3333333333333333
4 0.3333333333333333
5 0.5
6 0.6
7 0.6
8 0.5
9 0.5714285714285714
10 0.5
11 0.5
12 0.5555555555555556
13 0.6
14 0.6
15 0.6
16 0.6363636363636364
17 0.5833333333333334
18 0.6153846153846154
19 0.5714285714285714
20 0.6
21 0.625
22 0.6470588235294118
23 0.6111111111111112
24 0.5789473684210527
25 0.55
26 0.55
27 0.55
28 0.5714285714285714
29 0.5714285714285714
30 0.5454545454545454
31 0.5652173913043478
32 0.5416666666666666
33 0.56
34 0.56
35 0.5769230769230769
36 0.5925925925925926
37 0.5925925925925926
38 0.6071428571428571
39 0.6206896551724138
40 0.6333333333333333
41 0.6129032258064516
42 0.6129032258064516
43 0.6129032258064516
44 0.59375
45 0.6060606060606061
46 0.6060606060606061
47 0.6176470588235294
48 0.6285714285714286
49 0.6388888888888888
50 0.6486486486486487
51 0.631578947368421
52 0.631578947368421
53 0.6410256410256411
54 0.65
55 0.65
56 0.65
57 0.6341463414634146
58 0.6341463414634146
59 0.6428571428571429
60 0.6511627906976745
61 0.6590909090909091
62 0.6666666666666666
63 0.6739130434782609
64 0.6595744680851063
65 0.6666666666666666
66 0.673469387755102
67 0.68
68 0.68
69 0.68
70 0.6862745098039216
71 0.6923076923076923
72 0.6981132075471698
73 0.6851851851851852
74 0.6909090909090909
75 0.6785714285714286
76 0.6785714285714286
77 0.6842105263157895
78 0.6896551724137931
79 0.6949152542372882
80 0.7
81 0.7
82 0.7049180327868853
83 0.7096774193548387
84 0.7142857142857143
85 0.71875
86 0.71875
87 0.7230769230769231
88 0.7272727272727273
89 0.7313432835820896
90 0.7313432835820896
91 0.7313432835820896
92 0.7352941176470589
93 0.7391304347826086
94 0.7428571428571429
95 0.7323943661971831
96 0.7361111111111112
97 0.7361111111111112
98 0.7361111111111112
99 0.7361111111111112
100 0.7397260273972602
101 0.7432432432432432
102 0.7466666666666667
103 0.75
104 0.75
105 0.7532467532467533
106 0.7532467532467533
107 0.7564102564102564
108 0.759493670886076
109 0.759493670886076
110 0.7625
111 0.7625
112 0.7625
113 0.7654320987654321
114 0.7682926829268293
115 0.7590361445783133
116 0.7619047619047619
117 0.7647058823529411
118 0.7674418604651163
119 0.7701149425287356
120 0.7727272727272727
121 0.7752808988764045
122 0.7777777777777778
123 0.7777777777777778
124 0.7802197802197802
125 0.7717391304347826
126 0.7741935483870968
127 0.776595744680851
128 0.7789473684210526
129 0.78125
130 0.78125
131 0.7731958762886598
132 0.7755102040816326
133 0.7777777777777778
134 0.77
135 0.7722772277227723
136 0.7745098039215687
137 0.7745098039215687
138 0.7669902912621359
139 0.7692307692307693
140 0.7714285714285715
141 0.7641509433962265
142 0.7663551401869159
143 0.7592592592592593
144 0.7614678899082569
145 0.7614678899082569
146 0.7636363636363637
147 0.7657657657657657
148 0.7589285714285714
149 0.7610619469026548
150 0.7543859649122807
151 0.7565217391304347
152 0.75
153 0.75
154 0.75
155 0.7521367521367521
156 0.7542372881355932
157 0.7563025210084033
158 0.7583333333333333
159 0.7603305785123967
160 0.7540983606557377
161 0.7560975609756098
162 0.7580645161290323
163 0.752
164 0.752
165 0.746031746031746
166 0.7480314960629921
167 0.7480314960629921
168 0.7480314960629921
169 0.7421875
170 0.7441860465116279
171 0.7461538461538462
172 0.7480916030534351
173 0.7424242424242424
174 0.7424242424242424
175 0.7424242424242424
176 0.7443609022556391
177 0.746268656716418
178 0.746268656716418
179 0.7481481481481481
180 0.7426470588235294
181 0.7445255474452555
182 0.7463768115942029
183 0.7410071942446043
184 0.7357142857142858
185 0.7357142857142858
186 0.7304964539007093
187 0.7323943661971831
188 0.7342657342657343
189 0.7361111111111112
190 0.7361111111111112
191 0.7379310344827587
192 0.7397260273972602
193 0.7414965986394558
194 0.7432432432432432
195 0.7449664429530202
196 0.7466666666666667
197 0.7483443708609272
198 0.75
199 0.7516339869281046
200 0.7532467532467533
201 0.7532467532467533
202 0.7483870967741936
203 0.7483870967741936
204 0.75
205 0.75
206 0.75
207 0.75
208 0.75
209 0.7515923566878981
210 0.7531645569620253
211 0.7547169811320755
212 0.75625
213 0.7515527950310559
214 0.7530864197530864
215 0.754601226993865
216 0.754601226993865
217 0.7560975609756098
218 0.7560975609756098
219 0.7560975609756098
220 0.7575757575757576
221 0.7530120481927711
222 0.7544910179640718
223 0.7544910179640718
224 0.75
225 0.75
226 0.7514792899408284
227 0.7470588235294118
228 0.7470588235294118
229 0.7426900584795322
230 0.7441860465116279
231 0.7456647398843931
232 0.7456647398843931
233 0.7456647398843931
234 0.7413793103448276
235 0.7413793103448276
236 0.7428571428571429
237 0.7428571428571429
238 0.7443181818181818
239 0.7457627118644068
240 0.7415730337078652
241 0.7430167597765364
242 0.7444444444444445
243 0.7403314917127072
244 0.7417582417582418
245 0.7431693989071039
246 0.7391304347826086
247 0.7351351351351352
248 0.7365591397849462
249 0.7379679144385026
250 0.7393617021276596
251 0.7407407407407407
252 0.7421052631578947
253 0.7382198952879581
254 0.7382198952879581
255 0.7395833333333334
256 0.7409326424870466
257 0.7409326424870466
258 0.7371134020618557
259 0.7384615384615385
260 0.7397959183673469
261 0.7411167512690355
262 0.7373737373737373
263 0.7386934673366834
264 0.74
265 0.7412935323383084
266 0.7376237623762376
267 0.7389162561576355
268 0.7401960784313726
269 0.7365853658536585
270 0.7330097087378641
271 0.7342995169082126
272 0.7355769230769231
273 0.7368421052631579
274 0.7368421052631579
275 0.7368421052631579
276 0.7333333333333333
277 0.7298578199052133
278 0.7311320754716981
279 0.7323943661971831
280 0.7336448598130841
281 0.7336448598130841
282 0.7348837209302326
283 0.7361111111111112
284 0.7361111111111112
285 0.7361111111111112
286 0.7373271889400922
287 0.7339449541284404
288 0.7351598173515982
289 0.7363636363636363
290 0.7330316742081447
291 0.7342342342342343
292 0.7309417040358744
293 0.7309417040358744
294 0.7321428571428571
295 0.7288888888888889
296 0.7256637168141593
297 0.7224669603524229
298 0.7236842105263158
299 0.7248908296943232
300 0.7248908296943232
301 0.7260869565217392
302 0.7272727272727273
303 0.728448275862069
304 0.7253218884120172
305 0.7253218884120172
306 0.7264957264957265
307 0.7276595744680852
308 0.7288135593220338
309 0.7257383966244726
310 0.726890756302521
311 0.7280334728033473
312 0.7291666666666666
313 0.7261410788381742
314 0.7272727272727273
315 0.7283950617283951
316 0.7254098360655737
317 0.726530612244898
318 0.726530612244898
319 0.7276422764227642
320 0.728744939271255
321 0.7298387096774194
322 0.7309236947791165
323 0.732
324 0.7330677290836654
325 0.7341269841269841
326 0.7351778656126482
327 0.7351778656126482
328 0.7322834645669292
329 0.7322834645669292
330 0.7333333333333333
331 0.734375
332 0.734375
333 0.7354085603112841
334 0.7364341085271318
335 0.7374517374517374
336 0.7374517374517374
337 0.7384615384615385
338 0.7394636015325671
339 0.7366412213740458
340 0.7376425855513308
341 0.7386363636363636
342 0.7396226415094339
343 0.7406015037593985
344 0.7406015037593985
345 0.7415730337078652
346 0.7415730337078652
347 0.7425373134328358
348 0.7434944237918215
349 0.7444444444444445
350 0.7453874538745388
351 0.7453874538745388
352 0.7453874538745388
353 0.7463235294117647
354 0.7463235294117647
355 0.7463235294117647
356 0.7472527472527473
357 0.7481751824817519
358 0.7481751824817519
359 0.7454545454545455
360 0.7454545454545455
361 0.7463768115942029
362 0.7472924187725631
363 0.7472924187725631
364 0.7482014388489209
365 0.7455197132616488
366 0.7464285714285714
367 0.7464285714285714
368 0.7473309608540926
369 0.7446808510638298
370 0.7455830388692579
371 0.7455830388692579
372 0.7464788732394366
373 0.7473684210526316
374 0.7473684210526316
375 0.7482517482517482
376 0.7491289198606271
377 0.7491289198606271
378 0.7465277777777778
379 0.7474048442906575
380 0.7482758620689656
381 0.7482758620689656
382 0.7491408934707904
383 0.75
384 0.75
385 0.7474402730375427
386 0.7448979591836735
387 0.7448979591836735
388 0.7457627118644068
389 0.7466216216216216
390 0.7474747474747475
391 0.7483221476510067
392 0.7491638795986622
393 0.75
394 0.7475083056478405
395 0.7483443708609272
396 0.7483443708609272
397 0.7491749174917491
398 0.75
399 0.7508196721311475
400 0.7516339869281046
401 0.752442996742671
402 0.7532467532467533
403 0.7540453074433657
404 0.7548387096774194
405 0.752411575562701
406 0.75
407 0.7476038338658147
408 0.7484076433121019
409 0.7492063492063492
410 0.7492063492063492
411 0.75
412 0.750788643533123
413 0.7484276729559748
414 0.7492163009404389
415 0.746875
416 0.7476635514018691
417 0.7484472049689441
418 0.7492260061919505
419 0.75
420 0.7507692307692307
421 0.7484662576687117
422 0.746177370030581
423 0.7439024390243902
424 0.7439024390243902
425 0.7446808510638298
426 0.7446808510638298
427 0.7424242424242424
428 0.7424242424242424
429 0.743202416918429
430 0.743202416918429
431 0.7439759036144579
432 0.7447447447447447
433 0.7425149700598802
434 0.7432835820895523
435 0.7410714285714286
436 0.7388724035608308
437 0.7388724035608308
438 0.7388724035608308
439 0.7388724035608308
440 0.7366863905325444
441 0.7345132743362832
442 0.7323529411764705
443 0.7331378299120235
444 0.7339181286549707
445 0.7346938775510204
446 0.7354651162790697
447 0.736231884057971
448 0.7369942196531792
449 0.7348703170028819
450 0.735632183908046
451 0.7335243553008596
452 0.7342857142857143
453 0.7321937321937322
454 0.7329545454545454
455 0.7337110481586402
456 0.7337110481586402
457 0.731638418079096
458 0.731638418079096
459 0.731638418079096
460 0.7323943661971831
461 0.7323943661971831
462 0.7303370786516854
463 0.7310924369747899
464 0.7310924369747899
465 0.7310924369747899
466 0.7318435754189944
467 0.7325905292479109
468 0.7333333333333333
469 0.7340720221606648
470 0.7320441988950276
471 0.7327823691460055
472 0.7307692307692307
473 0.7307692307692307
474 0.7315068493150685
475 0.73224043715847
476 0.73224043715847
477 0.73224043715847
478 0.7302452316076294
479 0.7282608695652174
480 0.7262872628726287
481 0.727027027027027
482 0.7277628032345014
483 0.7258064516129032
484 0.7265415549597856
485 0.7245989304812834
486 0.7253333333333334
487 0.723404255319149
488 0.723404255319149
489 0.723404255319149
490 0.723404255319149
491 0.7241379310344828
492 0.7248677248677249
493 0.7255936675461742
494 0.7236842105263158
495 0.7244094488188977
496 0.7244094488188977
497 0.725130890052356
498 0.7258485639686684
499 0.7265625
500 0.7265625
501 0.7272727272727273
502 0.7253886010362695
503 0.7235142118863049
504 0.7235142118863049
505 0.7235142118863049
506 0.7242268041237113
507 0.7223650385604113
508 0.7230769230769231
509 0.7237851662404092
510 0.7244897959183674
511 0.7244897959183674
512 0.72264631043257
513 0.7233502538071066
514 0.7240506329113924
515 0.7247474747474747
516 0.72544080604534
517 0.72544080604534
518 0.7261306532663316
519 0.7261306532663316
520 0.7268170426065163
521 0.725
522 0.7256857855361596
523 0.7256857855361596
524 0.7238805970149254
525 0.7220843672456576
526 0.7227722772277227
527 0.7234567901234568
528 0.7241379310344828
529 0.7241379310344828
530 0.7248157248157249
531 0.7230392156862745
532 0.7237163814180929
533 0.724390243902439
534 0.724390243902439
535 0.7250608272506083
536 0.7233009708737864
537 0.7215496368038741
538 0.7222222222222222
539 0.7228915662650602
540 0.7235576923076923
541 0.7242206235011991
542 0.7248803827751196
543 0.7255369928400954
544 0.7238095238095238
545 0.7244655581947743
546 0.7244655581947743
547 0.7251184834123223
548 0.7257683215130024
549 0.7264150943396226
550 0.7247058823529412
551 0.7253521126760564
552 0.7259953161592506
553 0.7266355140186916
554 0.7249417249417249
555 0.7255813953488373
556 0.7262180974477959
557 0.7245370370370371
558 0.7251732101616628
559 0.7258064516129032
560 0.7241379310344828
561 0.7224770642201835
562 0.7231121281464531
563 0.7231121281464531
564 0.7214611872146118
565 0.7198177676537585
566 0.7198177676537585
567 0.7181818181818181
568 0.7188208616780045
569 0.7194570135746606
570 0.7200902934537246
571 0.7207207207207207
572 0.7213483146067415
573 0.7219730941704036
574 0.7225950782997763
575 0.7209821428571429
576 0.7216035634743875
577 0.7222222222222222
578 0.720620842572062
579 0.720620842572062
580 0.7190265486725663
581 0.717439293598234
582 0.7180616740088106
583 0.7164835164835165
584 0.7149122807017544
585 0.7149122807017544
586 0.7133479212253829
587 0.7139737991266376
588 0.7145969498910676
589 0.7152173913043478
590 0.7158351409978309
591 0.7164502164502164
592 0.7164502164502164
593 0.7170626349892009
594 0.7155172413793104
595 0.7155172413793104
596 0.7139784946236559
597 0.7145922746781116
598 0.715203426124197
599 0.7158119658119658
600 0.7158119658119658
601 0.7164179104477612
602 0.7164179104477612
603 0.7170212765957447
604 0.7176220806794055
605 0.7182203389830508
606 0.7182203389830508
607 0.718816067653277
608 0.7194092827004219
609 0.72
610 0.7205882352941176
611 0.7211740041928721
612 0.7217573221757322
613 0.7223382045929019
614 0.7223382045929019
615 0.7229166666666667
616 0.7234927234927235
617 0.7240663900414938
618 0.7240663900414938
619 0.7246376811594203
620 0.7246376811594203
621 0.7246376811594203
622 0.7246376811594203
623 0.7231404958677686
624 0.7231404958677686
625 0.7237113402061855
626 0.7237113402061855
627 0.7222222222222222
628 0.7227926078028748
629 0.7233606557377049
630 0.7239263803680982
631 0.7244897959183674
632 0.725050916496945
633 0.725609756097561
634 0.7261663286004056
635 0.7246963562753036
636 0.7246963562753036
637 0.7246963562753036
638 0.7252525252525253
639 0.7258064516129032
640 0.7263581488933601
641 0.7248995983935743
642 0.7254509018036072
643 0.726
644 0.7265469061876247
645 0.7270916334661355
646 0.7270916334661355
647 0.7276341948310139
648 0.7281746031746031
649 0.7267326732673267
650 0.7272727272727273
651 0.727810650887574
652 0.7283464566929134
653 0.7288801571709234
654 0.7294117647058823
655 0.7294117647058823
656 0.7299412915851272
657 0.73046875
658 0.73046875
659 0.7309941520467836
660 0.7309941520467836
661 0.7295719844357976
662 0.7300970873786408
663 0.7286821705426356
664 0.7286821705426356
665 0.7286821705426356
666 0.7272727272727273
667 0.7277992277992278
668 0.7277992277992278
669 0.7283236994219653
670 0.7288461538461538
671 0.7288461538461538
672 0.727447216890595
673 0.7260536398467433
674 0.7265774378585086
675 0.7270992366412213
676 0.7276190476190476
677 0.7276190476190476
678 0.7276190476190476
679 0.7276190476190476
680 0.7281368821292775
681 0.7281368821292775
682 0.7286527514231499
683 0.7291666666666666
684 0.7296786389413988
685 0.7283018867924528
686 0.7283018867924528
687 0.7288135593220338
688 0.7288135593220338
689 0.7293233082706767
690 0.7298311444652908
691 0.7298311444652908
692 0.7303370786516854
693 0.7303370786516854
694 0.7308411214953271
695 0.7308411214953271
696 0.7294776119402985
697 0.7299813780260708
698 0.7304832713754646
699 0.7304832713754646
700 0.7309833024118738
701 0.7296296296296296
702 0.7301293900184843
703 0.7306273062730627
704 0.7311233885819521
705 0.7316176470588235
706 0.7321100917431193
707 0.7326007326007326
708 0.7312614259597806
709 0.7312614259597806
710 0.7312614259597806
711 0.7317518248175182
712 0.73224043715847
713 0.730909090909091
714 0.7313974591651543
715 0.7318840579710145
716 0.7323688969258589
717 0.7328519855595668
718 0.7315315315315315
719 0.7320143884892086
720 0.7307001795332136
721 0.7311827956989247
722 0.7316636851520573
723 0.7303571428571428
724 0.7308377896613191
725 0.7313167259786477
726 0.7317939609236235
727 0.7304964539007093
728 0.7304964539007093
729 0.7292035398230089
730 0.7279151943462897
731 0.7283950617283951
732 0.727112676056338
733 0.7275922671353251
734 0.7263157894736842
735 0.7267950963222417
736 0.7272727272727273
737 0.7277486910994765
738 0.7282229965156795
739 0.7282229965156795
740 0.7282229965156795
741 0.7269565217391304
742 0.7269565217391304
743 0.7269565217391304
744 0.7256944444444444
745 0.7261698440207972
746 0.7249134948096886
747 0.7249134948096886
748 0.7249134948096886
749 0.7236614853195165
750 0.7224137931034482
751 0.7211703958691911
752 0.7216494845360825
753 0.7221269296740995
754 0.7226027397260274
755 0.7213675213675214
756 0.7201365187713311
757 0.7189097103918228
758 0.717687074829932
759 0.7181663837011885
760 0.7186440677966102
761 0.7191201353637902
762 0.7191201353637902
763 0.7195945945945946
764 0.718381112984823
765 0.7188552188552189
766 0.719327731092437
767 0.7197986577181208
768 0.7197986577181208
769 0.7202680067001676
770 0.7190635451505016
771 0.7195325542570952
772 0.72
773 0.72
774 0.7204658901830283
775 0.7204658901830283
776 0.7209302325581395
777 0.7213930348258707
778 0.7213930348258707
779 0.7213930348258707
780 0.7201986754966887
781 0.7206611570247934
782 0.7206611570247934
783 0.7194719471947195
784 0.7182866556836903
785 0.7171052631578947
786 0.715927750410509
787 0.7147540983606557
788 0.7152209492635024
789 0.7156862745098039
790 0.7161500815660685
791 0.7161500815660685
792 0.7161500815660685
793 0.7149837133550488
794 0.7154471544715447
795 0.7142857142857143
796 0.7147487844408428
797 0.7147487844408428
798 0.7152103559870551
799 0.715670436187399
800 0.7161290322580646
801 0.71658615136876
802 0.71658615136876
803 0.7170418006430869
804 0.7174959871589085
805 0.7163461538461539
806 0.7163461538461539
807 0.7163461538461539
808 0.7163461538461539
809 0.7168
810 0.7156549520766773
811 0.7161084529505582
812 0.7165605095541401
813 0.7165605095541401
814 0.7165605095541401
815 0.7170111287758346
816 0.7170111287758346
817 0.7170111287758346
818 0.7158730158730159
819 0.7158730158730159
820 0.7158730158730159
821 0.7158730158730159
822 0.716323296354992
823 0.716323296354992
824 0.7167721518987342
825 0.717219589257504
826 0.7160883280757098
827 0.7165354330708661
828 0.7154088050314465
829 0.7158555729984302
830 0.7163009404388715
831 0.7167449139280125
832 0.7171875
833 0.7171875
834 0.717628705148206
835 0.7165109034267912
836 0.7153965785381027
837 0.7158385093167702
838 0.7162790697674418
839 0.7151702786377709
840 0.7156105100463679
841 0.7145061728395061
842 0.7145061728395061
843 0.7134052388289677
844 0.7138461538461538
845 0.7138461538461538
846 0.7142857142857143
847 0.7147239263803681
848 0.7151607963246555
849 0.7155963302752294
850 0.7155963302752294
851 0.7155963302752294
852 0.716030534351145
853 0.7164634146341463
854 0.7164634146341463
855 0.7168949771689498
856 0.7173252279635258
857 0.7177541729893778
858 0.7177541729893778
859 0.7166666666666667
860 0.7166666666666667
861 0.7170953101361573
862 0.7175226586102719
863 0.717948717948718
864 0.7168674698795181
865 0.7157894736842105
866 0.7157894736842105
867 0.7162162162162162
868 0.7162162162162162
869 0.7162162162162162
870 0.7162162162162162
871 0.7166416791604198
872 0.7155688622754491
873 0.7155688622754491
874 0.7159940209267563
875 0.7149253731343284
876 0.7149253731343284
877 0.7149253731343284
878 0.7153502235469449
879 0.7142857142857143
880 0.7147102526002972
881 0.7151335311572701
882 0.7155555555555555
883 0.7155555555555555
884 0.7159763313609467
885 0.7159763313609467
886 0.7163958641063516
887 0.7168141592920354
888 0.7168141592920354
889 0.7172312223858616
890 0.7176470588235294
891 0.7180616740088106
892 0.718475073313783
893 0.7174231332357247
894 0.7178362573099415
895 0.7182481751824817
896 0.7186588921282799
897 0.7186588921282799
898 0.7190684133915575
899 0.7180232558139535
900 0.7184325108853411
901 0.7184325108853411
902 0.7188405797101449
903 0.7192474674384949
904 0.7196531791907514
905 0.7200577200577201
906 0.7204610951008645
907 0.7194244604316546
908 0.7194244604316546
909 0.7198275862068966
910 0.7198275862068966
911 0.7198275862068966
912 0.7202295552367288
913 0.7191977077363897
914 0.7181688125894135
915 0.7171428571428572
916 0.7161198288159771
917 0.7150997150997151
918 0.7140825035561877
919 0.7144886363636364
920 0.7148936170212766
921 0.7152974504249292
922 0.7157001414427157
923 0.7161016949152542
924 0.7161016949152542
925 0.7150916784203103
926 0.7154929577464789
927 0.7158931082981715
928 0.7158931082981715
929 0.7162921348314607
930 0.7162921348314607
931 0.7166900420757363
932 0.7156862745098039
933 0.7146853146853147
934 0.7150837988826816
935 0.7154811715481172
936 0.7158774373259053
937 0.7158774373259053
938 0.7162726008344924
939 0.7166666666666667
940 0.7156726768377254
941 0.7160664819944599
942 0.7160664819944599
943 0.7160664819944599
944 0.7160664819944599
945 0.7164591977869986
946 0.7164591977869986
947 0.7164591977869986
948 0.7154696132596685
949 0.7144827586206897
950 0.7144827586206897
951 0.7148760330578512
952 0.7152682255845942
953 0.7156593406593407
954 0.7146776406035665
955 0.7146776406035665
956 0.7146776406035665
957 0.7146776406035665
958 0.7146776406035665
959 0.7146776406035665
960 0.7150684931506849
961 0.7154582763337893
962 0.7158469945355191
963 0.7162346521145976
964 0.715258855585831
965 0.715258855585831
966 0.7156462585034014
967 0.7146739130434783
968 0.7137042062415196
969 0.7140921409214093
970 0.713125845737483
971 0.7135135135135136
972 0.7139001349527665
973 0.7142857142857143
974 0.7146702557200538
975 0.7146702557200538
976 0.7146702557200538
977 0.7146702557200538
978 0.7146702557200538
979 0.7137096774193549
980 0.7140939597315437
981 0.7144772117962467
982 0.713520749665328
983 0.713903743315508
984 0.7142857142857143
985 0.7142857142857143
986 0.7146666666666667
987 0.715046604527297
988 0.714095744680851
989 0.714095744680851
990 0.714095744680851
991 0.714095744680851
992 0.714095744680851
993 0.7144754316069057
994 0.7148541114058355
995 0.713907284768212
996 0.7129629629629629
997 0.71334214002642
998 0.712401055408971
999 0.7127799736495388
1000 0.7131578947368421
1001 0.7135348226018396
1002 0.7139107611548556
1003 0.7129750982961992
1004 0.7120418848167539
1005 0.7124183006535948
1006 0.7127937336814621
1007 0.7131681877444589
1008 0.7131681877444589
1009 0.7122395833333334
1010 0.7126137841352406
1011 0.712987012987013
1012 0.7120622568093385
1013 0.7124352331606217
1014 0.7128072445019404
1015 0.7128072445019404
1016 0.7131782945736435
1017 0.7135483870967742
1018 0.7139175257731959
1019 0.7142857142857143
1020 0.7133676092544987
1021 0.7133676092544987
1022 0.7124518613607189
1023 0.7124518613607189
1024 0.7115384615384616
1025 0.7119078104993598
1026 0.7119078104993598
1027 0.7122762148337596
1028 0.7126436781609196
1029 0.7126436781609196
1030 0.7126436781609196
1031 0.7130102040816326
1032 0.7133757961783439
1033 0.7137404580152672
1034 0.7141041931385006
1035 0.7144670050761421
1036 0.7144670050761421
1037 0.7144670050761421
1038 0.7144670050761421
1039 0.714828897338403
1040 0.7151898734177216
1041 0.7155499367888748
1042 0.7159090909090909
1043 0.7162673392181589
1044 0.716624685138539
1045 0.7169811320754716
1046 0.7169811320754716
1047 0.7160804020100503
1048 0.7164366373902133
1049 0.7167919799498746
1050 0.7167919799498746
1051 0.7171464330413017
1052 0.7175
1053 0.717852684144819
1054 0.7182044887780549
1055 0.7185554171855542
1056 0.7185554171855542
1057 0.7189054726368159
1058 0.7192546583850932
1059 0.7192546583850932
1060 0.7196029776674938
1061 0.7187112763320942
1062 0.719059405940594
1063 0.7194066749072929
1064 0.7197530864197531
1065 0.720098643649815
1066 0.720098643649815
1067 0.7192118226600985
1068 0.7192118226600985
1069 0.7183271832718328
1070 0.7186732186732187
1071 0.7190184049079754
1072 0.7193627450980392
1073 0.7197062423500612
1074 0.7200488997555012
1075 0.7203907203907204
1076 0.7203907203907204
1077 0.7195121951219512
1078 0.7195121951219512
1079 0.7198538367844093
1080 0.7198538367844093
1081 0.7198538367844093
1082 0.7198538367844093
1083 0.7201946472019465
1084 0.7193195625759417
1085 0.7196601941747572
1086 0.7196601941747572
1087 0.7187878787878788
1088 0.7187878787878788
1089 0.7179176755447942
1090 0.7179176755447942
1091 0.717049576783555
1092 0.717391304347826
1093 0.7165259348612787
1094 0.7156626506024096
1095 0.7156626506024096
1096 0.7160048134777377
1097 0.7163461538461539
1098 0.7166866746698679
1099 0.7170263788968825
1100 0.7173652694610778
1101 0.7177033492822966
1102 0.7168458781362007
1103 0.7168458781362007
1104 0.7168458781362007
1105 0.7171837708830548
1106 0.7175208581644815
1107 0.7178571428571429
1108 0.718192627824019
1109 0.7185273159144893
1110 0.7185273159144893
1111 0.7188612099644128
1112 0.7191943127962085
1113 0.7183431952662722
1114 0.7186761229314421
1115 0.717827626918536
1116 0.7181603773584906
1117 0.7181603773584906
1118 0.71849234393404
1119 0.7188235294117648
1120 0.7191539365452408
1121 0.7194835680751174
1122 0.7198124267291911
1123 0.7201405152224825
1124 0.7201405152224825
1125 0.7204678362573099
1126 0.7204678362573099
1127 0.7204678362573099
1128 0.7207943925233645
1129 0.7207943925233645
1130 0.7199533255542591
1131 0.7202797202797203
1132 0.7206053550640279
1133 0.7206053550640279
1134 0.7197674418604652
1135 0.718931475029036
1136 0.718931475029036
1137 0.7192575406032483
1138 0.7184241019698725
1139 0.7175925925925926
1140 0.7167630057803468
1141 0.7170900692840647
1142 0.7174163783160323
1143 0.717741935483871
1144 0.716915995397008
1145 0.716915995397008
1146 0.7172413793103448
1147 0.7175660160734788
1148 0.7175660160734788
1149 0.7178899082568807
1150 0.718213058419244
1151 0.7185354691075515
1152 0.7188571428571429
1153 0.7188571428571429
1154 0.7191780821917808
1155 0.7194982896237172
1156 0.7198177676537585
1157 0.7201365187713311
1158 0.7204545454545455
1159 0.720771850170261
1160 0.719954648526077
1161 0.7202718006795017
1162 0.7194570135746606
1163 0.7186440677966102
1164 0.718961625282167
1165 0.718961625282167
1166 0.7181510710259301
1167 0.7184684684684685
1168 0.7176602924634421
1169 0.7176602924634421
1170 0.7176602924634421
1171 0.7176602924634421
1172 0.7179775280898877
1173 0.7171717171717171
1174 0.7174887892376681
1175 0.7178051511758119
1176 0.7178051511758119
1177 0.7178051511758119
1178 0.7181208053691275
1179 0.7184357541899441
1180 0.7176339285714286
1181 0.7176339285714286
1182 0.717948717948718
1183 0.7182628062360802
1184 0.7174638487208009
1185 0.7166666666666667
1186 0.7158712541620422
1187 0.7161862527716186
1188 0.716500553709856
1189 0.7168141592920354
1190 0.7160220994475138
1191 0.7163355408388521
1192 0.7166482910694597
1193 0.7158590308370044
1194 0.7161716171617162
1195 0.7164835164835165
1196 0.716794731064764
1197 0.7171052631578947
1198 0.7171052631578947
1199 0.7174151150054765
1200 0.7177242888402626
1201 0.7169398907103826
1202 0.7172489082969432
1203 0.7164667393675027
1204 0.7167755991285403
1205 0.7167755991285403
1206 0.7159956474428727
1207 0.7152173913043478
1208 0.7155266015200868
1209 0.7158351409978309
1210 0.7161430119176598
1211 0.7164502164502164
1212 0.7167567567567568
1213 0.7167567567567568
1214 0.7167567567567568
1215 0.7159827213822895
1216 0.7162891046386192
1217 0.7162891046386192
1218 0.7165948275862069
1219 0.7165948275862069
1220 0.7168998923573735
1221 0.7172043010752688
1222 0.7172043010752688
1223 0.7175080558539205
1224 0.7178111587982833
1225 0.7181136120042872
1226 0.7181136120042872
1227 0.7184154175588865
1228 0.718716577540107
1229 0.719017094017094
1230 0.7193169690501601
1231 0.7193169690501601
1232 0.7196162046908315
1233 0.7199148029818956
1234 0.7202127659574468
1235 0.720510095642933
1236 0.7208067940552016
1237 0.7200424178154825
1238 0.7203389830508474
1239 0.7206349206349206
1240 0.7198731501057083
1241 0.720168954593453
1242 0.7194092827004219
1243 0.7197049525816649
1244 0.7189473684210527
1245 0.7189473684210527
1246 0.7181913774973712
1247 0.7184873949579832
1248 0.7187827911857293
1249 0.7190775681341719
1250 0.7193717277486911
1251 0.7196652719665272
1252 0.7189132706374086
1253 0.7189132706374086
1254 0.7189132706374086
1255 0.7192066805845512
1256 0.7192066805845512
1257 0.7184567257559958
1258 0.7184567257559958
1259 0.71875
1260 0.7190426638917794
1261 0.7193347193347194
1262 0.719626168224299
1263 0.719626168224299
1264 0.7188796680497925
1265 0.7191709844559585
1266 0.7191709844559585
1267 0.7194616977225673
1268 0.7197518097207859
1269 0.7197518097207859
1270 0.7197518097207859
1271 0.7197518097207859
1272 0.7197518097207859
1273 0.7200413223140496
1274 0.7192982456140351
1275 0.7192982456140351
1276 0.7185567010309278
1277 0.7188465499485067
1278 0.7191358024691358
1279 0.7183967112024666
1280 0.7176591375770021
1281 0.7176591375770021
1282 0.7176591375770021
1283 0.717948717948718
1284 0.7182377049180327
1285 0.7185261003070624
1286 0.7188139059304703
1287 0.7191011235955056
1288 0.7183673469387755
1289 0.7186544342507645
1290 0.7189409368635438
1291 0.7192268565615463
1292 0.7195121951219512
1293 0.7195121951219512
1294 0.7197969543147208
1295 0.7197969543147208
1296 0.7190669371196755
1297 0.7193515704154002
1298 0.7196356275303644
1299 0.7199191102123357
1300 0.7202020202020202
1301 0.7202020202020202
1302 0.7204843592330978
1303 0.7207661290322581
1304 0.7200402819738168
1305 0.7203219315895373
1306 0.7206030150753768
1307 0.7206030150753768
1308 0.7208835341365462
1309 0.7211634904714143
1310 0.7214428857715431
1311 0.7214428857715431
1312 0.7207207207207207
1313 0.72
1314 0.7202797202797203
1315 0.720558882235529
1316 0.7208374875373879
1317 0.7208374875373879
1318 0.7201195219123506
1319 0.7203980099502487
1320 0.7203980099502487
1321 0.7196819085487077
1322 0.7199602780536246
1323 0.7192460317460317
1324 0.7185332011892963
1325 0.7188118811881188
1326 0.7190900098911969
1327 0.7193675889328063
1328 0.7186574531095755
1329 0.7189349112426036
1330 0.7189349112426036
1331 0.7192118226600985
1332 0.718503937007874
1333 0.718503937007874
1334 0.718503937007874
1335 0.718503937007874
1336 0.7187807276302851
1337 0.7180746561886051
1338 0.7173699705593719
1339 0.7176470588235294
1340 0.7179236043095005
1341 0.7181996086105675
1342 0.718475073313783
1343 0.71875
1344 0.71875
1345 0.71875
1346 0.7190243902439024
1347 0.7192982456140351
1348 0.7192982456140351
1349 0.7192982456140351
1350 0.7185978578383642
1351 0.7188715953307393
1352 0.7191448007774538
1353 0.7194174757281553
1354 0.7187196896217265
1355 0.7189922480620154
1356 0.7192642787996127
1357 0.7192642787996127
1358 0.7192642787996127
1359 0.7192642787996127
1360 0.718568665377176
1361 0.718568665377176
1362 0.7188405797101449
1363 0.7181467181467182
1364 0.7184185149469624
1365 0.7186897880539499
1366 0.7186897880539499
1367 0.7189605389797883
1368 0.7189605389797883
1369 0.7192307692307692
1370 0.7195004803073968
1371 0.7197696737044146
1372 0.7197696737044146
1373 0.7200383509108341
1374 0.7203065134099617
1375 0.7196172248803828
1376 0.7196172248803828
1377 0.7189292543021033
1378 0.7182425978987583
1379 0.7175572519083969
1380 0.7175572519083969
1381 0.7178265014299333
1382 0.7180952380952381
1383 0.7183634633682208
1384 0.7186311787072244
1385 0.7188983855650523
1386 0.7191650853889943
1387 0.7191650853889943
1388 0.7194312796208531
1389 0.7196969696969697
1390 0.7199621570482497
1391 0.720226843100189
1392 0.720491029272899
1393 0.720754716981132
1394 0.7200754005655042
1395 0.71939736346516
1396 0.7187206020696143
1397 0.7189849624060151
1398 0.7192488262910798
1399 0.7192488262910798
1400 0.7195121951219512
1401 0.7197750702905342
1402 0.7200374531835206
1403 0.7200374531835206
1404 0.7202993451824135
1405 0.7205607476635514
1406 0.7208216619981326
1407 0.7210820895522388
1408 0.7213420316868593
1409 0.7216014897579144
1410 0.7218604651162791
1411 0.7218604651162791
1412 0.7211895910780669
1413 0.7214484679665738
1414 0.7217068645640075
1415 0.7219647822057461
1416 0.7212962962962963
1417 0.7206290471785384
1418 0.7206290471785384
1419 0.7199630314232902
1420 0.7202216066481995
1421 0.7195571955719557
1422 0.7195571955719557
1423 0.719815668202765
1424 0.719815668202765
1425 0.719815668202765
1426 0.7191528545119705
1427 0.7194112235510579
1428 0.71875
1429 0.71900826446281
1430 0.718348623853211
1431 0.7186067827681026
1432 0.7188644688644689
1433 0.7191216834400732
1434 0.7191216834400732
1435 0.7193784277879341
1436 0.719634703196347
1437 0.7198905109489051
1438 0.7201458523245214
1439 0.7204007285974499
1440 0.7206551410373067
1441 0.7206551410373067
1442 0.7209090909090909
1443 0.7211625794732062
1444 0.721415607985481
1445 0.7216681776971895
1446 0.7216681776971895
1447 0.7219202898550725
1448 0.7219202898550725
1449 0.7221719457013575
1450 0.7224231464737794
1451 0.7224231464737794
1452 0.7226738934056007
1453 0.7220216606498195
1454 0.7220216606498195
1455 0.7222723174030659
1456 0.7222723174030659
1457 0.7222723174030659
1458 0.7225225225225225
1459 0.7227722772277227
1460 0.7230215827338129
1461 0.7232704402515723
1462 0.72262118491921
1463 0.7228699551569506
1464 0.7228699551569506
1465 0.7231182795698925
1466 0.7233661593554163
1467 0.723613595706619
1468 0.7229669347631814
1469 0.7229669347631814
1470 0.7232142857142857
1471 0.7234611953612846
1472 0.7237076648841355
1473 0.7230632235084595
1474 0.7224199288256228
1475 0.7226666666666667
1476 0.7220248667850799
1477 0.7220248667850799
1478 0.7213842058562555
1479 0.7207446808510638
1480 0.7201062887511072
1481 0.7201062887511072
1482 0.7194690265486726
1483 0.7188328912466844
1484 0.7181978798586572
1485 0.7184466019417476
1486 0.7178130511463845
1487 0.7178130511463845
1488 0.7180616740088106
1489 0.7183098591549296
1490 0.7185576077396658
1491 0.718804920913884
1492 0.7190517998244074
1493 0.7192982456140351
1494 0.7192982456140351
1495 0.7195442594215601
1496 0.7197898423817863
1497 0.7197898423817863
1498 0.7197898423817863
1499 0.7191601049868767
1500 0.7194055944055944
1501 0.719650655021834
1502 0.7198952879581152
1503 0.7201394943330427
1504 0.7201394943330427
1505 0.7203832752613241
1506 0.720626631853786
1507 0.720626631853786
1508 0.7208695652173913
1509 0.7211120764552563
1510 0.7211120764552563
1511 0.7204861111111112
1512 0.7207285342584562
1513 0.7207285342584562
1514 0.7207285342584562
1515 0.7209705372616985
1516 0.7209705372616985
1517 0.7212121212121212
1518 0.7205882352941176
1519 0.7205882352941176
1520 0.7208297320656871
1521 0.7208297320656871
1522 0.7210708117443869
1523 0.7210708117443869
1524 0.7213114754098361
1525 0.721551724137931
1526 0.7217915590008613
1527 0.7220309810671256
1528 0.7222699914015477
1529 0.7222699914015477
1530 0.7216494845360825
1531 0.7218884120171674
1532 0.7221269296740995
1533 0.7221269296740995
1534 0.7223650385604113
1535 0.7217465753424658
1536 0.7217465753424658
1537 0.7219846022241232
1538 0.7213675213675214
1539 0.7213675213675214
1540 0.7216054654141759
1541 0.7218430034129693
1542 0.722080136402387
1543 0.721465076660988
1544 0.721465076660988
1545 0.721465076660988
1546 0.721465076660988
1547 0.7217021276595744
1548 0.7210884353741497
1549 0.7204757858963466
1550 0.7198641765704584
1551 0.7201017811704835
1552 0.7201017811704835
1553 0.7201017811704835
1554 0.7203389830508474
1555 0.7203389830508474
1556 0.7203389830508474
1557 0.720575783234547
1558 0.7208121827411168
1559 0.7210481825866442
1560 0.7212837837837838
1561 0.7215189873417721
1562 0.7217537942664418
1563 0.7211457455770851
1564 0.7205387205387206
1565 0.719932716568545
1566 0.719932716568545
1567 0.719327731092437
1568 0.7195633921074727
1569 0.7189597315436241
1570 0.7183570829840737
1571 0.7185929648241206
1572 0.7188284518828452
1573 0.7188284518828452
1574 0.7188284518828452
1575 0.7190635451505016
1576 0.7190635451505016
1577 0.7190635451505016
1578 0.7192982456140351
1579 0.7186978297161937
1580 0.7186978297161937
1581 0.7186978297161937
1582 0.7186978297161937
1583 0.718932443703086
1584 0.718932443703086
1585 0.7191666666666666
1586 0.7191666666666666
1587 0.7194004995836802
1588 0.7194004995836802
1589 0.7196339434276207
1590 0.7190357439733999
1591 0.7192691029900332
1592 0.7186721991701245
1593 0.7189054726368159
1594 0.7191383595691798
1595 0.7193708609271523
1596 0.7196029776674938
1597 0.7198347107438017
1598 0.7198347107438017
1599 0.7192402972749794
1600 0.7194719471947195
1601 0.7197032151690025
1602 0.7199341021416804
1603 0.7193415637860082
1604 0.7193415637860082
1605 0.7193415637860082
1606 0.7195723684210527
1607 0.7198027937551356
1608 0.7200328407224958
1609 0.7194421657095981
1610 0.7194421657095981
1611 0.7188524590163935
1612 0.719082719082719
1613 0.7193126022913257
1614 0.7193126022913257
1615 0.7187244480784954
1616 0.7181372549019608
1617 0.7175510204081633
1618 0.7177814029363785
1619 0.7177814029363785
1620 0.7180114099429503
1621 0.7182410423452769
1622 0.7184703010577705
1623 0.71869918699187
1624 0.718927701056052
1625 0.718927701056052
1626 0.7191558441558441
1627 0.7193836171938361
1628 0.7188006482982172
1629 0.7190283400809716
1630 0.7192556634304207
1631 0.7192556634304207
1632 0.719482619240097
1633 0.7197092084006462
1634 0.7199354317998385
1635 0.7201612903225807
1636 0.7201612903225807
1637 0.7195809830781628
1638 0.7190016103059581
1639 0.7192276749798874
1640 0.7194533762057878
1641 0.7196787148594378
1642 0.7191011235955056
1643 0.7191011235955056
1644 0.7193263833199679
1645 0.71875
1646 0.7189751801441153
1647 0.7192
1648 0.7192
1649 0.7192
1650 0.7194244604316546
1651 0.7196485623003195
1652 0.7190742218675179
1653 0.7190742218675179
1654 0.7192982456140351
1655 0.7195219123505976
1656 0.7195219123505976
1657 0.7197452229299363
1658 0.7197452229299363
1659 0.7199681782020684
1660 0.7201907790143084
1661 0.7201907790143084
1662 0.7201907790143084
1663 0.7204130262112788
1664 0.7206349206349206
1665 0.7208564631245044
1666 0.7208564631245044
1667 0.7208564631245044
1668 0.7208564631245044
1669 0.7208564631245044
1670 0.7208564631245044
1671 0.7210776545166403
1672 0.7210776545166403
1673 0.7210776545166403
1674 0.7210776545166403
1675 0.7210776545166403
1676 0.7205067300079177
1677 0.7207278481012658
1678 0.7209486166007905
1679 0.7203791469194313
1680 0.7203791469194313
1681 0.7203791469194313
1682 0.7205998421468035
1683 0.7205998421468035
1684 0.7200315457413249
1685 0.7202521670606777
1686 0.7196850393700788
1687 0.7199055861526357
1688 0.7199055861526357
1689 0.720125786163522
1690 0.7203456402199528
1691 0.7205651491365777
1692 0.7205651491365777
1693 0.7205651491365777
1694 0.7205651491365777
1695 0.7207843137254902
1696 0.7202194357366771
1697 0.7204385277995301
1698 0.7206572769953051
1699 0.7208756841282252
1700 0.7203125
1701 0.7203125
1702 0.7205308352849337
1703 0.7205308352849337
1704 0.7199687987519501
1705 0.7201870615744349
1706 0.7204049844236761
1707 0.7206225680933852
1708 0.7208398133748056
1709 0.7202797202797203
1710 0.7204968944099379
1711 0.7207137315748642
1712 0.7209302325581395
1713 0.721146398140976
1714 0.7205882352941176
1715 0.7205882352941176
1716 0.7205882352941176
1717 0.7205882352941176
1718 0.720030935808198
1719 0.7194744976816074
1720 0.7196911196911197
1721 0.7199074074074074
1722 0.7193523515805705
1723 0.7195685670261941
1724 0.7197844495765974
1725 0.7197844495765974
1726 0.7192307692307692
1727 0.7186779400461184
1728 0.7188940092165899
1729 0.7191097467382962
1730 0.7193251533742331
1731 0.7195402298850575
1732 0.7195402298850575
1733 0.7195402298850575
1734 0.7197549770290965
1735 0.7199693955623565
1736 0.7201834862385321
1737 0.7201834862385321
1738 0.7203972498090145
1739 0.7206106870229008
1740 0.7200610221205187
1741 0.7202743902439024
1742 0.7204874333587205
1743 0.7207001522070016
1744 0.7207001522070016
1745 0.7209125475285171
1746 0.7211246200607903
1747 0.721336370539104
1748 0.7215477996965098
1749 0.7217589082638363
1750 0.7212121212121212
1751 0.7212121212121212
1752 0.7214231642694928
1753 0.7214231642694928
1754 0.7208774583963692
1755 0.7210884353741497
1756 0.7212990936555891
1757 0.7215094339622642
1758 0.7209653092006033
1759 0.7209653092006033
1760 0.7209653092006033
1761 0.7209653092006033
1762 0.7209653092006033
1763 0.7211755840241145
1764 0.7211755840241145
1765 0.7211755840241145
1766 0.7211755840241145
1767 0.7211755840241145
1768 0.7213855421686747
1769 0.7215951843491347
1770 0.7218045112781954
1771 0.7218045112781954
1772 0.7212622088655146
1773 0.7214714714714715
1774 0.7216804201050263
1775 0.7218890554722639
1776 0.7213483146067415
1777 0.7208083832335329
1778 0.7208083832335329
1779 0.7208083832335329
1780 0.7210172026925954
1781 0.7212257100149477
1782 0.7206870799103808
1783 0.7201492537313433
1784 0.7203579418344519
1785 0.7205663189269746
1786 0.7207743857036486
1787 0.7209821428571429
1788 0.7204460966542751
1789 0.7206537890044576
1790 0.7206537890044576
1791 0.7208611729769859
1792 0.7210682492581603
1793 0.7212750185322461
1794 0.7214814814814815
1795 0.7216876387860843
1796 0.7218934911242604
1797 0.7220990391722099
1798 0.7220990391722099
1799 0.7223042836041359
1800 0.7223042836041359
1801 0.7225092250922509
1802 0.7227138643067846
1803 0.7221812822402358
1804 0.7223858615611193
1805 0.7225901398086828
1806 0.7225901398086828
1807 0.7227941176470588
1808 0.7227941176470588
1809 0.7229977957384276
1810 0.7229977957384276
1811 0.7232011747430249
1812 0.723404255319149
1813 0.7236070381231672
1814 0.7238095238095238
1815 0.7232796486090776
1816 0.7232796486090776
1817 0.723482077542063
1818 0.7236842105263158
1819 0.7231555880204529
1820 0.7231555880204529
1821 0.7226277372262774
1822 0.7228300510576222
1823 0.7230320699708455
1824 0.7225054624908959
1825 0.7219796215429404
1826 0.7214545454545455
1827 0.721656976744186
1828 0.7211328976034859
1829 0.7213352685050798
1830 0.7215373459028281
1831 0.7217391304347827
1832 0.721216509775525
1833 0.7214182344428365
1834 0.7214182344428365
1835 0.7216196673897325
1836 0.721820809248555
1837 0.7212996389891697
1838 0.7215007215007215
1839 0.7217015140591204
1840 0.7211815561959655
1841 0.7213822894168467
1842 0.7215827338129497
1843 0.7215827338129497
1844 0.7215827338129497
1845 0.7217828900071891
1846 0.7219827586206896
1847 0.7214644651830582
1848 0.7216642754662841
1849 0.7218637992831541
1850 0.7220630372492837
1851 0.7220630372492837
1852 0.7222619899785254
1853 0.7224606580829757
1854 0.7226590421729807
1855 0.7228571428571429
1856 0.7228571428571429
1857 0.7230549607423269
1858 0.7232524964336662
1859 0.7232524964336662
1860 0.7227369921596579
1861 0.7229344729344729
1862 0.7229344729344729
1863 0.7231316725978648
1864 0.7226173541963016
1865 0.7221037668798863
1866 0.7215909090909091
1867 0.7215909090909091
1868 0.7217885024840313
1869 0.7217885024840313
1870 0.7219858156028369
1871 0.7219858156028369
1872 0.7219858156028369
1873 0.7221828490432317
1874 0.7221828490432317
1875 0.7221828490432317
1876 0.7223796033994334
1877 0.7223796033994334
1878 0.7225760792639774
1879 0.7225760792639774
1880 0.7225760792639774
1881 0.7225760792639774
1882 0.7225760792639774
1883 0.7225760792639774
1884 0.7227722772277227
1885 0.7229681978798587
1886 0.7231638418079096
1887 0.7231638418079096
1888 0.7226534932956952
1889 0.7228490832157969
1890 0.7228490832157969
1891 0.7230443974630021
1892 0.7232394366197183
1893 0.7227304714989444
1894 0.7222222222222222
1895 0.7224174279690794
1896 0.7226123595505618
1897 0.7221052631578947
1898 0.7223001402524544
1899 0.7224947442186405
1900 0.7226890756302521
1901 0.7228831350594822
1902 0.7230769230769231
1903 0.7225716282320056
1904 0.7227653631284916
1905 0.7227653631284916
1906 0.7229588276343336
1907 0.7224546722454672
1908 0.7226480836236934
1909 0.7221448467966574
1910 0.7223382045929019
1911 0.721835883171071
1912 0.7220291869353718
1913 0.7222222222222222
1914 0.7224149895905622
1915 0.7226074895977809
1916 0.7226074895977809
1917 0.7227997227997228
1918 0.7229916897506925
1919 0.7231833910034602
1920 0.7233748271092669
1921 0.72356599861783
1922 0.7237569060773481
1923 0.7232574189095928
1924 0.723448275862069
1925 0.7236388697450035
1926 0.7231404958677686
1927 0.723331039229181
1928 0.723331039229181
1929 0.723331039229181
1930 0.723331039229181
1931 0.7235213204951857
1932 0.7237113402061855
1933 0.7239010989010989
1934 0.7240905971173645
1935 0.7240905971173645
1936 0.7242798353909465
1937 0.7244688142563399
1938 0.7246575342465753
1939 0.7248459958932238
1940 0.7248459958932238
1941 0.7250341997264022
1942 0.7250341997264022
1943 0.7252221462747779
1944 0.7254098360655737
1945 0.7254098360655737
1946 0.7255972696245734
1947 0.7251023192360164
1948 0.7251023192360164
1949 0.7252897068847989
1950 0.7252897068847989
1951 0.7247956403269755
1952 0.7249829816201497
1953 0.7251700680272108
1954 0.7251700680272108
1955 0.7246770904146839
1956 0.7248641304347826
1957 0.7243720298710116
1958 0.7243720298710116
1959 0.7245590230664858
1960 0.7245590230664858
1961 0.7247457627118644
1962 0.7242547425474255
1963 0.7242547425474255
1964 0.7244414353419093
1965 0.7244414353419093
1966 0.7239512855209743
1967 0.7241379310344828
1968 0.7243243243243244
1969 0.7243243243243244
1970 0.724510465901418
1971 0.724510465901418
1972 0.7240215924426451
1973 0.7235333782872556
1974 0.7230458221024259
1975 0.7230458221024259
1976 0.7230458221024259
1977 0.7232323232323232
1978 0.7234185733512786
1979 0.7234185733512786
1980 0.7234185733512786
1981 0.7234185733512786
1982 0.7236045729657028
1983 0.7236045729657028
1984 0.7237903225806451
1985 0.7239758226997985
1986 0.7239758226997985
1987 0.723489932885906
1988 0.723489932885906
1989 0.723489932885906
1990 0.7230046948356808
1991 0.7231903485254692
1992 0.7233757535164099
1993 0.7228915662650602
1994 0.7228915662650602
1995 0.7230769230769231
1996 0.7225935828877005
1997 0.7221108884435538
1998 0.7216288384512684
1999 0.7218145430286858
2000 0.7213333333333334
2001 0.7213333333333334
2002 0.7215189873417721
2003 0.7215189873417721
2004 0.7210386151797603
2005 0.7212242182302062
2006 0.7207446808510638
2007 0.7207446808510638
2008 0.7209302325581395
2009 0.7211155378486056
2010 0.7211155378486056
2011 0.7206370272063702
2012 0.7208222811671088
2013 0.7203445990722332
2014 0.7203445990722332
2015 0.7198675496688741
2016 0.7200529450694904
2017 0.7202380952380952
2018 0.7204230006609386
2019 0.7206076618229855
2020 0.7201320132013201
2021 0.7203166226912929
2022 0.7205009887936717
2023 0.7206851119894598
2024 0.7208689927583937
2025 0.7203947368421053
2026 0.7203947368421053
2027 0.7205785667324129
2028 0.7205785667324129
2029 0.7205785667324129
2030 0.7207621550591328
2031 0.7207621550591328
2032 0.7202889034799738
2033 0.7204724409448819
2034 0.7206557377049181
2035 0.7208387942332897
2036 0.7203667321545514
2037 0.7203667321545514
2038 0.7198952879581152
2039 0.7200784826684107
2040 0.7202614379084967
2041 0.720444154147616
2042 0.7199738903394256
2043 0.7201565557729941
2044 0.7203389830508474
2045 0.7198697068403909
2046 0.7200520833333334
2047 0.7202342225113858
2048 0.7197659297789337
2049 0.7199480181936322
2050 0.7194805194805195
2051 0.719013627514601
2052 0.7185473411154345
2053 0.7187297472456254
2054 0.7187297472456254
2055 0.7182642487046632
2056 0.7184466019417476
2057 0.7186287192755498
2058 0.7186287192755498
2059 0.7188106011635423
2060 0.7189922480620154
2061 0.7191736604260813
2062 0.7187096774193549
2063 0.7187096774193549
2064 0.7188910380399742
2065 0.7190721649484536
2066 0.7190721649484536
2067 0.7190721649484536
2068 0.7192530585962653
2069 0.7192530585962653
2070 0.7194337194337195
2071 0.7194337194337195
2072 0.7194337194337195
2073 0.7196141479099678
2074 0.7191516709511568
2075 0.7191516709511568
2076 0.7193320488118176
2077 0.7195121951219512
2078 0.7196921103271328
2079 0.7198717948717949
2080 0.7198717948717949
2081 0.7198717948717949
2082 0.7194106342088404
2083 0.7195902688860435
2084 0.7197696737044146
2085 0.7199488491048593
2086 0.7199488491048593
2087 0.7199488491048593
2088 0.7194888178913738
2089 0.7196679438058748
2090 0.7196679438058748
2091 0.7192086790044672
2092 0.7192086790044672
2093 0.71875
2094 0.7189292543021033
2095 0.7184713375796178
2096 0.7180140038192234
2097 0.7181933842239185
2098 0.7177368086458995
2099 0.7179161372299873
2100 0.7179161372299873
2101 0.7180952380952381
2102 0.7182741116751269
2103 0.7178186429930248
2104 0.7179974651457541
2105 0.7181760607979734
2106 0.7177215189873418
2107 0.7172675521821632
2108 0.7168141592920354
2109 0.7169930511686671
2110 0.7171717171717171
2111 0.7173501577287066
2112 0.7175283732660782
2113 0.7177063642091998
2114 0.7172544080604534
2115 0.7174323473882945
2116 0.7176100628930817
2117 0.7177875549968573
2118 0.7173366834170855
2119 0.7168863779033271
2120 0.7164366373902133
2121 0.7166144200626959
2122 0.7161654135338346
2123 0.7161654135338346
2124 0.7161654135338346
2125 0.7161654135338346
2126 0.7163431433938635
2127 0.7158948685857321
2128 0.716072545340838
2129 0.715625
2130 0.7158026233603998
2131 0.715980024968789
2132 0.715980024968789
2133 0.715980024968789
2134 0.7161572052401747
2135 0.7163341645885287
2136 0.7163341645885287
2137 0.7165109034267912
2138 0.7166874221668742
2139 0.7166874221668742
2140 0.716863721219664
2141 0.716863721219664
2142 0.7170398009950248
2143 0.7172156619018024
2144 0.717391304347826
2145 0.717391304347826
2146 0.717391304347826
2147 0.7175667287399131
2148 0.71712158808933
2149 0.7166769993800371
2150 0.7168525402726146
2151 0.7170278637770898
2152 0.7165841584158416
2153 0.7165841584158416
2154 0.7165841584158416
2155 0.7165841584158416
2156 0.7167594310451453
2157 0.7163164400494437
2158 0.7158739962940086
2159 0.7160493827160493
2160 0.716224552745219
2161 0.7163995067817509
2162 0.7165742452248922
2163 0.7167487684729064
2164 0.7169230769230769
2165 0.7164821648216482
2166 0.7164821648216482
2167 0.7164821648216482
2168 0.7160417947141979
2169 0.7162162162162162
2170 0.716390423572744
2171 0.716390423572744
2172 0.7165644171779141
2173 0.7167381974248928
2174 0.7162990196078431
2175 0.7158603796693203
2176 0.7160342717258262
2177 0.7162079510703364
2178 0.7162079510703364
2179 0.7157701711491442
2180 0.7159437996334759
2181 0.7155067155067155
2182 0.7155067155067155
2183 0.7156802928615009
2184 0.7158536585365853
2185 0.7160268129189519
2186 0.715590742996346
2187 0.715590742996346
2188 0.7157638466220329
2189 0.7159367396593674
2190 0.7159367396593674
2191 0.715501519756839
2192 0.715674362089915
2193 0.7152398299939283
2194 0.7154126213592233
2195 0.7154126213592233
2196 0.7155852031534263
2197 0.7155852031534263
2198 0.7157575757575757
2199 0.7159297395517868
2200 0.7161016949152542
2201 0.7156684815486993
2202 0.7158403869407497
2203 0.716012084592145
2204 0.716183574879227
2205 0.716354858177429
2206 0.7159227985524729
2207 0.7159227985524729
2208 0.7154912597950572
2209 0.7154912597950572
2210 0.7150602409638555
2211 0.7150602409638555
2212 0.7152317880794702
2213 0.7148014440433214
2214 0.7149729404690318
2215 0.7149729404690318
2216 0.7149729404690318
2217 0.7149729404690318
2218 0.7151442307692307
2219 0.7153153153153153
2220 0.7154861944777912
2221 0.7156568686262748
2222 0.7156568686262748
2223 0.7152278177458034
2224 0.7153984421809467
2225 0.7155688622754491
2226 0.7157390783961699
2227 0.7159090909090909
2228 0.7160789001793186
2229 0.7162485065710872
2230 0.7164179104477612
2231 0.7165871121718377
2232 0.7167561121049493
2233 0.7169249106078666
2234 0.7169249106078666
2235 0.7170935080405003
2236 0.7172619047619048
2237 0.7174301011302796
2238 0.7170035671819263
2239 0.7170035671819263
2240 0.7165775401069518
2241 0.7167458432304038
2242 0.716913946587537
2243 0.7164887307236062
2244 0.7160640189685833
2245 0.7156398104265402
2246 0.7152161042036708
2247 0.7153846153846154
2248 0.7155529272619752
2249 0.7155529272619752
2250 0.7155529272619752
2251 0.7155529272619752
2252 0.7157210401891253
2253 0.715888954518606
2254 0.715888954518606
2255 0.7160566706021252
2256 0.7156342182890856
2257 0.7158018867924528
2258 0.7158018867924528
2259 0.7158018867924528
2260 0.7159693576900412
2261 0.7161366313309776
2262 0.7163037080635668
2263 0.7158823529411765
2264 0.7160493827160493
2265 0.7160493827160493
2266 0.7156286721504113
2267 0.7156286721504113
2268 0.7157956547269524
2269 0.7153755868544601
2270 0.7153755868544601
2271 0.7155425219941349
2272 0.7157092614302462
2273 0.715875805506737
2274 0.7160421545667447
2275 0.7162083089526039
2276 0.716374269005848
2277 0.7159555815312683
2278 0.7161214953271028
2279 0.7157034442498541
2280 0.7157034442498541
2281 0.7152858809801633
2282 0.7152858809801633
2283 0.7152858809801633
2284 0.714868804664723
2285 0.715034965034965
2286 0.7152009318578917
2287 0.7147846332945286
2288 0.7149505526468877
2289 0.7149505526468877
2290 0.7151162790697675
2291 0.7151162790697675
2292 0.7151162790697675
2293 0.715281812899477
2294 0.7154471544715447
2295 0.7154471544715447
2296 0.7156123041207196
2297 0.7157772621809745
2298 0.7159420289855073
2299 0.7155272305909618
2300 0.7151129125651419
2301 0.7146990740740741
2302 0.7146990740740741
2303 0.714864083285136
2304 0.715028901734104
2305 0.7146158290005777
2306 0.7147806004618937
2307 0.7149451817657242
2308 0.7151095732410612
2309 0.7152737752161383
2310 0.7154377880184332
2311 0.715601611974669
2312 0.715601611974669
2313 0.715765247410817
2314 0.715928694652099
2315 0.715928694652099
2316 0.7155172413793104
2317 0.7156806433084434
2318 0.7158438576349024
2319 0.7160068846815835
2320 0.7161697247706422
2321 0.7163323782234957
2322 0.7164948453608248
2323 0.7166571265025758
2324 0.7168192219679634
2325 0.7169811320754716
2326 0.7169811320754716
2327 0.7171428571428572
2328 0.7171428571428572
2329 0.7171428571428572
2330 0.7167332952598515
2331 0.7167332952598515
2332 0.716324200913242
2333 0.7159155733029093
2334 0.7160775370581528
2335 0.7156695156695156
2336 0.7156695156695156
2337 0.7158314350797267
2338 0.7159931701764372
2339 0.7161547212741752
2340 0.7163160886867538
2341 0.7164772727272727
2342 0.7164772727272727
2343 0.7166382737081204
2344 0.7167990919409761
2345 0.716392512762337
2346 0.7159863945578231
2347 0.7159863945578231
2348 0.7155807365439093
2349 0.7157417893544734
2350 0.7153367289190719
2351 0.7149321266968326
2352 0.7149321266968326
2353 0.7150932730356133
2354 0.7152542372881356
2355 0.7154150197628458
2356 0.7155756207674944
2357 0.7157360406091371
2358 0.7153325817361894
2359 0.7153325817361894
2360 0.7149295774647887
2361 0.714527027027027
2362 0.7146876758581879
2363 0.7148481439820022
2364 0.7148481439820022
2365 0.7144463181562676
2366 0.7146067415730337
2367 0.7147669848399776
2368 0.7149270482603816
2369 0.715086932136848
2370 0.7152466367713004
2371 0.715406162464986
2372 0.7155655095184771
2373 0.7157246782316732
2374 0.7157246782316732
2375 0.7153243847874721
2376 0.7154835103409726
2377 0.7156424581005587
2378 0.7158012283640425
2379 0.7158012283640425
2380 0.7158012283640425
2381 0.7158012283640425
2382 0.7159598214285714
2383 0.7161182375906302
2384 0.7162764771460424
2385 0.7164345403899721
2386 0.7160356347438753
2387 0.7160356347438753
2388 0.7160356347438753
2389 0.7156371730662214
2390 0.7157953281423804
2391 0.7153974430239022
2392 0.7153974430239022
2393 0.7155555555555555
2394 0.7157134925041644
2395 0.7158712541620422
2396 0.7160288408208542
2397 0.7161862527716186
2398 0.7163434903047091
2399 0.716500553709856
2400 0.716104039845047
2401 0.7162610619469026
2402 0.7158651188501934
2403 0.7160220994475138
2404 0.7161789066813915
2405 0.7157836644591612
2406 0.7159404302261445
2407 0.7159404302261445
2408 0.7160970231532525
2409 0.7162534435261708
2410 0.7164096916299559
2411 0.7165657677490369
2412 0.7165657677490369
2413 0.7165657677490369
2414 0.7167216721672167
2415 0.7168774051676745
2416 0.7164835164835165
2417 0.7166392092257001
2418 0.716794731064764
2419 0.7169500822819528
2420 0.7171052631578947
2421 0.7167123287671233
2422 0.7167123287671233
2423 0.7167123287671233
2424 0.7163198247535597
2425 0.7164750957854407
2426 0.7166301969365426
2427 0.7162383816293056
2428 0.7163934426229508
2429 0.71600218459858
2430 0.7156113537117904
2431 0.7156113537117904
2432 0.7157665030005456
2433 0.7159214830970556
2434 0.7159214830970556
2435 0.7159214830970556
2436 0.7159214830970556
2437 0.7160762942779292
2438 0.7162309368191722
2439 0.7163854109961895
2440 0.7163854109961895
2441 0.7165397170837867
2442 0.7165397170837867
2443 0.7166938553561718
2444 0.7168478260869565
2445 0.7164584464964693
2446 0.7166123778501629
2447 0.7167661421595225
2448 0.7169197396963124
2449 0.7170731707317073
2450 0.7172264355362947
2451 0.7173795343800758
2452 0.716991341991342
2453 0.716991341991342
2454 0.7171444023796647
2455 0.7171444023796647
2456 0.7172972972972973
2457 0.7169097784981091
2458 0.7170626349892009
2459 0.7170626349892009
2460 0.7166756610901241
2461 0.7168284789644013
2462 0.7168284789644013
2463 0.7169811320754716
2464 0.7171336206896551
2465 0.7171336206896551
2466 0.7172859450726979
2467 0.7174381054897739
2468 0.7174381054897739
2469 0.7175901022054868
2470 0.717741935483871
2471 0.7178936055883933
2472 0.7180451127819549
2473 0.7181964573268921
2474 0.7183476394849786
2475 0.7184986595174263
2476 0.7186495176848875
2477 0.7186495176848875
2478 0.7182645956079271
2479 0.7184154175588865
2480 0.7185660781166399
2481 0.718716577540107
2482 0.718716577540107
2483 0.7188669160876536
2484 0.719017094017094
2485 0.7191671115856914
2486 0.7191671115856914
2487 0.7193169690501601
2488 0.7193169690501601
2489 0.7194666666666667
2490 0.7196162046908315
2491 0.7197655833777304
2492 0.7199148029818956
2493 0.71953166577967
2494 0.7191489361702128
2495 0.7192982456140351
2496 0.7194473963868225
2497 0.7195963887413701
2498 0.7197452229299363
2499 0.7198938992042441
2500 0.7195121951219512
2501 0.7191308956014838
2502 0.7192796610169492
2503 0.7194282689253574
2504 0.719047619047619
2505 0.7186673717609731
2506 0.718816067653277
2507 0.718816067653277
2508 0.7184363444268357
2509 0.7184363444268357
2510 0.718585005279831
2511 0.718585005279831
2512 0.718585005279831
2513 0.718585005279831
2514 0.7187335092348285
2515 0.7188818565400844
2516 0.7185028993147075
2517 0.7186512118018967
2518 0.7187993680884676
2519 0.7187993680884676
2520 0.7189473684210527
2521 0.7189473684210527
2522 0.7190952130457654
2523 0.7190952130457654
2524 0.7190952130457654
2525 0.7187171398527865
2526 0.7188649500788229
2527 0.7190126050420168
2528 0.7191601049868767
2529 0.7187827911857293
2530 0.718930256948086
2531 0.7190775681341719
2532 0.7192247249869042
2533 0.7193717277486911
2534 0.7193717277486911
2535 0.7195185766614338
2536 0.7195185766614338
2537 0.7196652719665272
2538 0.7198118139048615
2539 0.7198118139048615
2540 0.7199582027168234
2541 0.7201044386422977
2542 0.7202505219206681
2543 0.720396452790819
2544 0.7205422314911366
2545 0.7206878582595102
2546 0.7208333333333333
2547 0.7209786569495055
2548 0.7209786569495055
2549 0.7211238293444329
2550 0.7212688507540301
2551 0.7212688507540301
2552 0.7212688507540301
2553 0.7208939708939709
2554 0.7205194805194806
2555 0.7201453790238836
2556 0.7201453790238836
2557 0.7201453790238836
2558 0.7202906071613908
2559 0.7204356846473029
2560 0.720580611715915
2561 0.7207253886010363
2562 0.7207253886010363
2563 0.7203521491455205
2564 0.7204968944099379
2565 0.7206414899120538
2566 0.7206414899120538
2567 0.7206414899120538
2568 0.7206414899120538
2569 0.7207859358841778
2570 0.7209302325581395
2571 0.7205578512396694
2572 0.7201858544140424
2573 0.7198142414860681
2574 0.7198142414860681
2575 0.7199587416193914
2576 0.7195876288659794
2577 0.7195876288659794
2578 0.71973209685729
2579 0.71973209685729
2580 0.7198764160659115
2581 0.7195059186824498
2582 0.7191358024691358
2583 0.719280205655527
2584 0.7194244604316546
2585 0.7190549563430919
2586 0.7190549563430919
2587 0.7191991786447639
2588 0.7188301693175988
2589 0.7184615384615385
2590 0.7186058431573552
2591 0.71875
2592 0.7188940092165899
2593 0.7190378710337769
2594 0.7191815856777494
2595 0.7193251533742331
2596 0.7194685743484925
2597 0.7194685743484925
2598 0.7194685743484925
2599 0.7191011235955056
2600 0.7192445125063808
2601 0.7188775510204082
2602 0.7188775510204082
2603 0.719020907700153
2604 0.719164118246687
2605 0.7187977585328579
2606 0.7187977585328579
2607 0.7184317718940937
2608 0.7184317718940937
2609 0.7180661577608143
2610 0.7182095625635809
2611 0.7183528215556685
2612 0.7179878048780488
2613 0.7176231589639411
2614 0.7176231589639411
2615 0.7177664974619289
2616 0.7177664974619289
2617 0.7179096905124303
2618 0.718052738336714
2619 0.718052738336714
2620 0.718052738336714
2621 0.718052738336714
2622 0.718052738336714
2623 0.7181956411556006
2624 0.7181956411556006
2625 0.7183383991894631
2626 0.7179746835443038
2627 0.7181174089068826
2628 0.7182599898836621
2629 0.717896865520728
2630 0.7180394138453765
2631 0.7181818181818181
2632 0.7181818181818181
2633 0.718324078748107
2634 0.718324078748107
2635 0.718324078748107
2636 0.7184661957618567
2637 0.7184661957618567
2638 0.7184661957618567
2639 0.7186081694402421
2640 0.71875
2641 0.7183879093198993
2642 0.7183879093198993
2643 0.7185297079556898
2644 0.7186713638651233
2645 0.7183098591549296
2646 0.717948717948718
2647 0.7175879396984924
2648 0.7177297840281266
2649 0.7178714859437751
2650 0.7178714859437751
2651 0.7175112895132966
2652 0.7176529588766299
2653 0.7176529588766299
2654 0.7176529588766299
2655 0.7176529588766299
2656 0.7176529588766299
2657 0.7176529588766299
2658 0.7176529588766299
2659 0.7177944862155389
2660 0.7179358717434869
2661 0.7180771156735103
2662 0.7177177177177178
2663 0.7178589294647324
2664 0.7178589294647324
2665 0.7175
2666 0.7176411794102948
2667 0.7176411794102948
2668 0.7172827172827173
2669 0.7174238642036944
2670 0.717564870259481
2671 0.7177057356608478
2672 0.7173479561316052
2673 0.7174887892376681
2674 0.7174887892376681
2675 0.7171314741035857
2676 0.7167745146839224
2677 0.7169154228855721
2678 0.7169154228855721
2679 0.7165589259075087
2680 0.7162027833001988
2681 0.7163437655240934
2682 0.7164846077457795
2683 0.7166253101736972
2684 0.716765873015873
2685 0.7169062964799207
2686 0.7169062964799207
2687 0.7170465807730426
2688 0.7171867261020307
2689 0.7173267326732673
2690 0.7174666006927264
2691 0.7176063303659743
2692 0.717745921898171
2693 0.7178853754940712
2694 0.7180246913580247
2695 0.7181638696939783
2696 0.718302910705476
2697 0.717948717948718
2698 0.7180877279448004
2699 0.7182266009852217
2700 0.7178729689807977
2701 0.718011811023622
2702 0.7181505164781111
2703 0.7181505164781111
2704 0.7182890855457227
2705 0.7179361179361179
2706 0.7180746561886051
2707 0.718213058419244
2708 0.718213058419244
2709 0.718213058419244
2710 0.718351324828263
2711 0.7184894556154978
2712 0.7186274509803922
2713 0.7182753552180304
2714 0.718413320274241
2715 0.7180616740088106
2716 0.7181996086105675
2717 0.7178484107579463
2718 0.7178484107579463
2719 0.7174975562072337
2720 0.7176355642403517
2721 0.7177734375
2722 0.7174231332357247
2723 0.7170731707317073
2724 0.7172111165285227
2725 0.7173489278752436
2726 0.717486604968339
2727 0.717486604968339
2728 0.7176241480038948
2729 0.7177615571776156
2730 0.7178988326848249
2731 0.7180359747204667
2732 0.7180359747204667
2733 0.718172983479106
2734 0.7183098591549296
2735 0.7184466019417476
2736 0.7185832120329937
2737 0.7187196896217265
2738 0.7188560349006301
2739 0.7185077519379846
2740 0.7186440677966102
2741 0.718296224588577
2742 0.718296224588577
2743 0.717948717948718
2744 0.7180851063829787
2745 0.7182213629772837
2746 0.7183574879227053
2747 0.718010622887494
2748 0.718010622887494
2749 0.7181467181467182
2750 0.7178002894356006
2751 0.7178002894356006
2752 0.7174541947926711
2753 0.7171084337349397
2754 0.7171084337349397
2755 0.7171084337349397
2756 0.7172447013487476
2757 0.7172447013487476
2758 0.7173808377467501
2759 0.717516843118383
2760 0.717516843118383
2761 0.7171717171717171
2762 0.7168269230769231
2763 0.7168269230769231
2764 0.7168269230769231
2765 0.7168269230769231
2766 0.7164824603555983
2767 0.7166186359269933
2768 0.7166186359269933
2769 0.7167546807489198
2770 0.716890595009597
2771 0.7170263788968825
2772 0.7171620325982742
2773 0.7172975563009104
2774 0.7172975563009104
2775 0.7172975563009104
2776 0.7172975563009104
2777 0.7174329501915708
2778 0.7175682144566778
2779 0.7172248803827751
2780 0.7172248803827751
2781 0.7173601147776184
2782 0.7174952198852772
2783 0.7176301958910655
2784 0.7177650429799427
2785 0.7174224343675417
2786 0.7174224343675417
2787 0.7174224343675417
2788 0.7175572519083969
2789 0.7176919408679066
2790 0.7178265014299333
2791 0.7178265014299333
2792 0.7179609337779895
2793 0.7180952380952381
2794 0.7182294145644931
2795 0.7183634633682208
2796 0.7180218735140276
2797 0.7181558935361216
2798 0.7181558935361216
2799 0.7182897862232779
2800 0.7184235517568851
2801 0.7185571903179877
2802 0.7185571903179877
2803 0.7185571903179877
2804 0.7185571903179877
2805 0.7182163187855788
2806 0.7183499288762447
2807 0.7184834123222749
2808 0.7186167693036476
2809 0.7182765151515151
2810 0.718409843823947
2811 0.718070009460738
2812 0.7182033096926714
2813 0.7178638941398866
2814 0.7179971658006613
2815 0.7181303116147308
2816 0.7177914110429447
2817 0.7174528301886792
2818 0.7175860443187175
2819 0.7175860443187175
2820 0.7172478793590952
2821 0.7173810645313236
2822 0.7175141242937854
2823 0.7175141242937854
2824 0.7176470588235294
2825 0.7177798682972719
2826 0.7177798682972719
2827 0.7179125528913963
2828 0.7180451127819549
2829 0.7177078440582433
2830 0.7178403755868544
2831 0.7179727827311122
2832 0.7181050656660413
2833 0.7181050656660413
2834 0.7182372245663385
2835 0.7182372245663385
2836 0.718369259606373
2837 0.7180327868852459
2838 0.7181647940074907
2839 0.7181647940074907
2840 0.7182966775854001
2841 0.7184284377923292
2842 0.7184284377923292
2843 0.7180925666199158
2844 0.7182242990654205
2845 0.7178888369920597
2846 0.7180205415499533
2847 0.7180205415499533
2848 0.7180205415499533
2849 0.7181521231917872
2850 0.7182835820895522
2851 0.7184149184149184
2852 0.7185461323392358
2853 0.7186772240335352
2854 0.7183426443202979
2855 0.7184737087017218
2856 0.7184737087017218
2857 0.7186046511627907
2858 0.7187354718735471
2859 0.7188661710037175
2860 0.7189967487227125
2861 0.7191272051996286
2862 0.7192575406032483
2863 0.7189239332096475
2864 0.7189239332096475
2865 0.7185906351414001
2866 0.7187210379981465
2867 0.7183881426586383
2868 0.7185185185185186
2869 0.7185185185185186
2870 0.7181860249884313
2871 0.7183163737280296
2872 0.7184466019417476
2873 0.7185767097966729
2874 0.7187066974595843
2875 0.7188365650969529
2876 0.7189663128749423
2877 0.7190959409594095
2878 0.719225449515906
2879 0.7193548387096774
2880 0.7194841087056656
2881 0.7191528545119705
2882 0.7192820984813622
2883 0.7192820984813622
2884 0.718951241950322
2885 0.7190804597701149
2886 0.7190804597701149
2887 0.7192095588235294
2888 0.7188791915480018
2889 0.7188791915480018
2890 0.71900826446281
2891 0.7191372189077558
2892 0.7192660550458716
2893 0.71939477303989
2894 0.71939477303989
2895 0.7195233730522457
2896 0.7195233730522457
2897 0.7196518552450756
2898 0.7197802197802198
2899 0.7199084668192219
2900 0.7195791399817018
2901 0.7192501143118427
2902 0.7193784277879341
2903 0.7193784277879341
2904 0.719506624029237
2905 0.7191780821917808
2906 0.7193062528525788
2907 0.719434306569343
2908 0.719434306569343
2909 0.719434306569343
2910 0.719434306569343
2911 0.719562243502052
2912 0.7192342752962625
2913 0.7193621867881549
2914 0.7194899817850637
2915 0.7191624943104233
2916 0.7191624943104233
2917 0.7192902638762512
2918 0.7192902638762512
2919 0.7189631650750341
2920 0.7190909090909091
2921 0.7190909090909091
2922 0.7190909090909091
2923 0.7190909090909091
2924 0.7192185370286234
2925 0.7193460490463215
2926 0.7194734453018611
2927 0.7196007259528131
2928 0.7197278911564626
2929 0.7194016319129647
2930 0.7195287720888084
2931 0.7196557971014492
2932 0.7197827071072883
2933 0.7197827071072883
2934 0.7199095022624434
2935 0.7200361827227499
2936 0.7200361827227499
2937 0.7201627486437613
2938 0.7202892001807502
2939 0.7202892001807502
2940 0.7204155374887082
2941 0.7204155374887082
2942 0.7200902934537246
2943 0.7200902934537246
2944 0.720216606498195
2945 0.7198917456021651
2946 0.7195671776375113
2947 0.7195671776375113
2948 0.7196935556557008
2949 0.7198198198198198
2950 0.719945970283656
2951 0.7200720072007201
2952 0.7200720072007201
2953 0.7201979307242465
2954 0.7203237410071942
2955 0.72
2956 0.720125786163522
2957 0.720125786163522
2958 0.7198024247867085
2959 0.7199281867145422
2960 0.7200538358008075
2961 0.7201793721973094
2962 0.7203047960555805
2963 0.7199820788530465
2964 0.7199820788530465
2965 0.7199820788530465
2966 0.7199820788530465
2967 0.7201074787281684
2968 0.7197851387645479
2969 0.719910514541387
2970 0.719910514541387
2971 0.7200357781753131
2972 0.7197139025480555
2973 0.7193923145665773
2974 0.7193923145665773
2975 0.7190710138454667
2976 0.7191964285714286
2977 0.7193217313699242
2978 0.7190008920606601
2979 0.7191261703076237
2980 0.7192513368983957
2981 0.7193763919821826
2982 0.7195013357079252
2983 0.719626168224299
2984 0.7197508896797153
2985 0.7197508896797153
2986 0.719875500222321
2987 0.72
2988 0.7196801421590404
2989 0.7193605683836589
2990 0.7194851309365291
2991 0.7196095829636202
2992 0.719290465631929
2993 0.719290465631929
2994 0.719290465631929
2995 0.7194148936170213
2996 0.71953921134249
2997 0.7196634189548273
2998 0.7196634189548273
2999 0.7196634189548273
3000 0.7197875166002656
3001 0.7199115044247788
3002 0.7200353825740823
3003 0.7197170645446508
3004 0.719840919133893
3005 0.7199646643109541
3006 0.7200883002207505
3007 0.7200883002207505
3008 0.7202118270079435
3009 0.7203352448169387
3010 0.7203352448169387
3011 0.7204585537918872
3012 0.7205817540766858
3013 0.720704845814978
3014 0.720704845814978
3015 0.7208278291501541
3016 0.7208278291501541
3017 0.7209507042253521
3018 0.721073471183458
3019 0.7211961301671064
3020 0.7213186813186813
3021 0.7210017574692443
3022 0.7211242863416777
3023 0.7212467076382791
3024 0.7213690215006582
3025 0.7210526315789474
3026 0.7210526315789474
3027 0.7207365190705831
3028 0.7208588957055214
3029 0.7208588957055214
3030 0.7208588957055214
3031 0.7209811651335961
3032 0.7206654991243433
3033 0.7203501094091904
3034 0.7204724409448819
3035 0.7204724409448819
3036 0.7205946655006559
3037 0.7207167832167832
3038 0.7208387942332897
3039 0.7208387942332897
3040 0.7208387942332897
3041 0.7205240174672489
3042 0.7202095154954169
3043 0.7198952879581152
3044 0.7200174443959878
3045 0.7201394943330427
3046 0.7201394943330427
3047 0.7202614379084967
3048 0.7199477351916377
3049 0.7199477351916377
3050 0.7200696560731389
3051 0.7201914708442123
3052 0.7203131796433232
3053 0.72
3054 0.7201216862233811
3055 0.7202432667245873
3056 0.7202432667245873
3057 0.71993052540165
3058 0.7200520833333334
3059 0.720173535791757
3060 0.7198612315698178
3061 0.7198612315698178
3062 0.7199826614651061
3063 0.720103986135182
3064 0.7197921177999134
3065 0.71991341991342
3066 0.71991341991342
3067 0.71991341991342
3068 0.71991341991342
3069 0.7200346170488966
3070 0.7200346170488966
3071 0.7197231833910035
3072 0.7198443579766537
3073 0.7198443579766537
3074 0.719533275713051
3075 0.7196544276457884
3076 0.7197754749568221
3077 0.7198964177816142
3078 0.7198964177816142
3079 0.7200172562553926
3080 0.7201379905131522
3081 0.7198275862068966
3082 0.7199482981473503
3083 0.7199482981473503
3084 0.7200689061154177
3085 0.7201894102453723
3086 0.7201894102453723
3087 0.7203098106712564
3088 0.7204301075268817
3089 0.7204301075268817
3090 0.7205503009458297
3091 0.7206703910614525
3092 0.7207903780068728
3093 0.7204808930871619
3094 0.7206008583690987
3095 0.7206008583690987
3096 0.7206008583690987
3097 0.7207207207207207
3098 0.7207207207207207
3099 0.7208404802744426
3100 0.720531504500643
3101 0.7206512425021423
3102 0.7206512425021423
3103 0.7207708779443255
3104 0.7208904109589042
3105 0.7210098416773641
3106 0.7211291702309667
3107 0.7208208636169303
3108 0.7205128205128205
3109 0.720632208457924
3110 0.720632208457924
3111 0.7207514944491887
3112 0.7204438753734529
3113 0.7205631399317406
3114 0.720682302771855
3115 0.7203751065643649
3116 0.7204942479761397
3117 0.7206132879045997
3118 0.7206132879045997
3119 0.7207322264793529
3120 0.7207322264793529
3121 0.7208510638297873
3122 0.7209698000850702
3123 0.7209698000850702
3124 0.7206632653061225
3125 0.7207819804504887
3126 0.7207819804504887
3127 0.7209005947323704
3128 0.7205944798301486
3129 0.7207130730050934
3130 0.7204072974119644
3131 0.7201017811704835
3132 0.7201017811704835
3133 0.7202204323866045
3134 0.7203389830508474
3135 0.7204574332909784
3136 0.7204574332909784
3137 0.720575783234547
3138 0.7202708421498095
3139 0.7202708421498095
3140 0.7203891708967851
3141 0.720507399577167
3142 0.720625528317836
3143 0.7207435572454584
3144 0.7207435572454584
3145 0.7207435572454584
3146 0.7207435572454584
3147 0.7204391891891891
3148 0.7204391891891891
3149 0.7204391891891891
3150 0.7204391891891891
3151 0.7204391891891891
3152 0.7205571971295905
3153 0.7206751054852321
3154 0.7207929143821172
3155 0.7209106239460371
3156 0.7210282343025706
3157 0.7211457455770851
3158 0.7208421052631578
3159 0.7208421052631578
3160 0.7209595959595959
3161 0.7210769877997476
3162 0.7210769877997476
3163 0.7211942809083264
3164 0.7213114754098361
3165 0.7214285714285714
3166 0.7214285714285714
3167 0.7215455690886182
3168 0.7215455690886182
3169 0.7212426532325776
3170 0.7209399916072178
3171 0.7210570469798657
3172 0.7211740041928721
3173 0.7212908633696563
3174 0.7214076246334311
3175 0.7211055276381909
3176 0.7212222687316869
3177 0.7213389121338912
3178 0.7210372229192806
3179 0.7207357859531772
3180 0.7208524864187212
3181 0.720969089390142
3182 0.720969089390142
3183 0.7210855949895616
3184 0.7212020033388982
3185 0.7213183145598665
3186 0.7214345287739783
3187 0.7211338057523968
3188 0.72125
3189 0.7209496043315285
3190 0.7210657785179018
3191 0.7207657095297545
3192 0.7208818635607321
3193 0.720997920997921
3194 0.7211138819617623
3195 0.7208142916493561
3196 0.7209302325581395
3197 0.7209302325581395
3198 0.7210460772104608
3199 0.720746887966805
3200 0.7208627125673994
3201 0.7209784411276948
3202 0.7209784411276948
3203 0.7210940737670949
3204 0.7207953603976802
3205 0.7209109730848862
3206 0.7210264900662252
3207 0.7210264900662252
3208 0.7207281754240794
3209 0.7208436724565757
3210 0.7208436724565757
3211 0.7205456800330715
3212 0.7202479338842975
3213 0.7203634861627427
3214 0.7204789430222956
3215 0.7205943045810979
3216 0.7205943045810979
3217 0.7202970297029703
3218 0.7204123711340206
3219 0.7204123711340206
3220 0.720527617477329
3221 0.720527617477329
3222 0.7206427688504327
3223 0.7206427688504327
3224 0.7207578253706755
3225 0.7204610951008645
3226 0.7205761316872428
3227 0.7206910736322502
3228 0.7208059210526315
3229 0.7209206740649404
3230 0.7210353327855382
3231 0.7211498973305955
3232 0.7208538587848933
3233 0.7209684037751334
3234 0.7209684037751334
3235 0.7206726825266612
3236 0.7207872078720787
3237 0.7209016393442623
3238 0.7209016393442623
3239 0.7210159770585826
3240 0.7211302211302212
3241 0.7211302211302212
3242 0.7211302211302212
3243 0.7211302211302212
3244 0.7208350388866148
3245 0.7208350388866148
3246 0.720949263502455
3247 0.720949263502455
3248 0.720949263502455
3249 0.7210633946830266
3250 0.7207686017988553
3251 0.7208827135267675
3252 0.7208827135267675
3253 0.7208827135267675
3254 0.7209967320261438
3255 0.7209967320261438
3256 0.7209967320261438
3257 0.7211106574111883
3258 0.7212244897959184
3259 0.7213382292941657
3260 0.7213382292941657
3261 0.7210440456769984
3262 0.7211577660008154
3263 0.7212713936430318
3264 0.7213849287169043
3265 0.7214983713355049
3266 0.7216117216117216
3267 0.7216117216117216
3268 0.7213181448331977
3269 0.7210248068320455
3270 0.7211382113821139
3271 0.7208451848841935
3272 0.7209585702680747
3273 0.7210718635809987
3274 0.7207792207792207
3275 0.7208924949290061
3276 0.7208924949290061
3277 0.7206001622060016
3278 0.7207134171057965
3279 0.7207134171057965
3280 0.7208265802269044
3281 0.7205346294046172
3282 0.7206477732793523
3283 0.7206477732793523
3284 0.7207608255766896
3285 0.720873786407767
3286 0.7209866558835423
3287 0.7210994341147938
3288 0.7212121212121212
3289 0.721324717285945
3290 0.721324717285945
3291 0.721324717285945
3292 0.7214372224465079
3293 0.7215496368038741
3294 0.7212585720048407
3295 0.7212585720048407
3296 0.7213709677419354
3297 0.7213709677419354
3298 0.7213709677419354
3299 0.7210802095929061
3300 0.7211925866236906
3301 0.7213048731373338
3302 0.7214170692431562
3303 0.7211267605633803
3304 0.7212389380530974
3305 0.721351025331725
3306 0.7214630225080386
3307 0.7211731619124147
3308 0.7211731619124147
3309 0.721285140562249
3310 0.7213970293054998
3311 0.7213970293054998
3312 0.7215088282504013
3313 0.7216205375050141
3314 0.7217321571772254
3315 0.7218436873747495
3316 0.7215544871794872
3317 0.7216659991990388
3318 0.72177742193755
3319 0.72177742193755
3320 0.7218887555022009
3321 0.722
3322 0.7217113154738105
3323 0.7217113154738105
3324 0.7218225419664268
3325 0.7215341590091889
3326 0.7216453674121406
3327 0.7217564870259481
3328 0.7218675179569034
3329 0.7219784603111289
3330 0.7216905901116427
3331 0.721402949382224
3332 0.7215139442231076
3333 0.7216248506571087
3334 0.7217356687898089
3335 0.7217356687898089
3336 0.7218463987266216
3337 0.7219570405727923
3338 0.7220675944333996
3339 0.7221780604133545
3340 0.721891140246325
3341 0.721891140246325
3342 0.721891140246325
3343 0.721891140246325
3344 0.721891140246325
3345 0.7220015885623511
3346 0.722111949186185
3347 0.7222222222222222
3348 0.7222222222222222
3349 0.7223324077746925
3350 0.7220459952418715
3351 0.7217598097502973
3352 0.7218700475435816
3353 0.7218700475435816
3354 0.7218700475435816
3355 0.721980198019802
3356 0.7220902612826603
3357 0.7222002374356945
3358 0.7223101265822784
3359 0.7224199288256228
3360 0.7224199288256228
3361 0.7221343873517787
3362 0.7222441722639273
3363 0.7223538704581358
3364 0.7223538704581358
3365 0.7220686932491117
3366 0.7220686932491117
3367 0.7221783741120757
3368 0.7222879684418146
3369 0.722397476340694
3370 0.722397476340694
3371 0.7225068979109184
3372 0.7226162332545312
3373 0.7226162332545312
3374 0.7227254824734147
3375 0.7224409448818898
3376 0.7225501770956316
3377 0.7226593233674272
3378 0.722768383798663
3379 0.7224842767295597
3380 0.7224842767295597
3381 0.7225933202357564
3382 0.7223095051060487
3383 0.7224185316058107
3384 0.7225274725274725
3385 0.7222440172616712
3386 0.7223529411764706
3387 0.7220697765582125
3388 0.7217868338557993
3389 0.7218958088523306
3390 0.7216131558339859
3391 0.7217221135029355
3392 0.721830985915493
3393 0.7219397731716856
3394 0.722048475371384
3395 0.7221570926143025
3396 0.7221570926143025
3397 0.7221570926143025
3398 0.7221570926143025
3399 0.722265625
3400 0.721983600156189
3401 0.7220921155347385
3402 0.721810378462739
3403 0.7219188767550702
3404 0.7220272904483431
3405 0.7220272904483431
3406 0.7217459080280593
3407 0.7218543046357616
3408 0.7219626168224299
3409 0.7216815881666018
3410 0.7217898832684825
3411 0.721898094126799
3412 0.7216174183514774
3413 0.721725612125923
3414 0.721725612125923
3415 0.721725612125923
3416 0.7218337218337219
3417 0.7215533980582525
3418 0.7216614906832298
3419 0.7213814512999612
3420 0.7211016291698992
3421 0.7211016291698992
3422 0.7211016291698992
3423 0.7212097712291586
3424 0.7209302325581395
3425 0.7206509104998062
3426 0.7206509104998062
3427 0.7207591014717274
3428 0.7204800619434766
3429 0.7205882352941176
3430 0.7203094777562863
3431 0.7204176334106729
3432 0.7205257054503286
3433 0.7206336939721792
3434 0.7207415990730012
3435 0.7208494208494208
3436 0.7208494208494208
3437 0.7208494208494208
3438 0.7208494208494208
3439 0.7208494208494208
3440 0.7205712080277885
3441 0.7205712080277885
3442 0.7205712080277885
3443 0.7205712080277885
3444 0.720679012345679
3445 0.720786733513305
3446 0.7208943716268311
3447 0.7210019267822736
3448 0.7211093990755008
3449 0.7211093990755008
3450 0.7211093990755008
3451 0.7208317289179823
3452 0.7208317289179823
3453 0.7208317289179823
3454 0.7208317289179823
3455 0.7209391839876829
3456 0.7209391839876829
3457 0.7206617929973067
3458 0.7207692307692307
3459 0.7204921184159938
3460 0.7205995388162951
3461 0.7203227045716482
3462 0.7203227045716482
3463 0.7204301075268817
3464 0.7205374280230327
3465 0.7206446661550269
3466 0.7206446661550269
3467 0.7203682393555811
3468 0.7204754601226994
3469 0.7205825986968187
3470 0.7203065134099617
3471 0.7200306396016852
3472 0.7200306396016852
3473 0.7201378254211332
3474 0.7201378254211332
3475 0.720244929200153
3476 0.7203519510328997
3477 0.7204588910133843
3478 0.7204588910133843
3479 0.720565749235474
3480 0.7202904088651128
3481 0.7203972498090145
3482 0.7203972498090145
3483 0.7201221840397098
3484 0.7198473282442748
3485 0.7199542159481114
3486 0.7200610221205187
3487 0.7197865040030499
3488 0.7195121951219512
3489 0.7196190476190476
3490 0.7197258187357197
3491 0.7198325085649029
3492 0.7198325085649029
3493 0.7198325085649029
3494 0.7199391171993912
3495 0.7200456447318372
3496 0.7197718631178707
3497 0.7197718631178707
3498 0.7197718631178707
3499 0.7198783732421132
3500 0.7199848024316109
3501 0.7199848024316109
3502 0.7200911507785795
3503 0.7201974183750949
3504 0.7199240986717268
3505 0.7196509863429439
3506 0.7193780811528252
3507 0.7194844579226687
3508 0.7195907540735127
3509 0.7196969696969697
3510 0.7194244604316546
3511 0.7194244604316546
3512 0.7195306585919757
3513 0.7196367763904654
3514 0.7196367763904654
3515 0.7196367763904654
3516 0.7197428139183056
3517 0.7198487712665407
3518 0.7198487712665407
3519 0.7195767195767195
3520 0.7193048734416321
3521 0.7193048734416321
3522 0.7194108761329305
3523 0.7195167987919969
3524 0.719622641509434
3525 0.7193511882308563
3526 0.7193511882308563
3527 0.7194570135746606
3528 0.7191858273652469
3529 0.7192916352675207
3530 0.7192916352675207
3531 0.71939736346516
3532 0.71939736346516
3533 0.7195030120481928
3534 0.7196085811065112
3535 0.719714070729872
3536 0.719714070729872
3537 0.7194433997743512
3538 0.7194433997743512
3539 0.7195488721804512
3540 0.7196542653137918
3541 0.7197595792637115
3542 0.7198648141194142
3543 0.7195945945945946
3544 0.7196998123827392
3545 0.7196998123827392
3546 0.7196998123827392
3547 0.7198049512378094
3548 0.7195350581177353
3549 0.7195350581177353
3550 0.7192653673163418
3551 0.7193705507680779
3552 0.7193705507680779
3553 0.7194756554307116
3554 0.7195806813927368
3555 0.719685628742515
3556 0.719685628742515
3557 0.7197904975682754
3558 0.7197904975682754
3559 0.7198952879581152
3560 0.7198952879581152
3561 0.72
3562 0.7201046337817638
3563 0.7201046337817638
3564 0.7201046337817638
3565 0.7201046337817638
3566 0.7202091893911095
3567 0.7203136669156086
3568 0.7203136669156086
3569 0.7200447928331467
3570 0.7201492537313433
3571 0.7202536367027229
3572 0.7202536367027229
3573 0.7203579418344519
3574 0.7203579418344519
3575 0.7204621692135669
3576 0.7204621692135669
3577 0.7204621692135669
3578 0.7205663189269746
3579 0.7202979515828678
3580 0.7202979515828678
3581 0.7204020848845868
3582 0.7201339784145888
3583 0.7202380952380952
3584 0.7203421346225363
3585 0.7204460966542751
3586 0.7201783723522854
3587 0.7202823179791976
3588 0.7200148533234311
3589 0.7201187824795843
3590 0.7202226345083488
3591 0.7203264094955489
3592 0.7203264094955489
3593 0.7204301075268817
3594 0.720533728687917
3595 0.7202667654686921
3596 0.72
3597 0.7197334320621992
3598 0.7198371576609919
3599 0.7199408065112838
3600 0.7199408065112838
3601 0.7199408065112838
3602 0.7199408065112838
3603 0.7196745562130178
3604 0.7197781885397412
3605 0.7198817442719881
3606 0.7196158108607315
3607 0.7193500738552437
3608 0.7193500738552437
3609 0.719453672942045
3610 0.7195571955719557
3611 0.7196606418295832
3612 0.7197640117994101
3613 0.7197640117994101
3614 0.7197640117994101
3615 0.7197640117994101
3616 0.7198673055657944
3617 0.7198673055657944
3618 0.7199705232129698
3619 0.7200736648250461
3620 0.7201767304860088
3621 0.7202797202797203
3622 0.7200147167034584
3623 0.7201176903273262
3624 0.7202205882352941
3625 0.7203234105108416
3626 0.7204261572373255
3627 0.7205288284979802
3628 0.7205288284979802
3629 0.7206314243759178
3630 0.7207339449541285
3631 0.7204695524578136
3632 0.7202053538687202
3633 0.7203079178885631
3634 0.7203079178885631
3635 0.7204104067423965
3636 0.7204104067423965
3637 0.7205128205128205
3638 0.7206151592823141
3639 0.7206151592823141
3640 0.7206151592823141
3641 0.7207174231332357
3642 0.7204537138675449
3643 0.7205559619604974
3644 0.7205559619604974
3645 0.7205559619604974
3646 0.720292504570384
3647 0.7200292397660819
3648 0.7200292397660819
3649 0.7197661673364998
3650 0.7197661673364998
3651 0.7195032870708546
3652 0.71960569550931
3653 0.7197080291970803
3654 0.7198102882159796
3655 0.7198102882159796
3656 0.7199124726477024
3657 0.7200145825738243
3658 0.7197521865889213
3659 0.7198542805100182
3660 0.7198542805100182
3661 0.7199563000728332
3662 0.720058245358573
3663 0.720160116448326
3664 0.71989814477992
3665 0.7196363636363636
3666 0.7196363636363636
3667 0.7193747728098873
3668 0.7194767441860465
3669 0.7195786414820197
3670 0.7193173565722585
3671 0.7194192377495463
3672 0.719521044992743
3673 0.719521044992743
3674 0.719521044992743
3675 0.719260065288357
3676 0.719260065288357
3677 0.719361856417694
3678 0.7191011235955056
3679 0.7188405797101449
3680 0.7188405797101449
3681 0.7188405797101449
3682 0.7185802245563202
3683 0.7185802245563202
3684 0.718320057929037
3685 0.7184220050669562
3686 0.7181620839363242
3687 0.7182640144665461
