0 1.0
1 1.0
2 1.0
3 1.0
4 0.8
5 0.6666666666666666
6 0.7142857142857143
7 0.75
8 0.6666666666666666
9 0.6
10 0.6363636363636364
11 0.6666666666666666
12 0.6923076923076923
13 0.7142857142857143
14 0.7333333333333333
15 0.75
16 0.7647058823529411
17 0.7777777777777778
18 0.7894736842105263
19 0.8
20 0.7619047619047619
21 0.7727272727272727
22 0.782608695652174
23 0.7916666666666666
24 0.8
25 0.8076923076923077
26 0.8148148148148148
27 0.8214285714285714
28 0.8275862068965517
29 0.8
30 0.8064516129032258
31 0.8125
32 0.8181818181818182
33 0.8235294117647058
34 0.8
35 0.8055555555555556
36 0.8108108108108109
37 0.8157894736842105
38 0.8205128205128205
39 0.825
40 0.8292682926829268
41 0.8333333333333334
42 0.8372093023255814
43 0.8409090909090909
44 0.8444444444444444
45 0.8260869565217391
46 0.8297872340425532
47 0.8333333333333334
48 0.8367346938775511
49 0.82
50 0.8235294117647058
51 0.8269230769230769
52 0.8113207547169812
53 0.7962962962962963
54 0.8
55 0.8035714285714286
56 0.8070175438596491
57 0.8103448275862069
58 0.8135593220338984
59 0.8166666666666667
60 0.819672131147541
61 0.8225806451612904
62 0.8253968253968254
63 0.828125
64 0.8307692307692308
65 0.8333333333333334
66 0.835820895522388
67 0.8382352941176471
68 0.8405797101449275
69 0.8428571428571429
70 0.8450704225352113
71 0.8333333333333334
72 0.8356164383561644
73 0.8378378378378378
74 0.8266666666666667
75 0.8289473684210527
76 0.8181818181818182
77 0.8205128205128205
78 0.8227848101265823
79 0.825
80 0.8271604938271605
81 0.8292682926829268
82 0.8313253012048193
83 0.8333333333333334
84 0.8352941176470589
85 0.8372093023255814
86 0.8390804597701149
87 0.8409090909090909
88 0.8426966292134831
89 0.8444444444444444
90 0.8351648351648352
91 0.8369565217391305
92 0.8387096774193549
93 0.8404255319148937
94 0.8421052631578947
95 0.84375
96 0.845360824742268
97 0.8469387755102041
98 0.8484848484848485
99 0.85
100 0.8514851485148515
101 0.8529411764705882
102 0.8446601941747572
103 0.8461538461538461
104 0.8476190476190476
105 0.8490566037735849
106 0.8504672897196262
107 0.8425925925925926
108 0.8348623853211009
109 0.8272727272727273
110 0.8288288288288288
111 0.8303571428571429
112 0.831858407079646
113 0.8333333333333334
114 0.8347826086956521
115 0.8275862068965517
116 0.8290598290598291
117 0.8220338983050848
118 0.8235294117647058
119 0.825
120 0.8264462809917356
121 0.8278688524590164
122 0.8292682926829268
123 0.8306451612903226
124 0.824
125 0.8253968253968254
126 0.8188976377952756
127 0.8203125
128 0.8217054263565892
129 0.823076923076923
130 0.8244274809160306
131 0.8257575757575758
132 0.8270676691729323
133 0.8283582089552238
134 0.8296296296296296
135 0.8308823529411765
136 0.8321167883211679
137 0.8260869565217391
138 0.8273381294964028
139 0.8214285714285714
140 0.8226950354609929
141 0.8169014084507042
142 0.8181818181818182
143 0.8125
144 0.8137931034482758
145 0.8082191780821918
146 0.8095238095238095
147 0.8108108108108109
148 0.8120805369127517
149 0.8133333333333334
150 0.8145695364238411
151 0.8157894736842105
152 0.8169934640522876
153 0.8116883116883117
154 0.8064516129032258
155 0.8076923076923077
156 0.8089171974522293
157 0.8037974683544303
158 0.8050314465408805
159 0.80625
160 0.8074534161490683
161 0.8024691358024691
162 0.803680981595092
163 0.8048780487804879
164 0.806060606060606
165 0.8072289156626506
166 0.8083832335329342
167 0.8095238095238095
168 0.8047337278106509
169 0.8058823529411765
170 0.8011695906432749
171 0.8023255813953488
172 0.7976878612716763
173 0.7988505747126436
174 0.8
175 0.7954545454545454
176 0.7966101694915254
177 0.797752808988764
178 0.7988826815642458
179 0.8
180 0.7955801104972375
181 0.7967032967032966
182 0.7923497267759563
183 0.7934782608695652
184 0.7945945945945946
185 0.7956989247311828
186 0.7967914438502673
187 0.7978723404255319
188 0.798941798941799
189 0.7947368421052632
190 0.7958115183246073
191 0.796875
192 0.7927461139896373
193 0.788659793814433
194 0.7897435897435897
195 0.7908163265306123
196 0.7918781725888325
197 0.7929292929292929
198 0.7939698492462312
199 0.795
200 0.7960199004975125
201 0.7970297029702971
202 0.7931034482758621
203 0.7941176470588235
204 0.7902439024390244
205 0.7912621359223301
206 0.7922705314009661
207 0.7932692307692307
208 0.7942583732057417
209 0.7952380952380952
210 0.7962085308056872
211 0.7971698113207547
212 0.7981220657276995
213 0.7990654205607477
214 0.8
215 0.8009259259259259
216 0.8018433179723502
217 0.8027522935779816
218 0.8036529680365296
219 0.8045454545454546
220 0.8054298642533937
221 0.8063063063063063
222 0.8071748878923767
223 0.8080357142857143
224 0.8088888888888889
225 0.8097345132743363
226 0.8105726872246696
227 0.8114035087719298
228 0.8122270742358079
229 0.8130434782608695
230 0.8095238095238095
231 0.8103448275862069
232 0.8111587982832618
233 0.811965811965812
234 0.8127659574468085
235 0.8135593220338984
236 0.8143459915611815
237 0.8151260504201681
238 0.8158995815899581
239 0.8166666666666667
240 0.8174273858921162
241 0.8181818181818182
242 0.8189300411522634
243 0.8155737704918032
244 0.8163265306122449
245 0.8130081300813008
246 0.8137651821862348
247 0.8145161290322581
248 0.8152610441767069
249 0.816
250 0.8167330677290837
251 0.8174603174603174
252 0.8181818181818182
253 0.8149606299212598
254 0.8156862745098039
255 0.81640625
256 0.8171206225680934
257 0.8178294573643411
258 0.8185328185328186
259 0.8192307692307692
260 0.8199233716475096
261 0.816793893129771
262 0.8174904942965779
263 0.8181818181818182
264 0.8188679245283019
265 0.8195488721804511
266 0.8202247191011236
267 0.8208955223880597
268 0.8215613382899628
269 0.8222222222222222
270 0.8228782287822878
271 0.8235294117647058
272 0.8205128205128205
273 0.8175182481751825
274 0.8181818181818182
275 0.8152173913043478
276 0.8158844765342961
277 0.8129496402877698
278 0.8136200716845878
279 0.8142857142857143
280 0.8149466192170819
281 0.8156028368794326
282 0.8127208480565371
283 0.8133802816901409
284 0.8140350877192982
285 0.8111888111888111
286 0.8118466898954704
287 0.8125
288 0.8131487889273357
289 0.8137931034482758
290 0.8144329896907216
291 0.815068493150685
292 0.8156996587030717
293 0.8129251700680272
294 0.8135593220338984
295 0.8108108108108109
296 0.8114478114478114
297 0.8087248322147651
298 0.8093645484949833
299 0.81
300 0.8106312292358804
301 0.8112582781456954
302 0.8118811881188119
303 0.8125
304 0.8131147540983606
305 0.8137254901960784
306 0.8143322475570033
307 0.814935064935065
308 0.8122977346278317
309 0.8096774193548387
310 0.8102893890675241
311 0.8108974358974359
312 0.8115015974440895
313 0.8121019108280255
314 0.8126984126984127
315 0.8132911392405063
316 0.8138801261829653
317 0.8144654088050315
318 0.8150470219435737
319 0.815625
320 0.8161993769470405
321 0.8136645962732919
322 0.8142414860681114
323 0.8117283950617284
324 0.8123076923076923
325 0.8128834355828221
326 0.8134556574923547
327 0.8140243902439024
328 0.8145896656534954
329 0.8121212121212121
330 0.8096676737160121
331 0.8072289156626506
332 0.8078078078078078
333 0.8083832335329342
334 0.808955223880597
335 0.8095238095238095
336 0.8100890207715133
337 0.8106508875739645
338 0.8112094395280236
339 0.8117647058823529
340 0.8123167155425219
341 0.8128654970760234
342 0.8134110787172012
343 0.813953488372093
344 0.8144927536231884
345 0.815028901734104
346 0.8155619596541787
347 0.8160919540229885
348 0.8166189111747851
349 0.8171428571428572
350 0.8176638176638177
351 0.8181818181818182
352 0.8158640226628895
353 0.8163841807909604
354 0.8169014084507042
355 0.8174157303370787
356 0.8179271708683473
357 0.8184357541899442
358 0.8189415041782729
359 0.8194444444444444
360 0.8199445983379502
361 0.8204419889502762
362 0.8209366391184573
363 0.8214285714285714
364 0.8191780821917808
365 0.819672131147541
366 0.8201634877384196
367 0.8179347826086957
368 0.8157181571815718
369 0.8135135135135135
370 0.8140161725067385
371 0.8145161290322581
372 0.8123324396782842
373 0.8128342245989305
374 0.8133333333333334
375 0.8138297872340425
376 0.8143236074270557
377 0.8121693121693122
378 0.8126649076517151
379 0.8131578947368421
380 0.8136482939632546
381 0.8115183246073299
382 0.8120104438642297
383 0.8125
384 0.8103896103896104
385 0.810880829015544
386 0.8113695090439277
387 0.8118556701030928
388 0.8123393316195373
389 0.8128205128205128
390 0.8132992327365729
391 0.8112244897959183
392 0.811704834605598
393 0.8121827411167513
394 0.8126582278481013
395 0.8131313131313131
396 0.8136020151133502
397 0.8140703517587939
398 0.8145363408521303
399 0.815
400 0.8154613466334164
401 0.8159203980099502
402 0.8163771712158809
403 0.8168316831683168
404 0.817283950617284
405 0.8177339901477833
406 0.8181818181818182
407 0.8186274509803921
408 0.8190709046454768
409 0.8195121951219512
410 0.8199513381995134
411 0.8203883495145631
412 0.8208232445520581
413 0.821256038647343
414 0.8192771084337349
415 0.8197115384615384
416 0.8201438848920863
417 0.8205741626794258
418 0.8186157517899761
419 0.819047619047619
420 0.8194774346793349
421 0.8199052132701422
422 0.8203309692671394
423 0.8207547169811321
424 0.8211764705882353
425 0.8215962441314554
426 0.8220140515222483
427 0.8200934579439252
428 0.8205128205128205
429 0.8186046511627907
430 0.8190255220417634
431 0.8194444444444444
432 0.8175519630484989
433 0.8179723502304147
434 0.8183908045977012
435 0.8188073394495413
436 0.8192219679633868
437 0.819634703196347
438 0.8200455580865603
439 0.8204545454545454
440 0.8208616780045351
441 0.8212669683257918
442 0.8216704288939052
443 0.8220720720720721
444 0.8224719101123595
445 0.8228699551569507
446 0.8232662192393736
447 0.8236607142857143
448 0.8240534521158129
449 0.8244444444444444
450 0.8248337028824834
451 0.8252212389380531
452 0.82560706401766
453 0.8259911894273128
454 0.8263736263736263
455 0.8267543859649122
456 0.8271334792122538
457 0.8275109170305677
458 0.8278867102396514
459 0.8282608695652174
460 0.8286334056399133
461 0.829004329004329
462 0.8293736501079914
463 0.8297413793103449
464 0.8301075268817204
465 0.8304721030042919
466 0.8308351177730193
467 0.8311965811965812
468 0.8315565031982942
469 0.8319148936170213
470 0.832271762208068
471 0.8326271186440678
472 0.8329809725158562
473 0.8333333333333334
474 0.8336842105263158
475 0.8340336134453782
476 0.8343815513626834
477 0.8347280334728033
478 0.8350730688935282
479 0.8354166666666667
480 0.8357588357588358
481 0.8340248962655602
482 0.8343685300207039
483 0.8347107438016529
484 0.8350515463917526
485 0.8353909465020576
486 0.8357289527720739
487 0.8360655737704918
488 0.83640081799591
489 0.8367346938775511
490 0.835030549898167
491 0.8333333333333334
492 0.8336713995943205
493 0.8340080971659919
494 0.8343434343434344
495 0.8346774193548387
496 0.8350100603621731
497 0.8353413654618473
498 0.8356713426853707
499 0.834
500 0.8343313373253493
501 0.8346613545816733
502 0.8349900596421471
503 0.8353174603174603
504 0.8356435643564356
505 0.8359683794466403
506 0.834319526627219
507 0.8346456692913385
508 0.8349705304518664
509 0.8333333333333334
510 0.8336594911937377
511 0.833984375
512 0.834307992202729
513 0.8346303501945526
514 0.8349514563106796
515 0.8352713178294574
516 0.8355899419729207
517 0.8359073359073359
518 0.8362235067437379
519 0.8346153846153846
520 0.8349328214971209
521 0.8352490421455939
522 0.8355640535372849
523 0.8358778625954199
524 0.8361904761904762
525 0.8346007604562737
526 0.8349146110056926
527 0.8352272727272727
528 0.8355387523629489
529 0.8339622641509434
530 0.832391713747646
531 0.8308270676691729
532 0.8311444652908068
533 0.8295880149812734
534 0.8280373831775701
535 0.8283582089552238
536 0.8286778398510242
537 0.828996282527881
538 0.8293135435992579
539 0.8296296296296296
540 0.8299445471349353
541 0.8302583025830258
542 0.8305709023941068
543 0.8308823529411765
544 0.8311926605504587
545 0.8315018315018315
546 0.8318098720292505
547 0.8321167883211679
548 0.8306010928961749
549 0.8309090909090909
550 0.8312159709618875
551 0.8315217391304348
552 0.8318264014466547
553 0.8321299638989169
554 0.8306306306306306
555 0.8309352517985612
556 0.829443447037702
557 0.8279569892473119
558 0.8282647584973166
559 0.8285714285714286
560 0.8288770053475936
561 0.8291814946619217
562 0.8294849023090586
563 0.8297872340425532
564 0.8300884955752212
565 0.8303886925795053
566 0.8306878306878307
567 0.8309859154929577
568 0.8312829525483304
569 0.8315789473684211
570 0.8318739054290718
571 0.8304195804195804
572 0.8307155322862129
573 0.8310104529616724
574 0.831304347826087
575 0.8315972222222222
576 0.8318890814558059
577 0.8321799307958477
578 0.8324697754749568
579 0.8327586206896552
580 0.8330464716006885
581 0.8333333333333334
582 0.8319039451114922
583 0.8321917808219178
584 0.8307692307692308
585 0.8310580204778157
586 0.8313458262350937
587 0.8316326530612245
588 0.831918505942275
589 0.8322033898305085
590 0.8324873096446701
591 0.8327702702702703
592 0.8330522765598651
593 0.8316498316498316
594 0.8319327731092437
595 0.8322147651006712
596 0.8324958123953099
597 0.8327759197324415
598 0.8313856427378965
599 0.8316666666666667
600 0.8302828618968386
601 0.8305647840531561
602 0.8308457711442786
603 0.8311258278145696
604 0.8297520661157025
605 0.83003300330033
606 0.8303130148270181
607 0.8305921052631579
608 0.8308702791461412
609 0.8311475409836065
610 0.8314238952536824
611 0.8300653594771242
612 0.8287112561174551
613 0.8289902280130294
614 0.8292682926829268
615 0.827922077922078
616 0.8282009724473258
617 0.8284789644012945
618 0.8287560581583199
619 0.8274193548387097
620 0.8276972624798712
621 0.8279742765273312
622 0.8282504012841091
623 0.8285256410256411
624 0.8288
625 0.8274760383386581
626 0.8277511961722488
627 0.8280254777070064
628 0.8282988871224165
629 0.8285714285714286
630 0.8288431061806656
631 0.8275316455696202
632 0.8278041074249605
633 0.8280757097791798
634 0.8283464566929134
635 0.8286163522012578
636 0.8273155416012559
637 0.8275862068965517
638 0.8278560250391236
639 0.828125
640 0.828393135725429
641 0.8286604361370716
642 0.8289269051321928
643 0.8291925465838509
644 0.8294573643410853
645 0.8297213622291022
646 0.8299845440494591
647 0.8302469135802469
648 0.8305084745762712
649 0.8307692307692308
650 0.8310291858678955
651 0.8312883435582822
652 0.8315467075038285
653 0.8318042813455657
654 0.8305343511450382
655 0.8307926829268293
656 0.8310502283105022
657 0.831306990881459
658 0.8315629742033384
659 0.8318181818181818
660 0.8320726172465961
661 0.8323262839879154
662 0.832579185520362
663 0.8328313253012049
664 0.8330827067669173
665 0.8333333333333334
666 0.8320839580209896
667 0.8323353293413174
668 0.8325859491778774
669 0.8328358208955224
670 0.8315946348733234
671 0.8303571428571429
672 0.8306092124814265
673 0.8308605341246291
674 0.8311111111111111
675 0.8313609467455622
676 0.8316100443131462
677 0.831858407079646
678 0.8321060382916053
679 0.8323529411764706
680 0.8325991189427313
681 0.8328445747800587
682 0.8316251830161054
683 0.8318713450292398
684 0.8321167883211679
685 0.8309037900874635
686 0.8311499272197962
687 0.8313953488372093
688 0.8316400580551524
689 0.8318840579710145
690 0.8321273516642547
691 0.8309248554913294
692 0.8311688311688312
693 0.829971181556196
694 0.8302158273381295
695 0.8304597701149425
696 0.830703012912482
697 0.830945558739255
698 0.8311874105865522
699 0.8314285714285714
700 0.8302425106990015
701 0.8304843304843305
702 0.8307254623044097
703 0.8309659090909091
704 0.8297872340425532
705 0.830028328611898
706 0.8288543140028288
707 0.8290960451977402
708 0.8279266572637518
709 0.828169014084507
710 0.8284106891701828
711 0.8286516853932584
712 0.8288920056100981
713 0.8291316526610645
714 0.8293706293706293
715 0.8296089385474861
716 0.8298465829846583
717 0.83008356545961
718 0.8303198887343533
719 0.8305555555555556
720 0.8307905686546463
721 0.8310249307479224
722 0.8312586445366529
723 0.8314917127071824
724 0.8317241379310345
725 0.8319559228650137
726 0.8321870701513068
727 0.8324175824175825
728 0.831275720164609
729 0.8315068493150685
730 0.8317373461012312
731 0.8306010928961749
732 0.8308321964529332
733 0.8310626702997275
734 0.8312925170068027
735 0.8301630434782609
736 0.8290366350067843
737 0.8292682926829268
738 0.8281461434370772
739 0.8283783783783784
740 0.8286099865047234
741 0.8288409703504043
742 0.82907133243607
743 0.8293010752688172
744 0.8295302013422818
745 0.8297587131367292
746 0.8299866131191432
747 0.8302139037433155
748 0.8304405874499332
749 0.8293333333333334
750 0.829560585885486
751 0.8297872340425532
752 0.8300132802124834
753 0.830238726790451
754 0.8304635761589404
755 0.8306878306878307
756 0.8309114927344782
757 0.8298153034300791
758 0.8300395256916996
759 0.8289473684210527
760 0.8291721419185283
761 0.8280839895013123
762 0.8269986893840104
763 0.8272251308900523
764 0.8261437908496732
765 0.8263707571801566
766 0.8252933507170795
767 0.8255208333333334
768 0.8257477243172952
769 0.825974025974026
770 0.8261997405966277
771 0.8264248704663213
772 0.8253557567917206
773 0.8255813953488372
774 0.8258064516129032
775 0.8260309278350515
776 0.8262548262548263
777 0.8264781491002571
778 0.8267008985879333
779 0.8269230769230769
780 0.8271446862996159
781 0.8273657289002557
782 0.8275862068965517
783 0.8278061224489796
784 0.8280254777070064
785 0.8282442748091603
786 0.8271918678526048
787 0.8274111675126904
788 0.8276299112801014
789 0.8278481012658228
790 0.8280657395701644
791 0.8282828282828283
792 0.8284993694829761
793 0.8287153652392947
794 0.8276729559748428
795 0.8278894472361809
796 0.8281053952321205
797 0.8270676691729323
798 0.8272841051314143
799 0.8275
800 0.8277153558052435
801 0.827930174563591
802 0.8281444582814446
803 0.8283582089552238
804 0.8285714285714286
805 0.8287841191066998
806 0.828996282527881
807 0.8292079207920792
808 0.8294190358467244
809 0.8296296296296296
810 0.8298397040690506
811 0.8300492610837439
812 0.8302583025830258
813 0.8304668304668305
814 0.8306748466257668
815 0.8308823529411765
816 0.8310893512851897
817 0.8300733496332519
818 0.8290598290598291
819 0.8292682926829268
820 0.8294762484774665
821 0.8284671532846716
822 0.8286755771567437
823 0.8288834951456311
824 0.8290909090909091
825 0.8280871670702179
826 0.8282950423216445
827 0.8285024154589372
828 0.8287092882991556
829 0.827710843373494
830 0.8279181708784596
831 0.828125
832 0.8283313325330132
833 0.8285371702637889
834 0.8287425149700599
835 0.8289473684210527
836 0.8291517323775388
837 0.8281622911694511
838 0.8283671036948749
839 0.8285714285714286
840 0.8287752675386445
841 0.828978622327791
842 0.8291814946619217
843 0.8293838862559242
844 0.829585798816568
845 0.8297872340425532
846 0.8299881936245572
847 0.8301886792452831
848 0.8303886925795053
849 0.8294117647058824
850 0.8284371327849589
851 0.8286384976525821
852 0.8288393903868698
853 0.8290398126463701
854 0.8292397660818713
855 0.8282710280373832
856 0.8284714119019837
857 0.8286713286713286
858 0.8288707799767171
859 0.8290697674418605
860 0.8292682926829268
861 0.8294663573085846
862 0.828505214368482
863 0.8287037037037037
864 0.8277456647398844
865 0.8279445727482679
866 0.8281430219146482
867 0.8283410138248848
868 0.8285385500575374
869 0.8275862068965517
870 0.8277841561423651
871 0.8279816513761468
872 0.8281786941580757
873 0.8283752860411899
874 0.8285714285714286
875 0.8287671232876712
876 0.8289623717217788
877 0.8291571753986332
878 0.8293515358361775
879 0.8295454545454546
880 0.8297389330306469
881 0.8299319727891157
882 0.8289920724801813
883 0.829185520361991
884 0.8293785310734463
885 0.8295711060948081
886 0.8297632468996617
887 0.829954954954955
888 0.829021372328459
889 0.8292134831460675
890 0.8294051627384961
891 0.8295964125560538
892 0.8286674132138858
893 0.8288590604026845
894 0.829050279329609
895 0.8292410714285714
896 0.8294314381270903
897 0.8296213808463252
898 0.8286985539488321
899 0.8288888888888889
900 0.8290788013318535
901 0.8292682926829268
902 0.8294573643410853
903 0.8296460176991151
904 0.8298342541436464
905 0.8289183222958058
906 0.8291069459757442
907 0.829295154185022
908 0.8294829482948295
909 0.8296703296703297
910 0.8287596048298573
911 0.8289473684210527
912 0.8291347207009858
913 0.8293216630196937
914 0.8295081967213115
915 0.8296943231441049
916 0.8298800436205016
917 0.8289760348583878
918 0.8291621327529923
919 0.8282608695652174
920 0.8273615635179153
921 0.8275488069414316
922 0.8277356446370531
923 0.827922077922078
924 0.8281081081081081
925 0.82829373650108
926 0.8284789644012945
927 0.8286637931034483
928 0.8288482238966631
929 0.8290322580645161
930 0.8292158968850698
931 0.8293991416309013
932 0.8295819935691319
933 0.8297644539614561
934 0.8288770053475936
935 0.8290598290598291
936 0.8292422625400213
937 0.8294243070362474
938 0.8296059637912673
939 0.8297872340425532
940 0.8299681190223167
941 0.8301486199575372
942 0.8303287380699894
943 0.8305084745762712
944 0.8296296296296296
945 0.8298097251585623
946 0.8299894403379092
947 0.830168776371308
948 0.8303477344573235
949 0.8305263157894737
950 0.8307045215562566
951 0.8308823529411765
952 0.8310598111227702
953 0.8312368972746331
954 0.831413612565445
955 0.8315899581589958
956 0.831765935214211
957 0.8319415448851775
958 0.8321167883211679
959 0.83125
960 0.8303850156087409
961 0.8305613305613305
962 0.8307372793354102
963 0.8309128630705395
964 0.8300518134715026
965 0.8291925465838509
966 0.8293691830403309
967 0.8295454545454546
968 0.8297213622291022
969 0.8288659793814434
970 0.8280123583934088
971 0.8281893004115226
972 0.828365878725591
973 0.8285420944558521
974 0.8287179487179487
975 0.8288934426229508
976 0.8290685772773797
977 0.8292433537832311
978 0.8294177732379979
979 0.8285714285714286
980 0.8277268093781855
981 0.8268839103869654
982 0.82706002034588
983 0.8272357723577236
984 0.8274111675126904
985 0.8275862068965517
986 0.8277608915906788
987 0.8279352226720648
988 0.8281092012133469
989 0.8282828282828283
990 0.8284561049445005
991 0.8286290322580645
992 0.8288016112789527
993 0.8289738430583501
994 0.8291457286432161
995 0.8293172690763052
996 0.8294884653961886
997 0.8296593186372746
998 0.8298298298298298
999 0.829
1000 0.8291708291708292
1001 0.8293413173652695
1002 0.8295114656031904
1003 0.8296812749003984
1004 0.8298507462686567
1005 0.8300198807157058
1006 0.8301886792452831
1007 0.8303571428571429
1008 0.8305252725470763
1009 0.8306930693069307
1010 0.8308605341246291
1011 0.8300395256916996
1012 0.8292201382033564
1013 0.8293885601577909
1014 0.8285714285714286
1015 0.8287401574803149
1016 0.8289085545722714
1017 0.8280943025540275
1018 0.8272816486751717
1019 0.8264705882352941
1020 0.8266405484818805
1021 0.8268101761252447
1022 0.8269794721407625
1023 0.8271484375
1024 0.8263414634146341
1025 0.8265107212475633
1026 0.8266796494644596
1027 0.8258754863813229
1028 0.826044703595724
1029 0.8262135922330097
1030 0.8263821532492726
1031 0.8265503875968992
1032 0.8257502420135527
1033 0.8259187620889749
1034 0.8260869565217391
1035 0.8262548262548263
1036 0.8264223722275795
1037 0.825626204238921
1038 0.8257940327237728
1039 0.8259615384615384
1040 0.8251681075888568
1041 0.8253358925143954
1042 0.825503355704698
1043 0.8256704980842912
1044 0.8258373205741627
1045 0.8260038240917782
1046 0.8261700095510984
1047 0.8263358778625954
1048 0.8265014299332698
1049 0.8257142857142857
1050 0.8249286393910561
1051 0.8250950570342205
1052 0.8243114909781576
1053 0.8244781783681214
1054 0.8246445497630331
1055 0.8248106060606061
1056 0.8249763481551561
1057 0.8251417769376181
1058 0.8253068932955618
1059 0.8254716981132075
1060 0.825636192271442
1061 0.8258003766478342
1062 0.825964252116651
1063 0.8261278195488722
1064 0.8253521126760563
1065 0.8255159474671669
1066 0.8256794751640113
1067 0.8258426966292135
1068 0.8250701590271281
1069 0.8242990654205608
1070 0.8244631185807656
1071 0.8246268656716418
1072 0.8247903075489282
1073 0.8240223463687151
1074 0.8241860465116279
1075 0.8234200743494424
1076 0.8226555246053854
1077 0.8228200371057514
1078 0.8229842446709916
1079 0.8231481481481482
1080 0.8233117483811286
1081 0.8234750462107209
1082 0.8227146814404432
1083 0.8228782287822878
1084 0.8230414746543778
1085 0.8232044198895028
1086 0.8233670653173873
1087 0.8235294117647058
1088 0.8236914600550964
1089 0.8238532110091743
1090 0.8240146654445463
1091 0.8241758241758241
1092 0.8243366880146387
1093 0.823583180987203
1094 0.8237442922374429
1095 0.822992700729927
1096 0.8231540565177757
1097 0.8233151183970856
1098 0.8225659690627843
1099 0.8227272727272728
1100 0.8219800181653043
1101 0.822141560798548
1102 0.8223028105167725
1103 0.8215579710144928
1104 0.820814479638009
1105 0.8209764918625678
1106 0.8211382113821138
1107 0.8212996389891697
1108 0.8214607754733995
1109 0.8216216216216217
1110 0.8217821782178217
1111 0.8219424460431655
1112 0.8221024258760108
1113 0.822262118491921
1114 0.8224215246636771
1115 0.8216845878136201
1116 0.8209489704565801
1117 0.8211091234347049
1118 0.8212689901697945
1119 0.8214285714285714
1120 0.8206958073148974
1121 0.820855614973262
1122 0.8210151380231523
1123 0.8202846975088968
1124 0.8204444444444444
1125 0.8206039076376554
1126 0.8207630878438332
1127 0.8209219858156028
1128 0.8210806023029229
1129 0.8212389380530973
1130 0.8213969938107869
1131 0.8215547703180212
1132 0.8217122683142101
1133 0.8218694885361552
1134 0.8220264317180617
1135 0.8221830985915493
1136 0.8223394898856641
1137 0.8224956063268892
1138 0.8226514486391572
1139 0.8228070175438597
1140 0.8229623137598597
1141 0.8231173380035026
1142 0.8232720909886264
1143 0.8234265734265734
1144 0.8235807860262009
1145 0.8228621291448517
1146 0.8230165649520488
1147 0.823170731707317
1148 0.8233246301131418
1149 0.8226086956521739
1150 0.8218940052128584
1151 0.8220486111111112
1152 0.8222029488291414
1153 0.8214904679376083
1154 0.8216450216450216
1155 0.8217993079584776
1156 0.8219533275713051
1157 0.8212435233160622
1158 0.8213977566867989
1159 0.821551724137931
1160 0.8217054263565892
1161 0.8218588640275387
1162 0.82201203783319
1163 0.8221649484536082
1164 0.8223175965665236
1165 0.8224699828473413
1166 0.8226221079691517
1167 0.8227739726027398
1168 0.8229255774165953
1169 0.823076923076923
1170 0.8232280102476516
1171 0.8233788395904437
1172 0.8235294117647058
1173 0.823679727427598
1174 0.8238297872340425
1175 0.8239795918367347
1176 0.8241291418861513
1177 0.8242784380305602
1178 0.823579304495335
1179 0.823728813559322
1180 0.8238780694326842
1181 0.823181049069374
1182 0.8233305156382079
1183 0.8226351351351351
1184 0.8227848101265823
1185 0.8229342327150084
1186 0.823083403538332
1187 0.8232323232323232
1188 0.8225399495374264
1189 0.8226890756302521
1190 0.8228379513014273
1191 0.822986577181208
1192 0.8231349538977368
1193 0.8232830820770519
1194 0.8234309623430962
1195 0.8235785953177257
1196 0.8237259816207184
1197 0.823873121869783
1198 0.823185988323603
1199 0.8225
1200 0.8218151540383014
1201 0.8219633943427621
1202 0.8221113881961762
1203 0.8222591362126246
1204 0.8224066390041493
1205 0.8225538971807629
1206 0.8218724109362054
1207 0.8211920529801324
1208 0.8213399503722084
1209 0.8214876033057851
1210 0.8216350123864574
1211 0.8217821782178217
1212 0.8219291014014839
1213 0.8220757825370676
1214 0.8213991769547325
1215 0.821546052631579
1216 0.8216926869350862
1217 0.8218390804597702
1218 0.8219852337981952
1219 0.8221311475409836
1220 0.8222768222768223
1221 0.8224222585924713
1222 0.821749795584628
1223 0.821078431372549
1224 0.8204081632653061
1225 0.8205546492659054
1226 0.8207008964955175
1227 0.8200325732899023
1228 0.8201790073230268
1229 0.8203252032520325
1230 0.8196588139723802
1231 0.8198051948051948
1232 0.8199513381995134
1233 0.820097244732577
1234 0.8202429149797571
1235 0.8203883495145631
1236 0.8205335489086499
1237 0.8206785137318255
1238 0.8208232445520581
1239 0.8201612903225807
1240 0.8203062046736502
1241 0.820450885668277
1242 0.8205953338696702
1243 0.819935691318328
1244 0.8200803212851405
1245 0.8202247191011236
1246 0.8195669607056937
1247 0.8197115384615384
1248 0.8198558847077662
1249 0.82
1250 0.8193445243804957
1251 0.8194888178913738
1252 0.819632881085395
1253 0.8197767145135566
1254 0.8199203187250996
1255 0.8200636942675159
1256 0.8202068416865553
1257 0.8203497615262321
1258 0.8204924543288324
1259 0.8206349206349206
1260 0.8207771609833465
1261 0.8201267828843106
1262 0.8194774346793349
1263 0.819620253164557
1264 0.8197628458498024
1265 0.8199052132701422
1266 0.819258089976322
1267 0.8194006309148265
1268 0.8195429472025216
1269 0.8196850393700787
1270 0.8198269079464988
1271 0.8199685534591195
1272 0.8201099764336214
1273 0.8202511773940345
1274 0.8203921568627451
1275 0.8205329153605015
1276 0.8206734534064213
1277 0.8208137715179968
1278 0.8209538702111024
1279 0.82109375
1280 0.8212334113973458
1281 0.8213728549141965
1282 0.8207326578332035
1283 0.8208722741433022
1284 0.8210116731517509
1285 0.8211508553654744
1286 0.8212898212898213
1287 0.8214285714285714
1288 0.8207913110938713
1289 0.8209302325581396
1290 0.8210689388071263
1291 0.8212074303405573
1292 0.8213457076566125
1293 0.8207109737248841
1294 0.8208494208494208
1295 0.8209876543209876
1296 0.8211256746337703
1297 0.8212634822804314
1298 0.8206312548113934
1299 0.8207692307692308
1300 0.8209069946195234
1301 0.8210445468509985
1302 0.8211818879508825
1303 0.821319018404908
1304 0.821455938697318
1305 0.821592649310873
1306 0.8217291507268554
1307 0.8218654434250765
1308 0.8220015278838808
1309 0.8221374045801527
1310 0.8222730739893211
1311 0.8224085365853658
1312 0.8225437928408226
1313 0.8226788432267884
1314 0.8228136882129278
1315 0.8229483282674772
1316 0.8230827638572513
1317 0.8232169954476479
1318 0.8233510235026535
1319 0.8234848484848485
1320 0.8236184708554126
1321 0.8237518910741302
1322 0.8231292517006803
1323 0.823262839879154
1324 0.8233962264150944
1325 0.8235294117647058
1326 0.8236623963828184
1327 0.8230421686746988
1328 0.8224228743416102
1329 0.8225563909774436
1330 0.8226897069872277
1331 0.8228228228228228
1332 0.8229557389347337
1333 0.823088455772114
1334 0.8232209737827715
1335 0.8233532934131736
1336 0.8227374719521316
1337 0.8228699551569507
1338 0.8230022404779687
1339 0.823134328358209
1340 0.8232662192393736
1341 0.823397913561848
1342 0.8235294117647058
1343 0.8229166666666666
1344 0.8230483271375465
1345 0.8231797919762258
1346 0.8225686711210096
1347 0.8227002967359051
1348 0.8228317272053373
1349 0.822962962962963
1350 0.8230940044411547
1351 0.8224852071005917
1352 0.8226164079822617
1353 0.8227474150664698
1354 0.822140221402214
1355 0.8222713864306784
1356 0.8224023581429624
1357 0.8217967599410898
1358 0.8219278881530537
1359 0.8220588235294117
1360 0.8214548126377663
1361 0.8215859030837004
1362 0.8217168011738811
1363 0.8211143695014663
1364 0.8212454212454212
1365 0.8206442166910688
1366 0.8207754206291149
1367 0.820906432748538
1368 0.8210372534696859
1369 0.8211678832116789
1370 0.8205689277899344
1371 0.8206997084548106
1372 0.820830298616169
1373 0.8209606986899564
1374 0.8210909090909091
1375 0.8212209302325582
1376 0.8213507625272332
1377 0.8214804063860668
1378 0.8216098622189992
1379 0.8210144927536231
1380 0.8211440984793628
1381 0.8205499276410999
1382 0.8206796818510484
1383 0.8208092485549133
1384 0.8209386281588448
1385 0.8203463203463204
1386 0.8204758471521268
1387 0.8198847262247838
1388 0.8200143988480921
1389 0.8201438848920863
1390 0.8195542774982028
1391 0.819683908045977
1392 0.8198133524766691
1393 0.8192252510760402
1394 0.8186379928315413
1395 0.8187679083094556
1396 0.8188976377952756
1397 0.8183118741058655
1398 0.8184417441029307
1399 0.8185714285714286
1400 0.8187009279086367
1401 0.818830242510699
1402 0.8189593727726301
1403 0.8190883190883191
1404 0.8192170818505338
1405 0.8193456614509246
1406 0.8187633262260128
1407 0.8188920454545454
1408 0.8183108587650816
1409 0.8184397163120567
1410 0.8185683912119065
1411 0.8186968838526912
1412 0.8188251946213729
1413 0.8182461103253182
1414 0.8176678445229681
1415 0.8177966101694916
1416 0.817925194071983
1417 0.8180535966149506
1418 0.8181818181818182
1419 0.8183098591549296
1420 0.8184377199155525
1421 0.8178621659634318
1422 0.8179901616303584
1423 0.8181179775280899
1424 0.8182456140350877
1425 0.8183730715287517
1426 0.818500350385424
1427 0.8186274509803921
1428 0.8187543736878936
1429 0.8188811188811189
1430 0.8190076869322153
1431 0.8191340782122905
1432 0.8192602930914166
1433 0.8193863319386332
1434 0.8195121951219512
1435 0.8196378830083565
1436 0.8197633959638135
1437 0.8198887343532685
1438 0.8200138985406532
1439 0.8201388888888889
1440 0.8202637057598889
1441 0.8203883495145631
1442 0.8205128205128205
1443 0.8206371191135734
1444 0.8207612456747405
1445 0.8208852005532503
1446 0.821008984105045
1447 0.8211325966850829
1448 0.821256038647343
1449 0.8213793103448276
1450 0.8215024121295658
1451 0.8209366391184573
1452 0.8210598761183757
1453 0.8204951856946355
1454 0.8206185567010309
1455 0.8207417582417582
1456 0.8208647906657516
1457 0.8209876543209876
1458 0.8211103495544894
1459 0.8212328767123288
1460 0.8213552361396304
1461 0.8207934336525308
1462 0.8202323991797676
1463 0.8203551912568307
1464 0.8204778156996587
1465 0.820600272851296
1466 0.820040899795501
1467 0.8201634877384196
1468 0.820285908781484
1469 0.8197278911564626
1470 0.8198504418762746
1471 0.8199728260869565
1472 0.8200950441276307
1473 0.8202170963364993
1474 0.8203389830508474
1475 0.8204607046070461
1476 0.8205822613405552
1477 0.8207036535859269
1478 0.8208248816768087
1479 0.8202702702702702
1480 0.8203916272788656
1481 0.819838056680162
1482 0.8192852326365475
1483 0.8194070080862533
1484 0.8195286195286196
1485 0.819650067294751
1486 0.8197713517148622
1487 0.8198924731182796
1488 0.8200134318334452
1489 0.8201342281879195
1490 0.8202548625083836
1491 0.8197050938337802
1492 0.8198258539852645
1493 0.8192771084337349
1494 0.8193979933110368
1495 0.81951871657754
1496 0.8189712758851035
1497 0.8184245660881175
1498 0.818545697131421
1499 0.8186666666666667
1500 0.8181212524983345
1501 0.818242343541944
1502 0.8183632734530938
1503 0.8178191489361702
1504 0.8172757475083057
1505 0.8167330677290837
1506 0.8168546781685467
1507 0.8169761273209549
1508 0.8170974155069582
1509 0.8165562913907285
1510 0.8166776968894772
1511 0.8167989417989417
1512 0.8162590879048248
1513 0.8163804491413474
1514 0.8165016501650165
1515 0.816622691292876
1516 0.8167435728411339
1517 0.8162055335968379
1518 0.8163265306122449
1519 0.8164473684210526
1520 0.8165680473372781
1521 0.816688567674113
1522 0.8168089297439265
1523 0.8169291338582677
1524 0.8170491803278689
1525 0.8165137614678899
1526 0.816633922724296
1527 0.8167539267015707
1528 0.816873773708306
1529 0.8163398692810457
1530 0.8164598301763554
1531 0.816579634464752
1532 0.8166992824527071
1533 0.8168187744458931
1534 0.8162866449511401
1535 0.81640625
1536 0.8165256994144438
1537 0.8166449934980494
1538 0.8167641325536062
1539 0.8168831168831169
1540 0.8170019467878001
1541 0.8164721141374838
1542 0.8165910563836681
1543 0.8167098445595855
1544 0.8168284789644013
1545 0.8169469598965071
1546 0.8170652876535229
1547 0.8171834625322998
1548 0.8173014848289218
1549 0.8167741935483871
1550 0.816247582205029
1551 0.8163659793814433
1552 0.8164842240824212
1553 0.8159588159588159
1554 0.8160771704180064
1555 0.8161953727506427
1556 0.8163134232498395
1557 0.8164313222079589
1558 0.8159076330981399
1559 0.816025641025641
1560 0.8161434977578476
1561 0.8162612035851472
1562 0.8163787587971849
1563 0.8158567774936062
1564 0.8159744408945687
1565 0.8160919540229885
1566 0.8162093171665603
1567 0.8163265306122449
1568 0.8164435946462715
1569 0.8165605095541402
1570 0.8166772756206238
1571 0.816793893129771
1572 0.8169103623649078
1573 0.8170266836086404
1574 0.8171428571428572
1575 0.817258883248731
1576 0.8173747622067217
1577 0.8174904942965779
1578 0.8176060797973401
1579 0.8177215189873418
1580 0.8178368121442126
1581 0.8179519595448799
1582 0.817435249526216
1583 0.8175505050505051
1584 0.8170347003154574
1585 0.8165195460277428
1586 0.8166351606805293
1587 0.8167506297229219
1588 0.8162366268093141
1589 0.8163522012578617
1590 0.8164676304211188
1591 0.8165829145728644
1592 0.8166980539861896
1593 0.8168130489335006
1594 0.8169278996865204
1595 0.8170426065162907
1596 0.8171571696931748
1597 0.8166458072590739
1598 0.8161350844277674
1599 0.81625
1600 0.8157401623985009
1601 0.8158551810237203
1602 0.8159700561447286
1603 0.8160847880299252
1604 0.815576323987539
1605 0.815068493150685
1606 0.8151835718730553
1607 0.8152985074626866
1608 0.8154133001864512
1609 0.815527950310559
1610 0.8156424581005587
1611 0.81575682382134
1612 0.8158710477371358
1613 0.8159851301115242
1614 0.8160990712074303
1615 0.8162128712871287
1616 0.8163265306122449
1617 0.8164400494437577
1618 0.8165534280420013
1619 0.8160493827160494
1620 0.8161628624305984
1621 0.8156596794081381
1622 0.81577325939618
1623 0.8158866995073891
1624 0.8153846153846154
1625 0.8154981549815498
1626 0.8156115550092194
1627 0.8157248157248157
1628 0.8158379373848987
1629 0.8159509202453987
1630 0.8154506437768241
1631 0.8155637254901961
1632 0.8156766687078996
1633 0.8157894736842105
1634 0.8159021406727829
1635 0.8160146699266504
1636 0.8161270616982285
1637 0.8162393162393162
1638 0.8157413056741916
1639 0.8158536585365853
1640 0.8159658744667886
1641 0.8160779537149817
1642 0.8161898965307365
1643 0.816301703163017
1644 0.8164133738601824
1645 0.81591737545565
1646 0.8160291438979964
1647 0.8155339805825242
1648 0.8150394178289873
1649 0.8145454545454546
1650 0.8146577831617202
1651 0.8147699757869249
1652 0.8148820326678766
1653 0.814993954050786
1654 0.8145015105740181
1655 0.8146135265700483
1656 0.8147254073627037
1657 0.8148371531966224
1658 0.814948764315853
1659 0.8150602409638554
1660 0.8151715833835039
1661 0.8146811070998796
1662 0.814792543595911
1663 0.8149038461538461
1664 0.815015015015015
1665 0.8151260504201681
1666 0.8152369526094781
1667 0.815347721822542
1668 0.8154583582983823
1669 0.8155688622754491
1670 0.8156792339916218
1671 0.8157894736842105
1672 0.8158995815899581
1673 0.8160095579450418
1674 0.8161194029850747
1675 0.8162291169451074
1676 0.8163387000596303
1677 0.8164481525625745
1678 0.8165574746873139
1679 0.8166666666666667
1680 0.816775728732897
1681 0.816884661117717
1682 0.8169934640522876
1683 0.8171021377672208
1684 0.8172106824925816
1685 0.8173190984578885
1686 0.8174273858921162
1687 0.8175355450236966
1688 0.8176435760805211
1689 0.8177514792899409
1690 0.81785925487877
1691 0.8173758865248227
1692 0.8174837566450088
1693 0.8175914994096812
1694 0.8176991150442477
1695 0.8178066037735849
1696 0.8179139658220389
1697 0.8180212014134276
1698 0.8181283107710418
1699 0.8182352941176471
1700 0.8177542621987066
1701 0.8172737955346651
1702 0.8173810921902525
1703 0.8174882629107981
1704 0.8175953079178886
1705 0.8177022274325909
1706 0.817809021675454
1707 0.8179156908665105
1708 0.8174370977179637
1709 0.8175438596491228
1710 0.8170660432495617
1711 0.8171728971962616
1712 0.8172796263864565
1713 0.8168028004667445
1714 0.8169096209912536
1715 0.817016317016317
1716 0.8165404775771695
1717 0.8166472642607684
1718 0.8167539267015707
1719 0.8168604651162791
1720 0.8169668797210924
1721 0.8170731707317073
1722 0.8171793383633198
1723 0.8172853828306265
1724 0.8173913043478261
1725 0.816917728852839
1726 0.8170237405906196
1727 0.8171296296296297
1728 0.8172353961827646
1729 0.8173410404624277
1730 0.8174465626805315
1731 0.8175519630484989
1732 0.8176572417772648
1733 0.817762399077278
1734 0.8178674351585015
1735 0.8173963133640553
1736 0.8175014392630973
1737 0.8176064441887226
1738 0.8171362852213916
1739 0.8172413793103448
1740 0.8173463526708789
1741 0.817451205510907
1742 0.8175559380378657
1743 0.8176605504587156
1744 0.8177650429799427
1745 0.8178694158075601
1746 0.8179736691471093
1747 0.8180778032036613
1748 0.8176100628930818
1749 0.8177142857142857
1750 0.817818389491719
1751 0.8179223744292238
1752 0.8180262407301768
1753 0.8181299885974914
1754 0.8182336182336183
1755 0.8177676537585421
1756 0.8178713716562322
1757 0.8179749715585893
1758 0.8180784536668562
1759 0.8181818181818182
1760 0.8182850653038046
1761 0.8183881952326901
1762 0.8184912081678957
1763 0.81859410430839
1764 0.8181303116147309
1765 0.8176670441676104
1766 0.8177702320316921
1767 0.8178733031674208
1768 0.817976257772753
1769 0.8180790960451978
1770 0.8181818181818182
1771 0.8182844243792325
1772 0.8183869148336154
1773 0.818489289740699
1774 0.8185915492957746
1775 0.8186936936936937
1776 0.8187957231288688
1777 0.8188976377952756
1778 0.818999437886453
1779 0.8191011235955056
1780 0.8186412128017967
1781 0.8187429854096521
1782 0.8188446438586652
1783 0.8183856502242153
1784 0.8184873949579832
1785 0.8180291153415453
1786 0.8181309457190823
1787 0.8182326621923938
1788 0.8177752934600335
1789 0.8178770949720671
1790 0.8179787828029034
1791 0.8180803571428571
1792 0.8181818181818182
1793 0.8182831661092531
1794 0.8183844011142062
1795 0.8184855233853007
1796 0.8180300500834724
1797 0.818131256952169
1798 0.8182323513062812
1799 0.8177777777777778
1800 0.8178789561354803
1801 0.8179800221975583
1802 0.8180809761508597
1803 0.8181818181818182
1804 0.8177285318559557
1805 0.8172757475083057
1806 0.8173768677365799
1807 0.8174778761061947
1808 0.8175787728026535
1809 0.8176795580110497
1810 0.8177802319160685
1811 0.8173289183222958
1812 0.8168781025923884
1813 0.8164277839029769
1814 0.8159779614325069
1815 0.816079295154185
1816 0.8161805173362686
1817 0.8162816281628162
1818 0.8163826278174822
1819 0.8164835164835165
1820 0.8165842943437671
1821 0.8161361141602634
1822 0.816236972024136
1823 0.8163377192982456
1824 0.8164383561643835
1825 0.816538882803943
1826 0.8166392993979201
1827 0.8167396061269147
1828 0.8168398031711318
1829 0.8169398907103825
1830 0.8170398689240852
1831 0.8171397379912664
1832 0.817239498090562
1833 0.8173391494002181
1834 0.8174386920980926
1835 0.8175381263616558
1836 0.8176374523679912
1837 0.8177366702937976
1838 0.8178357803153888
1839 0.8179347826086957
1840 0.8180336773492667
1841 0.8175895765472313
1842 0.817688551275095
1843 0.8177874186550976
1844 0.8178861788617886
1845 0.8179848320693391
1846 0.818083378451543
1847 0.8181818181818182
1848 0.8177393185505679
1849 0.8178378378378378
1850 0.8179362506753106
1851 0.8180345572354212
1852 0.8181327576902321
1853 0.8182308522114348
1854 0.8183288409703504
1855 0.8178879310344828
1856 0.8179859989229941
1857 0.8180839612486545
1858 0.8181818181818182
1859 0.8182795698924731
1860 0.8183772165502418
1861 0.8184747583243824
1862 0.8185721953837896
1863 0.8186695278969958
1864 0.8187667560321715
1865 0.8188638799571275
1866 0.8189608998393144
1867 0.8190578158458244
1868 0.8191546281433922
1869 0.8192513368983957
1870 0.8188134687332977
1871 0.8189102564102564
1872 0.8190069407367859
1873 0.8191035218783351
1874 0.8192
1875 0.8192963752665245
1876 0.8193926478423016
1877 0.8194888178913738
1878 0.8195848855774348
1879 0.8196808510638298
1880 0.8197767145135566
1881 0.8198724760892667
1882 0.8199681359532661
1883 0.8200636942675159
1884 0.8201591511936339
1885 0.820254506892895
1886 0.8198198198198198
1887 0.8199152542372882
1888 0.8200105876124933
1889 0.8195767195767196
1890 0.819672131147541
1891 0.8197674418604651
1892 0.8198626518753301
1893 0.8199577613516368
1894 0.8200527704485489
1895 0.8201476793248945
1896 0.8202424881391671
1897 0.8203371970495258
1898 0.8204318062137967
1899 0.8205263157894737
1900 0.8200946870068385
1901 0.8196635120925342
1902 0.8197582764056752
1903 0.819327731092437
1904 0.8194225721784777
1905 0.8189926547743966
1906 0.8190875721027793
1907 0.8191823899371069
1908 0.8192771084337349
1909 0.819371727748691
1910 0.8189429618001046
1911 0.8185146443514645
1912 0.8186095138525875
1913 0.8187042842215256
1914 0.8187989556135771
1915 0.8183716075156576
1916 0.8179447052686489
1917 0.8180396246089676
1918 0.8181344450234497
1919 0.8182291666666667
1920 0.8178032274856846
1921 0.8173777315296566
1922 0.8174726989079563
1923 0.8175675675675675
1924 0.8171428571428572
1925 0.8172377985462098
1926 0.8173326414115205
1927 0.8174273858921162
1928 0.8175220321410057
1929 0.8176165803108808
1930 0.8177110305541171
1931 0.8178053830227743
1932 0.817899637868598
1933 0.8179937952430196
1934 0.8180878552971577
1935 0.8181818181818182
1936 0.8182756840474962
1937 0.8183694530443757
1938 0.8184631253223311
1939 0.8185567010309278
1940 0.8186501803194229
1941 0.8187435633367662
1942 0.8188368502316006
1943 0.8189300411522634
1944 0.8190231362467867
1945 0.8191161356628982
1946 0.8192090395480226
1947 0.8193018480492813
1948 0.8193945613134941
1949 0.8194871794871795
1950 0.8195797027165556
1951 0.819672131147541
1952 0.8197644649257553
1953 0.81985670419652
1954 0.8194373401534527
1955 0.8195296523517382
1956 0.8196218702095044
1957 0.8197139938712973
1958 0.819806023481368
1959 0.8198979591836735
1960 0.8199898011218766
1961 0.8200815494393476
1962 0.8201732042791645
1963 0.820264765784114
1964 0.8203562340966921
1965 0.8204476093591048
1966 0.8200305033045246
1967 0.8201219512195121
1968 0.8202133062468258
1969 0.8203045685279188
1970 0.8203957382039574
1971 0.8199797160243407
1972 0.8200709579320831
1973 0.8201621073961499
1974 0.8202531645569621
1975 0.819838056680162
1976 0.8194233687405159
1977 0.8195146612740142
1978 0.8196058615462355
1979 0.8196969696969697
1980 0.8197879858657244
1981 0.8198789101917255
1982 0.8199697428139183
1983 0.8200604838709677
1984 0.8201511335012595
1985 0.8202416918429003
1986 0.8203321590337191
1987 0.8199195171026157
1988 0.8200100553041729
1989 0.8201005025125628
1990 0.8196885986941236
1991 0.8197791164658634
1992 0.8198695434019067
1993 0.8194583751253761
1994 0.8195488721804511
1995 0.8196392785571143
1996 0.8197295943915874
1997 0.8198198198198198
1998 0.8199099549774888
1999 0.82
2000 0.8200899550224887
2001 0.8201798201798202
2002 0.8202695956065901
2003 0.8203592814371258
2004 0.8204488778054863
2005 0.8205383848454636
2006 0.820627802690583
2007 0.8207171314741036
2008 0.8208063713290195
2009 0.8203980099502488
2010 0.8204873197414222
2011 0.8205765407554672
2012 0.8206656731246895
2013 0.8207547169811321
2014 0.8208436724565756
2015 0.8204365079365079
2016 0.8200297471492315
2017 0.8201189296333002
2018 0.8197127290737989
2019 0.8198019801980198
2020 0.8193963384463137
2021 0.8194856577645895
2022 0.819080573405833
2023 0.8191699604743083
2024 0.8192592592592592
2025 0.8193484698914116
2026 0.8194375925012334
2027 0.8195266272189349
2028 0.8196155741744702
2029 0.819704433497537
2030 0.8197932053175776
2031 0.8193897637795275
2032 0.8189867191342843
2033 0.8190757128810227
2034 0.8191646191646191
2035 0.8192534381139489
2036 0.8193421698576338
2037 0.8194308145240432
2038 0.8195193722412948
2039 0.8196078431372549
2040 0.8196962273395394
2041 0.8197845249755142
2042 0.8198727361722956
2043 0.8199608610567515
2044 0.8200488997555012
2045 0.820136852394917
2046 0.8197361993160723
2047 0.8193359375
2048 0.8194241093216204
2049 0.8195121951219512
2050 0.8196001950268161
2051 0.8196881091617934
2052 0.8197759376522162
2053 0.8198636806231743
2054 0.8199513381995134
2055 0.8200389105058365
2056 0.8201263976665046
2057 0.8197278911564626
2058 0.8198154443904808
2059 0.8199029126213592
2060 0.8199902959728287
2061 0.8200775945683803
2062 0.8201648085312652
2063 0.8202519379844961
2064 0.8198547215496368
2065 0.8199419167473379
2066 0.8200290275761973
2067 0.8201160541586073
2068 0.8197196713388111
2069 0.8198067632850241
2070 0.8198937711250603
2071 0.819980694980695
2072 0.8200675349734684
2073 0.8201542912246866
2074 0.8202409638554217
2075 0.8203275529865125
2076 0.8204140587385652
2077 0.8205004812319538
2078 0.8205868205868206
2079 0.8201923076923077
2080 0.8202787121576165
2081 0.8198847262247838
2082 0.8199711953912626
2083 0.8195777351247601
2084 0.8196642685851319
2085 0.8197507190795782
2086 0.8198370867273599
2087 0.8194444444444444
2088 0.8190521780756342
2089 0.8191387559808613
2090 0.8187470109995217
2091 0.8188336520076482
2092 0.8189202102245581
2093 0.8185291308500477
2094 0.8186157517899761
2095 0.8187022900763359
2096 0.8187887458273725
2097 0.8188751191611058
2098 0.8189614101953311
2099 0.819047619047619
2100 0.8191337458353165
2101 0.8192197906755471
2102 0.8193057536852116
2103 0.8193916349809885
2104 0.8190023752969121
2105 0.8190883190883191
2106 0.8191741813004272
2107 0.8192599620493358
2108 0.8193456614509246
2109 0.819431279620853
2110 0.8195168166745618
2111 0.8196022727272727
2112 0.8196876478939896
2113 0.8197729422894986
2114 0.8198581560283688
2115 0.8199432892249527
2116 0.8200283419933869
2117 0.8201133144475921
2118 0.8197262859839547
2119 0.819811320754717
2120 0.8198962753418199
2121 0.8199811498586239
2122 0.8200659444182761
2123 0.82015065913371
2124 0.8202352941176471
2125 0.8203198494825964
2126 0.8204043253408556
2127 0.8204887218045113
2128 0.8205730389854392
2129 0.8206572769953052
2130 0.8207414359455655
2131 0.8208255159474672
2132 0.8209095171120487
2133 0.8209934395501406
2134 0.8210772833723653
2135 0.8206928838951311
2136 0.8207767898923725
2137 0.8203928905519177
2138 0.820476858345021
2139 0.8205607476635514
2140 0.8201774871555348
2141 0.8202614379084967
2142 0.8198786747550163
2143 0.8199626865671642
2144 0.8200466200466201
2145 0.8201304753028891
2146 0.8202142524452725
2147 0.8198324022346368
2148 0.8194509073987901
2149 0.8195348837209302
2150 0.8196187819618782
2151 0.8197026022304833
2152 0.8197863446353925
2153 0.819870009285051
2154 0.819953596287703
2155 0.8200371057513914
2156 0.8196569309225776
2157 0.8192771084337349
2158 0.8193608151922186
2159 0.8194444444444444
2160 0.8190652475705692
2161 0.8191489361702128
2162 0.8192325473878872
2163 0.8188539741219963
2164 0.8184757505773672
2165 0.8180978762696214
2166 0.8181818181818182
2167 0.8182656826568265
2168 0.8183494698017519
2169 0.8184331797235023
2170 0.8180561953017043
2171 0.8181399631675875
2172 0.8182236539346526
2173 0.8178472861085556
2174 0.8179310344827586
2175 0.8180147058823529
2176 0.8180983004134129
2177 0.8181818181818182
2178 0.8182652592932538
2179 0.818348623853211
2180 0.817973406694177
2181 0.8180568285976169
2182 0.8176820888685296
2183 0.8177655677655677
2184 0.8178489702517162
2185 0.817932296431839
2186 0.8180155464106081
2187 0.8176416819012797
2188 0.8172681589767017
2189 0.8168949771689498
2190 0.8169785486079416
2191 0.8166058394160584
2192 0.8162334701322389
2193 0.8158614402917046
2194 0.8159453302961276
2195 0.8160291438979964
2196 0.8161128812016386
2197 0.816196542311192
2198 0.8162801273306048
2199 0.8163636363636364
2200 0.8164470695138574
2201 0.8165304268846503
2202 0.8166137085792101
2203 0.8162431941923775
2204 0.8163265306122449
2205 0.8164097914777878
2206 0.8164929768917082
2207 0.8165760869565217
2208 0.8166591217745586
2209 0.8167420814479638
2210 0.8163726820443238
2211 0.8164556962025317
2212 0.816086760054225
2213 0.8157181571815718
2214 0.8158013544018059
2215 0.8158844765342961
2216 0.8159675236806495
2217 0.8160504959422904
2218 0.8161333934204597
2219 0.8157657657657658
2220 0.8158487167942369
2221 0.815931593159316
2222 0.8155645524066577
2223 0.8156474820143885
2224 0.8157303370786517
2225 0.8158131176999102
2226 0.8158958239784463
2227 0.8159784560143627
2228 0.8160610139075819
2229 0.8161434977578476
2230 0.8162259076647244
2231 0.8163082437275986
2232 0.8163905060456784
2233 0.8164726947179947
2234 0.8165548098434005
2235 0.8166368515205724
2236 0.8162717925793473
2237 0.8163538873994638
2238 0.8164359088878964
2239 0.8165178571428572
2240 0.8165997322623829
2241 0.8166815343443354
2242 0.8163174320107
2243 0.8163992869875223
2244 0.8164810690423162
2245 0.8165627782724845
2246 0.8166444147752558
2247 0.8162811387900356
2248 0.8163628279235216
2249 0.816
2250 0.8160817414482452
2251 0.8161634103019538
2252 0.8162450066577897
2253 0.8158828748890861
2254 0.8159645232815964
2255 0.8160460992907801
2256 0.8161276030128489
2257 0.8162090345438441
2258 0.816290393979637
2259 0.8163716814159292
2260 0.8160106147722247
2261 0.8160919540229885
2262 0.8157313300927972
2263 0.8158127208480566
2264 0.8154525386313466
2265 0.8155339805825242
2266 0.8156153506837229
2267 0.8156966490299824
2268 0.8157778757161745
2269 0.8158590308370044
2270 0.8159401144870101
2271 0.8160211267605634
2272 0.8161020677518698
2273 0.8157431838170625
2274 0.8158241758241759
2275 0.8159050966608085
2276 0.8155467720685112
2277 0.8156277436347673
2278 0.8157086441421676
2279 0.8157894736842105
2280 0.8158702323542306
2281 0.8159509202453987
2282 0.8160315374507228
2283 0.8161120840630472
2284 0.8161925601750547
2285 0.8162729658792651
2286 0.8163533012680367
2287 0.8164335664335665
2288 0.8165137614678899
2289 0.8165938864628821
2290 0.8166739415102575
2291 0.8167539267015707
2292 0.8168338421282163
2293 0.8169136878814298
2294 0.8169934640522876
2295 0.8170731707317073
2296 0.8171528080104484
2297 0.8172323759791122
2298 0.8173118747281427
2299 0.8173913043478261
2300 0.817470664928292
2301 0.8175499565595135
2302 0.817629179331307
2303 0.8172743055555556
2304 0.817353579175705
2305 0.8174327840416306
2306 0.8175119202427394
2307 0.8175909878682842
2308 0.8176699870073625
2309 0.8177489177489178
2310 0.8178277801817395
2311 0.8179065743944637
2312 0.8179853004755728
2313 0.8176318063958513
2314 0.8177105831533478
2315 0.8173575129533679
2316 0.8174363400949504
2317 0.817083692838654
2318 0.8171625700733075
2319 0.8172413793103448
2320 0.8173201206376561
2321 0.8173987941429802
2322 0.8170469220835127
2323 0.8171256454388984
2324 0.8167741935483871
2325 0.8164230438521066
2326 0.8165019338203696
2327 0.8161512027491409
2328 0.8162301416917132
2329 0.8163090128755365
2330 0.8163878163878164
2331 0.8164665523156089
2332 0.816116588084012
2333 0.8161953727506427
2334 0.8162740899357601
2335 0.8163527397260274
2336 0.8164313222079589
2337 0.8165098374679213
2338 0.8165882855921334
2339 0.8162393162393162
2340 0.8163178129004699
2341 0.8159692570452605
2342 0.816047801963295
2343 0.8161262798634812
2344 0.8162046908315566
2345 0.8158567774936062
2346 0.8155091606305922
2347 0.815587734241908
2348 0.8156662409535973
2349 0.8157446808510638
2350 0.8158230540195661
2351 0.8159013605442177
2352 0.8159796005099873
2353 0.8156329651656754
2354 0.8157112526539279
2355 0.8157894736842105
2356 0.8154433602036487
2357 0.8155216284987278
2358 0.8151759220008478
2359 0.8152542372881356
2360 0.8153324862346464
2361 0.8154106689246401
2362 0.8154887854422345
2363 0.8155668358714044
2364 0.8156448202959831
2365 0.8157227387996618
2366 0.8158005914659907
2367 0.8158783783783784
2368 0.8159560996200929
2369 0.8160337552742616
2370 0.8161113454238718
2371 0.8161888701517707
2372 0.8162663295406658
2373 0.8163437236731256
2374 0.8164210526315789
2375 0.8164983164983165
2376 0.8165755153554901
2377 0.8162321278385197
2378 0.8163093736864229
2379 0.8163865546218487
2380 0.8164636707265854
2381 0.8161209068010076
2382 0.8157784305497272
2383 0.8158557046979866
2384 0.8159329140461216
2385 0.8160100586756077
2386 0.8160871386677838
2387 0.8161641541038526
2388 0.8162411050648807
2389 0.8163179916317992
2390 0.8163948138854036
2391 0.8164715719063546
2392 0.8165482657751776
2393 0.816624895572264
2394 0.8167014613778706
2395 0.8167779632721202
2396 0.8168544013350021
2397 0.816930775646372
2398 0.8170070862859525
2399 0.8170833333333334
2400 0.8171595168679717
2401 0.8172356369691923
2402 0.8173116937161881
2403 0.81738768718802
2404 0.8174636174636175
2405 0.8175394846217788
2406 0.8176152887411716
2407 0.8176910299003323
2408 0.8177667081776671
2409 0.8178423236514523
2410 0.8175031107424305
2411 0.8175787728026535
2412 0.8176543721508496
2413 0.8177299088649544
2414 0.8178053830227743
2415 0.8178807947019867
2416 0.8179561439801407
2417 0.8180314309346567
2418 0.8181066556428276
2419 0.8177685950413223
2420 0.8178438661710037
2421 0.8179190751445087
2422 0.8179942220387949
2423 0.818069306930693
2424 0.8181443298969072
2425 0.8182192910140148
2426 0.8182941903584673
2427 0.8183690280065898
2428 0.8184438040345822
2429 0.8185185185185185
2430 0.8181818181818182
2431 0.8182565789473685
2432 0.8183312782572956
2433 0.8184059161873459
2434 0.8184804928131417
2435 0.8185550082101807
2436 0.8182191218711531
2437 0.8182936833470057
2438 0.8179581795817958
2439 0.8180327868852459
2440 0.8181073330602212
2441 0.8181818181818182
2442 0.817846909537454
2443 0.8179214402618658
2444 0.8175869120654397
2445 0.8176614881439084
2446 0.8177360032693094
2447 0.8174019607843137
2448 0.8174765210289914
2449 0.8175510204081633
2450 0.8172174622603019
2451 0.816884176182708
2452 0.8165511618426416
2453 0.8166259168704156
2454 0.8162932790224032
2455 0.8163680781758957
2456 0.816035816035816
2457 0.8161106590724166
2458 0.8161854412362749
2459 0.816260162601626
2460 0.8163348232425843
2461 0.8164094232331438
2462 0.8164839626471783
2463 0.8165584415584416
2464 0.8166328600405679
2465 0.8167072181670721
2466 0.8167815160113499
2467 0.8168557536466775
2468 0.816929931146213
2469 0.8170040485829959
2470 0.8170781060299473
2471 0.8171521035598706
2472 0.8168216740800647
2473 0.816895715440582
2474 0.816969696969697
2475 0.817043618739903
2476 0.8171174808235769
2477 0.8171912832929782
2478 0.8172650262202501
2479 0.8173387096774194
2480 0.8174123337363967
2481 0.8174858984689767
2482 0.8175594039468385
2483 0.8176328502415459
2484 0.8177062374245473
2485 0.8177795655671762
2486 0.8178528347406514
2487 0.8179260450160771
2488 0.8179991964644435
2489 0.8180722891566266
2490 0.8181453231633882
2491 0.8178170144462279
2492 0.8174889691135179
2493 0.8175621491579792
2494 0.8176352705410822
2495 0.8177083333333334
2496 0.8173808570284341
2497 0.8174539631705364
2498 0.8175270108043218
2499 0.8176
2500 0.8176729308276689
2501 0.8177458033573142
2502 0.8178186176588095
2503 0.8178913738019169
2504 0.8179640718562874
2505 0.8180367118914605
2506 0.8181092939768648
2507 0.8181818181818182
2508 0.8182542845755281
2509 0.8183266932270916
2510 0.8183990442054958
2511 0.8184713375796179
2512 0.8185435734182253
2513 0.8182179793158313
2514 0.8182902584493041
2515 0.818362480127186
2516 0.8180373460468812
2517 0.818109610802224
2518 0.8181818181818182
2519 0.8182539682539682
2520 0.8183260610868703
2521 0.8183980967486122
2522 0.818470075307174
2523 0.8185419968304279
2524 0.8186138613861386
2525 0.8186856690419636
2526 0.8187574198654531
2527 0.8188291139240507
2528 0.8189007512850929
2529 0.8189723320158103
2530 0.8190438561833268
2531 0.8191153238546603
2532 0.8191867350967232
2533 0.819258089976322
2534 0.8193293885601578
2535 0.8194006309148265
2536 0.8190776507686244
2537 0.8191489361702128
2538 0.8188263095706971
2539 0.8188976377952756
2540 0.8189689098780008
2541 0.8190401258851299
2542 0.8191112858828156
2543 0.8191823899371069
2544 0.8192534381139489
2545 0.819324430479183
2546 0.8193953670985473
2547 0.8194662480376766
2548 0.8195370733621028
2549 0.8192156862745098
2550 0.8192865542924344
2551 0.8193573667711599
2552 0.8190364277320799
2553 0.8191072826938136
2554 0.8191780821917808
2555 0.8192488262910798
2556 0.8193195150567071
2557 0.8193901485535575
2558 0.8194607268464243
2559 0.81953125
2560 0.8192112456071847
2561 0.8188914910226386
2562 0.8189621537261023
2563 0.8190327613104524
2564 0.819103313840156
2565 0.8191738113795791
2566 0.819244253992988
2567 0.8193146417445483
2568 0.8193849746983262
2569 0.8194552529182879
2570 0.8195254764683003
2571 0.8195956454121306
2572 0.8192771084337349
2573 0.8193473193473193
2574 0.8194174757281554
2575 0.8194875776397516
2576 0.819557625145518
2577 0.8196276183087665
2578 0.8196975571927103
2579 0.8197674418604651
2580 0.8198372723750484
2581 0.8195197521301317
2582 0.8195896244676733
2583 0.8192724458204335
2584 0.8193423597678917
2585 0.8190255220417634
2586 0.8190954773869347
2587 0.8191653786707882
2588 0.8192352259559675
2589 0.8189189189189189
2590 0.8189888074102664
2591 0.8190586419753086
2592 0.8187427689934439
2593 0.8188126445643793
2594 0.8188824662813102
2595 0.8189522342064715
2596 0.8190219484020023
2597 0.8190916089299461
2598 0.8191612158522509
2599 0.8192307692307692
2600 0.8193002691272587
2601 0.819369715603382
2602 0.8194391087207069
2603 0.8195084485407066
2604 0.8195777351247601
2605 0.819646968534152
2606 0.8197161488300729
2607 0.8194018404907976
2608 0.8194710617094673
2609 0.8195402298850575
2610 0.819609345078514
2611 0.8196784073506891
2612 0.8197474167623421
2613 0.8198163733741393
2614 0.8198852772466539
2615 0.819954128440367
2616 0.8200229270156668
2617 0.8197097020626433
2618 0.819778541428026
2619 0.8194656488549619
2620 0.8195345288057994
2621 0.8192219679633868
2622 0.8192908882958444
2623 0.819359756097561
2624 0.8194285714285714
2625 0.8194973343488196
2626 0.8195660449181575
2627 0.819634703196347
2628 0.8193229364777482
2629 0.8193916349809885
2630 0.8194602812618776
2631 0.8195288753799392
2632 0.8195974173946069
2633 0.819665907365224
2634 0.8197343453510436
2635 0.8198027314112292
2636 0.819871065604854
2637 0.8199393479909022
2638 0.8200075786282682
2639 0.8200757575757576
2640 0.8197652404392276
2641 0.8198334595003784
2642 0.8199016269390844
2643 0.8195915279878971
2644 0.8196597353497165
2645 0.8197278911564626
2646 0.8197959954665659
2647 0.8198640483383686
2648 0.8199320498301246
2649 0.82
2650 0.8196906827612221
2651 0.8197586726998491
2652 0.8198266113833396
2653 0.8198944988696307
2654 0.8199623352165725
2655 0.8200301204819277
2656 0.8200978547233723
2657 0.8201655379984951
2658 0.8198570891312523
2659 0.8195488721804511
2660 0.8196166854565953
2661 0.8196844477836214
2662 0.8193766428839655
2663 0.8194444444444444
2664 0.8195121951219512
2665 0.8195798949737434
2666 0.8192725909261342
2667 0.8189655172413793
2668 0.8190333458224054
2669 0.8191011235955056
2670 0.8191688506177461
2671 0.8192365269461078
2672 0.819304152637486
2673 0.819371727748691
2674 0.8194392523364487
2675 0.8195067264573991
2676 0.8192005976839746
2677 0.8192681105302465
2678 0.8193355729749907
2679 0.8190298507462687
2680 0.8190973517344274
2681 0.8191648023862789
2682 0.8188594856503913
2683 0.8189269746646796
2684 0.8189944134078212
2685 0.8186895011169024
2686 0.8187569780424265
2687 0.8188244047619048
2688 0.81889178133135
2689 0.8189591078066915
2690 0.8190263842437755
2691 0.8190936106983655
2692 0.8191607872261418
2693 0.8188567186340014
2694 0.8189239332096475
2695 0.8189910979228486
2696 0.8190582128290693
2697 0.8191252779836916
2698 0.8188217858466098
2699 0.8188888888888889
2700 0.8189559422436135
2701 0.8190229459659512
2702 0.8187199408065113
2703 0.8187869822485208
2704 0.8188539741219963
2705 0.8189209164818921
2706 0.8189878093830809
2707 0.8190546528803545
2708 0.8187523071244002
2709 0.8188191881918819
2710 0.8188860199188491
2711 0.818952802359882
2712 0.8190195355694803
2713 0.8190862196020634
2714 0.8191528545119705
2715 0.8188512518409425
2716 0.8189179241810821
2717 0.8189845474613686
2718 0.8190511217359323
2719 0.8191176470588235
2720 0.8191841234840133
2721 0.8192505510653931
2722 0.8193169298567756
2723 0.8193832599118943
2724 0.8194495412844036
2725 0.8195157740278797
2726 0.8195819581958196
2727 0.8196480938416423
2728 0.8193477464272627
2729 0.8194139194139194
2730 0.8194800439399488
2731 0.8195461200585652
2732 0.8192462495426271
2733 0.8193123628383321
2734 0.8193784277879342
2735 0.8194444444444444
2736 0.8195104128607965
2737 0.8192111029948868
2738 0.8192771084337349
2739 0.8193430656934306
2740 0.8190441444728201
2741 0.8191101385849745
2742 0.8191760845789282
2743 0.8188775510204082
2744 0.8189435336976321
2745 0.8186453022578296
2746 0.8187113214415727
2747 0.8187772925764192
2748 0.8188432157148053
2749 0.8189090909090909
2750 0.8189749182115594
2751 0.8186773255813954
2752 0.818743189248093
2753 0.8188090050835148
2754 0.8185117967332124
2755 0.8182148040638607
2756 0.8182807399347116
2757 0.8183466279912981
2758 0.8184124682856108
2759 0.8184782608695652
2760 0.8185440057950019
2761 0.8186097031136857
2762 0.8186753528773073
2763 0.8187409551374819
2764 0.8188065099457504
2765 0.8188720173535792
2766 0.8185760751716661
2767 0.8182803468208093
2768 0.8183459732755507
2769 0.8180505415162455
2770 0.8181162035366294
2771 0.8181818181818182
2772 0.8182473855030653
2773 0.8179524152847873
2774 0.8176576576576576
2775 0.8177233429394812
2776 0.8177889809146561
2777 0.8178545716342692
2778 0.8179201151493343
2779 0.8179856115107914
2780 0.8180510607695074
2781 0.818116462976276
2782 0.8178224937118218
2783 0.8175287356321839
2784 0.8175942549371634
2785 0.8176597272074659
2786 0.8177251524937208
2787 0.8177905308464849
2788 0.8178558623162424
2789 0.817921146953405
2790 0.8179863848083124
2791 0.8180515759312321
2792 0.8181167203723595
2793 0.8181818181818182
2794 0.8182468694096601
2795 0.8183118741058655
2796 0.8183768323203432
2797 0.818084345961401
2798 0.8181493390496606
2799 0.8182142857142857
2800 0.817922170653338
2801 0.8179871520342612
2802 0.8180520870495898
2803 0.81811697574893
2804 0.8181818181818182
2805 0.8182466143977192
2806 0.8183113644460278
2807 0.8183760683760684
2808 0.8180847276610893
2809 0.8181494661921708
2810 0.8178584133760227
2811 0.8175675675675675
2812 0.8176324209029506
2813 0.8173418621179815
2814 0.8174067495559503
2815 0.8171164772727273
2816 0.8171813986510472
2817 0.8168914123491838
2818 0.8169563675062079
2819 0.8170212765957446
2820 0.8167316554413329
2821 0.8167965981573352
2822 0.8168614948636203
2823 0.8169263456090652
2824 0.8169911504424778
2825 0.8170559094125973
2826 0.8167668906968518
2827 0.8168316831683168
2828 0.8168964298338636
2829 0.8169611307420495
2830 0.8170257859413634
2831 0.817090395480226
2832 0.817154959406989
2833 0.8168666196189132
2834 0.816931216931217
2835 0.8169957686882934
2836 0.8170602749383151
2837 0.8171247357293869
2838 0.8168369144064812
2839 0.8169014084507042
2840 0.8169658570925731
2841 0.817030260380014
2842 0.8170946183608864
2843 0.8171589310829818
2844 0.8172231985940246
2845 0.8172874209416725
2846 0.817351598173516
2847 0.8174157303370787
2848 0.8174798174798175
2849 0.8175438596491228
2850 0.8172571027709575
2851 0.8173211781206171
2852 0.8170347003154574
2853 0.8170988086895585
2854 0.8171628721541155
2855 0.8172268907563025
2856 0.8169408470423521
2857 0.8170048985304409
2858 0.8167191325638335
2859 0.8167832167832167
2860 0.8168472562041245
2861 0.8165618448637316
2862 0.8166259168704156
2863 0.8163407821229051
2864 0.8164048865619546
2865 0.8161200279134683
2866 0.8161841646320195
2867 0.8162482566248257
2868 0.8159637504356919
2869 0.8156794425087108
2870 0.8157436433298503
2871 0.8158077994428969
2872 0.8158719108945354
2873 0.8155880306193458
2874 0.8156521739130435
2875 0.8157162726008345
2876 0.8157803267292318
2877 0.8158443363446838
2878 0.8159083014935742
2879 0.8159722222222222
2880 0.816036098576883
2881 0.8160999306037474
2882 0.8158168574401665
2883 0.815880721220527
2884 0.8159445407279029
2885 0.816008316008316
2886 0.8160720471077243
2887 0.8157894736842105
2888 0.8155070958809276
2889 0.8155709342560553
2890 0.8156347284676583
2891 0.8156984785615491
2892 0.8154165226408573
2893 0.8154803040774016
2894 0.8155440414507772
2895 0.8156077348066298
2896 0.815671384190542
2897 0.8157349896480331
2898 0.8157985512245602
2899 0.8158620689655173
2900 0.8159255429162358
2901 0.8159889731219848
2902 0.8160523596279711
2903 0.8161157024793388
2904 0.8158347676419966
2905 0.8158981417756366
2906 0.8159614723082216
2907 0.8160247592847317
2908 0.816088002750086
2909 0.815807560137457
2910 0.8158708347646857
2911 0.8159340659340659
2912 0.8159972536903536
2913 0.8160603980782429
2914 0.816123499142367
2915 0.815843621399177
2916 0.8159067535138841
2917 0.8159698423577793
2918 0.815690304898938
2919 0.8157534246575342
2920 0.8158165011982198
2921 0.8158795345653662
2922 0.8159425248032843
2923 0.8156634746922025
2924 0.8157264957264957
2925 0.8157894736842105
2926 0.8158524086094978
2927 0.8159153005464481
2928 0.8159781495390919
2929 0.8160409556313993
2930 0.8157625383828045
2931 0.8158253751705321
2932 0.8158881691101262
2933 0.8159509202453987
2934 0.8160136286201022
2935 0.8157356948228883
2936 0.8157984337759618
2937 0.815861130020422
2938 0.815923783599864
2939 0.8156462585034013
2940 0.8153689221353281
2941 0.8154316791298436
2942 0.8154943934760448
2943 0.8152173913043478
2944 0.8152801358234295
2945 0.8153428377460964
2946 0.8154054971157109
2947 0.8154681139755766
2948 0.8155306883689386
2949 0.8155932203389831
2950 0.8156557099288377
2951 0.8157181571815718
2952 0.8157805621401965
2953 0.8158429248476642
2954 0.8155668358714044
2955 0.8156292286874154
2956 0.815691579303348
2957 0.8154158215010142
2958 0.8154782020953024
2959 0.8155405405405406
2960 0.8156028368794326
2961 0.8156650911546253
2962 0.8157273034087074
2963 0.8157894736842105
2964 0.8158516020236087
2965 0.815913688469319
2966 0.8159757330637007
2967 0.8160377358490566
2968 0.8157628831256315
2969 0.8158249158249158
2970 0.8158869067653989
2971 0.8159488559892328
2972 0.8160107635385133
2973 0.816072629455279
2974 0.8161344537815126
2975 0.8161962365591398
2976 0.8162579778300302
2977 0.8163196776359973
2978 0.8163813360187983
2979 0.8164429530201343
2980 0.8165045286816505
2981 0.8165660630449363
2982 0.8166275561515253
2983 0.8166890080428955
2984 0.816750418760469
2985 0.8168117883456129
2986 0.8165383327753599
2987 0.8162650602409639
2988 0.8163265306122449
2989 0.8163879598662207
2990 0.8164493480441324
2991 0.8165106951871658
2992 0.8165720013364517
2993 0.8162992651970608
2994 0.8163606010016694
2995 0.8160881174899867
2996 0.8161494828161495
2997 0.8162108072048032
2998 0.816272090696899
2999 0.8163333333333334
3000 0.8163945351549483
3001 0.8164556962025317
3002 0.8165168165168165
3003 0.8162450066577897
3004 0.81630615640599
3005 0.8163672654690619
3006 0.8164283338875956
3007 0.8164893617021277
3008 0.8165503489531406
3009 0.8166112956810632
3010 0.8166722019262703
3011 0.8167330677290837
3012 0.816793893129771
3013 0.8168546781685467
3014 0.8169154228855722
3015 0.8169761273209549
3016 0.8170367915147497
3017 0.8170974155069582
3018 0.817157999337529
3019 0.8168874172185431
3020 0.8169480304534922
3021 0.8170086035737922
3022 0.8170691366192524
3023 0.8171296296296297
3024 0.8171900826446281
3025 0.8172504957038995
3026 0.8169805087545424
3027 0.8170409511228534
3028 0.8171013535820403
3029 0.8171617161716171
3030 0.8172220389310458
3031 0.8172823218997362
3032 0.8173425651170458
3033 0.8174027686222808
3034 0.8171334431630972
3035 0.8168642951251647
3036 0.8169245966414225
3037 0.8166556945358788
3038 0.8167160250082264
3039 0.8167763157894737
3040 0.8168365669187767
3041 0.81689677843524
3042 0.8169569503779165
3043 0.8170170827858082
3044 0.8170771756978653
3045 0.8171372291529875
3046 0.817197243190023
3047 0.8172572178477691
3048 0.8173171531649721
3049 0.8170491803278689
3050 0.8171091445427728
3051 0.8171690694626474
3052 0.8172289551261055
3053 0.8172888015717092
3054 0.8173486088379706
3055 0.8170811518324608
3056 0.8171409878966307
3057 0.8172007848266841
3058 0.8172605426610003
3059 0.8169934640522876
3060 0.8170532505717086
3061 0.8171129980404964
3062 0.8171727064968984
3063 0.8172323759791122
3064 0.8172920065252854
3065 0.817351598173516
3066 0.817411150961852
3067 0.8171447196870926
3068 0.8172043010752689
3069 0.8172638436482085
3070 0.8173233474438294
3071 0.8173828125
3072 0.8174422388545395
3073 0.8171763175016266
3074 0.8172357723577236
3075 0.8169700910273082
3076 0.8170295742606435
3077 0.8170890188434048
3078 0.817148424813251
3079 0.8172077922077922
3080 0.8172671210645894
3081 0.8173264114211551
3082 0.817385663314953
3083 0.8174448767833982
3084 0.8175040518638573
3085 0.8175631885936487
3086 0.8176222870100421
3087 0.8176813471502591
3088 0.817740369051473
3089 0.8174757281553398
3090 0.8172112584923973
3091 0.8172703751617076
3092 0.8173294536049143
3093 0.8170652876535229
3094 0.8168012924071082
3095 0.8168604651162791
3096 0.8169195996125282
3097 0.8169786959328599
3098 0.8170377541142304
3099 0.8170967741935484
3100 0.8171557562076749
3101 0.8172147001934236
3102 0.8172736061875604
3103 0.8173324742268041
3104 0.8173913043478261
3105 0.8174500965872504
3106 0.8175088509816544
3107 0.8175675675675675
3108 0.8176262463814732
3109 0.817684887459807
3110 0.8177434908389586
3111 0.8174807197943444
3112 0.8175393511082557
3113 0.8175979447655748
3114 0.8176565008025682
3115 0.8177150192554558
3116 0.8174526788578762
3117 0.8175112251443233
3118 0.8175697338890671
3119 0.8176282051282051
3120 0.8176866388977891
3121 0.8177450352338245
3122 0.8174831892411143
3123 0.8175416133162612
3124 0.8176
3125 0.817658349328215
3126 0.8177166613367445
3127 0.8177749360613811
3128 0.8178331735378715
3129 0.8178913738019169
3130 0.8179495368891728
3131 0.8176883780332056
3132 0.8177465687839132
3133 0.8178047223994894
3134 0.8178628389154705
3135 0.8176020408163265
3136 0.8176601848900223
3137 0.8177182919056724
3138 0.8174577891048105
3139 0.8171974522292994
3140 0.8172556510665393
3141 0.8173138128580522
3142 0.8173719376391982
3143 0.8174300254452926
3144 0.8174880763116057
3145 0.817546090273363
3146 0.8176040673657452
3147 0.8176620076238882
3148 0.8177199110828834
3149 0.8177777777777778
3150 0.8178356077435734
3151 0.8178934010152284
3152 0.8179511576276562
3153 0.8176918199112239
3154 0.8177496038034865
3155 0.8178073510773131
3156 0.8178650617675008
3157 0.817922735908803
3158 0.8179803735359291
3159 0.8180379746835443
3160 0.8180955393862702
3161 0.8181530676786843
3162 0.817894404046791
3163 0.8179519595448799
3164 0.8180094786729858
3165 0.8180669614655717
3166 0.8181244079570571
3167 0.8181818181818182
3168 0.8182391921741874
3169 0.8182965299684543
3170 0.8183538315988647
3171 0.8180958385876419
3172 0.8181531673495115
3173 0.8178954001260239
3174 0.8176377952755906
3175 0.8176952141057935
3176 0.817752596789424
3177 0.8178099433606042
3178 0.817867253853413
3179 0.8179245283018868
3180 0.8179817667400189
3181 0.8180389692017599
3182 0.8180961357210179
3183 0.8181532663316583
3184 0.8182103610675039
3185 0.8182674199623352
3186 0.8183244430498902
3187 0.8183814303638645
3188 0.8184383819379115
3189 0.8184952978056427
3190 0.8185521780006267
3191 0.818609022556391
3192 0.8186658315064202
3193 0.8187226048841578
3194 0.8187793427230047
3195 0.8188360450563203
3196 0.8188927119174226
3197 0.8189493433395872
3198 0.8190059393560488
3199 0.8190625
3200 0.8191190253045924
3201 0.8188632104934416
3202 0.8186075554167968
3203 0.8186641697877652
3204 0.818408736349454
3205 0.8184653774173425
3206 0.8185219831618334
3207 0.8182668329177057
3208 0.8183234652539731
3209 0.8183800623052959
3210 0.8184366241046404
3211 0.8184931506849316
3212 0.8185496420790539
3213 0.8186060983198507
3214 0.8186625194401245
3215 0.8187189054726368
3216 0.8187752564501088
3217 0.8188315724052206
3218 0.818887853370612
3219 0.818944099378882
3220 0.8186898478733312
3221 0.818746120422098
3222 0.8188023580515048
3223 0.8188585607940446
3224 0.8189147286821705
3225 0.8189708617482951
3226 0.8190269600247908
3227 0.8190830235439901
3228 0.8191390523381852
3229 0.8188854489164087
3230 0.8186320024760136
3231 0.8186881188118812
3232 0.8187442004330343
3233 0.8188002473716759
3234 0.8185471406491499
3235 0.8186032138442522
3236 0.8186592523941921
3237 0.8184064237183447
3238 0.8184624884223526
3239 0.8185185185185185
3240 0.818265967294045
3241 0.8183220234423195
3242 0.8183780450200432
3243 0.8184340320591862
3244 0.8184899845916795
3245 0.8185459026494146
3246 0.818601786264244
3247 0.8186576354679803
3248 0.8184056632810095
3249 0.8181538461538461
3250 0.8182097816056598
3251 0.8182656826568265
3252 0.8183215493390716
3253 0.8183773816840811
3254 0.8184331797235023
3255 0.8184889434889435
3256 0.8185446730119742
3257 0.8186003683241252
3258 0.8186560294568886
3259 0.8187116564417178
3260 0.8187672493100276
3261 0.8188228080931944
3262 0.8185718663806313
3263 0.8186274509803921
3264 0.8186830015313936
3265 0.8187385180649112
3266 0.8184879093970003
3267 0.8185434516523867
3268 0.818598959926583
3269 0.8186544342507646
3270 0.8187098746560685
3271 0.8187652811735942
3272 0.8188206538344027
3273 0.8188759926695174
3274 0.8189312977099237
3275 0.818986568986569
3276 0.8190418065303632
3277 0.8187919463087249
3278 0.8185422384873438
3279 0.8185975609756098
3280 0.8186528497409327
3281 0.8184034125533212
3282 0.8184587267742918
3283 0.8182095006090134
3284 0.8182648401826484
3285 0.8183201460742544
3286 0.8183754183145726
3287 0.8184306569343066
3288 0.8181818181818182
3289 0.8182370820668693
3290 0.8182923123670617
3291 0.8183475091130012
3292 0.8180989978742788
3293 0.8181542197935641
3294 0.8182094081942337
3295 0.8182645631067961
3296 0.8183196845617228
3297 0.8180715585203153
3298 0.81812670506214
3299 0.8181818181818182
3300 0.8182368979097243
3301 0.8182919442761962
3302 0.818346957311535
3303 0.8184019370460048
3304 0.8184568835098336
3305 0.8185117967332124
3306 0.8185666767462957
3307 0.8186215235792019
3308 0.8183741311574494
3309 0.8181268882175227
3310 0.8178797946239806
3311 0.8179347826086957
3312 0.8179897373981286
3313 0.8180446590223295
3314 0.8180995475113122
3315 0.8181544028950543
3316 0.8182092252034971
3317 0.8182640144665461
3318 0.8183187707140706
3319 0.8183734939759036
3320 0.8181270701595905
3321 0.8181818181818182
3322 0.8182365332530845
3323 0.8179903730445247
3324 0.8177443609022557
3325 0.817498496692724
3326 0.8175533513675984
3327 0.8173076923076923
3328 0.8173625713427456
3329 0.8174174174174175
3330 0.817472230561393
3331 0.8175270108043218
3332 0.8172817281728173
3333 0.8173365326934613
3334 0.8173913043478261
3335 0.8171462829736211
3336 0.8172010788133054
3337 0.81725584182145
3338 0.8173105720275532
3339 0.8173652694610778
3340 0.8174199341514516
3341 0.817474566128067
3342 0.8175291654202812
3343 0.8175837320574163
3344 0.8176382660687593
3345 0.8176927674835625
3346 0.8177472363310427
3347 0.8178016726403823
3348 0.8178560764407286
3349 0.817910447761194
3350 0.8179647866308565
3351 0.818019093078759
3352 0.8180733671339099
3353 0.8181276088252832
3354 0.8181818181818182
3355 0.8182359952324195
3356 0.8182901400059577
3357 0.8183442525312686
3358 0.8183983328371539
3359 0.8184523809523809
3360 0.8185063969056828
3361 0.8185603807257584
3362 0.8186143324412727
3363 0.8186682520808561
3364 0.8187221396731055
3365 0.8187759952465835
3366 0.8185328185328186
3367 0.8182897862232779
3368 0.8183437221727515
3369 0.8183976261127597
3370 0.8184514980717887
3371 0.8185053380782918
3372 0.8185591461606878
3373 0.8186129223473622
3374 0.8186666666666667
3375 0.8187203791469194
3376 0.818774059816405
3377 0.8188277087033747
3378 0.8188813258360461
3379 0.8189349112426035
3380 0.818692694469092
3381 0.8187463039621525
3382 0.8187998817617499
3383 0.818853427895981
3384 0.8189069423929098
3385 0.818960425280567
3386 0.8190138765869501
3387 0.8190672963400236
3388 0.8191206845677191
3389 0.8191740412979351
3390 0.8192273665585373
3391 0.8189858490566038
3392 0.8187444739168878
3393 0.8185032410135533
3394 0.8185567010309278
3395 0.8186101295641932
3396 0.8186635266411539
3397 0.8187168922895821
3398 0.8187702265372169
3399 0.8188235294117647
3400 0.8188768009408998
3401 0.8186360964138741
3402 0.8186893917131942
3403 0.8187426556991775
3404 0.8187958883994126
3405 0.8188490898414562
3406 0.8189022600528324
3407 0.8186619718309859
3408 0.818715165737753
3409 0.8187683284457478
3410 0.8188214599824098
3411 0.8188745603751465
3412 0.8189276296513331
3413 0.8189806678383128
3414 0.8190336749633967
3415 0.8190866510538641
3416 0.8191395961369623
3417 0.8191925102399064
3418 0.8192453933898801
3419 0.8192982456140351
3420 0.8190587547500731
3421 0.8191116306253653
3422 0.8191644756061934
3423 0.8192172897196262
3424 0.8192700729927007
3425 0.8193228254524226
3426 0.819375547125766
3427 0.8194282380396732
3428 0.8194808982210557
3429 0.819533527696793
3430 0.819294666278053
3431 0.8190559440559441
3432 0.8191086513253714
3433 0.8191613278974956
3434 0.8189228529839884
3435 0.818975552968568
3436 0.8190282222868781
3437 0.8190808609656777
3438 0.8191334690316953
3439 0.8191860465116279
3440 0.8192385934321418
3441 0.8190005810575247
3442 0.8187627069416207
3443 0.818815331010453
3444 0.8188679245283019
3445 0.8189204875217644
3446 0.8189730200174065
3447 0.8190255220417634
3448 0.8187880545085532
3449 0.8188405797101449
3450 0.8186033033903216
3451 0.8186558516801854
3452 0.8187083695337388
3453 0.8187608569774175
3454 0.8185238784370478
3455 0.8182870370370371
3456 0.8183396008099508
3457 0.8183921341816078
3458 0.8181555362821624
3459 0.8182080924855492
3460 0.8182606183184051
3461 0.818313113807048
3462 0.8180768120127058
3463 0.8181293302540416
3464 0.8178932178932179
3465 0.8179457587997692
3466 0.8179982693971733
3467 0.8180507497116494
3468 0.818103199769386
3469 0.8181556195965418
3470 0.8182080092192452
3471 0.8182603686635944
3472 0.818312697955658
3473 0.8183649971214738
3474 0.8184172661870504
3475 0.8181818181818182
3476 0.818234109864826
3477 0.8182863714778609
3478 0.8183386030468526
3479 0.8183908045977012
3480 0.8181557023843723
3481 0.8182079264790351
3482 0.8179730117714614
3483 0.8180252583237658
3484 0.8177905308464849
3485 0.8178427997705107
3486 0.817895038715228
3487 0.8176605504587156
3488 0.8177128116938951
3489 0.8174785100286533
3490 0.8175307934689201
3491 0.8172966781214204
3492 0.817348983681649
3493 0.81740125930166
3494 0.8171673819742489
3495 0.8172196796338673
3496 0.8172719473834715
3497 0.8173241852487135
3498 0.8173763932552158
3499 0.8171428571428572
3500 0.8171950871179663
3501 0.8172472872644203
3502 0.8172994576077648
3503 0.817351598173516
3504 0.8174037089871612
3505 0.8174557900741586
3506 0.8175078414599373
3507 0.8175598631698974
3508 0.81761185522941
3509 0.8176638176638177
3510 0.8177157504984335
3511 0.8177676537585421
3512 0.8178195274693993
3513 0.8178713716562322
3514 0.817923186344239
3515 0.8179749715585893
3516 0.8180267273244243
3517 0.8180784536668562
3518 0.818130150610969
3519 0.8178977272727272
3520 0.8179494461800625
3521 0.8180011357183419
3522 0.8180527959125745
3523 0.8181044267877412
3524 0.8181560283687943
3525 0.818207600680658
3526 0.8179756166713921
3527 0.8180272108843537
3528 0.8180787758571834
3529 0.8181303116147309
3530 0.8181818181818182
3531 0.818233295583239
3532 0.8182847438437588
3533 0.8183361629881154
3534 0.8181046676096181
3535 0.8178733031674208
3536 0.8176420695504665
3537 0.8176936122102882
3538 0.817745125741735
3539 0.8177966101694916
3540 0.8178480655182152
3541 0.8178994918125353
3542 0.8176686423934518
3543 0.8177200902934537
3544 0.817771509167842
3545 0.8178228990411731
3546 0.8175923315477869
3547 0.8176437429537767
3548 0.817695125387433
3549 0.8174647887323944
3550 0.8175161926217966
3551 0.817286036036036
3552 0.8173374613003096
3553 0.8171074845244795
3554 0.8171589310829818
3555 0.8172103487064117
3556 0.8172617374191734
3557 0.8173130972456436
3558 0.8173644282101714
3559 0.8171348314606741
3560 0.8171861836562764
3561 0.8172375070185289
3562 0.8172888015717092
3563 0.8173400673400674
3564 0.8173913043478261
3565 0.8174425126191811
3566 0.8174936921783011
3567 0.8172645739910314
3568 0.8173157747268143
3569 0.8173669467787115
3570 0.8171380565667881
3571 0.8171892497200448
3572 0.8172404142177442
3573 0.817011751538892
