0 0.0
1 0.0
2 0.3333333333333333
3 0.5
4 0.4
5 0.5
6 0.42857142857142855
7 0.5
8 0.4444444444444444
9 0.5
10 0.5454545454545454
11 0.5
12 0.5384615384615384
13 0.5714285714285714
14 0.6
15 0.625
16 0.6470588235294118
17 0.6666666666666666
18 0.6842105263157895
19 0.65
20 0.6666666666666666
21 0.6818181818181818
22 0.6956521739130435
23 0.7083333333333334
24 0.68
25 0.6538461538461539
26 0.6666666666666666
27 0.6785714285714286
28 0.6896551724137931
29 0.7
30 0.6774193548387096
31 0.6875
32 0.696969696969697
33 0.7058823529411765
34 0.7142857142857143
35 0.7222222222222222
36 0.7297297297297297
37 0.7368421052631579
38 0.7435897435897436
39 0.75
40 0.7560975609756098
41 0.7380952380952381
42 0.7209302325581395
43 0.7045454545454546
44 0.6888888888888889
45 0.6956521739130435
46 0.6808510638297872
47 0.6875
48 0.6938775510204082
49 0.7
50 0.7058823529411765
51 0.6923076923076923
52 0.6981132075471698
53 0.7037037037037037
54 0.7090909090909091
55 0.6964285714285714
56 0.7017543859649122
57 0.6896551724137931
58 0.6779661016949152
59 0.6833333333333333
60 0.6885245901639344
61 0.6935483870967742
62 0.6825396825396826
63 0.6875
64 0.6923076923076923
65 0.696969696969697
66 0.7014925373134329
67 0.7058823529411765
68 0.6956521739130435
69 0.7
70 0.704225352112676
71 0.7083333333333334
72 0.7123287671232876
73 0.7027027027027027
74 0.7066666666666667
75 0.6973684210526315
76 0.7012987012987013
77 0.7051282051282052
78 0.7088607594936709
79 0.7125
80 0.7160493827160493
81 0.7195121951219512
82 0.7228915662650602
83 0.7261904761904762
84 0.7294117647058823
85 0.7325581395348837
86 0.735632183908046
87 0.7386363636363636
88 0.7415730337078652
89 0.7333333333333333
90 0.7362637362637363
91 0.7391304347826086
92 0.7419354838709677
93 0.7340425531914894
94 0.7368421052631579
95 0.7291666666666666
96 0.7319587628865979
97 0.7244897959183674
98 0.7272727272727273
99 0.73
100 0.7227722772277227
101 0.7254901960784313
102 0.7281553398058253
103 0.7307692307692307
104 0.7333333333333333
105 0.7358490566037735
106 0.7289719626168224
107 0.7314814814814815
108 0.7339449541284404
109 0.7363636363636363
110 0.7387387387387387
111 0.7410714285714286
112 0.7345132743362832
113 0.7368421052631579
114 0.7391304347826086
115 0.7327586206896551
116 0.7350427350427351
117 0.7372881355932204
118 0.7394957983193278
119 0.7416666666666667
120 0.743801652892562
121 0.7459016393442623
122 0.7479674796747967
123 0.75
124 0.752
125 0.746031746031746
126 0.7480314960629921
127 0.75
128 0.751937984496124
129 0.7461538461538462
130 0.7404580152671756
131 0.7424242424242424
132 0.7443609022556391
133 0.7388059701492538
134 0.7333333333333333
135 0.7352941176470589
136 0.7372262773722628
137 0.7391304347826086
138 0.7410071942446043
139 0.7428571428571429
140 0.7446808510638298
141 0.7464788732394366
142 0.7482517482517482
143 0.7430555555555556
144 0.7448275862068966
145 0.7465753424657534
146 0.7482993197278912
147 0.75
148 0.7449664429530202
149 0.7466666666666667
150 0.7483443708609272
151 0.75
152 0.7450980392156863
153 0.7467532467532467
154 0.7419354838709677
155 0.7435897435897436
156 0.7452229299363057
157 0.7468354430379747
158 0.7484276729559748
159 0.75
160 0.7453416149068323
161 0.7469135802469136
162 0.7484662576687117
163 0.75
164 0.7515151515151515
165 0.7469879518072289
166 0.7485029940119761
167 0.75
168 0.7514792899408284
169 0.7529411764705882
170 0.7543859649122807
171 0.7558139534883721
172 0.7572254335260116
173 0.7586206896551724
174 0.7542857142857143
175 0.75
176 0.7457627118644068
177 0.7471910112359551
178 0.7430167597765364
179 0.7444444444444445
180 0.7458563535911602
181 0.7472527472527473
182 0.7486338797814208
183 0.7445652173913043
184 0.745945945945946
185 0.7473118279569892
186 0.7486631016042781
187 0.75
188 0.7513227513227513
189 0.7526315789473684
190 0.7539267015706806
191 0.7552083333333334
192 0.7564766839378239
193 0.7577319587628866
194 0.7589743589743589
195 0.7602040816326531
196 0.7563451776649747
197 0.7525252525252525
198 0.7537688442211056
199 0.755
200 0.7562189054726368
201 0.7574257425742574
202 0.7536945812807881
203 0.7549019607843137
204 0.7560975609756098
205 0.7572815533980582
206 0.7584541062801933
207 0.7548076923076923
208 0.7559808612440191
209 0.7523809523809524
210 0.7535545023696683
211 0.7547169811320755
212 0.755868544600939
213 0.7523364485981309
214 0.7534883720930232
215 0.7546296296296297
216 0.7511520737327189
217 0.7522935779816514
218 0.7534246575342466
219 0.75
220 0.751131221719457
221 0.7522522522522522
222 0.7533632286995515
223 0.7544642857142857
224 0.7511111111111111
225 0.7477876106194691
226 0.748898678414097
227 0.7456140350877193
228 0.74235807860262
229 0.7391304347826086
230 0.7359307359307359
231 0.7370689655172413
232 0.7339055793991416
233 0.7307692307692307
234 0.7276595744680852
235 0.7288135593220338
236 0.729957805907173
237 0.7310924369747899
238 0.7322175732217573
239 0.7333333333333333
240 0.7344398340248963
241 0.7355371900826446
242 0.7366255144032922
243 0.7336065573770492
244 0.7346938775510204
245 0.7357723577235772
246 0.7368421052631579
247 0.7338709677419355
248 0.7349397590361446
249 0.736
250 0.7370517928286853
251 0.7380952380952381
252 0.7391304347826086
253 0.7362204724409449
254 0.7372549019607844
255 0.73828125
256 0.7392996108949417
257 0.7403100775193798
258 0.7374517374517374
259 0.7384615384615385
260 0.7394636015325671
261 0.7404580152671756
262 0.7376425855513308
263 0.7386363636363636
264 0.7396226415094339
265 0.7406015037593985
266 0.7378277153558053
267 0.7388059701492538
268 0.7397769516728625
269 0.737037037037037
270 0.7343173431734318
271 0.7316176470588235
272 0.7326007326007326
273 0.7335766423357665
274 0.730909090909091
275 0.7282608695652174
276 0.7256317689530686
277 0.7230215827338129
278 0.7240143369175627
279 0.725
280 0.7224199288256228
281 0.723404255319149
282 0.7243816254416962
283 0.721830985915493
284 0.7228070175438597
285 0.7202797202797203
286 0.7212543554006968
287 0.71875
288 0.7162629757785467
289 0.7172413793103448
290 0.7147766323024055
291 0.7157534246575342
292 0.7133105802047781
293 0.7142857142857143
294 0.7152542372881356
295 0.7128378378378378
296 0.7104377104377104
297 0.7080536912751678
298 0.7090301003344481
299 0.71
300 0.7109634551495017
301 0.7119205298013245
302 0.7128712871287128
303 0.7138157894736842
304 0.7114754098360656
305 0.7124183006535948
306 0.7133550488599348
307 0.7142857142857143
308 0.7152103559870551
309 0.7129032258064516
310 0.7138263665594855
311 0.7147435897435898
312 0.7156549520766773
313 0.7133757961783439
314 0.7142857142857143
315 0.7151898734177216
316 0.7129337539432177
317 0.7138364779874213
318 0.7147335423197492
319 0.7125
320 0.7133956386292835
321 0.7142857142857143
322 0.7151702786377709
323 0.7160493827160493
324 0.7169230769230769
325 0.7177914110429447
326 0.7155963302752294
327 0.7134146341463414
328 0.7112462006079028
329 0.7090909090909091
330 0.7099697885196374
331 0.7108433734939759
332 0.7117117117117117
333 0.7125748502994012
334 0.7134328358208956
335 0.7142857142857143
336 0.712166172106825
337 0.7130177514792899
338 0.7138643067846607
339 0.711764705882353
340 0.7126099706744868
341 0.7134502923976608
342 0.7142857142857143
343 0.7151162790697675
344 0.7159420289855073
345 0.7167630057803468
346 0.7146974063400576
347 0.7126436781609196
348 0.7134670487106017
349 0.7142857142857143
350 0.7150997150997151
351 0.7159090909090909
352 0.7138810198300283
353 0.7146892655367232
354 0.7126760563380282
355 0.7134831460674157
356 0.7142857142857143
357 0.7150837988826816
358 0.7158774373259053
359 0.7138888888888889
360 0.7146814404432132
361 0.7154696132596685
362 0.7162534435261708
363 0.717032967032967
364 0.7178082191780822
365 0.7158469945355191
366 0.7166212534059946
367 0.717391304347826
368 0.7181571815718157
369 0.7162162162162162
370 0.7169811320754716
371 0.7150537634408602
372 0.7158176943699732
373 0.7165775401069518
374 0.7173333333333334
375 0.7180851063829787
376 0.7188328912466844
377 0.7195767195767195
378 0.7203166226912929
379 0.7210526315789474
380 0.7217847769028871
381 0.7225130890052356
382 0.7232375979112271
383 0.7239583333333334
384 0.7246753246753247
385 0.7227979274611399
386 0.7209302325581395
387 0.7190721649484536
388 0.7197943444730077
389 0.7205128205128205
390 0.7212276214833759
391 0.7219387755102041
392 0.72264631043257
393 0.7233502538071066
394 0.7215189873417721
395 0.7222222222222222
396 0.7229219143576826
397 0.7236180904522613
398 0.7243107769423559
399 0.7225
400 0.7231920199501247
401 0.7238805970149254
402 0.7245657568238213
403 0.7252475247524752
404 0.725925925925926
405 0.7241379310344828
406 0.7248157248157249
407 0.7230392156862745
408 0.7212713936430318
409 0.7219512195121951
410 0.7226277372262774
411 0.7233009708737864
412 0.7239709443099274
413 0.7222222222222222
414 0.7228915662650602
415 0.7211538461538461
416 0.7218225419664268
417 0.722488038277512
418 0.7231503579952268
419 0.7238095238095238
420 0.7220902612826603
421 0.7203791469194313
422 0.7186761229314421
423 0.7169811320754716
424 0.7176470588235294
425 0.7183098591549296
426 0.7189695550351288
427 0.7172897196261683
428 0.717948717948718
429 0.7186046511627907
430 0.7192575406032483
431 0.7199074074074074
432 0.7205542725173211
433 0.7188940092165899
434 0.7195402298850575
435 0.7178899082568807
436 0.7162471395881007
437 0.7168949771689498
438 0.7175398633257403
439 0.7181818181818181
440 0.7165532879818595
441 0.7149321266968326
442 0.7133182844243793
443 0.713963963963964
444 0.7146067415730337
445 0.7130044843049327
446 0.7136465324384788
447 0.7142857142857143
448 0.7149220489977728
449 0.7133333333333334
450 0.7139689578713969
451 0.7123893805309734
452 0.7130242825607064
453 0.711453744493392
454 0.7120879120879121
455 0.7127192982456141
456 0.7111597374179431
457 0.7096069868995634
458 0.710239651416122
459 0.7108695652173913
460 0.7114967462039046
461 0.70995670995671
462 0.7084233261339092
463 0.709051724137931
464 0.7075268817204301
465 0.7081545064377682
466 0.708779443254818
467 0.7094017094017094
468 0.7100213219616205
469 0.7106382978723405
470 0.7091295116772823
471 0.7097457627118644
472 0.7082452431289641
473 0.7088607594936709
474 0.7094736842105264
475 0.7100840336134454
476 0.710691823899371
477 0.7092050209205021
478 0.7077244258872651
479 0.70625
480 0.7047817047817048
481 0.7053941908713693
482 0.7039337474120083
483 0.7024793388429752
484 0.7030927835051546
485 0.7016460905349794
486 0.702258726899384
487 0.7008196721311475
488 0.7014314928425358
489 0.7020408163265306
490 0.7026476578411406
491 0.7032520325203252
492 0.7038539553752535
493 0.7044534412955465
494 0.705050505050505
495 0.7036290322580645
496 0.7022132796780685
497 0.7028112449799196
498 0.7034068136272545
499 0.704
500 0.7045908183632734
501 0.703187250996016
502 0.7017892644135189
503 0.7003968253968254
504 0.699009900990099
505 0.6996047430830039
506 0.7001972386587771
507 0.6988188976377953
508 0.6994106090373281
509 0.7
510 0.700587084148728
511 0.69921875
512 0.6978557504873294
513 0.6984435797665369
514 0.6990291262135923
515 0.6996124031007752
516 0.7001934235976789
517 0.7007722007722008
518 0.7013487475915221
519 0.7
520 0.7005758157389635
521 0.6992337164750958
522 0.6998087954110899
523 0.700381679389313
524 0.699047619047619
525 0.6977186311787072
526 0.698292220113852
527 0.6988636363636364
528 0.6994328922495274
529 0.7
530 0.7005649717514124
531 0.6992481203007519
532 0.699812382739212
533 0.700374531835206
534 0.7009345794392523
535 0.7014925373134329
536 0.7001862197392924
537 0.6988847583643123
538 0.699443413729128
539 0.7
540 0.7005545286506469
541 0.7011070110701108
542 0.7016574585635359
543 0.7022058823529411
544 0.7009174311926606
545 0.6996336996336996
546 0.70018281535649
547 0.7007299270072993
548 0.7012750455373407
549 0.7018181818181818
550 0.7005444646098004
551 0.7010869565217391
552 0.6998191681735986
553 0.7003610108303249
554 0.6990990990990991
555 0.6996402877697842
556 0.7001795332136446
557 0.7007168458781362
558 0.7012522361359571
559 0.7017857142857142
560 0.7005347593582888
561 0.699288256227758
562 0.6998223801065719
563 0.700354609929078
564 0.6991150442477876
565 0.6978798586572438
566 0.6984126984126984
567 0.6971830985915493
568 0.6977152899824253
569 0.6982456140350877
570 0.6987740805604203
571 0.6993006993006993
572 0.6980802792321117
573 0.6986062717770035
574 0.6991304347826087
575 0.6979166666666666
576 0.6984402079722704
577 0.698961937716263
578 0.6994818652849741
579 0.7
580 0.7005163511187608
581 0.6993127147766323
582 0.6981132075471698
583 0.696917808219178
584 0.6957264957264957
585 0.6962457337883959
586 0.6950596252129472
587 0.6955782312925171
588 0.6943972835314092
589 0.6932203389830508
590 0.6937394247038917
591 0.6942567567567568
592 0.6930860033726813
593 0.6936026936026936
594 0.692436974789916
595 0.6929530201342282
596 0.6917922948073701
597 0.6923076923076923
598 0.6928213689482471
599 0.6933333333333334
600 0.6938435940099834
601 0.6943521594684385
602 0.6948590381426202
603 0.695364238410596
604 0.6958677685950413
605 0.6947194719471947
606 0.6952224052718287
607 0.694078947368421
608 0.6945812807881774
609 0.6934426229508197
610 0.6939443535188216
611 0.6944444444444444
612 0.6949429037520392
613 0.6954397394136808
614 0.6959349593495935
615 0.6964285714285714
616 0.6969205834683955
617 0.6974110032362459
618 0.6978998384491115
619 0.6983870967741935
620 0.6988727858293076
621 0.6977491961414791
622 0.6982343499197432
623 0.6987179487179487
624 0.6976
625 0.6980830670926518
626 0.696969696969697
627 0.695859872611465
628 0.6963434022257552
629 0.6968253968253968
630 0.6957210776545166
631 0.6962025316455697
632 0.6966824644549763
633 0.6971608832807571
634 0.6976377952755906
635 0.6965408805031447
636 0.695447409733124
637 0.6959247648902821
638 0.6964006259780907
639 0.696875
640 0.6973478939157566
641 0.6962616822429907
642 0.6967340590979783
643 0.6972049689440993
644 0.6976744186046512
645 0.6981424148606811
646 0.6986089644513137
647 0.6990740740740741
648 0.699537750385208
649 0.7
650 0.7004608294930875
651 0.700920245398773
652 0.7013782542113323
653 0.7018348623853211
654 0.7022900763358778
655 0.7027439024390244
656 0.7031963470319634
657 0.7036474164133738
658 0.7040971168437026
659 0.7045454545454546
660 0.7049924357034796
661 0.7054380664652568
662 0.7058823529411765
663 0.7048192771084337
664 0.7052631578947368
665 0.7057057057057057
666 0.704647676161919
667 0.7050898203592815
668 0.7040358744394619
669 0.7044776119402985
670 0.7049180327868853
671 0.7053571428571429
672 0.7057949479940565
673 0.7047477744807121
674 0.7051851851851851
675 0.7056213017751479
676 0.7060561299852289
677 0.7064896755162242
678 0.7054491899852725
679 0.7058823529411765
680 0.7048458149779736
681 0.7052785923753666
682 0.705710102489019
683 0.706140350877193
684 0.7065693430656934
685 0.7055393586005831
686 0.7059679767103348
687 0.7063953488372093
688 0.706821480406386
689 0.7072463768115942
690 0.7076700434153401
691 0.708092485549133
692 0.7085137085137085
693 0.7089337175792507
694 0.7093525179856115
695 0.7083333333333334
696 0.7073170731707317
697 0.7063037249283668
698 0.7067238912732475
699 0.7071428571428572
700 0.7075606276747504
701 0.7065527065527065
702 0.7069701280227596
703 0.7073863636363636
704 0.7078014184397163
705 0.7082152974504249
706 0.7086280056577087
707 0.7090395480225988
708 0.7080394922425952
709 0.7084507042253522
710 0.7074542897327707
711 0.7078651685393258
712 0.7082748948106592
713 0.7072829131652661
714 0.7062937062937062
715 0.7067039106145251
716 0.7071129707112971
717 0.7075208913649025
718 0.7065368567454798
719 0.7069444444444445
720 0.7059639389736477
721 0.7063711911357341
722 0.706777316735823
723 0.7071823204419889
724 0.7075862068965517
725 0.7079889807162535
726 0.7083906464924347
727 0.7087912087912088
728 0.7091906721536351
729 0.7082191780821918
730 0.707250341997264
731 0.7076502732240437
732 0.7080491132332879
733 0.7084468664850136
734 0.7074829931972789
735 0.7078804347826086
736 0.7082767978290366
737 0.7086720867208672
738 0.7090663058186739
739 0.7094594594594594
740 0.7098515519568152
741 0.7088948787061995
742 0.7079407806191117
743 0.7083333333333334
744 0.7073825503355705
745 0.707774798927614
746 0.7068273092369478
747 0.7072192513368984
748 0.7076101468624834
749 0.708
750 0.7070572569906791
751 0.7061170212765957
752 0.7065073041168659
753 0.7068965517241379
754 0.7072847682119205
755 0.7063492063492064
756 0.7054161162483488
757 0.7044854881266491
758 0.7048748353096179
759 0.7052631578947368
760 0.7043363994743759
761 0.7047244094488189
762 0.7038007863695938
763 0.7041884816753927
764 0.7032679738562092
765 0.7036553524804178
766 0.7027379400260756
767 0.703125
768 0.7035110533159948
769 0.7038961038961039
770 0.7029831387808041
771 0.7033678756476683
772 0.703751617076326
773 0.7041343669250646
774 0.704516129032258
775 0.7048969072164949
776 0.7052767052767053
777 0.705655526992288
778 0.7047496790757382
779 0.7051282051282052
780 0.704225352112676
781 0.7046035805626598
782 0.7049808429118773
783 0.7040816326530612
784 0.7031847133757961
785 0.7022900763358778
786 0.7013977128335451
787 0.700507614213198
788 0.7008871989860583
789 0.7012658227848101
790 0.7016434892541087
791 0.702020202020202
792 0.7023959646910467
793 0.7015113350125944
794 0.7018867924528301
795 0.7010050251256281
796 0.7013801756587202
797 0.7017543859649122
798 0.7021276595744681
799 0.7025
800 0.7028714107365793
801 0.7032418952618454
802 0.7036114570361146
803 0.7039800995024875
804 0.7043478260869566
805 0.7034739454094293
806 0.7038413878562577
807 0.7042079207920792
808 0.7045735475896168
809 0.7049382716049383
810 0.7053020961775586
811 0.7056650246305419
812 0.7060270602706027
813 0.7063882063882064
814 0.7067484662576687
815 0.7071078431372549
816 0.7074663402692778
817 0.706601466992665
818 0.7057387057387058
819 0.7048780487804878
820 0.7040194884287454
821 0.7043795620437956
822 0.7047387606318347
823 0.7050970873786407
824 0.7054545454545454
825 0.7058111380145279
826 0.7061668681983071
827 0.7065217391304348
828 0.7056694813027744
829 0.7060240963855422
830 0.7063778580024067
831 0.7055288461538461
832 0.7058823529411765
833 0.7062350119904077
834 0.7065868263473054
835 0.7057416267942583
836 0.7048984468339307
837 0.7052505966587113
838 0.7056019070321812
839 0.7047619047619048
840 0.7051129607609988
841 0.7042755344418052
842 0.7034400948991696
843 0.7037914691943128
844 0.7041420118343196
845 0.7044917257683215
846 0.704840613931523
847 0.7051886792452831
848 0.7055359246171967
849 0.7058823529411765
850 0.7062279670975323
851 0.7053990610328639
852 0.7057444314185228
853 0.7060889929742389
854 0.7064327485380117
855 0.7067757009345794
856 0.705950991831972
857 0.7051282051282052
858 0.7054714784633295
859 0.7058139534883721
860 0.7061556329849012
861 0.7064965197215777
862 0.7068366164542295
863 0.7071759259259259
864 0.7063583815028902
865 0.7066974595842956
866 0.707035755478662
867 0.7073732718894009
868 0.7065592635212888
869 0.7068965517241379
870 0.7072330654420207
871 0.7075688073394495
872 0.7067583046964491
873 0.7070938215102975
874 0.7074285714285714
875 0.70662100456621
876 0.7069555302166477
877 0.7072892938496583
878 0.7064846416382252
879 0.7056818181818182
880 0.7060158910329172
881 0.7052154195011338
882 0.7055492638731596
883 0.7047511312217195
884 0.7050847457627119
885 0.7054176072234764
886 0.705749718151071
887 0.706081081081081
888 0.7064116985376828
889 0.7067415730337079
890 0.7070707070707071
891 0.7073991031390134
892 0.7066069428891377
893 0.7058165548098434
894 0.7061452513966481
895 0.7064732142857143
896 0.705685618729097
897 0.7060133630289532
898 0.7063403781979978
899 0.7066666666666667
900 0.7069922308546059
901 0.7062084257206208
902 0.7065337763012182
903 0.706858407079646
904 0.7071823204419889
905 0.7075055187637969
906 0.7078280044101434
907 0.7070484581497798
908 0.7062706270627063
909 0.7065934065934066
910 0.7069154774972558
911 0.706140350877193
912 0.7064622124863089
913 0.7056892778993435
914 0.7049180327868853
915 0.7041484716157205
916 0.7033805888767721
917 0.7026143790849673
918 0.7029379760609358
919 0.7032608695652174
920 0.7035830618892508
921 0.7039045553145337
922 0.704225352112676
923 0.7034632034632035
924 0.7037837837837838
925 0.703023758099352
926 0.703344120819849
927 0.7036637931034483
928 0.7029063509149623
929 0.7032258064516129
930 0.7035445757250268
931 0.703862660944206
932 0.7041800643086816
933 0.7034261241970021
934 0.7037433155080214
935 0.7029914529914529
936 0.7033084311632871
937 0.7036247334754797
938 0.7039403620873269
939 0.7042553191489361
940 0.7035069075451648
941 0.7038216560509554
942 0.7030752916224814
943 0.7033898305084746
944 0.7026455026455026
945 0.7029598308668076
946 0.7032734952481521
947 0.7025316455696202
948 0.7017913593256059
949 0.7021052631578948
950 0.7024185068349106
951 0.7027310924369747
952 0.7030430220356768
953 0.7033542976939203
954 0.7026178010471205
955 0.7018828451882845
956 0.7021943573667712
957 0.7025052192066806
958 0.7028154327424401
959 0.7020833333333333
960 0.7013527575442248
961 0.7016632016632016
962 0.7019730010384216
963 0.7022821576763485
964 0.7015544041450777
965 0.7018633540372671
966 0.7011375387797312
967 0.7004132231404959
968 0.6996904024767802
969 0.7
970 0.6992790937178167
971 0.6995884773662552
972 0.6998972250770812
973 0.6991786447638604
974 0.6994871794871795
975 0.6997950819672131
976 0.7001023541453428
977 0.7004089979550102
978 0.7007150153217568
979 0.7
980 0.7003058103975535
981 0.7006109979633401
982 0.7009155645981688
983 0.7012195121951219
984 0.7015228426395939
985 0.7018255578093306
986 0.7021276595744681
987 0.7024291497975709
988 0.7017189079878665
989 0.702020202020202
990 0.7023208879919274
991 0.7026209677419355
992 0.702920443101712
993 0.7032193158953722
994 0.7035175879396985
995 0.7028112449799196
996 0.7021063189568706
997 0.7024048096192385
998 0.7017017017017017
999 0.702
1000 0.7022977022977023
1001 0.7025948103792415
1002 0.7028913260219342
1003 0.702191235059761
1004 0.7014925373134329
1005 0.7017892644135189
1006 0.702085402184707
1007 0.7023809523809523
1008 0.7026759167492567
1009 0.7019801980198019
1010 0.7022749752720079
1011 0.7025691699604744
1012 0.702862783810464
1013 0.703155818540434
1014 0.7034482758620689
1015 0.7037401574803149
1016 0.704031465093412
1017 0.7043222003929273
1018 0.704612365063788
1019 0.7049019607843138
1020 0.7042115572967679
1021 0.7045009784735812
1022 0.7038123167155426
1023 0.7041015625
1024 0.7034146341463414
1025 0.7037037037037037
1026 0.7039922103213242
1027 0.7042801556420234
1028 0.7035957240038873
1029 0.7038834951456311
1030 0.7041707080504365
1031 0.7044573643410853
1032 0.7047434656340755
1033 0.7040618955512572
1034 0.7043478260869566
1035 0.7046332046332047
1036 0.703953712632594
1037 0.7032755298651252
1038 0.7035611164581328
1039 0.7038461538461539
1040 0.7041306436119116
1041 0.7044145873320538
1042 0.7046979865771812
1043 0.7049808429118773
1044 0.7052631578947368
1045 0.7055449330783938
1046 0.7058261700095511
1047 0.7051526717557252
1048 0.7054337464251669
1049 0.7057142857142857
1050 0.7059942911512845
1051 0.7053231939163498
1052 0.704653371320038
1053 0.7049335863377609
1054 0.70521327014218
1055 0.7054924242424242
1056 0.7057710501419111
1057 0.7060491493383743
1058 0.7053824362606232
1059 0.7056603773584905
1060 0.705937794533459
1061 0.7052730696798494
1062 0.7055503292568204
1063 0.7058270676691729
1064 0.7061032863849765
1065 0.7063789868667918
1066 0.7057169634489222
1067 0.7050561797752809
1068 0.7053320860617399
1069 0.7046728971962617
1070 0.7049486461251168
1071 0.7052238805970149
1072 0.7054986020503262
1073 0.7057728119180633
1074 0.706046511627907
1075 0.7063197026022305
1076 0.7065923862581244
1077 0.7059369202226345
1078 0.706209453197405
1079 0.7064814814814815
1080 0.7058279370952821
1081 0.7060998151571165
1082 0.7054478301015698
1083 0.705719557195572
1084 0.7059907834101382
1085 0.7062615101289135
1086 0.7065317387304508
1087 0.7068014705882353
1088 0.7070707070707071
1089 0.7064220183486238
1090 0.7057745187901008
1091 0.7051282051282052
1092 0.7053979871912168
1093 0.7056672760511883
1094 0.7050228310502283
1095 0.7052919708029197
1096 0.7055606198723792
1097 0.7058287795992714
1098 0.7060964513193813
1099 0.7063636363636364
1100 0.706630336058129
1101 0.7068965517241379
1102 0.7062556663644606
1103 0.7056159420289855
1104 0.7058823529411765
1105 0.7061482820976492
1106 0.7064137308039747
1107 0.7066787003610109
1108 0.7069431920649234
1109 0.7072072072072072
1110 0.7065706570657065
1111 0.7068345323741008
1112 0.7070979335130279
1113 0.7064631956912029
1114 0.7067264573991031
1115 0.706989247311828
1116 0.7072515666965085
1117 0.7075134168157424
1118 0.707774798927614
1119 0.7080357142857143
1120 0.7082961641391614
1121 0.7085561497326203
1122 0.7088156723063224
1123 0.7090747330960854
1124 0.7093333333333334
1125 0.7095914742451155
1126 0.7089618456078084
1127 0.7092198581560284
1128 0.7094774136403897
1129 0.7097345132743362
1130 0.7099911582670203
1131 0.7102473498233216
1132 0.7105030891438658
1133 0.7107583774250441
1134 0.7101321585903083
1135 0.7095070422535211
1136 0.7097625329815304
1137 0.7100175746924429
1138 0.7102721685689201
1139 0.7096491228070175
1140 0.7090271691498685
1141 0.7092819614711033
1142 0.7095363079615048
1143 0.7097902097902098
1144 0.7091703056768559
1145 0.7085514834205934
1146 0.7088055797733217
1147 0.7090592334494773
1148 0.7084421235857267
1149 0.7086956521739131
1150 0.7089487402258905
1151 0.7092013888888888
1152 0.7094535993061578
1153 0.7097053726169844
1154 0.70995670995671
1155 0.7102076124567474
1156 0.7104580812445981
1157 0.7107081174438687
1158 0.7109577221742882
1159 0.7112068965517241
1160 0.710594315245478
1161 0.7108433734939759
1162 0.710232158211522
1163 0.7104810996563574
1164 0.7107296137339055
1165 0.7101200686106347
1166 0.7095115681233933
1167 0.7097602739726028
1168 0.7091531223267751
1169 0.7085470085470086
1170 0.7087959009393681
1171 0.7081911262798635
1172 0.7084398976982097
1173 0.7086882453151618
1174 0.708936170212766
1175 0.7091836734693877
1176 0.7085811384876806
1177 0.7088285229202037
1178 0.7090754877014419
1179 0.7093220338983051
1180 0.7095681625740897
1181 0.7098138747884941
1182 0.7100591715976331
1183 0.7094594594594594
1184 0.7088607594936709
1185 0.7082630691399663
1186 0.7076663858466723
1187 0.7079124579124579
1188 0.7081581160639192
1189 0.7084033613445379
1190 0.707808564231738
1191 0.7080536912751678
1192 0.7082984073763621
1193 0.7085427135678392
1194 0.7087866108786611
1195 0.7090301003344481
1196 0.7092731829573935
1197 0.7095158597662772
1198 0.7089241034195163
1199 0.7091666666666666
1200 0.7094088259783514
1201 0.7088186356073212
1202 0.7090606816292602
1203 0.7084717607973422
1204 0.7087136929460581
1205 0.7089552238805971
1206 0.7083678541839271
1207 0.7077814569536424
1208 0.7080231596360629
1209 0.7082644628099174
1210 0.708505367464905
1211 0.7087458745874587
1212 0.7089859851607585
1213 0.7092257001647446
1214 0.7086419753086419
1215 0.7080592105263158
1216 0.7082990961380444
1217 0.7077175697865353
1218 0.7079573420836751
1219 0.7073770491803278
1220 0.7076167076167076
1221 0.7078559738134206
1222 0.7080948487326247
1223 0.7083333333333334
1224 0.7085714285714285
1225 0.7088091353996737
1226 0.7090464547677262
1227 0.7092833876221498
1228 0.709519934906428
1229 0.7097560975609756
1230 0.7099918765231519
1231 0.7102272727272727
1232 0.7104622871046229
1233 0.7106969205834684
1234 0.7109311740890688
1235 0.7111650485436893
1236 0.7113985448666128
1237 0.7108239095315024
1238 0.7110573042776432
1239 0.7112903225806452
1240 0.7107171635777598
1241 0.710950080515298
1242 0.7103781174577635
1243 0.7106109324758842
1244 0.7108433734939759
1245 0.7110754414125201
1246 0.7105052125100241
1247 0.7107371794871795
1248 0.710968775020016
1249 0.7112
1250 0.7114308553157475
1251 0.7116613418530351
1252 0.7110933758978452
1253 0.7113237639553429
1254 0.7107569721115538
1255 0.7109872611464968
1256 0.7104216388225935
1257 0.7098569157392687
1258 0.7092930897537728
1259 0.7095238095238096
1260 0.7097541633624108
1261 0.7099841521394612
1262 0.7102137767220903
1263 0.7104430379746836
1264 0.7098814229249012
1265 0.7101105845181674
1266 0.7095501183898973
1267 0.7097791798107256
1268 0.7100078802206462
1269 0.7094488188976378
1270 0.7096774193548387
1271 0.7091194968553459
1272 0.7093479968578161
1273 0.7095761381475667
1274 0.7090196078431372
1275 0.7092476489028213
1276 0.7086922474549726
1277 0.7089201877934272
1278 0.709147771696638
1279 0.70859375
1280 0.7088212334113974
1281 0.7090483619344774
1282 0.7084957131722526
1283 0.7087227414330218
1284 0.7089494163424125
1285 0.7091757387247278
1286 0.7094017094017094
1287 0.7096273291925466
1288 0.7090768037238169
1289 0.7085271317829457
1290 0.7087529047250194
1291 0.7089783281733746
1292 0.7092034029389018
1293 0.7086553323029366
1294 0.7088803088803088
1295 0.7091049382716049
1296 0.7085582112567463
1297 0.7087827426810478
1298 0.7090069284064665
1299 0.7092307692307692
1300 0.7094542659492697
1301 0.7096774193548387
1302 0.7091327705295472
1303 0.7093558282208589
1304 0.7088122605363985
1305 0.7090352220520674
1306 0.7092578423871462
1307 0.7087155963302753
1308 0.7089381207028266
1309 0.7091603053435115
1310 0.7093821510297483
1311 0.7096036585365854
1312 0.7090632140137091
1313 0.708523592085236
1314 0.708745247148289
1315 0.708966565349544
1316 0.7091875474563402
1317 0.708649468892261
1318 0.7081122062168309
1319 0.7075757575757575
1320 0.7077971233913701
1321 0.7072617246596067
1322 0.7074829931972789
1323 0.7069486404833837
1324 0.7064150943396227
1325 0.7066365007541479
1326 0.7068575734740015
1327 0.7070783132530121
1328 0.7065462753950339
1329 0.706766917293233
1330 0.7069872276483846
1331 0.7072072072072072
1332 0.7074268567141786
1333 0.7068965517241379
1334 0.7063670411985019
1335 0.7065868263473054
1336 0.7068062827225131
1337 0.7062780269058296
1338 0.7057505601194921
1339 0.7059701492537314
1340 0.7061894108873975
1341 0.706408345752608
1342 0.7066269545793
1343 0.7061011904761905
1344 0.7055762081784387
1345 0.7057949479940565
1346 0.7060133630289532
1347 0.7062314540059347
1348 0.7064492216456635
1349 0.7066666666666667
1350 0.7061435973353072
1351 0.7063609467455622
1352 0.7065779748706578
1353 0.706794682422452
1354 0.7062730627306273
1355 0.7064896755162242
1356 0.7067059690493737
1357 0.7069219440353461
1358 0.7071376011773363
1359 0.7073529411764706
1360 0.7068332108743571
1361 0.7070484581497798
1362 0.7072633895818048
1363 0.7074780058651027
1364 0.7076923076923077
1365 0.7079062957540263
1366 0.7081199707388441
1367 0.7083333333333334
1368 0.7078159240321402
1369 0.708029197080292
1370 0.7082421590080233
1371 0.7084548104956269
1372 0.708667152221413
1373 0.7088791848617176
1374 0.7090909090909091
1375 0.7093023255813954
1376 0.7087872185911401
1377 0.7082728592162555
1378 0.7077592458303118
1379 0.7072463768115942
1380 0.7074583635047067
1381 0.7076700434153401
1382 0.707881417208966
1383 0.708092485549133
1384 0.7083032490974729
1385 0.7077922077922078
1386 0.7080028839221341
1387 0.7082132564841499
1388 0.7084233261339092
1389 0.7086330935251799
1390 0.7088425593098491
1391 0.709051724137931
1392 0.7092605886575736
1393 0.7094691535150646
1394 0.7089605734767025
1395 0.7091690544412608
1396 0.7086614173228346
1397 0.7088698140200286
1398 0.7090779127948534
1399 0.7092857142857143
1400 0.7094932191291934
1401 0.7097004279600571
1402 0.7099073414112615
1403 0.7101139601139601
1404 0.7103202846975089
1405 0.7105263157894737
1406 0.7107320540156361
1407 0.7102272727272727
1408 0.7104329311568488
1409 0.7099290780141844
1410 0.7094259390503189
1411 0.7096317280453258
1412 0.7098372257607927
1413 0.71004243281471
1414 0.7102473498233216
1415 0.71045197740113
1416 0.7099505998588568
1417 0.7094499294781382
1418 0.7089499647639183
1419 0.7084507042253522
1420 0.7086558761435608
1421 0.7081575246132208
1422 0.708362614195362
1423 0.7085674157303371
1424 0.7087719298245614
1425 0.7082748948106592
1426 0.7077785564120532
1427 0.707983193277311
1428 0.7074877536738978
1429 0.7076923076923077
1430 0.7078965758211041
1431 0.7081005586592178
1432 0.7083042568039079
1433 0.708507670850767
1434 0.7087108013937282
1435 0.7089136490250696
1436 0.709116214335421
1437 0.7093184979137691
1438 0.7095205003474635
1439 0.7097222222222223
1440 0.7099236641221374
1441 0.710124826629681
1442 0.7103257103257103
1443 0.7105263157894737
1444 0.7107266435986159
1445 0.710926694329184
1446 0.7111264685556323
1447 0.7113259668508287
1448 0.7115251897860594
1449 0.7117241379310345
1450 0.7119228118538938
1451 0.7121212121212122
1452 0.7123193392980042
1453 0.7118294360385145
1454 0.7120274914089347
1455 0.7122252747252747
1456 0.7124227865477007
1457 0.7126200274348422
1458 0.7121315969842358
1459 0.7123287671232876
1460 0.7125256673511293
1461 0.7127222982216143
1462 0.7122351332877649
1463 0.712431693989071
1464 0.7126279863481229
1465 0.7128240109140518
1466 0.7130197682344922
1467 0.7132152588555858
1468 0.7127297481279782
1469 0.7129251700680272
1470 0.7131203263086335
1471 0.7133152173913043
1472 0.7135098438560761
1473 0.7137042062415196
1474 0.7132203389830508
1475 0.7127371273712737
1476 0.7122545700744752
1477 0.7124492557510149
1478 0.7119675456389453
1479 0.7114864864864865
1480 0.7110060769750168
1481 0.7105263157894737
1482 0.7107215104517869
1483 0.7102425876010782
1484 0.7104377104377104
1485 0.7106325706594886
1486 0.7101546738399462
1487 0.7103494623655914
1488 0.7105439892545332
1489 0.710738255033557
1490 0.7109322602280349
1491 0.7111260053619303
1492 0.7113194909578031
1493 0.7115127175368139
1494 0.711705685618729
1495 0.7118983957219251
1496 0.7120908483633934
1497 0.712283044058745
1498 0.7124749833222148
1499 0.712
1500 0.7121918720852765
1501 0.7123834886817576
1502 0.7125748502994012
1503 0.7121010638297872
1504 0.7122923588039867
1505 0.7124833997343958
1506 0.7126741871267419
1507 0.7128647214854111
1508 0.7123923127899271
1509 0.7125827814569536
1510 0.7127729980145598
1511 0.7123015873015873
1512 0.712491738268341
1513 0.7126816380449141
1514 0.7128712871287128
1515 0.7130606860158312
1516 0.7132498352010547
1517 0.7134387351778656
1518 0.7129690585911784
1519 0.7125
1520 0.7126890203813281
1521 0.7128777923784494
1522 0.7130663164806303
1523 0.713254593175853
1524 0.7134426229508197
1525 0.7136304062909568
1526 0.7138179436804192
1527 0.7140052356020943
1528 0.7141922825376062
1529 0.7143790849673203
1530 0.7139124755062051
1531 0.7134464751958225
1532 0.7136333985649054
1533 0.7138200782268579
1534 0.7140065146579805
1535 0.7135416666666666
1536 0.7137280416395576
1537 0.7139141742522757
1538 0.7134502923976608
1539 0.7136363636363636
1540 0.7138221933809215
1541 0.7140077821011673
1542 0.7141931302657162
1543 0.7143782383419689
1544 0.7145631067961165
1545 0.7141009055627425
1546 0.713639301874596
1547 0.7138242894056848
1548 0.7133634602969657
1549 0.7129032258064516
1550 0.7124435847840103
1551 0.7119845360824743
1552 0.71216999356085
1553 0.7123552123552124
1554 0.712540192926045
1555 0.7127249357326478
1556 0.7129094412331407
1557 0.7130937098844673
1558 0.7132777421423989
1559 0.7134615384615385
1560 0.7136450992953235
1561 0.7138284250960307
1562 0.7140115163147792
1563 0.7141943734015346
1564 0.7137380191693291
1565 0.7132822477650064
1566 0.7134652201659222
1567 0.7130102040816326
1568 0.7131931166347992
1569 0.7127388535031847
1570 0.7122851686823679
1571 0.712468193384224
1572 0.7126509853782581
1573 0.7121982210927573
1574 0.7123809523809523
1575 0.7125634517766497
1576 0.7127457197209892
1577 0.7122940430925222
1578 0.7124762507916402
1579 0.7120253164556962
1580 0.7122074636306135
1581 0.7123893805309734
1582 0.7119393556538218
1583 0.711489898989899
1584 0.7110410094637224
1585 0.7112232030264817
1586 0.7114051669817265
1587 0.7115869017632241
1588 0.7117684078036501
1589 0.7119496855345911
1590 0.7115021998742929
1591 0.7116834170854272
1592 0.7112366603892027
1593 0.7114178168130489
1594 0.7115987460815048
1595 0.7117794486215538
1596 0.7119599248591109
1597 0.7121401752190237
1598 0.7123202001250781
1599 0.711875
1600 0.712054965646471
1601 0.712234706616729
1602 0.7124142233312539
1603 0.7119700748129676
1604 0.7115264797507788
1605 0.711706102117061
1606 0.7118855009334163
1607 0.7114427860696517
1608 0.711622125543816
1609 0.7111801242236024
1610 0.7107386716325264
1611 0.7102977667493796
1612 0.7104773713577185
1613 0.7106567534076828
1614 0.7108359133126935
1615 0.7103960396039604
1616 0.70995670995671
1617 0.7095179233621756
1618 0.7096973440395306
1619 0.7098765432098766
1620 0.7100555212831585
1621 0.7102342786683107
1622 0.7104128157732594
1623 0.7105911330049262
1624 0.7101538461538461
1625 0.7103321033210332
1626 0.7105101413644745
1627 0.7106879606879607
1628 0.7102516881522406
1629 0.7104294478527607
1630 0.7106069895769467
1631 0.7107843137254902
1632 0.7109614206981016
1633 0.7111383108935129
1634 0.710703363914373
1635 0.710880195599022
1636 0.7110568112400732
1637 0.7106227106227107
1638 0.7101891397193411
1639 0.7103658536585366
1640 0.7105423522242535
1641 0.7107186358099878
1642 0.7102860620815581
1643 0.7104622871046229
1644 0.7106382978723405
1645 0.7102065613608749
1646 0.7103825136612022
1647 0.7105582524271845
1648 0.7107337780473014
1649 0.7109090909090909
1650 0.711084191399152
1651 0.7112590799031477
1652 0.7108287961282517
1653 0.7110036275695284
1654 0.711178247734139
1655 0.711352657004831
1656 0.7109233554616777
1657 0.7110977080820265
1658 0.7112718505123569
1659 0.7114457831325302
1660 0.7110174593618303
1661 0.7111913357400722
1662 0.7113650030066145
1663 0.7115384615384616
1664 0.7117117117117117
1665 0.7118847539015606
1666 0.7114577084583084
1667 0.7116306954436451
1668 0.7118034751348112
1669 0.7113772455089821
1670 0.7115499700777977
1671 0.7111244019138756
1672 0.7112970711297071
1673 0.7114695340501792
1674 0.7116417910447761
1675 0.7118138424821002
1676 0.7113893858079905
1677 0.7115613825983313
1678 0.7111375818939845
1679 0.7107142857142857
1680 0.710291493158834
1681 0.7104637336504162
1682 0.7100415923945336
1683 0.7102137767220903
1684 0.7103857566765579
1685 0.7105575326215896
1686 0.7101363366923533
1687 0.7103080568720379
1688 0.7104795737122558
1689 0.7106508875739646
1690 0.7108219988172679
1691 0.7109929078014184
1692 0.7105729474305966
1693 0.7101534828807556
1694 0.7097345132743362
1695 0.7099056603773585
1696 0.7094873305833824
1697 0.709658421672556
1698 0.7098293113596233
1699 0.71
1700 0.7101704879482658
1701 0.7097532314923619
1702 0.7099236641221374
1703 0.710093896713615
1704 0.7102639296187683
1705 0.7104337631887456
1706 0.7106033977738723
1707 0.7107728337236534
1708 0.7109420713867759
1709 0.7111111111111111
1710 0.7112799532437172
1711 0.7114485981308412
1712 0.7116170461179218
1713 0.7117852975495916
1714 0.7119533527696793
1715 0.7121212121212122
1716 0.7122888759464182
1717 0.7124563445867288
1718 0.7120418848167539
1719 0.7116279069767442
1720 0.7117954677513074
1721 0.7119628339140535
1722 0.7121300058038306
1723 0.7122969837587007
1724 0.712463768115942
1725 0.712630359212051
1726 0.7122177185871453
1727 0.7118055555555556
1728 0.7119722382880278
1729 0.7121387283236994
1730 0.7123050259965338
1731 0.7124711316397229
1732 0.7126370455856895
1733 0.71280276816609
1734 0.7129682997118155
1735 0.7131336405529954
1736 0.7132987910189983
1737 0.7128883774453395
1738 0.7130534790109259
1739 0.7132183908045977
1740 0.7128087306145893
1741 0.7129735935706085
1742 0.7131382673551349
1743 0.713302752293578
1744 0.7134670487106017
1745 0.713631156930126
1746 0.7132226674298798
1747 0.7133867276887872
1748 0.7135506003430532
1749 0.7137142857142857
1750 0.7133066818960594
1751 0.7134703196347032
1752 0.7136337706788363
1753 0.7137970353477765
1754 0.7139601139601139
1755 0.714123006833713
1756 0.7142857142857143
1757 0.714448236632537
1758 0.7146105741898806
1759 0.7147727272727272
1760 0.7149346961953436
1761 0.7145289443813848
1762 0.7141236528644356
1763 0.7142857142857143
1764 0.7144475920679887
1765 0.7146092865232163
1766 0.7147707979626485
1767 0.7149321266968326
1768 0.7150932730356133
1769 0.7152542372881356
1770 0.7154150197628458
1771 0.7155756207674944
1772 0.7157360406091371
1773 0.7158962795941376
1774 0.716056338028169
1775 0.7162162162162162
1776 0.7158131682611142
1777 0.7159730033745781
1778 0.716132658797077
1779 0.7157303370786516
1780 0.7158899494665918
1781 0.7160493827160493
1782 0.7156477846326417
1783 0.7152466367713004
1784 0.7148459383753502
1785 0.7150055991041433
1786 0.7151650811415781
1787 0.7153243847874721
1788 0.7149245388485187
1789 0.7150837988826816
1790 0.7152428810720268
1791 0.7154017857142857
1792 0.7155605131065254
1793 0.7157190635451505
1794 0.7158774373259053
1795 0.7160356347438753
1796 0.7161936560934892
1797 0.7163515016685206
1798 0.7159533073929961
1799 0.7161111111111111
1800 0.7162687395891172
1801 0.7164261931187569
1802 0.7165834719911259
1803 0.7161862527716186
1804 0.7163434903047091
1805 0.7159468438538206
1806 0.7155506364139458
1807 0.7157079646017699
1808 0.7158651188501934
1809 0.7160220994475138
1810 0.7161789066813915
1811 0.7163355408388521
1812 0.716492002206288
1813 0.7166482910694597
1814 0.7168044077134986
1815 0.7169603524229075
1816 0.717116125481563
1817 0.7172717271727173
1818 0.7174271577789995
1819 0.717032967032967
1820 0.7171883580450302
1821 0.716794731064764
1822 0.7169500822819528
1823 0.7171052631578947
1824 0.7172602739726027
1825 0.7168674698795181
1826 0.7164750957854407
1827 0.7166301969365426
1828 0.7162383816293056
1829 0.7163934426229508
1830 0.7165483342435828
1831 0.7167030567685589
1832 0.7163120567375887
1833 0.7164667393675027
1834 0.7166212534059946
1835 0.7167755991285403
1836 0.7169297768100164
1837 0.7165397170837867
1838 0.7166938553561718
1839 0.7168478260869565
1840 0.7164584464964693
1841 0.7166123778501629
1842 0.7167661421595225
1843 0.7169197396963124
1844 0.7170731707317073
1845 0.7172264355362947
1846 0.7173795343800758
1847 0.716991341991342
1848 0.7171444023796647
1849 0.7172972972972973
1850 0.7174500270124257
1851 0.7176025917926566
1852 0.7177549919050189
1853 0.7179072276159655
1854 0.7180592991913747
1855 0.7182112068965517
1856 0.7183629509962305
1857 0.7185145317545748
1858 0.7186659494351803
1859 0.7188172043010753
1860 0.7184309511015583
1861 0.7180451127819549
1862 0.7176596886741814
1863 0.7178111587982833
1864 0.717426273458445
1865 0.7170418006430869
1866 0.7166577396893412
1867 0.7168094218415417
1868 0.7169609416800428
1869 0.7165775401069518
1870 0.7167290219134153
1871 0.7168803418803419
1872 0.7170315002669514
1873 0.7171824973319103
1874 0.7173333333333334
1875 0.7174840085287847
1876 0.7176345231752796
1877 0.7177848775292864
1878 0.717935071846727
1879 0.7175531914893617
1880 0.7177033492822966
1881 0.7173219978746015
1882 0.7174721189591078
1883 0.7176220806794055
1884 0.7177718832891247
1885 0.7179215270413574
1886 0.7180710121886592
1887 0.7182203389830508
1888 0.718369507676019
1889 0.7185185185185186
1890 0.7181385510312004
1891 0.7182875264270613
1892 0.7184363444268357
1893 0.7180570221752904
1894 0.7176781002638523
1895 0.7178270042194093
1896 0.7179757511860833
1897 0.7175974710221286
1898 0.7177461822011585
1899 0.7178947368421053
1900 0.7180431351920042
1901 0.7181913774973712
1902 0.7183394640042039
1903 0.7179621848739496
1904 0.7181102362204724
1905 0.7182581322140609
1906 0.7184058730991085
1907 0.7180293501048218
1908 0.7181770560502881
1909 0.7178010471204188
1910 0.717948717948718
1911 0.7180962343096234
1912 0.7182435964453737
1913 0.7183908045977011
1914 0.7185378590078328
1915 0.7186847599164927
1916 0.7188315075639019
1917 0.718978102189781
1918 0.7186034392912976
1919 0.71875
1920 0.7188964081207704
1921 0.7190426638917794
1922 0.71866874674987
1923 0.7182952182952183
1924 0.7184415584415584
1925 0.7185877466251298
1926 0.7182148417228853
1927 0.7183609958506224
1928 0.7179885951270089
1929 0.7181347150259068
1930 0.7182806835836354
1931 0.7184265010351967
1932 0.718572167615106
1933 0.718717683557394
1934 0.7188630490956073
1935 0.71900826446281
1936 0.719153329891585
1937 0.7192982456140351
1938 0.7194430118617844
1939 0.7195876288659794
1940 0.71973209685729
1941 0.7198764160659115
1942 0.7195059186824498
1943 0.7196502057613169
1944 0.7197943444730077
1945 0.7194244604316546
1946 0.7195685670261941
1947 0.7191991786447639
1948 0.7188301693175988
1949 0.718974358974359
1950 0.7191184008200923
1951 0.71875
1952 0.7188940092165899
1953 0.7190378710337769
1954 0.7191815856777494
1955 0.7193251533742331
1956 0.7189575881451201
1957 0.7185903983656793
1958 0.7187340479836651
1959 0.7188775510204082
1960 0.719020907700153
1961 0.719164118246687
1962 0.7187977585328579
1963 0.7189409368635438
1964 0.7190839694656489
1965 0.7192268565615463
1966 0.7188612099644128
1967 0.7190040650406504
1968 0.718638902996445
1969 0.7187817258883249
1970 0.7189244038559107
1971 0.7190669371196755
1972 0.7187024835276229
1973 0.7183383991894631
1974 0.7179746835443038
1975 0.7181174089068826
1976 0.7182599898836621
1977 0.71840242669363
1978 0.718544719555331
1979 0.7181818181818181
1980 0.718324078748107
1981 0.7184661957618567
1982 0.7186081694402421
1983 0.71875
1984 0.7188916876574307
1985 0.7190332326283988
1986 0.7191746351283341
1987 0.7188128772635815
1988 0.7189542483660131
1989 0.7185929648241206
1990 0.7182320441988951
1991 0.7183734939759037
1992 0.7185148018063221
1993 0.7181544633901705
1994 0.7177944862155389
1995 0.7179358717434869
1996 0.7175763645468203
1997 0.7172172172172172
1998 0.7168584292146073
1999 0.717
2000 0.7166416791604198
2001 0.7167832167832168
2002 0.7169246130803795
2003 0.716566866267465
2004 0.7162094763092269
2005 0.7163509471585244
2006 0.7159940209267563
2007 0.7156374501992032
2008 0.7157789945246391
2009 0.7159203980099502
2010 0.7155643958229736
2011 0.7157057654075547
2012 0.7153502235469449
2013 0.7149950347567031
2014 0.7146401985111662
2015 0.7142857142857143
2016 0.714427367377293
2017 0.7145688800792864
2018 0.7147102526002972
2019 0.7148514851485148
2020 0.7144977733795151
2021 0.7146389713155292
2022 0.7147800296589224
2023 0.7149209486166008
2024 0.7150617283950618
2025 0.7147087857847977
2026 0.7143561914158856
2027 0.7144970414201184
2028 0.7146377525874815
2029 0.7142857142857143
2030 0.7144263909404235
2031 0.7145669291338582
2032 0.7142154451549434
2033 0.7143559488692232
2034 0.7144963144963145
2035 0.7146365422396856
2036 0.7142857142857143
2037 0.7139352306182531
2038 0.7135850907307504
2039 0.7137254901960784
2040 0.7138657520823126
2041 0.7140058765915769
2042 0.7141458639255996
2043 0.7142857142857143
2044 0.7144254278728607
2045 0.7140762463343109
2046 0.7142159257449927
2047 0.71435546875
2048 0.714006832601269
2049 0.7141463414634146
2050 0.7137981472452463
2051 0.7134502923976608
2052 0.7131027764247443
2053 0.7132424537487828
2054 0.71338199513382
2055 0.7130350194552529
2056 0.7131745260087506
2057 0.7133138969873664
2058 0.7129674599320058
2059 0.7131067961165048
2060 0.712760795730228
2061 0.7129000969932104
2062 0.7125545322346097
2063 0.7126937984496124
2064 0.7123486682808716
2065 0.712487899322362
2066 0.7126269956458636
2067 0.7127659574468085
2068 0.7129047849202513
2069 0.7125603864734299
2070 0.7126991791405118
2071 0.7128378378378378
2072 0.7129763627592861
2073 0.7131147540983607
2074 0.7127710843373494
2075 0.7129094412331407
2076 0.7130476649013
2077 0.7131857555341675
2078 0.7133237133237134
2079 0.7134615384615385
2080 0.7131186929360884
2081 0.7132564841498559
2082 0.7129140662506
2083 0.7130518234165067
2084 0.713189448441247
2085 0.713326941514861
2086 0.7134643028270244
2087 0.7131226053639846
2088 0.7127812350406894
2089 0.7129186602870813
2090 0.7130559540889526
2091 0.7127151051625239
2092 0.712852365026278
2093 0.7125119388729704
2094 0.7126491646778043
2095 0.7123091603053435
2096 0.7124463519313304
2097 0.7125834127740706
2098 0.7122439256788947
2099 0.7123809523809523
2100 0.7125178486435031
2101 0.7121788772597526
2102 0.7123157394198764
2103 0.7119771863117871
2104 0.7121140142517814
2105 0.7122507122507122
2106 0.7119126720455624
2107 0.7115749525616698
2108 0.7112375533428165
2109 0.7113744075829384
2110 0.7115111321648507
2111 0.7116477272727273
2112 0.7117841930903928
2113 0.7119205298013245
2114 0.7115839243498818
2115 0.7117202268431002
2116 0.7118564005668399
2117 0.7119924457034938
2118 0.7116564417177914
2119 0.7117924528301887
2120 0.7114568599717115
2121 0.7115928369462771
2122 0.7112576542628356
2123 0.7109227871939736
2124 0.7110588235294117
2125 0.7107243650047037
2126 0.7108603667136812
2127 0.7105263157894737
2128 0.71066228276186
2129 0.7107981220657277
2130 0.7109338338808071
2131 0.7110694183864915
2132 0.7112048757618378
2133 0.711340206185567
2134 0.7114754098360656
2135 0.7116104868913857
2136 0.7117454375292466
2137 0.7118802619270346
2138 0.7120149602618046
2139 0.7116822429906542
2140 0.711816907986922
2141 0.7119514472455649
2142 0.7120858609426038
2143 0.7117537313432836
2144 0.7118881118881119
2145 0.7115563839701771
2146 0.711690731252911
2147 0.7118249534450651
2148 0.711493718008376
2149 0.7116279069767442
2150 0.7117619711761971
2151 0.7118959107806692
2152 0.7120297259637715
2153 0.7121634168987929
2154 0.7122969837587007
2155 0.712430426716141
2156 0.71256374594344
2157 0.7122335495829472
2158 0.7119036591014358
2159 0.712037037037037
2160 0.7121702915316983
2161 0.7123034227567068
2162 0.7124364308830329
2163 0.7125693160813309
2164 0.71270207852194
2165 0.7123730378578024
2166 0.7125057683433318
2167 0.7126383763837638
2168 0.7123098201936376
2169 0.712442396313364
2170 0.7125748502994012
2171 0.712707182320442
2172 0.7128393925448688
2173 0.7129714811407544
2174 0.7126436781609196
2175 0.7123161764705882
2176 0.7124483233807992
2177 0.7125803489439853
2178 0.7127122533272143
2179 0.7123853211009175
2180 0.7125171939477304
2181 0.7121906507791017
2182 0.7123224919835089
2183 0.7124542124542125
2184 0.7125858123569794
2185 0.7127172918572735
2186 0.7123914037494284
2187 0.7120658135283364
2188 0.7121973503883051
2189 0.7123287671232876
2190 0.7120036513007759
2191 0.7116788321167883
2192 0.7118103055175559
2193 0.7114858705560619
2194 0.7116173120728929
2195 0.7117486338797814
2196 0.7118798361401911
2197 0.7120109190172884
2198 0.7121418826739427
2199 0.7122727272727273
2200 0.7119491140390731
2201 0.7116257947320618
2202 0.7117566954153427
2203 0.7118874773139746
2204 0.7120181405895691
2205 0.7121486854034451
2206 0.7118260081558677
2207 0.7119565217391305
2208 0.7116342236306021
2209 0.7113122171945702
2210 0.7109905020352781
2211 0.711121157323689
2212 0.7112516945323091
2213 0.7113821138211383
2214 0.7115124153498872
2215 0.7116425992779783
2216 0.7113216057735678
2217 0.7110009017132551
2218 0.7111311401532222
2219 0.7112612612612612
2220 0.7113912651958577
2221 0.7115211521152115
2222 0.711650922177238
2223 0.7113309352517986
2224 0.7114606741573034
2225 0.7115902964959568
2226 0.7112707678491244
2227 0.7114003590664273
2228 0.7115298340062809
2229 0.7116591928251121
2230 0.7117884356790677
2231 0.7119175627240143
2232 0.7120465741155396
2233 0.7121754700089525
2234 0.7123042505592841
2235 0.712432915921288
2236 0.7125614662494412
2237 0.7122430741733691
2238 0.711924966502903
2239 0.7120535714285714
2240 0.7117358322177599
2241 0.711864406779661
2242 0.7119928666963887
2243 0.7116755793226381
2244 0.711358574610245
2245 0.7110418521816563
2246 0.7107254116599911
2247 0.7108540925266904
2248 0.7109826589595376
2249 0.7111111111111111
2250 0.7112394491337184
2251 0.7113676731793961
2252 0.7114957833999113
2253 0.7111801242236024
2254 0.7113082039911308
2255 0.711436170212766
2256 0.7111209570225964
2257 0.7112488928255093
2258 0.7113767153607791
2259 0.7115044247787611
2260 0.7116320212295445
2261 0.7117595048629531
2262 0.7118868758285462
2263 0.7115724381625441
2264 0.7116997792494482
2265 0.7113857016769638
2266 0.7110719011910013
2267 0.7111992945326279
2268 0.7108858527985897
2269 0.7105726872246696
2270 0.7107001321003963
2271 0.7108274647887324
2272 0.7109546854377474
2273 0.7110817941952506
2274 0.7112087912087912
2275 0.711335676625659
2276 0.7114624505928854
2277 0.7111501316944688
2278 0.7112768758227292
2279 0.7114035087719298
2280 0.7115300306882946
2281 0.7116564417177914
2282 0.7117827420061322
2283 0.7119089316987741
2284 0.711597374179431
2285 0.7117235345581803
2286 0.7118495846086577
2287 0.7115384615384616
2288 0.7116644823066841
2289 0.7117903930131004
2290 0.7114797031863815
2291 0.7116055846422339
2292 0.7117313563017881
2293 0.7118570183086312
2294 0.7119825708061002
2295 0.7121080139372822
2296 0.7122333478450152
2297 0.7119234116623151
2298 0.7120487168334059
2299 0.7117391304347827
2300 0.7114298131247284
2301 0.7115551694178974
2302 0.7112462006079028
2303 0.7113715277777778
2304 0.7114967462039046
2305 0.7111882046834345
2306 0.7113133940182055
2307 0.7114384748700173
2308 0.7115634473798181
2309 0.7116883116883117
2310 0.7118130679359584
2311 0.7119377162629758
2312 0.7116299178555988
2313 0.7117545375972342
2314 0.7118790496760259
2315 0.7115716753022453
2316 0.7116961588260682
2317 0.7118205349439172
2318 0.7119448037947391
2319 0.7120689655172414
2320 0.7121930202498923
2321 0.7123169681309216
2322 0.7120103314679294
2323 0.7121342512908778
2324 0.712258064516129
2325 0.7123817712811694
2326 0.7125053717232488
2327 0.7126288659793815
2328 0.712752254186346
2329 0.7128755364806867
2330 0.7125697125697126
2331 0.7122641509433962
2332 0.7119588512644663
2333 0.7116538131962297
2334 0.7117773019271949
2335 0.711472602739726
2336 0.7115960633290543
2337 0.7117194183062446
2338 0.711842667806755
2339 0.711965811965812
2340 0.7120888509184109
2341 0.7122117847993168
2342 0.7119078104993598
2343 0.7120307167235495
2344 0.7121535181236673
2345 0.711849957374254
2346 0.7115466553046442
2347 0.7116695059625213
2348 0.7113665389527458
2349 0.7114893617021276
2350 0.711612079965972
2351 0.7113095238095238
2352 0.7114322141946451
2353 0.7115548003398471
2354 0.7116772823779193
2355 0.7117996604414262
2356 0.7119219346627068
2357 0.7120441051738762
2358 0.712166172106825
2359 0.7122881355932204
2360 0.7119864464210081
2361 0.7116850127011007
2362 0.7118070249682606
2363 0.7119289340101523
2364 0.7116279069767442
2365 0.7113271344040575
2366 0.7114490916772286
2367 0.7115709459459459
2368 0.7116926973406501
2369 0.7118143459915611
2370 0.7119358920286799
2371 0.7120573355817875
2372 0.7121786767804467
2373 0.7122999157540016
2374 0.712421052631579
2375 0.7121212121212122
2376 0.7122423222549432
2377 0.712363330529857
2378 0.712484237074401
2379 0.7126050420168067
2380 0.7123057538849223
2381 0.7124265323257767
2382 0.7125472093999161
2383 0.7126677852348994
2384 0.7127882599580713
2385 0.7129086336965633
2386 0.7126099706744868
2387 0.7123115577889447
2388 0.7124319799079113
2389 0.7121338912133891
2390 0.712254286909243
2391 0.7123745819397993
2392 0.7124947764312578
2393 0.7126148705096074
2394 0.7127348643006263
2395 0.7128547579298832
2396 0.7129745515227367
2397 0.713094245204337
2398 0.7132138390996249
2399 0.7133333333333334
2400 0.7130362349021241
2401 0.7131557035803497
2402 0.7132750728256346
2403 0.7133943427620633
2404 0.7135135135135136
2405 0.713216957605985
2406 0.7133361030328209
2407 0.7130398671096345
2408 0.7131589871315899
2409 0.7132780082987552
2410 0.7133969307341352
2411 0.7135157545605307
2412 0.7136344799005387
2413 0.7137531068765535
2414 0.713871635610766
2415 0.7139900662251656
2416 0.7136946628051303
2417 0.7138130686517783
2418 0.7139313766019016
2419 0.7140495867768595
2420 0.7141676992978109
2421 0.7142857142857143
2422 0.7144036318613289
2423 0.7145214521452146
2424 0.7142268041237113
2425 0.7143446001648804
2426 0.7144622991347342
2427 0.714168039538715
2428 0.7142857142857143
2429 0.7139917695473251
2430 0.7141094199917729
2431 0.7138157894736842
2432 0.7139334155363748
2433 0.7140509449465899
2434 0.7141683778234086
2435 0.7142857142857143
2436 0.7139926138695117
2437 0.7141099261689909
2438 0.7142271422714227
2439 0.7139344262295082
2440 0.7140516181892667
2441 0.7141687141687142
2442 0.7142857142857143
2443 0.7144026186579379
2444 0.714519427402863
2445 0.714227309893704
2446 0.7143440948099714
2447 0.7144607843137255
2448 0.7145773785218457
2449 0.7146938775510204
2450 0.7148102815177478
2451 0.7145187601957586
2452 0.7142274765593152
2453 0.7139364303178484
2454 0.7140529531568228
2455 0.7137622149837134
2456 0.7138787138787139
2457 0.7135882831570383
2458 0.7137047580317202
2459 0.7138211382113822
2460 0.7135310849248273
2461 0.7136474411047928
2462 0.7137637028014616
2463 0.713474025974026
2464 0.7135902636916835
2465 0.7137064071370641
2466 0.7138224564248075
2467 0.7139384116693679
2468 0.7140542729850142
2469 0.71417004048583
2470 0.7142857142857143
2471 0.7144012944983819
2472 0.7145167812373635
2473 0.7142279708973323
2474 0.7143434343434344
2475 0.7140549273021002
2476 0.7137666532095277
2477 0.7134786117836965
2478 0.7131908027430416
2479 0.7129032258064516
2480 0.713018943974204
2481 0.7131345688960515
2482 0.7132501006846557
2483 0.7133655394524959
2484 0.7134808853118713
2485 0.7135961383748994
2486 0.7137112987535182
2487 0.7138263665594855
2488 0.7139413419043793
2489 0.7140562248995984
2490 0.7141710156563629
2491 0.7142857142857143
2492 0.7144003208985158
2493 0.7141138732959101
2494 0.7138276553106212
2495 0.7139423076923077
2496 0.7140568682418903
2497 0.7141713370696557
2498 0.7142857142857143
2499 0.7144
2500 0.7145141943222711
2501 0.7146282973621103
2502 0.7147423092289253
2503 0.7144568690095847
2504 0.7145708582834331
2505 0.7142857142857143
2506 0.7143996808934983
2507 0.7145135566188198
2508 0.7142287764049422
2509 0.7143426294820717
2510 0.7144563918757467
2511 0.714171974522293
2512 0.7142857142857143
2513 0.7140015910898966
2514 0.7141153081510935
2515 0.7142289348171701
2516 0.7143424711958681
2517 0.7144559173947578
2518 0.7145692735212386
2519 0.7142857142857143
2520 0.7143990479968266
2521 0.7145122918318795
2522 0.7146254458977408
2523 0.7143423137876387
2524 0.714059405940594
2525 0.7137767220902613
2526 0.7138899881282152
2527 0.7136075949367089
2528 0.7137208382759984
2529 0.7134387351778656
2530 0.7135519557487159
2531 0.7136650868878357
2532 0.7137781287011449
2533 0.7138910812943962
2534 0.7140039447731755
2535 0.7141167192429022
2536 0.7142294048088293
2537 0.7143420015760441
2538 0.7144545096494683
2539 0.7145669291338582
2540 0.7146792601338056
2541 0.7147915027537373
2542 0.7149036570979158
2543 0.7150157232704403
2544 0.7151277013752456
2545 0.7152395915161037
2546 0.7153513937966235
2547 0.7154631083202512
2548 0.7155747351902707
2549 0.7156862745098039
2550 0.715797726381811
2551 0.7155172413793104
2552 0.7156286721504113
2553 0.7153484729835552
2554 0.7154598825831703
2555 0.7151799687010955
2556 0.7152913570590536
2557 0.7154026583268178
2558 0.7155138726064869
2559 0.715625
2560 0.7157360406091371
2561 0.7158469945355191
2562 0.7155676941084667
2563 0.7156786271450858
2564 0.7157894736842105
2565 0.715900233826968
2566 0.7156213478768991
2567 0.7157320872274143
2568 0.7154534838458544
2569 0.7155642023346304
2570 0.7156748346946713
2571 0.7153965785381027
2572 0.7151185386708123
2573 0.7148407148407149
2574 0.7149514563106796
2575 0.7150621118012422
2576 0.7151726814124951
2577 0.7152831652443755
2578 0.7150058162078325
2579 0.7151162790697675
2580 0.715226656334754
2581 0.7149496514329977
2582 0.7146728610143245
2583 0.7147832817337462
2584 0.7148936170212766
2585 0.7146171693735499
2586 0.7147274835717047
2587 0.7148377125193199
2588 0.7145616067979915
2589 0.7142857142857143
2590 0.7143959861057507
2591 0.7145061728395061
2592 0.7146162745854223
2593 0.7147262914417888
2594 0.7148362235067437
2595 0.7149460708782742
2596 0.7150558336542164
2597 0.7151655119322555
2598 0.7152751058099269
2599 0.715
2600 0.7151095732410612
2601 0.7148347425057648
2602 0.7145601229350749
2603 0.7146697388632872
2604 0.7147792706333973
2605 0.7145049884881044
2606 0.714614499424626
2607 0.714340490797546
2608 0.7140666922192411
2609 0.7137931034482758
2610 0.7139027192646495
2611 0.7140122511485452
2612 0.7137389973210869
2613 0.7134659525631216
2614 0.7135755258126195
2615 0.7136850152905199
2616 0.7137944210928544
2617 0.713903743315508
2618 0.7140129820542191
2619 0.7141221374045802
2620 0.7142312094620374
2621 0.7139588100686499
2622 0.714067861227602
2623 0.7141768292682927
2624 0.7142857142857143
2625 0.714013709063214
2626 0.7141225732775028
2627 0.7138508371385084
2628 0.7139596804868772
2629 0.7136882129277566
2630 0.7137970353477765
2631 0.7139057750759878
2632 0.7140144322066084
2633 0.7137433561123766
2634 0.713472485768501
2635 0.7135811836115327
2636 0.7136897990140311
2637 0.7137983320697499
2638 0.7139067828723001
2639 0.7136363636363636
2640 0.7133661491859145
2641 0.7134746404239213
2642 0.7135830495648884
2643 0.7136913767019667
2644 0.7137996219281664
2645 0.7135298563869993
2646 0.713260294673215
2647 0.7129909365558912
2648 0.7130992827482069
2649 0.7132075471698113
2650 0.7133157299132403
2651 0.7130467571644042
2652 0.7131549189596683
2653 0.7132629992464204
2654 0.7133709981167609
2655 0.7134789156626506
2656 0.7135867519759127
2657 0.7136945071482318
2658 0.7138021812711546
2659 0.7139097744360903
2660 0.7140172867343104
2661 0.7141247182569497
2662 0.7138565527600451
2663 0.713963963963964
2664 0.7136960600375235
2665 0.7134283570892723
2666 0.713535808023997
2667 0.7132683658170914
2668 0.7130011240164855
2669 0.7131086142322097
2670 0.7128416323474355
2671 0.7125748502994012
2672 0.7123082678638234
2673 0.712415856394914
2674 0.7121495327102804
2675 0.7118834080717489
2676 0.711617482256257
2677 0.7117251680358476
2678 0.711832773422919
2679 0.7115671641791045
2680 0.71130175307721
2681 0.7114093959731543
2682 0.7111442415206858
2683 0.7112518628912071
2684 0.7113594040968343
2685 0.7110945644080418
2686 0.7108299218459249
2687 0.7109375
2688 0.7110449981405726
2689 0.7111524163568773
2690 0.7112597547380156
2691 0.7113670133729569
2692 0.7114741923505384
2693 0.7115812917594655
2694 0.7116883116883117
2695 0.7117952522255193
2696 0.7115313311086392
2697 0.7112676056338029
2698 0.7113745831789552
2699 0.7114814814814815
2700 0.7115883006293965
2701 0.7116950407105848
2702 0.7118017018128006
2703 0.7119082840236687
2704 0.7120147874306839
2705 0.7117516629711752
2706 0.7118581455485777
2707 0.7119645494830132
2708 0.711701734957549
2709 0.7114391143911439
2710 0.7115455551457027
2711 0.7116519174041298
2712 0.7117582012532252
2713 0.7114959469417833
2714 0.7116022099447514
2715 0.7117083946980854
2716 0.7118145012881855
2717 0.7119205298013245
2718 0.7120264803236483
2719 0.711764705882353
2720 0.7115031238515251
2721 0.7116091109478325
2722 0.7117150201983107
2723 0.711453744493392
2724 0.7115596330275229
2725 0.7116654438738078
2726 0.7114044737807114
2727 0.7115102639296188
2728 0.7116159765481862
2729 0.7117216117216117
2730 0.7118271695349688
2731 0.7119326500732065
2732 0.7120380534211489
2733 0.7121433796634967
2734 0.7122486288848263
2735 0.7123538011695907
2736 0.7124588966021191
2737 0.712563915266618
2738 0.7126688572471706
2739 0.7124087591240876
2740 0.7125136811382707
2741 0.712253829321663
2742 0.7123587313160773
2743 0.7120991253644315
2744 0.7118397085610201
2745 0.7119446467589221
2746 0.712049508554787
2747 0.7121542940320232
2748 0.7122590032739178
2749 0.7123636363636363
2750 0.712468193384224
2751 0.7125726744186046
2752 0.7123138394478751
2753 0.7120551924473493
2754 0.7121597096188748
2755 0.7122641509433962
2756 0.7123685165034458
2757 0.7124728063814358
2758 0.7125770206596593
2759 0.7126811594202899
2760 0.7127852227453821
2761 0.7125271542360608
2762 0.7122692725298588
2763 0.7120115774240231
2764 0.7121157323688969
2765 0.7118582791033984
2766 0.7116010119262739
2767 0.7117052023121387
2768 0.7118093174431203
2769 0.711913357400722
2770 0.7120173222663299
2771 0.7121212121212122
2772 0.71222502704652
2773 0.7119682768565249
2774 0.7120720720720721
2775 0.7121757925072046
2776 0.712279438242708
2777 0.7123830093592513
2778 0.7121266642677222
2779 0.7118705035971223
2780 0.7119741100323624
2781 0.7117181883537024
2782 0.7118217750628818
2783 0.7119252873563219
2784 0.711669658886894
2785 0.7117731514716439
2786 0.7118765697883028
2787 0.7119799139167863
2788 0.712083183936895
2789 0.7121863799283155
2790 0.7122895019706198
2791 0.7123925501432665
2792 0.7124955245255997
2793 0.7125984251968503
2794 0.712701252236136
2795 0.7128040057224606
2796 0.7125491598140865
2797 0.7126518942101501
2798 0.7127545551982851
2799 0.7128571428571429
2800 0.7129596572652624
2801 0.7130620985010707
2802 0.7131644666428826
2803 0.7129101283880172
2804 0.7130124777183601
2805 0.7131147540983607
2806 0.713216957605985
2807 0.7133190883190883
2808 0.7134211463154148
2809 0.7131672597864769
2810 0.7132692991817858
2811 0.713371266002845
2812 0.713473160327053
2813 0.7132196162046909
2814 0.7133214920071048
2815 0.7134232954545454
2816 0.7131700390486333
2817 0.71291696238467
2818 0.71301880099326
2819 0.7131205673758865
2820 0.7132222616093584
2821 0.7133238837703756
2822 0.7134254339355296
2823 0.7135269121813032
2824 0.7136283185840708
2825 0.7137296532200991
2826 0.7138309161655465
2827 0.713932107496464
2828 0.7140332272887946
2829 0.7137809187279152
2830 0.7138820204874603
2831 0.7139830508474576
2832 0.7140840098835157
2833 0.7138320395201129
2834 0.7139329805996473
2835 0.714033850493653
2836 0.7141346492774057
2837 0.7138830162085976
2838 0.713983797111659
2839 0.7137323943661972
2840 0.7138331573389651
2841 0.7139338494018297
2842 0.7140344706296166
2843 0.7137834036568214
2844 0.713884007029877
2845 0.7139845397048489
2846 0.7140850017562347
2847 0.7138342696629213
2848 0.713934713934714
2849 0.7136842105263158
2850 0.7137846369694844
2851 0.7138849929873773
2852 0.7139852786540484
2853 0.7140854940434478
2854 0.7138353765323993
2855 0.7139355742296919
2856 0.7140357017850892
2857 0.7141357592722183
2858 0.714235746764603
2859 0.7143356643356643
2860 0.7144355120587207
2861 0.7145352900069881
2862 0.7146349982535801
2863 0.7143854748603352
2864 0.7144851657940663
2865 0.7145847871598046
2866 0.7143355423787932
2867 0.7140864714086471
2868 0.7141861275705821
2869 0.7142857142857143
2870 0.7140369209334727
2871 0.7137883008356546
2872 0.7138879220327184
2873 0.7139874739039666
2874 0.7140869565217391
2875 0.7141863699582753
2876 0.7142857142857143
2877 0.7140375260597637
2878 0.714136853073984
2879 0.7142361111111111
2880 0.7143353002429712
2881 0.714087439278279
2882 0.7141866111689212
2883 0.7142857142857143
2884 0.7140381282495667
2885 0.7141372141372141
2886 0.71388985105646
2887 0.71398891966759
2888 0.7137417791623399
2889 0.7134948096885814
2890 0.7135939121411277
2891 0.7136929460580913
2892 0.7134462495679226
2893 0.7131997235659986
2894 0.7132987910189983
2895 0.7133977900552486
2896 0.7134967207455989
2897 0.7135955831608005
2898 0.7136943773715074
2899 0.7137931034482758
2900 0.7135470527404343
2901 0.7133011716057891
2902 0.7133999311057526
2903 0.7131542699724518
2904 0.7132530120481928
2905 0.713351686166552
2906 0.7134502923976608
2907 0.7135488308115543
2908 0.7136473014781712
2909 0.713745704467354
2910 0.713500515286843
2911 0.7135989010989011
2912 0.7133539306556814
2913 0.7134522992450241
2914 0.7135506003430532
2915 0.7136488340192044
2916 0.713747000342818
2917 0.7138450993831391
2918 0.7139431312093183
2919 0.7136986301369863
2920 0.7137966449845943
2921 0.7138945927446955
2922 0.7136503592199794
2923 0.7137482900136799
2924 0.7138461538461538
2925 0.7139439507860561
2926 0.7140416809019474
2927 0.7141393442622951
2928 0.7142369409354729
2929 0.7139931740614335
2930 0.7140907540088707
2931 0.7141882673942701
2932 0.7142857142857143
2933 0.7143830947511929
2934 0.7141396933560477
2935 0.7142370572207084
2936 0.7139938712972421
2937 0.7140912185159973
2938 0.7141884994896224
2939 0.7142857142857143
2940 0.7143828629717783
2941 0.7144799456152278
2942 0.7142371729527692
2943 0.7143342391304348
2944 0.7140916808149406
2945 0.7138492871690427
2946 0.7139463861554123
2947 0.7140434192672999
2948 0.7141403865717192
2949 0.7142372881355932
2950 0.714334124025754
2951 0.7144308943089431
2952 0.7145275990518117
2953 0.7146242383209208
2954 0.7147208121827411
2955 0.7144790257104194
2956 0.714575583361515
2957 0.7143340094658553
2958 0.7140925988509632
2959 0.7141891891891892
2960 0.7142857142857143
2961 0.7143821742066172
2962 0.7144785690178873
2963 0.7142375168690959
2964 0.7143338954468803
2965 0.7144302090357384
2966 0.7141894169194473
2967 0.7142857142857143
2968 0.7140451330414281
2969 0.7138047138047138
2970 0.7135644564119825
2971 0.7136608344549125
2972 0.7134207870837538
2973 0.7131809011432414
2974 0.7132773109243697
2975 0.7133736559139785
2976 0.7134699361773598
2977 0.7135661517797179
2978 0.7133266196710305
2979 0.7134228187919464
2980 0.7135189533713518
2981 0.7136150234741784
2982 0.7137110291652699
2983 0.7138069705093834
2984 0.7135678391959799
2985 0.7136637642330877
2986 0.713759625041848
2987 0.713855421686747
2988 0.7136165941786551
2989 0.7133779264214046
2990 0.7134737545971247
2991 0.7135695187165776
2992 0.7133311059137989
2993 0.7134268537074149
2994 0.7135225375626043
2995 0.7136181575433912
2996 0.7137137137137137
2997 0.7138092061374249
2998 0.7139046348782928
2999 0.7136666666666667
3000 0.7134288570476508
3001 0.7135243171219188
3002 0.7136197136197137
3003 0.7133821571238349
3004 0.713477537437604
3005 0.7135728542914171
3006 0.7136681077485866
3007 0.7134308510638298
3008 0.7135260884014623
3009 0.7136212624584718
3010 0.7133842577216871
3011 0.7134794156706508
3012 0.7135745104546963
3013 0.7136695421366954
3014 0.7137645107794361
3015 0.7138594164456233
3016 0.7136228041100431
3017 0.7137176938369781
3018 0.7138125207022192
3019 0.713907284768212
3020 0.713670969877524
3021 0.71343481138319
3022 0.7131988091300033
3023 0.7132936507936508
3024 0.7133884297520661
3025 0.7131526768010575
3026 0.7132474397092832
3027 0.7130118890356671
3028 0.7127764938923737
3029 0.7128712871287128
3030 0.7126360936984494
3031 0.712730870712401
3032 0.7124958786679855
3033 0.7122610415293342
3034 0.7123558484349258
3035 0.7124505928853755
3036 0.7125452749423773
3037 0.7126398946675444
3038 0.7127344521224087
3039 0.7128289473684211
3040 0.7129233804669517
3041 0.7126890203813281
3042 0.7124548143279659
3043 0.7122207621550591
3044 0.7123152709359606
3045 0.7124097176625082
3046 0.7125041023957992
3047 0.7125984251968503
3048 0.7123647097408986
3049 0.7121311475409836
3050 0.7122254998361193
3051 0.7123197903014417
3052 0.7124140189977072
3053 0.712180746561886
3054 0.7122749590834697
3055 0.712369109947644
3056 0.7121360811252863
3057 0.7119032047089601
3058 0.7119973847662635
3059 0.7120915032679739
3060 0.711858869650441
3061 0.7119529719137818
3062 0.7120470127326151
3063 0.7118146214099217
3064 0.7119086460032626
3065 0.7120026092628833
3066 0.7120965112487773
3067 0.7121903520208605
3068 0.7122841316389703
3069 0.7123778501628665
3070 0.7121458808205796
3071 0.7122395833333334
3072 0.7120078099576961
3073 0.7121014964216005
3074 0.711869918699187
3075 0.711963589076723
3076 0.7120571985700358
3077 0.7121507472384665
3078 0.7122442351412797
3079 0.7123376623376624
3080 0.712431028886725
3081 0.7121998702141467
3082 0.7122932208887447
3083 0.7123865110246433
3084 0.7124797406807132
3085 0.7125729099157485
3086 0.7123420796890184
3087 0.7121113989637305
3088 0.712204596956944
3089 0.7119741100323624
3090 0.7120672921384665
3091 0.7121604139715395
3092 0.7119301648884578
3093 0.7117000646412411
3094 0.7117932148626818
3095 0.7118863049095607
3096 0.7116564417177914
3097 0.7117495158166559
3098 0.7118425298483382
3099 0.7119354838709677
3100 0.7120283779425992
3101 0.7121212121212122
3102 0.7118917176925555
3103 0.7119845360824743
3104 0.7120772946859903
3105 0.71216999356085
3106 0.7122626327647248
3107 0.7120334620334621
3108 0.7118044387262785
3109 0.7118971061093248
3110 0.7119897139183542
3111 0.712082262210797
3112 0.712174751044009
3113 0.7122671804752729
3114 0.7123595505617978
3115 0.7124518613607189
3116 0.7125441129290985
3117 0.7126363053239256
3118 0.7127284386021161
3119 0.7128205128205128
3120 0.7129125280358859
3121 0.7130044843049327
3122 0.7130963816842779
3123 0.7131882202304738
3124 0.71296
3125 0.7130518234165067
3126 0.7128237927726255
3127 0.7125959079283888
3128 0.7126877596676254
3129 0.712779552715655
3130 0.7128712871287128
3131 0.7126436781609196
3132 0.7124162144909033
3133 0.7125079770261646
3134 0.7125996810207337
3135 0.7123724489795918
3136 0.7121453618106471
3137 0.7122370936902486
3138 0.7123287671232876
3139 0.7124203821656051
3140 0.7125119388729704
3141 0.7126034373010821
3142 0.7126948775055679
3143 0.7127862595419847
3144 0.7128775834658188
3145 0.7129688493324857
3146 0.7130600571973308
3147 0.713151207115629
3148 0.713242299142585
3149 0.7133333333333334
3150 0.7134243097429388
3151 0.7135152284263959
3152 0.7136060894386299
3153 0.7136968928344959
3154 0.7137876386687797
3155 0.7138783269961977
3156 0.7139689578713969
3157 0.7140595313489551
3158 0.7138334916112694
3159 0.7139240506329114
3160 0.7140145523568491
3161 0.7141049968374447
3162 0.7141953841289914
3163 0.7142857142857143
3164 0.7143759873617693
3165 0.7144662034112444
3166 0.7145563624881591
3167 0.7146464646464646
3168 0.7147365099400442
3169 0.714826498422713
3170 0.7146010722169662
3171 0.7146910466582598
3172 0.7147809643870154
3173 0.7148708254568368
3174 0.7149606299212599
3175 0.714735516372796
3176 0.7148253068932956
3177 0.7149150409062304
3178 0.7146901541365209
3179 0.7147798742138365
3180 0.7148695378811695
3181 0.7149591451917033
3182 0.7147345271756205
3183 0.714824120603015
3184 0.7145996860282574
3185 0.7146892655367232
3186 0.7147787888296203
3187 0.7145545796737767
3188 0.7146440890561304
3189 0.7144200626959247
3190 0.7145095581322469
3191 0.7145989974937343
3192 0.7146883808330724
3193 0.7147777082028804
3194 0.714866979655712
3195 0.7146433041301627
3196 0.7147325617766657
3197 0.7148217636022514
3198 0.7149109096592685
3199 0.7146875
3200 0.7147766323024055
3201 0.7148657089319176
3202 0.7149547299406807
3203 0.7150436953807741
3204 0.7148205928237129
3205 0.7149095446038678
3206 0.7149984409105082
3207 0.7150872817955112
3208 0.7148644437519477
3209 0.7149532710280374
3210 0.7147306135160386
3211 0.7148194271481942
3212 0.7149081854964208
3213 0.7149968886123211
3214 0.7150855365474339
3215 0.714863184079602
3216 0.7149518184644078
3217 0.7147296457426974
3218 0.7145076110593352
3219 0.7142857142857143
3220 0.7143744178826451
3221 0.7141527001862198
3222 0.7142413900093081
3223 0.7143300248138957
3224 0.7144186046511628
3225 0.7141971481711097
3226 0.7142857142857143
3227 0.7143742255266419
3228 0.7144626819448746
3229 0.7145510835913312
3230 0.7146394305168678
3231 0.7147277227722773
3232 0.7145066501701206
3233 0.7145949288806431
3234 0.7143740340030912
3235 0.7141532756489494
3236 0.7142415817114612
3237 0.7143298332303891
3238 0.714418030256252
3239 0.7145061728395061
3240 0.7145942610305461
3241 0.7146822948797039
3242 0.7144619179771816
3243 0.7145499383477188
3244 0.7146379044684129
3245 0.7147258163894024
3246 0.7148136741607638
3247 0.7149014778325123
3248 0.7149892274546014
3249 0.715076923076923
3250 0.7148569670870502
3251 0.7149446494464945
3252 0.7150322778973256
3253 0.715119852489244
3254 0.7152073732718894
3255 0.714987714987715
3256 0.7150752225974824
3257 0.7151626764886433
3258 0.7152500767106474
3259 0.7153374233128834
3260 0.7151180619441889
3261 0.7148988350705089
3262 0.7149862090101133
3263 0.7150735294117647
3264 0.7151607963246555
3265 0.7152480097979179
3266 0.7153351698806244
3267 0.715422276621787
3268 0.715203426124197
3269 0.7149847094801223
3270 0.7147661265667992
3271 0.7145476772616137
3272 0.714329361442102
3273 0.7144166157605376
3274 0.7141984732824428
3275 0.7142857142857143
3276 0.714372902044553
3277 0.7141549725442343
3278 0.7142421469960354
3279 0.714329268292683
3280 0.7144163364827797
3281 0.714503351614869
3282 0.7145903137374353
3283 0.7143727161997564
3284 0.7144596651445967
3285 0.714546561168594
3286 0.7143291755400061
3287 0.7144160583941606
3288 0.7145028884159319
3289 0.7145896656534955
3290 0.7146763901549681
3291 0.7144592952612394
3292 0.7145460066808381
3293 0.7146326654523376
3294 0.7144157814871017
3295 0.7141990291262136
3296 0.7142857142857143
3297 0.7140691328077623
3298 0.71415580478933
3299 0.713939393939394
3300 0.7140260527112996
3301 0.7141126589945488
3302 0.714199212836815
3303 0.7139830508474576
3304 0.7140695915279879
3305 0.7141560798548094
3306 0.7139401270033263
3307 0.7140266021765417
3308 0.7141130250831067
3309 0.7141993957703927
3310 0.7142857142857143
3311 0.7143719806763285
3312 0.7144581949894355
3313 0.7145443572721787
3314 0.7146304675716441
3315 0.7147165259348612
3316 0.7145010551703347
3317 0.71458710066305
3318 0.7146730943055137
3319 0.7144578313253012
3320 0.7145438121047877
3321 0.7146297411198074
3322 0.714715618417093
3323 0.7148014440433214
3324 0.7148872180451128
3325 0.7146722790138305
3326 0.7144574691914638
3327 0.7145432692307693
3328 0.71462901772304
3329 0.7147147147147147
3330 0.7148003602521765
3331 0.7145858343337335
3332 0.7146714671467147
3333 0.714757048590282
3334 0.7148425787106447
3335 0.7146282973621103
3336 0.7147138148037159
3337 0.7147992810065907
3338 0.7148846960167715
3339 0.7149700598802395
3340 0.714756061059563
3341 0.7148414123279473
3342 0.7149267125336524
3343 0.715011961722488
3344 0.7150971599402093
3345 0.7151823072325164
3346 0.7152674036450553
3347 0.715352449223417
3348 0.7154374440131382
3349 0.7155223880597015
3350 0.7153088630259624
3351 0.7150954653937948
3352 0.7151804354309573
3353 0.7149672033392963
3354 0.7147540983606557
3355 0.7148390941597139
3356 0.7149240393208222
3357 0.7150089338892198
3358 0.7150937779100923
3359 0.7151785714285714
3360 0.7152633144897352
3361 0.7150505651397977
3362 0.7151352958667856
3363 0.7152199762187872
3364 0.7153046062407132
3365 0.7150920974450387
3366 0.7151767151767152
3367 0.7149643705463183
3368 0.7150489759572574
3369 0.7151335311572701
3370 0.7152180361910412
3371 0.7153024911032029
3372 0.7153868959383338
3373 0.7154712507409603
3374 0.7155555555555555
3375 0.7153436018957346
3376 0.7154278945809891
3377 0.7155121373593842
3378 0.7155963302752294
3379 0.7153846153846154
3380 0.7151730257320319
3381 0.7149615612063868
3382 0.7147502216967189
3383 0.7148345153664303
3384 0.7149187592319055
3385 0.7147076196101595
3386 0.7147918511957484
3387 0.7145808736717828
3388 0.7143700206550605
3389 0.7141592920353982
3390 0.7139486877027426
3391 0.7140330188679245
3392 0.7141173003241968
3393 0.714201532115498
3394 0.7139911634756996
3395 0.714075382803298
3396 0.7138651751545482
3397 0.7136550912301354
3398 0.713445130920859
3399 0.7135294117647059
3400 0.7133196118788592
3401 0.7134038800705468
3402 0.7134880987364091
3403 0.713572267920094
3404 0.7136563876651982
3405 0.7134468584850264
3406 0.7132374523040799
3407 0.7133215962441315
3408 0.7134056908184219
3409 0.7131964809384165
3410 0.7132805628847845
3411 0.7133645955451349
3412 0.7131555815997656
3413 0.7129466900995899
3414 0.7130307467057101
3415 0.7131147540983607
3416 0.7131987123207492
3417 0.7129900526623757
3418 0.7130739982451009
3419 0.7131578947368421
3420 0.7129494299912307
3421 0.7130333138515488
3422 0.7131171486999708
3423 0.7132009345794392
3424 0.712992700729927
3425 0.712784588441331
3426 0.7125765976072367
3427 0.7126604434072346
3428 0.7124526100904054
3429 0.712536443148688
3430 0.7123287671232876
3431 0.7124125874125874
3432 0.7124963588697932
3433 0.7125800815375655
3434 0.7126637554585152
3435 0.7127473806752037
3436 0.7128309572301426
3437 0.712914485165794
3438 0.7129979645245711
3439 0.7127906976744186
3440 0.7128741644870678
3441 0.7126670540383498
3442 0.7124600638977636
3443 0.7125435540069687
3444 0.7123367198838897
3445 0.712420197330238
3446 0.7125036263417465
3447 0.7125870069605569
3448 0.712670339228762
3449 0.7127536231884058
3450 0.7125470878006375
3451 0.7123406720741599
3452 0.7124239791485665
3453 0.712507237984945
3454 0.712590448625181
3455 0.7126736111111112
3456 0.7127567254845242
3457 0.7125506072874493
3458 0.7126337091644984
3459 0.7124277456647399
3460 0.7125108350187807
3461 0.7125938763720393
3462 0.7126768697660988
3463 0.7127598152424942
3464 0.7125541125541126
3465 0.7126370455856895
3466 0.7127199307758869
3467 0.71280276816609
3468 0.7128855577976362
3469 0.7129682997118155
3470 0.7127628925381735
3471 0.7125576036866359
3472 0.7126403685574432
3473 0.7127230857800806
3474 0.7125179856115108
3475 0.7126006904487917
3476 0.7126833477135461
3477 0.7127659574468085
3478 0.712848519689566
3479 0.7129310344827586
3480 0.7127262280953749
3481 0.7128087306145893
3482 0.7126040769451623
3483 0.7123995407577497
3484 0.7121951219512195
3485 0.7122776821572002
3486 0.7123601950100373
3487 0.7124426605504587
3488 0.7125250788191458
3489 0.7126074498567335
3490 0.7126897737038098
3491 0.7127720504009164
3492 0.7128542799885486
3493 0.7126502575844305
3494 0.7127324749642346
3495 0.7128146453089245
3496 0.7126108092650844
3497 0.7124070897655803
3498 0.7124892826521864
3499 0.7125714285714285
3500 0.7126535275635533
3501 0.7127355796687607
3502 0.7128175849272053
3503 0.7126141552511416
3504 0.7126961483594865
3505 0.7127780946948089
3506 0.7125748502994012
3507 0.7126567844925884
3508 0.7127386719863209
3509 0.7128205128205128
3510 0.7126174878951865
3511 0.7124145785876993
3512 0.7122117847993168
3513 0.7122936824132043
3514 0.712375533428165
3515 0.7121729237770194
3516 0.7122547625817458
3517 0.7123365548607163
3518 0.7124183006535948
3519 0.712215909090909
3520 0.7120136324907697
3521 0.7120954003407155
3522 0.7121771217712177
3523 0.7122587968217934
3524 0.7123404255319149
3525 0.712138400453772
3526 0.7122200170116246
3527 0.7123015873015873
3528 0.7120997449702465
3529 0.7121813031161474
3530 0.7122628150665534
3531 0.7123442808607021
3532 0.7121426549674498
3533 0.7122241086587436
3534 0.7123055162659123
3535 0.7123868778280543
3536 0.7121854679106587
3537 0.7119841718485019
3538 0.7117829895450692
3539 0.711864406779661
3540 0.7119457780288054
3541 0.7120271033314511
3542 0.712108382726503
3543 0.7119074492099323
3544 0.7119887165021157
3545 0.7120699379582628
3546 0.7121511136171412
3547 0.7122322435174746
3548 0.7123133276979431
3549 0.712112676056338
3550 0.7119121374260772
3551 0.7119932432432432
3552 0.7120743034055728
3553 0.7121553179516038
3554 0.7122362869198312
3555 0.7123172103487064
3556 0.7123980882766376
3557 0.7124789207419899
3558 0.7122787299803316
3559 0.7123595505617978
3560 0.7124403257511935
3561 0.712521055586749
3562 0.7126017401066517
3563 0.7124017957351291
3564 0.7124824684431977
3565 0.7125630959057768
3566 0.7126436781609196
3567 0.7127242152466368
3568 0.7125245166713365
3569 0.7123249299719888
3570 0.7121254550546066
3571 0.7122060470324748
3572 0.7122865938986845
3573 0.7123670956911025
3574 0.7124475524475524
3575 0.7125279642058165
3576 0.7126083310036343
3577 0.7126886528787032
3578 0.7127689298686783
3579 0.7128491620111732
3580 0.712650097738062
3581 0.7127303182579564
3582 0.7125313982696064
3583 0.7126116071428571
3584 0.7126917712691772
3585 0.7127718906860011
3586 0.7125731809311402
3587 0.7126532887402452
3588 0.7124547227640011
3589 0.7125348189415042
3590 0.7126148705096074
3591 0.7126948775055679
3592 0.7127748399666017
3593 0.7128547579298832
3594 0.7129346314325452
3595 0.7127363737486095
3596 0.7125382262996942
3597 0.7123401889938855
3598 0.7124201166990831
3599 0.7125
3600 0.7125798389336295
3601 0.712659633536924
3602 0.7124618373577575
3603 0.7122641509433962
3604 0.7123439667128988
3605 0.7124237382140877
3606 0.7122262267812587
3607 0.7120288248337029
3608 0.7121086173455251
3609 0.7121883656509695
3610 0.7122680697867627
3611 0.7123477297895903
3612 0.7124273456960974
3613 0.7125069175428888
3614 0.7125864453665284
3615 0.7123893805309734
3616 0.712468896875864
3617 0.7122719734660033
3618 0.7123514783089251
3619 0.7124309392265193
3620 0.712234189450428
3621 0.7123136388735505
3622 0.7121170300855645
3623 0.7119205298013245
3624 0.712
3625 0.7120794263651407
3626 0.7121588089330024
3627 0.7122381477398015
3628 0.7120418848167539
3629 0.7121212121212122
3630 0.7119250895070228
3631 0.7117290748898678
3632 0.711533168180567
3633 0.7116125481563016
3634 0.7116918844566712
3635 0.7117711771177118
3636 0.7118504261754193
3637 0.7119296316657504
3638 0.7120087936246221
3639 0.7118131868131868
3640 0.7116176874485032
3641 0.7116968698517299
3642 0.7115015097447159
3643 0.7115806805708014
3644 0.7113854595336077
3645 0.7114646187602852
3646 0.7115437345763641
3647 0.7116228070175439
3648 0.7114277884351877
3649 0.7112328767123288
3650 0.7113119693234731
3651 0.7113910186199343
3652 0.7114700246372844
3653 0.7115489874110563
3654 0.7116279069767442
3655 0.7117067833698031
3656 0.7115121684440798
3657 0.7115910333515583
3658 0.7113965564361847
3659 0.7112021857923497
3660 0.7112810707456979
3661 0.7113599126160568
3662 0.7114387114387114
3663 0.7115174672489083
3664 0.7113233287858117
3665 0.7111292962356792
3666 0.7112080719934551
3667 0.7110141766630316
3668 0.711092940855819
3669 0.7111716621253406
3670 0.7109779351675293
3671 0.7110566448801743
3672 0.7111353117342771
3673 0.7112139357648339
3674 0.7112925170068027
3675 0.7113710554951034
3676 0.7114495512646178
3677 0.7115280043501904
3678 0.7113346017939658
3679 0.7111413043478261
3680 0.7112197772344472
3681 0.7110266159695817
3682 0.7108335595981536
3683 0.7109120521172638
3684 0.7109905020352781
3685 0.7110689093868693
3686 0.7108760509899648
3687 0.7109544468546638
