0 1.0
1 1.0
2 1.0
3 1.0
4 1.0
5 1.0
6 1.0
7 1.0
8 1.0
9 1.0
10 1.0
11 1.0
12 1.0
13 1.0
14 1.0
15 1.0
16 1.0
17 1.0
18 1.0
19 1.0
20 1.0
21 1.0
22 1.0
23 1.0
24 1.0
25 1.0
26 1.0
27 1.0
28 1.0
29 1.0
30 1.0
31 1.0
32 1.0
33 1.0
34 1.0
35 1.0
36 1.0
37 1.0
38 1.0
39 1.0
40 0.975609756097561
41 0.9761904761904762
42 0.9767441860465116
43 0.9772727272727273
44 0.9777777777777777
45 0.9782608695652174
46 0.9787234042553191
47 0.9791666666666666
48 0.9795918367346939
49 0.98
50 0.9607843137254902
51 0.9615384615384616
52 0.9622641509433962
53 0.9629629629629629
54 0.9636363636363636
55 0.9642857142857143
56 0.9649122807017544
57 0.9655172413793104
58 0.9661016949152542
59 0.9666666666666667
60 0.9672131147540983
61 0.967741935483871
62 0.9682539682539683
63 0.96875
64 0.9692307692307692
65 0.9696969696969697
66 0.9701492537313433
67 0.9705882352941176
68 0.9710144927536232
69 0.9714285714285714
70 0.971830985915493
71 0.9722222222222222
72 0.9726027397260274
73 0.972972972972973
74 0.9733333333333334
75 0.9736842105263158
76 0.974025974025974
77 0.9743589743589743
78 0.9746835443037974
79 0.975
80 0.9753086419753086
81 0.9634146341463414
82 0.963855421686747
83 0.9642857142857143
84 0.9647058823529412
85 0.9651162790697675
86 0.9655172413793104
87 0.9659090909090909
88 0.9662921348314607
89 0.9666666666666667
90 0.967032967032967
91 0.967391304347826
92 0.956989247311828
93 0.9574468085106383
94 0.9578947368421052
95 0.9583333333333334
96 0.9587628865979382
97 0.9489795918367347
98 0.9494949494949495
99 0.95
100 0.9405940594059405
101 0.9411764705882353
102 0.941747572815534
103 0.9423076923076923
104 0.9428571428571428
105 0.9339622641509434
106 0.9345794392523364
107 0.9351851851851852
108 0.9357798165137615
109 0.9363636363636364
110 0.9369369369369369
111 0.9375
112 0.9380530973451328
113 0.9385964912280702
114 0.9391304347826087
115 0.9396551724137931
116 0.9401709401709402
117 0.940677966101695
118 0.9327731092436975
119 0.9333333333333333
120 0.9338842975206612
121 0.9344262295081968
122 0.9349593495934959
123 0.9354838709677419
124 0.936
125 0.9365079365079365
126 0.937007874015748
127 0.9375
128 0.937984496124031
129 0.9384615384615385
130 0.9389312977099237
131 0.9393939393939394
132 0.9323308270676691
133 0.9253731343283582
134 0.9259259259259259
135 0.9264705882352942
136 0.927007299270073
137 0.927536231884058
138 0.9280575539568345
139 0.9285714285714286
140 0.9290780141843972
141 0.9295774647887324
142 0.9300699300699301
143 0.9305555555555556
144 0.9310344827586207
145 0.9315068493150684
146 0.9251700680272109
147 0.9256756756756757
148 0.9261744966442953
149 0.9266666666666666
150 0.9271523178807947
151 0.9276315789473685
152 0.9281045751633987
153 0.9285714285714286
154 0.9290322580645162
155 0.9294871794871795
156 0.9299363057324841
157 0.9240506329113924
158 0.9245283018867925
159 0.925
160 0.9254658385093167
161 0.9259259259259259
162 0.9263803680981595
163 0.926829268292683
164 0.9272727272727272
165 0.927710843373494
166 0.9281437125748503
167 0.9285714285714286
168 0.9289940828402367
169 0.9294117647058824
170 0.9298245614035088
171 0.9302325581395349
172 0.930635838150289
173 0.9310344827586207
174 0.9314285714285714
175 0.9318181818181818
176 0.9322033898305084
177 0.9325842696629213
178 0.9329608938547486
179 0.9333333333333333
180 0.9337016574585635
181 0.9340659340659341
182 0.9344262295081968
183 0.9347826086956522
184 0.9351351351351351
185 0.9354838709677419
186 0.9358288770053476
187 0.9361702127659575
188 0.9365079365079365
189 0.9368421052631579
190 0.9319371727748691
191 0.9322916666666666
192 0.9326424870466321
193 0.9329896907216495
194 0.9333333333333333
195 0.9336734693877551
196 0.934010152284264
197 0.9343434343434344
198 0.9346733668341709
199 0.935
200 0.9303482587064676
201 0.9306930693069307
202 0.9310344827586207
203 0.9313725490196079
204 0.9317073170731708
205 0.9320388349514563
206 0.9323671497584541
207 0.9278846153846154
208 0.9282296650717703
209 0.9285714285714286
210 0.9289099526066351
211 0.9292452830188679
212 0.9295774647887324
213 0.9299065420560748
214 0.9302325581395349
215 0.9305555555555556
216 0.9308755760368663
217 0.926605504587156
218 0.9269406392694064
219 0.9272727272727272
220 0.9276018099547512
221 0.9279279279279279
222 0.9282511210762332
223 0.9285714285714286
224 0.9288888888888889
225 0.9292035398230089
226 0.9295154185022027
227 0.9298245614035088
228 0.9301310043668122
229 0.9304347826086956
230 0.9307359307359307
231 0.9310344827586207
232 0.9313304721030042
233 0.9316239316239316
234 0.9319148936170213
235 0.9322033898305084
236 0.9324894514767933
237 0.9327731092436975
238 0.9330543933054394
239 0.9333333333333333
240 0.9336099585062241
241 0.9338842975206612
242 0.934156378600823
243 0.9344262295081968
244 0.9346938775510204
245 0.9349593495934959
246 0.9352226720647774
247 0.9354838709677419
248 0.9317269076305221
249 0.932
250 0.9322709163346613
251 0.9325396825396826
252 0.932806324110672
253 0.9330708661417323
254 0.9333333333333333
255 0.93359375
256 0.933852140077821
257 0.9341085271317829
258 0.9343629343629344
259 0.9346153846153846
260 0.9348659003831418
261 0.9351145038167938
262 0.935361216730038
263 0.9356060606060606
264 0.9358490566037736
265 0.9360902255639098
266 0.9363295880149812
267 0.9365671641791045
268 0.9368029739776952
269 0.937037037037037
270 0.9372693726937269
271 0.9375
272 0.9377289377289377
273 0.9343065693430657
274 0.9345454545454546
275 0.9347826086956522
276 0.9350180505415162
277 0.935251798561151
278 0.9354838709677419
279 0.9321428571428572
280 0.9323843416370107
281 0.9326241134751773
282 0.9328621908127208
283 0.9330985915492958
284 0.9333333333333333
285 0.9335664335664335
286 0.9337979094076655
287 0.9340277777777778
288 0.9342560553633218
289 0.9344827586206896
290 0.9347079037800687
291 0.934931506849315
292 0.9351535836177475
293 0.935374149659864
294 0.9355932203389831
295 0.9358108108108109
296 0.936026936026936
297 0.9362416107382551
298 0.9364548494983278
299 0.9366666666666666
300 0.9368770764119602
301 0.9370860927152318
302 0.9372937293729373
303 0.9375
304 0.9377049180327869
305 0.9379084967320261
306 0.9381107491856677
307 0.9383116883116883
308 0.9385113268608414
309 0.9387096774193548
310 0.9389067524115756
311 0.9391025641025641
312 0.939297124600639
313 0.9394904458598726
314 0.9396825396825397
315 0.9367088607594937
316 0.9369085173501577
317 0.9339622641509434
318 0.9341692789968652
319 0.934375
320 0.9345794392523364
321 0.9347826086956522
322 0.934984520123839
323 0.9351851851851852
324 0.9353846153846154
325 0.9355828220858896
326 0.9357798165137615
327 0.9359756097560976
328 0.9361702127659575
329 0.9333333333333333
330 0.9335347432024169
331 0.9337349397590361
332 0.933933933933934
333 0.9341317365269461
334 0.9343283582089552
335 0.9315476190476191
336 0.9317507418397626
337 0.9319526627218935
338 0.9321533923303835
339 0.9323529411764706
340 0.9325513196480938
341 0.9327485380116959
342 0.9329446064139941
343 0.9331395348837209
344 0.9333333333333333
345 0.9335260115606936
346 0.9337175792507204
347 0.9339080459770115
348 0.9340974212034384
349 0.9342857142857143
350 0.9344729344729344
351 0.9346590909090909
352 0.9348441926345609
353 0.9350282485875706
354 0.9352112676056338
355 0.9353932584269663
356 0.9355742296918768
357 0.9357541899441341
358 0.935933147632312
359 0.9361111111111111
360 0.9362880886426593
361 0.93646408839779
362 0.9366391184573003
363 0.9368131868131868
364 0.936986301369863
365 0.9371584699453552
366 0.9373297002724795
367 0.9375
368 0.9376693766937669
369 0.9378378378378378
370 0.9380053908355795
371 0.9381720430107527
372 0.938337801608579
373 0.9385026737967914
374 0.9386666666666666
375 0.9388297872340425
376 0.9389920424403183
377 0.9391534391534392
378 0.9393139841688655
379 0.9394736842105263
380 0.9396325459317585
381 0.9397905759162304
382 0.9399477806788512
383 0.9401041666666666
384 0.9402597402597402
385 0.9404145077720207
386 0.9405684754521964
387 0.9407216494845361
388 0.9408740359897172
389 0.941025641025641
390 0.9411764705882353
391 0.9413265306122449
392 0.9414758269720102
393 0.9416243654822335
394 0.9417721518987342
395 0.9419191919191919
396 0.9420654911838791
397 0.9422110552763819
398 0.9423558897243107
399 0.9425
400 0.942643391521197
401 0.9427860696517413
402 0.9429280397022333
403 0.943069306930693
404 0.9432098765432099
405 0.9433497536945813
406 0.9434889434889435
407 0.9436274509803921
408 0.9437652811735942
409 0.9439024390243902
410 0.9440389294403893
411 0.9441747572815534
412 0.9443099273607748
413 0.9444444444444444
414 0.944578313253012
415 0.9447115384615384
416 0.9424460431654677
417 0.9425837320574163
418 0.9403341288782816
419 0.9404761904761905
420 0.9406175771971497
421 0.9407582938388626
422 0.9408983451536643
423 0.9410377358490566
424 0.9411764705882353
425 0.9413145539906104
426 0.9414519906323185
427 0.9415887850467289
428 0.9417249417249417
429 0.9418604651162791
430 0.9419953596287703
431 0.9421296296296297
432 0.9422632794457275
433 0.9423963133640553
434 0.9425287356321839
435 0.9426605504587156
436 0.9427917620137299
437 0.9429223744292238
438 0.9407744874715261
439 0.9386363636363636
440 0.9387755102040817
441 0.9389140271493213
442 0.9390519187358917
443 0.9391891891891891
444 0.9393258426966292
445 0.9394618834080718
446 0.9395973154362416
447 0.9397321428571429
448 0.9398663697104677
449 0.94
450 0.9401330376940134
451 0.9380530973451328
452 0.9381898454746137
453 0.9383259911894273
454 0.9384615384615385
455 0.9385964912280702
456 0.9387308533916849
457 0.9388646288209607
458 0.9389978213507625
459 0.9391304347826087
460 0.9392624728850325
461 0.9393939393939394
462 0.9395248380129589
463 0.9396551724137931
464 0.9397849462365592
465 0.9399141630901288
466 0.9400428265524625
467 0.9401709401709402
468 0.9402985074626866
469 0.9404255319148936
470 0.940552016985138
471 0.940677966101695
472 0.9408033826638478
473 0.9409282700421941
474 0.9410526315789474
475 0.9411764705882353
476 0.9412997903563941
477 0.9414225941422594
478 0.941544885177453
479 0.9416666666666667
480 0.9417879417879418
481 0.941908713692946
482 0.9420289855072463
483 0.9421487603305785
484 0.9422680412371134
485 0.9423868312757202
486 0.9425051334702259
487 0.9426229508196722
488 0.9427402862985685
489 0.9428571428571428
490 0.9429735234215886
491 0.943089430894309
492 0.9432048681541582
493 0.9433198380566802
494 0.9434343434343434
495 0.9435483870967742
496 0.9436619718309859
497 0.9437751004016064
498 0.9418837675350702
499 0.942
500 0.9401197604790419
501 0.9402390438247012
502 0.9403578528827038
503 0.9404761904761905
504 0.9405940594059405
505 0.9407114624505929
506 0.9408284023668639
507 0.9409448818897638
508 0.9410609037328095
509 0.9411764705882353
510 0.9412915851272016
511 0.94140625
512 0.9415204678362573
513 0.9416342412451362
514 0.941747572815534
515 0.9418604651162791
516 0.941972920696325
517 0.9420849420849421
518 0.9421965317919075
519 0.9423076923076923
520 0.9424184261036468
521 0.9425287356321839
522 0.9426386233269598
523 0.9427480916030534
524 0.9428571428571428
525 0.9429657794676806
526 0.9430740037950665
527 0.9431818181818182
528 0.943289224952741
529 0.9433962264150944
530 0.943502824858757
531 0.943609022556391
532 0.9437148217636022
533 0.9438202247191011
534 0.9420560747663551
535 0.9421641791044776
536 0.9422718808193669
537 0.9423791821561338
538 0.9424860853432282
539 0.9425925925925925
540 0.9426987060998152
541 0.940959409594096
542 0.9410681399631676
543 0.9411764705882353
544 0.9412844036697248
545 0.9413919413919414
546 0.9414990859232175
547 0.9416058394160584
548 0.941712204007286
549 0.9418181818181818
550 0.9401088929219601
551 0.9402173913043478
552 0.9403254972875226
553 0.9386281588447654
554 0.9387387387387387
555 0.9388489208633094
556 0.9389587073608617
557 0.9390681003584229
558 0.9391771019677997
559 0.9392857142857143
560 0.9393939393939394
561 0.9395017793594306
562 0.9396092362344582
563 0.9397163120567376
564 0.9398230088495575
565 0.9381625441696113
566 0.9382716049382716
567 0.9383802816901409
568 0.9384885764499121
569 0.9385964912280702
570 0.9387040280210157
571 0.9388111888111889
572 0.9389179755671903
573 0.9390243902439024
574 0.9391304347826087
575 0.9392361111111112
576 0.9393414211438474
577 0.9394463667820069
578 0.9395509499136442
579 0.9379310344827586
580 0.9380378657487092
581 0.9381443298969072
582 0.9382504288164666
583 0.9366438356164384
584 0.9367521367521368
585 0.9368600682593856
586 0.9369676320272572
587 0.935374149659864
588 0.9354838709677419
589 0.9355932203389831
590 0.9357021996615905
591 0.9358108108108109
592 0.9359190556492412
593 0.936026936026936
594 0.9361344537815126
595 0.9362416107382551
596 0.9363484087102177
597 0.9347826086956522
598 0.9348914858096828
599 0.935
600 0.9351081530782029
601 0.9352159468438538
602 0.9353233830845771
603 0.9354304635761589
604 0.9355371900826446
605 0.9356435643564357
606 0.9357495881383855
607 0.9358552631578947
608 0.9359605911330049
609 0.9360655737704918
610 0.9361702127659575
611 0.9362745098039216
612 0.9363784665579119
613 0.9364820846905537
614 0.9349593495934959
615 0.935064935064935
616 0.9351701782820098
617 0.9352750809061489
618 0.9353796445880452
619 0.9354838709677419
620 0.9355877616747182
621 0.9356913183279743
622 0.9357945425361156
623 0.9358974358974359
624 0.936
625 0.9361022364217252
626 0.9362041467304625
627 0.9347133757961783
628 0.9348171701112877
629 0.9349206349206349
630 0.9350237717908082
631 0.935126582278481
632 0.9352290679304898
633 0.9353312302839116
634 0.9354330708661417
635 0.9355345911949685
636 0.9356357927786499
637 0.9357366771159875
638 0.9358372456964006
639 0.9359375
640 0.9360374414976599
641 0.9361370716510904
642 0.9362363919129082
643 0.9363354037267081
644 0.9364341085271318
645 0.9365325077399381
646 0.9366306027820711
647 0.9367283950617284
648 0.9368258859784283
649 0.936923076923077
650 0.9370199692780338
651 0.9371165644171779
652 0.9372128637059725
653 0.9373088685015291
654 0.9374045801526718
655 0.9375
656 0.9375951293759512
657 0.9376899696048632
658 0.9377845220030349
659 0.9378787878787879
660 0.9379727685325264
661 0.9380664652567976
662 0.9381598793363499
663 0.9382530120481928
664 0.9383458646616541
665 0.9384384384384384
666 0.9385307346326837
667 0.938622754491018
668 0.9387144992526159
669 0.9388059701492537
670 0.9388971684053651
671 0.9389880952380952
672 0.937592867756315
673 0.9376854599406528
674 0.9377777777777778
675 0.9378698224852071
676 0.9379615952732644
677 0.9380530973451328
678 0.9381443298969072
679 0.9382352941176471
680 0.9383259911894273
681 0.9384164222873901
682 0.9385065885797951
683 0.9385964912280702
684 0.9386861313868613
685 0.9387755102040817
686 0.9388646288209607
687 0.938953488372093
688 0.9390420899854862
689 0.9391304347826087
690 0.9392185238784371
691 0.9393063583815029
692 0.9393939393939394
693 0.9394812680115274
694 0.939568345323741
695 0.9396551724137931
696 0.93974175035868
697 0.9398280802292264
698 0.9399141630901288
699 0.94
700 0.9400855920114123
701 0.9401709401709402
702 0.9402560455192034
703 0.9403409090909091
704 0.9404255319148936
705 0.9405099150141643
706 0.9405940594059405
707 0.940677966101695
708 0.9407616361071932
709 0.9408450704225352
710 0.9409282700421941
711 0.9410112359550562
712 0.94109396914446
713 0.9411764705882353
714 0.9412587412587412
715 0.9413407821229051
716 0.9414225941422594
717 0.9415041782729805
718 0.9415855354659249
719 0.9416666666666667
720 0.941747572815534
721 0.9418282548476454
722 0.941908713692946
723 0.9419889502762431
724 0.9420689655172414
725 0.9421487603305785
726 0.9422283356258597
727 0.9423076923076923
728 0.9423868312757202
729 0.9424657534246575
730 0.9425444596443229
731 0.9426229508196722
732 0.9427012278308322
733 0.9427792915531336
734 0.9428571428571428
735 0.9429347826086957
736 0.9430122116689281
737 0.943089430894309
738 0.9431664411366711
739 0.9432432432432433
740 0.9433198380566802
741 0.9433962264150944
742 0.9434724091520862
743 0.9435483870967742
744 0.9436241610738255
745 0.9436997319034852
746 0.9437751004016064
747 0.9438502673796791
748 0.9425901201602136
749 0.9426666666666667
750 0.9427430093209055
751 0.9428191489361702
752 0.9428950863213812
753 0.9429708222811671
754 0.9430463576158941
755 0.9431216931216931
756 0.9431968295904888
757 0.9432717678100264
758 0.9433465085638999
759 0.9434210526315789
760 0.9434954007884363
761 0.9435695538057742
762 0.9423328964613368
763 0.9410994764397905
764 0.9411764705882353
765 0.9412532637075718
766 0.9413298565840938
767 0.94140625
768 0.9401820546163849
769 0.938961038961039
770 0.9390402075226978
771 0.939119170984456
772 0.9391979301423027
773 0.9392764857881137
774 0.9393548387096774
775 0.9394329896907216
776 0.9395109395109396
777 0.9395886889460154
778 0.9396662387676509
779 0.9397435897435897
780 0.939820742637644
781 0.9398976982097187
782 0.9399744572158365
783 0.9400510204081632
784 0.9401273885350319
785 0.9389312977099237
786 0.9390088945362135
787 0.9390862944162437
788 0.9391634980988594
789 0.9392405063291139
790 0.9393173198482933
791 0.9393939393939394
792 0.9394703656998739
793 0.9395465994962217
794 0.939622641509434
795 0.9396984924623115
796 0.9397741530740276
797 0.9398496240601504
798 0.9399249061326659
799 0.94
800 0.9400749063670412
801 0.9389027431421446
802 0.9389788293897883
803 0.9390547263681592
804 0.9391304347826087
805 0.9392059553349876
806 0.9392812887236679
807 0.9393564356435643
808 0.9394313967861557
809 0.9395061728395062
810 0.9395807644882861
811 0.9396551724137931
812 0.939729397293973
813 0.9398034398034398
814 0.939877300613497
815 0.9399509803921569
816 0.9400244798041616
817 0.9400977995110025
818 0.9401709401709402
819 0.9402439024390243
820 0.9403166869671132
821 0.940389294403893
822 0.9404617253948967
823 0.9405339805825242
824 0.9406060606060606
825 0.9394673123486683
826 0.939540507859734
827 0.9396135265700483
828 0.9396863691194209
829 0.9397590361445783
830 0.9398315282791817
831 0.9387019230769231
832 0.9387755102040817
833 0.9388489208633094
834 0.9389221556886228
835 0.9389952153110048
836 0.9390681003584229
837 0.9379474940334129
838 0.9380214541120382
839 0.9369047619047619
840 0.9369797859690844
841 0.9370546318289786
842 0.9359430604982206
843 0.9360189573459715
844 0.936094674556213
845 0.9361702127659575
846 0.9362455726092089
847 0.9363207547169812
848 0.9363957597173145
849 0.9364705882352942
850 0.936545240893067
851 0.9366197183098591
852 0.936694021101993
853 0.936768149882904
854 0.935672514619883
855 0.9357476635514018
856 0.9358226371061844
857 0.9358974358974359
858 0.9359720605355064
859 0.936046511627907
860 0.9361207897793263
861 0.9361948955916474
862 0.936268829663963
863 0.9363425925925926
864 0.9364161849710982
865 0.9364896073903002
866 0.936562860438293
867 0.9366359447004609
868 0.9367088607594937
869 0.9367816091954023
870 0.9368541905855339
871 0.9357798165137615
872 0.9358533791523482
873 0.9359267734553776
874 0.936
875 0.9360730593607306
876 0.936145952109464
877 0.9362186788154897
878 0.9362912400455062
879 0.9363636363636364
880 0.9364358683314415
881 0.9365079365079365
882 0.9365798414496036
883 0.9366515837104072
884 0.9367231638418079
885 0.9367945823927766
886 0.9368658399098083
887 0.9369369369369369
888 0.937007874015748
889 0.9370786516853933
890 0.9371492704826038
891 0.9372197309417041
892 0.9372900335946248
893 0.9373601789709173
894 0.9374301675977653
895 0.9375
896 0.9375696767001115
897 0.9365256124721604
898 0.9365962180200222
899 0.9366666666666666
900 0.9367369589345172
901 0.9368070953436807
902 0.9368770764119602
903 0.9369469026548672
904 0.9370165745856354
905 0.9359823399558499
906 0.9360529217199559
907 0.9361233480176211
908 0.9361936193619362
909 0.9362637362637363
910 0.9363336992316136
911 0.9353070175438597
912 0.9353778751369113
913 0.9354485776805251
914 0.9355191256830601
915 0.9355895196506551
916 0.935659760087241
917 0.9357298474945533
918 0.9347116430903155
919 0.9347826086956522
920 0.9348534201954397
921 0.9349240780911063
922 0.933911159263272
923 0.933982683982684
924 0.9340540540540541
925 0.9341252699784017
926 0.9341963322545846
927 0.9342672413793104
928 0.9343379978471474
929 0.9344086021505377
930 0.9344790547798066
931 0.9345493562231759
932 0.9346195069667739
933 0.9346895074946466
934 0.9347593582887701
935 0.9348290598290598
936 0.9348986125933831
937 0.9349680170575693
938 0.933972310969116
939 0.9340425531914893
940 0.9341126461211477
941 0.9341825902335457
942 0.9342523860021209
943 0.934322033898305
944 0.9343915343915344
945 0.9344608879492601
946 0.9345300950369588
947 0.9345991561181435
948 0.934668071654373
949 0.9347368421052632
950 0.9348054679284963
951 0.9348739495798319
952 0.9349422875131165
953 0.9350104821802935
954 0.9350785340314136
955 0.9351464435146444
956 0.93521421107628
957 0.9352818371607515
958 0.935349322210636
959 0.9354166666666667
960 0.9354838709677419
961 0.9355509355509356
962 0.9356178608515057
963 0.9356846473029046
964 0.9357512953367876
965 0.9358178053830227
966 0.9358841778697001
967 0.9359504132231405
968 0.936016511867905
969 0.9350515463917526
970 0.9351184346035015
971 0.9351851851851852
972 0.935251798561151
973 0.9353182751540041
974 0.9353846153846154
975 0.9354508196721312
976 0.9355168884339816
977 0.9355828220858896
978 0.9356486210418795
979 0.9357142857142857
980 0.9357798165137615
981 0.9358452138492872
982 0.9359104781281791
983 0.9359756097560976
984 0.9360406091370559
985 0.936105476673428
986 0.9361702127659575
987 0.9362348178137652
988 0.9362992922143579
989 0.9363636363636364
990 0.9364278506559032
991 0.936491935483871
992 0.9365558912386707
993 0.9366197183098591
994 0.9366834170854271
995 0.9367469879518072
996 0.9368104312938816
997 0.93687374749499
998 0.9369369369369369
999 0.937
1000 0.9370629370629371
1001 0.937125748502994
1002 0.9371884346959123
1003 0.9372509960159362
1004 0.9373134328358209
1005 0.937375745526839
1006 0.9374379344587885
1007 0.9375
1008 0.9375619425173439
1009 0.9376237623762376
1010 0.9376854599406528
1011 0.9377470355731226
1012 0.9378084896347483
1013 0.9378698224852071
1014 0.9379310344827586
1015 0.937992125984252
1016 0.9380530973451328
1017 0.9381139489194499
1018 0.9381746810598626
1019 0.9382352941176471
1020 0.9382957884427032
1021 0.9383561643835616
1022 0.9384164222873901
1023 0.9384765625
1024 0.9385365853658536
1025 0.9385964912280702
1026 0.9386562804284323
1027 0.938715953307393
1028 0.9387755102040817
1029 0.9388349514563107
1030 0.938894277400582
1031 0.938953488372093
1032 0.9390125847047435
1033 0.9381044487427466
1034 0.9381642512077295
1035 0.9382239382239382
1036 0.9382835101253616
1037 0.9383429672447013
1038 0.9384023099133783
1039 0.9384615384615385
1040 0.9385206532180596
1041 0.9385796545105566
1042 0.9386385426653883
1043 0.9386973180076629
1044 0.938755980861244
1045 0.9388145315487572
1046 0.938872970391595
1047 0.9389312977099237
1048 0.9389895138226882
1049 0.939047619047619
1050 0.9391056137012369
1051 0.9391634980988594
1052 0.9392212725546059
1053 0.9392789373814042
1054 0.9393364928909953
1055 0.9393939393939394
1056 0.9394512771996215
1057 0.9395085066162571
1058 0.939565627950897
1059 0.939622641509434
1060 0.939679547596607
1061 0.9397363465160076
1062 0.9388523047977423
1063 0.9389097744360902
1064 0.9380281690140845
1065 0.9380863039399625
1066 0.9381443298969072
1067 0.9382022471910112
1068 0.9373246024321796
1069 0.9373831775700935
1070 0.9374416433239963
1071 0.9375
1072 0.9375582479030755
1073 0.9366852886405959
1074 0.9367441860465117
1075 0.9358736059479554
1076 0.935933147632312
1077 0.9359925788497218
1078 0.9351251158480074
1079 0.9351851851851852
1080 0.9352451433857539
1081 0.9353049907578558
1082 0.9353647276084949
1083 0.9354243542435424
1084 0.9354838709677419
