0 0.538801372051239
1 0.5400040149688721
2 0.5407929420471191
3 0.5115499496459961
4 0.5257585048675537
5 0.51409512758255
6 0.5859976410865784
7 0.5305008292198181
8 0.5296165347099304
9 0.5929183959960938
10 0.6039303541183472
11 0.5386573672294617
12 0.6426961421966553
13 0.5856416821479797
14 0.5881847739219666
15 0.5078644156455994
16 0.5603391528129578
17 0.5017319321632385
18 0.6156414151191711
19 0.5193092226982117
20 0.5531082153320312
21 0.5495836734771729
22 0.522516667842865
23 0.5291280746459961
24 0.5109468698501587
25 0.5049424767494202
26 0.5145476460456848
27 0.505500078201294
28 0.5934168696403503
29 0.6133270859718323
30 0.5724219679832458
31 0.6009311079978943
32 0.5139890909194946
33 0.5838566422462463
34 0.6623613834381104
35 0.5454464554786682
36 0.5041245222091675
37 0.6113039255142212
38 0.6080934405326843
39 0.5901713967323303
40 0.5317964553833008
41 0.5508154034614563
42 0.5883300304412842
43 0.5281532406806946
44 0.5536173582077026
45 0.555797278881073
46 0.6085293889045715
47 0.58199542760849
48 0.5385756492614746
49 0.5558315515518188
50 0.5473247170448303
51 0.5492408871650696
52 0.5976874232292175
53 0.5059735178947449
54 0.6151930093765259
55 0.5194397568702698
56 0.5788536667823792
57 0.5880919694900513
58 0.525061845779419
59 0.6602649688720703
60 0.5457563400268555
61 0.5318711400032043
62 0.5946119427680969
63 0.5461583137512207
64 0.5867551565170288
65 0.52342289686203
66 0.5919443964958191
67 0.5529993176460266
68 0.550375759601593
69 0.5188072919845581
70 0.5396111607551575
71 0.5387901663780212
72 0.5310102701187134
73 0.5834766030311584
74 0.5212463140487671
75 0.5725366473197937
76 0.5951360464096069
77 0.5593806505203247
78 0.5536383986473083
79 0.5240656733512878
80 0.6894029378890991
81 0.5879775285720825
82 0.5097931027412415
83 0.511040210723877
84 0.5854484438896179
85 0.5818544626235962
86 0.5433803200721741
87 0.5305964350700378
88 0.5924002528190613
89 0.6042649745941162
90 0.5583136081695557
91 0.5704269409179688
92 0.5111085772514343
93 0.5915467739105225
94 0.5886496305465698
95 0.604699432849884
96 0.5637708306312561
97 0.5210627913475037
98 0.5128458142280579
99 0.5500314831733704
100 0.5833460092544556
101 0.5028517246246338
102 0.5053307414054871
103 0.6504393219947815
104 0.5915303826332092
105 0.6569778323173523
106 0.5594412088394165
107 0.5796158909797668
108 0.6020020842552185
109 0.5098763704299927
110 0.5845425128936768
111 0.5865484476089478
112 0.5563384294509888
113 0.6524025201797485
114 0.5041495561599731
115 0.5289949774742126
116 0.5202589631080627
117 0.5421589612960815
118 0.500259280204773
119 0.5777407884597778
120 0.5647878050804138
121 0.6001589894294739
122 0.5256540179252625
123 0.5695138573646545
124 0.5473359227180481
125 0.6026992201805115
126 0.5319404006004333
127 0.5308583974838257
128 0.5705083608627319
129 0.5128622651100159
130 0.5843257308006287
131 0.5060633420944214
132 0.5243843793869019
133 0.5417703986167908
134 0.5153048038482666
135 0.6099975109100342
136 0.5618985891342163
137 0.5253968834877014
138 0.5622247457504272
139 0.5040237903594971
140 0.512137770652771
141 0.581397533416748
142 0.5598470568656921
143 0.6016018986701965
144 0.5102161765098572
145 0.5256426930427551
146 0.5520840287208557
147 0.6255877017974854
148 0.6368323564529419
149 0.5038750767707825
150 0.5834735631942749
151 0.6338083148002625
152 0.5815926790237427
153 0.615143895149231
154 0.603671133518219
155 0.6279178261756897
156 0.5900028944015503
157 0.5795682072639465
158 0.5575909614562988
159 0.5700657963752747
160 0.5160199403762817
161 0.6017076373100281
162 0.6053884029388428
163 0.5168138146400452
164 0.5345698595046997
165 0.6290282011032104
166 0.5586588382720947
167 0.590752363204956
168 0.6048187613487244
169 0.658902645111084
170 0.5777612924575806
171 0.5376201272010803
172 0.5557951331138611
173 0.5326159596443176
174 0.5220214128494263
175 0.5537275671958923
176 0.5488219261169434
177 0.502695620059967
178 0.5675159096717834
179 0.529627799987793
180 0.5609398484230042
181 0.5988563299179077
182 0.5869235396385193
183 0.5262913107872009
184 0.5860562324523926
185 0.6583111882209778
186 0.5241574645042419
187 0.624197781085968
188 0.6057935953140259
189 0.5505357980728149
190 0.591025173664093
191 0.5336979031562805
192 0.6052175164222717
193 0.5564594268798828
194 0.5130921602249146
195 0.5298846960067749
196 0.5259930491447449
197 0.5853107571601868
198 0.6582369804382324
199 0.524146556854248
200 0.5199448466300964
201 0.6043189167976379
202 0.5326066017150879
203 0.5774019956588745
204 0.558304488658905
205 0.5420247912406921
206 0.6042335033416748
207 0.5274999141693115
208 0.5510268807411194
209 0.5068774819374084
210 0.5951604247093201
211 0.5761198997497559
212 0.5531314015388489
213 0.5341704487800598
214 0.5757880806922913
215 0.6382355690002441
216 0.5536382794380188
