0 0.5
1 0.0
2 0.0
3 0.0
4 0.0
5 0.0
6 0.0
7 0.0
8 0.0
9 0.25
10 0.4
11 0.5
12 0.5714285714285714
13 0.5
14 0.5555555555555556
15 0.5555555555555556
16 0.5
17 0.5
18 0.5454545454545454
19 0.5
20 0.5384615384615384
21 0.5714285714285714
22 0.5714285714285714
23 0.5714285714285714
24 0.5714285714285714
25 0.5714285714285714
26 0.5714285714285714
27 0.5714285714285714
28 0.5333333333333333
29 0.5
30 0.47058823529411764
31 0.4444444444444444
32 0.4444444444444444
33 0.47368421052631576
34 0.5
35 0.47619047619047616
36 0.47619047619047616
37 0.45454545454545453
38 0.43478260869565216
39 0.4583333333333333
40 0.4583333333333333
41 0.44
42 0.46153846153846156
43 0.4444444444444444
44 0.42857142857142855
45 0.41379310344827586
46 0.43333333333333335
47 0.41935483870967744
48 0.41935483870967744
49 0.4375
50 0.45454545454545453
51 0.4411764705882353
52 0.45714285714285713
53 0.45714285714285713
54 0.4722222222222222
55 0.4864864864864865
56 0.5
57 0.48717948717948717
58 0.5
59 0.5121951219512195
60 0.5121951219512195
61 0.5
62 0.5116279069767442
63 0.5
64 0.4888888888888889
65 0.4888888888888889
66 0.5
67 0.5106382978723404
68 0.5
69 0.5
70 0.5102040816326531
71 0.5
72 0.5098039215686274
73 0.5192307692307693
74 0.5094339622641509
75 0.5185185185185185
76 0.5272727272727272
77 0.5357142857142857
78 0.543859649122807
79 0.543859649122807
80 0.5517241379310345
81 0.559322033898305
82 0.559322033898305
83 0.559322033898305
84 0.5666666666666667
85 0.5737704918032787
86 0.5737704918032787
87 0.5645161290322581
88 0.5714285714285714
89 0.578125
90 0.5846153846153846
91 0.5757575757575758
92 0.5757575757575758
93 0.582089552238806
94 0.5882352941176471
95 0.5797101449275363
96 0.5857142857142857
97 0.5857142857142857
98 0.5857142857142857
99 0.5915492957746479
100 0.5833333333333334
101 0.5833333333333334
102 0.5833333333333334
103 0.589041095890411
104 0.5945945945945946
105 0.5866666666666667
106 0.5921052631578947
107 0.5974025974025974
108 0.6025641025641025
109 0.6025641025641025
110 0.6075949367088608
111 0.6125
112 0.6049382716049383
113 0.5975609756097561
114 0.5975609756097561
115 0.5975609756097561
116 0.6024096385542169
117 0.5952380952380952
118 0.5952380952380952
119 0.6
120 0.6046511627906976
121 0.5977011494252874
122 0.5977011494252874
123 0.6022727272727273
124 0.6067415730337079
125 0.6111111111111112
126 0.6111111111111112
127 0.6153846153846154
128 0.6195652173913043
129 0.6236559139784946
130 0.6276595744680851
131 0.6276595744680851
132 0.6276595744680851
133 0.631578947368421
134 0.631578947368421
135 0.6354166666666666
136 0.6288659793814433
137 0.6288659793814433
138 0.6288659793814433
139 0.6288659793814433
140 0.6288659793814433
141 0.6224489795918368
142 0.6262626262626263
143 0.63
144 0.63
145 0.6336633663366337
146 0.6274509803921569
147 0.6213592233009708
148 0.625
149 0.625
150 0.6190476190476191
151 0.6226415094339622
152 0.616822429906542
153 0.6203703703703703
154 0.6146788990825688
155 0.6181818181818182
156 0.6216216216216216
157 0.6160714285714286
158 0.6194690265486725
159 0.6228070175438597
160 0.6228070175438597
161 0.6260869565217392
162 0.6293103448275862
163 0.6293103448275862
164 0.6293103448275862
165 0.6239316239316239
166 0.6271186440677966
167 0.6218487394957983
168 0.625
169 0.628099173553719
170 0.6311475409836066
171 0.6311475409836066
172 0.6341463414634146
173 0.6341463414634146
174 0.6341463414634146
175 0.6370967741935484
176 0.632
177 0.632
178 0.626984126984127
179 0.626984126984127
180 0.6299212598425197
181 0.625
182 0.627906976744186
183 0.6230769230769231
184 0.6259541984732825
185 0.6287878787878788
186 0.6287878787878788
187 0.631578947368421
188 0.6343283582089553
189 0.6343283582089553
190 0.6296296296296297
191 0.6323529411764706
192 0.635036496350365
193 0.635036496350365
194 0.635036496350365
195 0.635036496350365
196 0.6304347826086957
197 0.6330935251798561
198 0.6357142857142857
199 0.6357142857142857
200 0.6357142857142857
201 0.6382978723404256
202 0.6382978723404256
203 0.6408450704225352
204 0.6433566433566433
205 0.6433566433566433
206 0.6458333333333334
207 0.6458333333333334
208 0.6458333333333334
209 0.6458333333333334
210 0.6482758620689655
211 0.6506849315068494
212 0.6462585034013606
213 0.6418918918918919
214 0.6442953020134228
215 0.64
216 0.64
217 0.64
218 0.6423841059602649
219 0.6447368421052632
220 0.6470588235294118
221 0.6493506493506493
222 0.6516129032258065
223 0.6538461538461539
224 0.6538461538461539
225 0.6496815286624203
226 0.6496815286624203
227 0.6496815286624203
228 0.6496815286624203
229 0.6496815286624203
230 0.6496815286624203
231 0.6518987341772152
232 0.6518987341772152
233 0.6518987341772152
234 0.6477987421383647
235 0.65
236 0.6521739130434783
237 0.654320987654321
238 0.6503067484662577
239 0.6524390243902439
240 0.6545454545454545
241 0.6566265060240963
242 0.6566265060240963
243 0.6566265060240963
244 0.6586826347305389
245 0.6607142857142857
246 0.6607142857142857
247 0.6568047337278107
248 0.6529411764705882
249 0.6491228070175439
250 0.6511627906976745
251 0.653179190751445
252 0.653179190751445
253 0.653179190751445
254 0.6551724137931034
255 0.6514285714285715
256 0.6514285714285715
257 0.6477272727272727
258 0.6477272727272727
259 0.6440677966101694
260 0.6440677966101694
261 0.6440677966101694
262 0.6440677966101694
263 0.6440677966101694
264 0.6440677966101694
265 0.6460674157303371
266 0.6460674157303371
267 0.6480446927374302
268 0.65
269 0.6519337016574586
270 0.6538461538461539
271 0.6557377049180327
272 0.6521739130434783
273 0.654054054054054
274 0.6559139784946236
275 0.6524064171122995
276 0.6542553191489362
277 0.656084656084656
278 0.6526315789473685
279 0.6526315789473685
280 0.6544502617801047
281 0.65625
282 0.6580310880829016
283 0.6597938144329897
284 0.6564102564102564
285 0.6581632653061225
286 0.6548223350253807
287 0.6565656565656566
288 0.6565656565656566
289 0.6565656565656566
290 0.6565656565656566
291 0.6565656565656566
292 0.6532663316582915
293 0.655
294 0.6517412935323383
295 0.6517412935323383
296 0.6517412935323383
297 0.6534653465346535
298 0.6551724137931034
299 0.6519607843137255
300 0.6536585365853659
301 0.6504854368932039
302 0.6521739130434783
303 0.6521739130434783
304 0.6538461538461539
305 0.6507177033492823
306 0.6476190476190476
307 0.6476190476190476
308 0.6476190476190476
309 0.6476190476190476
310 0.6492890995260664
311 0.6509433962264151
312 0.6509433962264151
313 0.6509433962264151
314 0.647887323943662
315 0.6495327102803738
316 0.6511627906976745
317 0.6511627906976745
318 0.6511627906976745
319 0.6527777777777778
320 0.6543778801843319
321 0.6559633027522935
322 0.6529680365296804
323 0.6529680365296804
324 0.65
325 0.6470588235294118
326 0.6486486486486487
327 0.6457399103139013
328 0.6457399103139013
329 0.6473214285714286
330 0.6444444444444445
331 0.6460176991150443
332 0.6475770925110133
333 0.6475770925110133
334 0.6491228070175439
335 0.6506550218340611
336 0.6521739130434783
337 0.6521739130434783
338 0.6493506493506493
339 0.6493506493506493
340 0.6508620689655172
341 0.648068669527897
342 0.6452991452991453
343 0.6468085106382979
344 0.6483050847457628
345 0.6455696202531646
346 0.6428571428571429
347 0.6443514644351465
348 0.6443514644351465
349 0.6458333333333334
350 0.6458333333333334
351 0.6458333333333334
352 0.6473029045643154
353 0.6487603305785123
354 0.6502057613168725
355 0.6475409836065574
356 0.6489795918367347
357 0.6504065040650406
358 0.6504065040650406
359 0.6518218623481782
360 0.6518218623481782
361 0.6518218623481782
362 0.6491935483870968
363 0.6491935483870968
364 0.6491935483870968
365 0.6465863453815262
366 0.648
367 0.648
368 0.6454183266932271
369 0.6468253968253969
370 0.6482213438735178
371 0.6496062992125984
372 0.6496062992125984
373 0.6509803921568628
374 0.65234375
375 0.65234375
376 0.6536964980544747
377 0.6550387596899225
378 0.6550387596899225
379 0.6563706563706564
380 0.6563706563706564
381 0.6538461538461539
382 0.6551724137931034
383 0.6564885496183206
384 0.6577946768060836
385 0.6590909090909091
386 0.660377358490566
387 0.660377358490566
388 0.6616541353383458
389 0.6616541353383458
390 0.6591760299625468
391 0.6591760299625468
392 0.6604477611940298
393 0.6604477611940298
394 0.6604477611940298
395 0.6617100371747212
396 0.662962962962963
397 0.6642066420664207
398 0.6642066420664207
399 0.6617647058823529
400 0.663003663003663
401 0.6642335766423357
402 0.6654545454545454
403 0.6654545454545454
404 0.6654545454545454
405 0.6666666666666666
406 0.6678700361010831
407 0.6690647482014388
408 0.6690647482014388
409 0.6666666666666666
410 0.6666666666666666
411 0.6678571428571428
412 0.6690391459074733
413 0.6666666666666666
414 0.6666666666666666
415 0.6643109540636042
416 0.6654929577464789
417 0.6631578947368421
418 0.6643356643356644
419 0.6655052264808362
420 0.6655052264808362
421 0.6666666666666666
422 0.6666666666666666
423 0.6666666666666666
424 0.6666666666666666
425 0.6678200692041523
426 0.6689655172413793
427 0.6701030927835051
428 0.6701030927835051
429 0.6678082191780822
430 0.6678082191780822
431 0.6689419795221843
432 0.6700680272108843
433 0.6700680272108843
434 0.6700680272108843
435 0.6711864406779661
436 0.6711864406779661
437 0.6711864406779661
438 0.6711864406779661
439 0.6722972972972973
440 0.6734006734006734
441 0.674496644295302
442 0.674496644295302
443 0.674496644295302
444 0.6755852842809364
445 0.6755852842809364
446 0.6766666666666666
447 0.6777408637873754
448 0.6777408637873754
449 0.6754966887417219
450 0.6754966887417219
451 0.6754966887417219
452 0.6754966887417219
453 0.6765676567656765
454 0.6776315789473685
455 0.6776315789473685
456 0.6776315789473685
457 0.6786885245901639
458 0.6797385620915033
459 0.6807817589576547
460 0.6818181818181818
461 0.6818181818181818
462 0.6818181818181818
463 0.6796116504854369
464 0.6774193548387096
465 0.6784565916398714
466 0.6784565916398714
467 0.6762820512820513
468 0.6773162939297125
469 0.6773162939297125
470 0.678343949044586
471 0.6793650793650794
472 0.680379746835443
473 0.6813880126182965
474 0.6823899371069182
475 0.6833855799373041
476 0.6833855799373041
477 0.6833855799373041
478 0.68125
479 0.6822429906542056
480 0.6822429906542056
481 0.6832298136645962
482 0.6811145510835913
483 0.6811145510835913
484 0.6811145510835913
485 0.6811145510835913
486 0.6820987654320988
487 0.6820987654320988
488 0.6820987654320988
489 0.6820987654320988
490 0.68
491 0.6779141104294478
492 0.6788990825688074
493 0.6798780487804879
494 0.6808510638297872
495 0.6808510638297872
496 0.6808510638297872
497 0.6808510638297872
498 0.6787878787878788
499 0.6787878787878788
500 0.6797583081570997
501 0.6807228915662651
502 0.6786786786786787
503 0.6786786786786787
504 0.6786786786786787
505 0.6796407185628742
506 0.6776119402985075
507 0.6755952380952381
508 0.6765578635014837
509 0.6745562130177515
510 0.6755162241887905
511 0.6764705882352942
512 0.6774193548387096
513 0.6783625730994152
514 0.6763848396501457
515 0.6773255813953488
516 0.6753623188405797
517 0.6753623188405797
518 0.6753623188405797
519 0.6734104046242775
520 0.6734104046242775
521 0.6714697406340058
522 0.6714697406340058
523 0.6695402298850575
524 0.6695402298850575
525 0.6695402298850575
526 0.667621776504298
527 0.6685714285714286
528 0.6685714285714286
529 0.6685714285714286
530 0.6695156695156695
531 0.6676136363636364
532 0.6685552407932012
533 0.6694915254237288
534 0.6704225352112676
535 0.6713483146067416
536 0.6722689075630253
537 0.6722689075630253
538 0.6722689075630253
539 0.6731843575418994
540 0.6740947075208914
541 0.675
542 0.6759002770083102
543 0.6767955801104972
544 0.6776859504132231
545 0.6776859504132231
546 0.6776859504132231
547 0.6776859504132231
548 0.6785714285714286
549 0.6785714285714286
550 0.6785714285714286
551 0.6767123287671233
552 0.6775956284153005
553 0.6784741144414169
554 0.6784741144414169
555 0.6766304347826086
556 0.6766304347826086
557 0.6747967479674797
558 0.6747967479674797
559 0.672972972972973
560 0.6738544474393531
561 0.6747311827956989
562 0.6747311827956989
563 0.6747311827956989
564 0.6729222520107239
565 0.6711229946524064
566 0.672
567 0.6702127659574468
568 0.6702127659574468
569 0.6710875331564987
570 0.671957671957672
571 0.671957671957672
572 0.6728232189973615
573 0.6736842105263158
574 0.6736842105263158
575 0.6736842105263158
576 0.6736842105263158
577 0.6719160104986877
578 0.6701570680628273
579 0.6684073107049608
580 0.6666666666666666
581 0.6675324675324675
582 0.6675324675324675
583 0.6683937823834197
584 0.6692506459948321
585 0.6701030927835051
586 0.6701030927835051
587 0.6683804627249358
588 0.6692307692307692
589 0.6692307692307692
590 0.670076726342711
591 0.6683673469387755
592 0.6683673469387755
593 0.6692111959287532
594 0.6675126903553299
595 0.6658227848101266
596 0.6666666666666666
597 0.6675062972292192
598 0.6683417085427136
599 0.6691729323308271
600 0.6691729323308271
601 0.67
602 0.6708229426433915
603 0.6708229426433915
604 0.6691542288557214
605 0.6674937965260546
606 0.6683168316831684
607 0.6691358024691358
608 0.6699507389162561
609 0.6683046683046683
610 0.6666666666666666
611 0.6650366748166259
612 0.6658536585365854
613 0.6658536585365854
614 0.6666666666666666
615 0.6666666666666666
616 0.6674757281553398
617 0.6682808716707022
618 0.6690821256038647
619 0.6690821256038647
620 0.6698795180722892
621 0.6698795180722892
622 0.6706730769230769
623 0.6706730769230769
624 0.6714628297362111
625 0.6714628297362111
626 0.6722488038277512
627 0.6706443914081146
628 0.6714285714285714
629 0.669833729216152
630 0.6682464454976303
631 0.6682464454976303
632 0.6690307328605201
633 0.6698113207547169
634 0.6705882352941176
635 0.6713615023474179
636 0.6713615023474179
637 0.6721311475409836
638 0.6721311475409836
639 0.6721311475409836
640 0.6705607476635514
641 0.6705607476635514
642 0.668997668997669
643 0.6674418604651163
644 0.6674418604651163
645 0.6682134570765661
646 0.6689814814814815
647 0.6689814814814815
648 0.6697459584295612
649 0.6705069124423964
650 0.6689655172413793
651 0.6689655172413793
652 0.6697247706422018
653 0.6697247706422018
654 0.6697247706422018
655 0.6681922196796338
656 0.6689497716894978
657 0.6697038724373576
658 0.6704545454545454
659 0.671201814058957
660 0.671201814058957
661 0.671201814058957
662 0.671201814058957
663 0.671201814058957
664 0.6719457013574661
665 0.6719457013574661
666 0.672686230248307
667 0.672686230248307
668 0.6734234234234234
669 0.6741573033707865
670 0.6741573033707865
671 0.6741573033707865
672 0.6748878923766816
673 0.6756152125279642
674 0.6756152125279642
675 0.6756152125279642
676 0.6763392857142857
677 0.6770601336302895
678 0.6755555555555556
679 0.6755555555555556
680 0.6740576496674058
681 0.672566371681416
682 0.672566371681416
683 0.673289183222958
684 0.6740088105726872
685 0.6725274725274726
686 0.6710526315789473
687 0.6717724288840262
688 0.6703056768558951
689 0.6688453159041394
690 0.6688453159041394
691 0.6673913043478261
692 0.6681127982646421
693 0.6688311688311688
694 0.6695464362850972
695 0.6695464362850972
696 0.6702586206896551
697 0.6709677419354839
698 0.6716738197424893
699 0.6702355460385439
700 0.6709401709401709
701 0.6716417910447762
702 0.6702127659574468
703 0.6709129511677282
704 0.6716101694915254
705 0.6701902748414377
706 0.6708860759493671
707 0.671578947368421
708 0.6722689075630253
709 0.6722689075630253
710 0.6722689075630253
711 0.6722689075630253
712 0.6729559748427673
713 0.6729559748427673
714 0.6736401673640168
715 0.6743215031315241
716 0.675
717 0.675
718 0.6756756756756757
719 0.6756756756756757
720 0.6763485477178424
721 0.6763485477178424
722 0.6749482401656315
723 0.6756198347107438
724 0.6762886597938145
725 0.676954732510288
726 0.6776180698151951
727 0.6776180698151951
728 0.6762295081967213
729 0.6748466257668712
730 0.6755102040816326
731 0.6755102040816326
732 0.6761710794297352
733 0.6747967479674797
734 0.6747967479674797
735 0.6754563894523327
736 0.6761133603238867
737 0.6747474747474748
738 0.6747474747474748
739 0.6747474747474748
740 0.6747474747474748
741 0.6747474747474748
742 0.6733870967741935
743 0.6740442655935613
744 0.6746987951807228
745 0.6753507014028056
746 0.676
747 0.6746506986027944
748 0.6752988047808764
749 0.6759443339960238
750 0.6765873015873016
751 0.6772277227722773
752 0.6772277227722773
753 0.6758893280632411
754 0.6765285996055227
755 0.6771653543307087
756 0.6771653543307087
757 0.6771653543307087
758 0.6771653543307087
759 0.6777996070726916
760 0.6764705882352942
761 0.6764705882352942
762 0.675146771037182
763 0.675146771037182
764 0.67578125
765 0.6744639376218323
766 0.6731517509727627
767 0.6737864077669903
768 0.6737864077669903
769 0.6737864077669903
770 0.6744186046511628
771 0.6744186046511628
772 0.6744186046511628
773 0.6744186046511628
774 0.6744186046511628
775 0.6731141199226306
776 0.6731141199226306
777 0.6731141199226306
778 0.6718146718146718
779 0.6718146718146718
780 0.6718146718146718
781 0.6718146718146718
782 0.6718146718146718
783 0.6718146718146718
784 0.6718146718146718
785 0.6718146718146718
786 0.6705202312138728
787 0.6705202312138728
788 0.6711538461538461
789 0.6698656429942419
790 0.6704980842911877
791 0.6704980842911877
792 0.6711281070745698
793 0.6711281070745698
794 0.6711281070745698
795 0.6698473282442748
796 0.6704761904761904
797 0.6711026615969582
798 0.6711026615969582
799 0.6711026615969582
800 0.6717267552182163
801 0.6704545454545454
802 0.6704545454545454
803 0.6710775047258979
804 0.6716981132075471
805 0.672316384180791
806 0.672316384180791
807 0.6729323308270677
808 0.6716697936210131
809 0.6722846441947565
810 0.6722846441947565
811 0.6722846441947565
812 0.6710280373831776
813 0.6716417910447762
814 0.6722532588454376
815 0.671003717472119
816 0.6716141001855288
817 0.6722222222222223
818 0.6722222222222223
819 0.6728280961182994
820 0.6728280961182994
821 0.6734317343173432
822 0.6740331491712708
823 0.6746323529411765
824 0.6752293577981652
825 0.673992673992674
826 0.673992673992674
827 0.673992673992674
828 0.6727605118829981
829 0.6727605118829981
830 0.6727605118829981
831 0.6727605118829981
832 0.6733576642335767
833 0.6733576642335767
834 0.6733576642335767
835 0.6733576642335767
836 0.6721311475409836
837 0.6721311475409836
838 0.6721311475409836
839 0.6721311475409836
840 0.6721311475409836
841 0.6709090909090909
842 0.6715063520871143
843 0.6715063520871143
844 0.6715063520871143
845 0.6702898550724637
846 0.6708860759493671
847 0.6708860759493671
848 0.6696750902527075
849 0.6696750902527075
850 0.6702702702702703
851 0.670863309352518
852 0.670863309352518
853 0.6714542190305206
854 0.6720430107526881
855 0.6720430107526881
856 0.6708407871198568
857 0.6708407871198568
858 0.6714285714285714
859 0.6720142602495544
860 0.6725978647686833
861 0.6714031971580817
862 0.6702127659574468
863 0.6702127659574468
864 0.6707964601769911
865 0.6713780918727915
866 0.6713780918727915
867 0.6701940035273368
868 0.6701940035273368
869 0.6690140845070423
870 0.6690140845070423
871 0.6690140845070423
872 0.6695957820738138
873 0.6684210526315789
874 0.6684210526315789
875 0.6672504378283712
876 0.6672504378283712
877 0.6672504378283712
878 0.6672504378283712
879 0.6678321678321678
880 0.6678321678321678
881 0.6678321678321678
882 0.6666666666666666
883 0.6666666666666666
884 0.6672473867595818
885 0.6678260869565218
886 0.6684027777777778
887 0.6684027777777778
888 0.6672443674176777
889 0.6660899653979239
890 0.6660899653979239
891 0.6666666666666666
892 0.6672413793103448
893 0.6678141135972461
894 0.6683848797250859
895 0.6672384219554031
896 0.6678082191780822
897 0.6678082191780822
898 0.6683760683760683
899 0.6689419795221843
900 0.6695059625212947
901 0.6683673469387755
902 0.6689303904923599
903 0.6689303904923599
904 0.6677966101694915
905 0.6677966101694915
906 0.6677966101694915
907 0.6666666666666666
908 0.6672297297297297
909 0.6661045531197302
910 0.6666666666666666
911 0.6672268907563025
912 0.6661073825503355
913 0.6661073825503355
914 0.6661073825503355
915 0.6661073825503355
916 0.6666666666666666
917 0.6672240802675585
918 0.667779632721202
919 0.6666666666666666
920 0.6666666666666666
921 0.6672212978369384
922 0.6672212978369384
923 0.6677740863787376
924 0.6677740863787376
925 0.6677740863787376
926 0.6683250414593698
927 0.6688741721854304
928 0.6694214876033058
929 0.66996699669967
930 0.6688632619439868
931 0.6688632619439868
932 0.6694078947368421
933 0.6694078947368421
934 0.6683087027914614
935 0.6672131147540984
936 0.6677577741407529
937 0.6683006535947712
938 0.6688417618270799
939 0.6693811074918566
940 0.6682926829268293
941 0.6688311688311688
942 0.6677471636952999
943 0.6682847896440129
944 0.6688206785137318
945 0.6688206785137318
946 0.667741935483871
947 0.667741935483871
948 0.667741935483871
949 0.6682769726247987
950 0.6682769726247987
951 0.6672025723472669
952 0.6677367576243981
953 0.6677367576243981
954 0.6677367576243981
955 0.6677367576243981
956 0.6682692307692307
957 0.6688
958 0.6693290734824281
959 0.6693290734824281
960 0.6693290734824281
961 0.6693290734824281
962 0.6698564593301436
963 0.6698564593301436
964 0.6698564593301436
965 0.6687898089171974
966 0.6693163751987281
967 0.6693163751987281
968 0.6682539682539682
969 0.6687797147385103
970 0.6693037974683544
971 0.669826224328594
972 0.669826224328594
973 0.669826224328594
974 0.6703470031545742
975 0.6708661417322834
976 0.6698113207547169
977 0.6703296703296703
978 0.670846394984326
979 0.6713615023474179
980 0.6713615023474179
981 0.6713615023474179
982 0.6713615023474179
983 0.6713615023474179
984 0.6713615023474179
985 0.6703125
986 0.6708268330733229
987 0.6713395638629284
988 0.671850699844479
989 0.671850699844479
990 0.6708074534161491
991 0.6708074534161491
992 0.6708074534161491
993 0.6713178294573643
994 0.6713178294573643
995 0.6702786377708978
996 0.6707882534775889
997 0.6707882534775889
998 0.6707882534775889
999 0.6712962962962963
1000 0.6702619414483821
1001 0.6692307692307692
1002 0.6692307692307692
1003 0.6692307692307692
1004 0.6697388632872504
1005 0.6697388632872504
1006 0.6697388632872504
1007 0.6702453987730062
1008 0.669218989280245
1009 0.6697247706422018
1010 0.6702290076335878
1011 0.6707317073170732
1012 0.6712328767123288
1013 0.6702127659574468
1014 0.6702127659574468
1015 0.6707132018209409
1016 0.6696969696969697
1017 0.670196671709531
1018 0.670196671709531
1019 0.6691842900302115
1020 0.669683257918552
1021 0.669683257918552
1022 0.6686746987951807
1023 0.6691729323308271
1024 0.6691729323308271
1025 0.6691729323308271
1026 0.6696696696696697
1027 0.6701649175412294
1028 0.6706586826347305
1029 0.6706586826347305
1030 0.6711509715994021
1031 0.6716417910447762
1032 0.6716417910447762
1033 0.6716417910447762
1034 0.6716417910447762
1035 0.6706408345752608
1036 0.6696428571428571
1037 0.6696428571428571
1038 0.6701337295690936
1039 0.6701337295690936
1040 0.6706231454005934
1041 0.6706231454005934
1042 0.6706231454005934
1043 0.6706231454005934
1044 0.6696296296296296
1045 0.6696296296296296
1046 0.6696296296296296
1047 0.6696296296296296
1048 0.6701183431952663
1049 0.670605612998523
1050 0.6710914454277286
1051 0.6710914454277286
1052 0.6715758468335787
1053 0.6720588235294118
1054 0.6720588235294118
1055 0.6725403817914831
1056 0.6715542521994134
1057 0.6715542521994134
1058 0.6705710102489019
1059 0.6710526315789473
1060 0.6715328467153284
1061 0.6720116618075802
1062 0.6710334788937409
1063 0.6715116279069767
1064 0.6705370101596516
1065 0.6710144927536232
1066 0.6714905933429812
1067 0.6719653179190751
1068 0.6719653179190751
1069 0.6719653179190751
1070 0.6719653179190751
1071 0.6724386724386724
1072 0.6729106628242075
1073 0.6719424460431654
1074 0.6719424460431654
1075 0.6709770114942529
1076 0.6714490674318508
1077 0.6714490674318508
1078 0.6714490674318508
1079 0.671919770773639
1080 0.6723891273247496
1081 0.6723891273247496
1082 0.6728571428571428
1083 0.6728571428571428
1084 0.6733238231098431
