0 1.0
1 0.5
2 0.3333333333333333
3 0.3333333333333333
4 0.3333333333333333
5 0.3333333333333333
6 0.25
7 0.25
8 0.25
9 0.4
10 0.5
11 0.5714285714285714
12 0.625
13 0.5555555555555556
14 0.6
15 0.5454545454545454
16 0.5
17 0.5
18 0.5384615384615384
19 0.5
20 0.5333333333333333
21 0.5625
22 0.5625
23 0.5294117647058824
24 0.5
25 0.5
26 0.5
27 0.5
28 0.47368421052631576
29 0.45
30 0.42857142857142855
31 0.4090909090909091
32 0.4090909090909091
33 0.4090909090909091
34 0.43478260869565216
35 0.4166666666666667
36 0.4166666666666667
37 0.4
38 0.38461538461538464
39 0.4074074074074074
40 0.4074074074074074
41 0.39285714285714285
42 0.41379310344827586
43 0.41379310344827586
44 0.4
45 0.3870967741935484
46 0.40625
47 0.3939393939393939
48 0.3939393939393939
49 0.4117647058823529
50 0.42857142857142855
51 0.4166666666666667
52 0.43243243243243246
53 0.42105263157894735
54 0.4358974358974359
55 0.4358974358974359
56 0.45
57 0.43902439024390244
58 0.4523809523809524
59 0.46511627906976744
60 0.46511627906976744
61 0.45454545454545453
62 0.4666666666666667
63 0.45652173913043476
64 0.44680851063829785
65 0.44680851063829785
66 0.4583333333333333
67 0.46938775510204084
68 0.46
69 0.46
70 0.47058823529411764
71 0.46153846153846156
72 0.4716981132075472
73 0.48148148148148145
74 0.4727272727272727
75 0.48214285714285715
76 0.49122807017543857
77 0.5
78 0.5084745762711864
79 0.5084745762711864
80 0.5166666666666667
81 0.5245901639344263
82 0.5245901639344263
83 0.532258064516129
84 0.5396825396825397
85 0.546875
86 0.546875
87 0.5384615384615384
88 0.5454545454545454
89 0.5522388059701493
90 0.5588235294117647
91 0.5507246376811594
92 0.5507246376811594
93 0.5571428571428572
94 0.5633802816901409
95 0.5555555555555556
96 0.5616438356164384
97 0.5616438356164384
98 0.5616438356164384
99 0.5675675675675675
100 0.56
101 0.56
102 0.56
103 0.5657894736842105
104 0.5714285714285714
105 0.5641025641025641
106 0.569620253164557
107 0.575
108 0.5802469135802469
109 0.5802469135802469
110 0.5853658536585366
111 0.5903614457831325
112 0.5833333333333334
113 0.5764705882352941
114 0.5764705882352941
115 0.5764705882352941
116 0.5813953488372093
117 0.5747126436781609
118 0.5747126436781609
119 0.5795454545454546
120 0.5842696629213483
121 0.5777777777777777
122 0.5777777777777777
123 0.5824175824175825
124 0.5869565217391305
125 0.5913978494623656
126 0.5913978494623656
127 0.5957446808510638
128 0.6
129 0.6
130 0.6041666666666666
131 0.6041666666666666
132 0.5979381443298969
133 0.6020408163265306
134 0.6020408163265306
135 0.6060606060606061
136 0.6
137 0.6
138 0.6
139 0.594059405940594
140 0.594059405940594
141 0.5882352941176471
142 0.5922330097087378
143 0.5961538461538461
144 0.5961538461538461
145 0.5961538461538461
146 0.5904761904761905
147 0.5849056603773585
148 0.5887850467289719
149 0.5887850467289719
150 0.5833333333333334
151 0.5871559633027523
152 0.5818181818181818
153 0.5855855855855856
154 0.5803571428571429
155 0.584070796460177
156 0.5877192982456141
157 0.5826086956521739
158 0.5862068965517241
159 0.5897435897435898
160 0.5897435897435898
161 0.5932203389830508
162 0.5966386554621849
163 0.5966386554621849
164 0.5966386554621849
165 0.5916666666666667
166 0.5950413223140496
167 0.5901639344262295
168 0.5934959349593496
169 0.5967741935483871
170 0.6
171 0.6
172 0.6031746031746031
173 0.6031746031746031
174 0.6031746031746031
175 0.6062992125984252
176 0.6015625
177 0.6015625
178 0.5968992248062015
179 0.5968992248062015
180 0.6
181 0.5954198473282443
182 0.5984848484848485
183 0.5939849624060151
184 0.5970149253731343
185 0.6
186 0.6
187 0.6029411764705882
188 0.6058394160583942
189 0.6014492753623188
190 0.5971223021582733
191 0.5971223021582733
192 0.6
193 0.5957446808510638
194 0.5957446808510638
195 0.5957446808510638
196 0.5915492957746479
197 0.5944055944055944
198 0.5972222222222222
199 0.5972222222222222
200 0.5972222222222222
201 0.6
202 0.6
203 0.6027397260273972
204 0.6027397260273972
205 0.6027397260273972
206 0.6054421768707483
207 0.6054421768707483
208 0.6054421768707483
209 0.6054421768707483
210 0.6081081081081081
211 0.610738255033557
212 0.6066666666666667
213 0.6026490066225165
214 0.6052631578947368
215 0.6013071895424836
216 0.6013071895424836
217 0.6013071895424836
218 0.6038961038961039
219 0.6064516129032258
220 0.6089743589743589
221 0.6114649681528662
222 0.6139240506329114
223 0.6139240506329114
224 0.6139240506329114
225 0.610062893081761
226 0.610062893081761
227 0.610062893081761
228 0.610062893081761
229 0.610062893081761
230 0.610062893081761
231 0.6125
232 0.6125
233 0.6086956521739131
234 0.6049382716049383
235 0.6073619631901841
236 0.6097560975609756
237 0.6121212121212121
238 0.608433734939759
239 0.6107784431137725
240 0.6130952380952381
241 0.6153846153846154
242 0.6153846153846154
243 0.6153846153846154
244 0.6176470588235294
245 0.6198830409356725
246 0.6198830409356725
247 0.6162790697674418
248 0.6162790697674418
249 0.6127167630057804
250 0.6149425287356322
251 0.6171428571428571
252 0.6171428571428571
253 0.6193181818181818
254 0.6214689265536724
255 0.6179775280898876
256 0.6179775280898876
257 0.6145251396648045
258 0.6145251396648045
259 0.6111111111111112
260 0.6077348066298343
261 0.6077348066298343
262 0.6077348066298343
263 0.6077348066298343
264 0.6077348066298343
265 0.6098901098901099
266 0.6098901098901099
267 0.6120218579234973
268 0.6141304347826086
269 0.6162162162162163
270 0.6182795698924731
271 0.6203208556149733
272 0.6170212765957447
273 0.6190476190476191
274 0.6210526315789474
275 0.6178010471204188
276 0.6197916666666666
277 0.6217616580310881
278 0.6185567010309279
279 0.6185567010309279
280 0.6205128205128205
281 0.6224489795918368
282 0.6243654822335025
283 0.6262626262626263
284 0.6231155778894473
285 0.625
286 0.6218905472636815
287 0.6218905472636815
288 0.6218905472636815
289 0.6218905472636815
290 0.6188118811881188
291 0.6206896551724138
292 0.6176470588235294
293 0.6195121951219512
294 0.6195121951219512
295 0.6195121951219512
296 0.6195121951219512
297 0.6213592233009708
298 0.6213592233009708
299 0.6183574879227053
300 0.6201923076923077
301 0.6172248803827751
302 0.6190476190476191
303 0.6190476190476191
304 0.6208530805687204
305 0.6179245283018868
306 0.6150234741784038
307 0.6150234741784038
308 0.6150234741784038
309 0.6150234741784038
310 0.616822429906542
311 0.6186046511627907
312 0.6186046511627907
313 0.6157407407407407
314 0.6129032258064516
