0 1.0
1 0.49748743718592964
2 0.32998888926298775
3 0.5000252512499368
4 0.6020401987718
5 0.670044439581499
6 0.5714137085866402
7 0.49744937638249065
8 0.5555593010778739
9 0.6020401987718
10 0.5445177301269524
11 0.49659121379486154
12 0.5376928623007023
13 0.5729151395820806
14 0.5319755652249597
15 0.5634834023043381
16 0.5912769508362863
17 0.615975261266518
18 0.5805400438243046
19 0.6035755153925678
20 0.5718538171201988
21 0.5934370935883252
22 0.6131362720774851
23 0.6311868680073447
24 0.647786714464018
25 0.6196167902957589
26 0.6356223256892667
27 0.650477862847349
28 0.6247497747580348
29 0.6391658624845729
30 0.652645080995825
31 0.6652752658305698
32 0.6771336059213544
33 0.6882882092716007
34 0.6650785360481671
35 0.6761106851358215
36 0.686540192830899
37 0.6649131608424106
38 0.6444082972733632
39 0.6249414295979958
40 0.6360471040339891
41 0.6466166594776649
42 0.6566875055167554
43 0.6383128881719466
44 0.6207678792808498
45 0.6310125127227902
46 0.6408136382773433
47 0.624069527220076
48 0.6080217721982172
49 0.6179454240619604
50 0.6274719244484024
51 0.6366241938929765
52 0.6212081915458474
53 0.6063763296205951
54 0.615645800322505
55 0.6245759879041072
56 0.6331847583796223
57 0.6414887457718165
58 0.6495034565174406
59 0.6572433634321182
60 0.6647219904327762
61 0.6503877992782072
62 0.6578407161795113
63 0.6439740246630787
64 0.6513964981499805
65 0.6585862318742408
66 0.665553657117745
67 0.6723085916935931
68 0.6788602843996798
69 0.6654217998976311
70 0.6719807455988395
71 0.6589327944226316
72 0.665493563883646
73 0.6528092804016791
74 0.6404784755584294
75 0.6472095855377764
76 0.635197039620931
77 0.6235075211398085
78 0.6303783691378886
79 0.6189683264927955
80 0.6258096999134312
81 0.6146620474317265
82 0.6214729221021678
83 0.6281124552260168
84 0.6345867092372445
85 0.6409014647447058
86 0.6470622367279971
87 0.653074289629044
88 0.6589426514262703
89 0.6478729715311298
90 0.6537484597895741
91 0.6594875415587527
92 0.6486280072620009
93 0.6543767433167023
94 0.6437382687295213
95 0.6494941467889219
96 0.6390649180364532
97 0.6288649422314055
98 0.6347534478623007
99 0.640514728380478
100 0.6304694551753829
101 0.6362320994457805
102 0.6263655759162776
103 0.6321280640308957
104 0.622431463518098
105 0.6281924576484192
106 0.6186575442058596
107 0.6244158679502795
108 0.6300584622010567
109 0.6355885045894082
110 0.6261342428005213
111 0.6168657933937113
112 0.6225100894031761
113 0.6133825218470144
114 0.6044305263176143
115 0.5956495245461308
116 0.5870350945611273
117 0.5929809627079393
118 0.5844806081611521
119 0.5761382694524777
120 0.5679499907878788
121 0.5599119458621509
122 0.5661146367362029
123 0.5722049705489636
124 0.5781856734486531
125 0.584059385191374
126 0.5898286625406205
127 0.5954959825074306
128 0.6010637454398317
129 0.5928214793274836
130 0.5847223083417289
131 0.5903751617740093
132 0.5959309983601552
133 0.5878769466115601
134 0.5934273103769807
135 0.598884000965264
136 0.6042491012112222
137 0.6095246337098074
138 0.6147125629812078
139 0.6198147975431527
140 0.6116333242530253
141 0.616743361526531
142 0.6086539420776526
143 0.6006954277408001
144 0.6059005649424174
145 0.6110223034773598
146 0.616062379256858
147 0.6210224813932724
148 0.6259042537686546
149 0.6178648768423514
150 0.6227592590684032
151 0.6275774247502988
152 0.632320902709481
153 0.6369911821635235
154 0.628921889937095
155 0.6209760162778811
156 0.6257520694972549
157 0.6304557062112083
158 0.635088328830696
159 0.6271469747598593
160 0.631797605331528
161 0.6363788981894837
162 0.6284801581162102
163 0.6330803696752034
164 0.6376128238091141
165 0.6420787826878435
166 0.6341843266787764
167 0.6386717864601158
168 0.6430941730483067
169 0.6474526731639736
170 0.6395634926322936
171 0.6439458194326532
172 0.6361333388596732
173 0.6405384500033907
174 0.6328001425919327
175 0.6251711966067678
176 0.6296808067505038
177 0.6221203977817249
178 0.6266484105496999
179 0.6191543375634871
180 0.6236999567516244
181 0.6281826446112927
182 0.6326034772876844
183 0.6369635075935203
184 0.6412637656375525
185 0.6455052594328018
186 0.6496889754852855
187 0.6420351942302437
188 0.6462447689688144
189 0.6503975323795017
190 0.6427757142091698
191 0.6469547384591803
192 0.6393991073565908
193 0.6319442316494079
194 0.6245884783475069
195 0.6289510682755832
196 0.6332559838333115
197 0.6259206891794354
198 0.6302469710075089
199 0.6229694631625962
200 0.6273163373999726
201 0.6200949022507901
202 0.6129673718160871
203 0.6174093869623795
204 0.6103337644067933
205 0.6147928983731129
206 0.6077676748444982
207 0.6122433174711222
208 0.6166616569935828
209 0.6210235680197413
210 0.6253299085870174
211 0.6182339055121377
212 0.611227866591877
213 0.6043104388996983
214 0.5974802946786459
215 0.5907361307623704
216 0.5840766680121384
217 0.5887594761992092
218 0.5933837403251039
219 0.5867196303924377
220 0.5913553497265853
221 0.5959334996268257
222 0.6004549189330696
223 0.6049204314841288
224 0.6093308464486555
225 0.6025365717814485
226 0.6069633502632943
227 0.6113358511258709
228 0.6156548497475717
229 0.6199211079857462
230 0.6130475014758248
231 0.6173333192077397
232 0.6105031920896453
233 0.6148079740814308
234 0.6190607043602877
235 0.6232621104186536
236 0.6274129074170067
237 0.6315137984406849
238 0.6355654747502755
239 0.6395686160257651
240 0.6435238906046286
241 0.6474319557140337
242 0.6512934576973318
243 0.6441669532236051
244 0.6480568419537673
245 0.640979021838133
246 0.6448964963843439
247 0.6487676964362925
248 0.652593245019023
249 0.6563737551068916
250 0.6601098298217538
251 0.6638020626264522
252 0.6565973870845006
253 0.6603213800134085
254 0.6640018807096391
255 0.6568132626294417
256 0.6605256042189174
257 0.6641947897350535
258 0.6678213852619023
259 0.6714059480702146
260 0.6749490267844003
261 0.6784511615456853
262 0.6711471086131117
263 0.6746847559896364
264 0.6781816979257943
265 0.6708971142536144
266 0.674429503210421
267 0.677921416738676
268 0.6706556271544472
269 0.663472865856337
270 0.6563720743356426
271 0.6600471567194109
272 0.6636804093752969
273 0.6672723620347754
274 0.6708235365788866
275 0.6743344471786992
276 0.6671469562378622
277 0.6706923832256058
278 0.6741977614374217
279 0.677663591583633
280 0.6704593138897726
281 0.6633361203694091
282 0.6562930035013108
283 0.6599401350800237
284 0.6635463623454275
285 0.6671121905140285
286 0.6706381175812486
287 0.674124634445167
288 0.6775722250277154
289 0.6809813663933901
290 0.6843525288655381
291 0.6876861761402784
292 0.6909827653981128
293 0.6942427474132807
294 0.697466566660914
295 0.6901166698819323
296 0.6933804619006426
297 0.6860814388162708
298 0.6893842324617518
299 0.6926505744695387
300 0.6853706235772984
301 0.6886757796006056
302 0.6919445647577749
303 0.6951774137347574
304 0.69837475530239
305 0.701537012411783
306 0.6941856149221077
307 0.6869147352933275
308 0.6797234191145248
309 0.6726107247995211
310 0.6760349699531505
311 0.668967399270197
312 0.6724265895075825
313 0.6758480936178434
314 0.6792323541251195
315 0.6825798076931168
316 0.6858908852163832
317 0.6891660119098866
318 0.6924056073969331
319 0.6851922157835612
320 0.6884704724731006
321 0.6813040359153143
322 0.6846200534809296
323 0.6879002396968942
324 0.680748431171128
325 0.6840662392510349
326 0.6873482790961337
327 0.6802106163565823
328 0.6835301442943204
329 0.6764375551541686
330 0.6797937085069592
331 0.672745169908903
332 0.6761371081507357
333 0.66913162276574
334 0.6622012236826383
335 0.665698658377648
336 0.6691586585502819
337 0.6725816500593893
338 0.6759680534007037
339 0.6793182837849547
340 0.6826327512146333
341 0.6859118605594341
342 0.6788272196016786
343 0.6821434561035736
344 0.6854243835423002
345 0.6886703997804093
346 0.6918818977473228
347 0.6950592655096528
348 0.6982028863403358
349 0.6910073661151772
350 0.6941908005498888
351 0.69734048409682
352 0.690160372394034
353 0.6933496664876753
354 0.6862148546031881
355 0.6894428768302513
356 0.6926367734022968
357 0.695796923858425
358 0.6886451112335001
359 0.6815687805802799
360 0.684839991580158
361 0.6880767144768288
362 0.6810120101062737
363 0.6842862868512569
364 0.6772642355266612
365 0.6805752383225243
366 0.6838514238536619
367 0.6870931755671111
368 0.6903008723335557
369 0.6934748885090908
370 0.6863694335047998
371 0.6895821517797515
372 0.6927611855924288
373 0.6959069038924051
374 0.699019671266701
375 0.7020998479978623
376 0.7051477901211348
377 0.7081638494807542
378 0.7111483737853675
379 0.7141017066626015
380 0.7170241877127925
381 0.7199161525618942
382 0.722777932913578
383 0.7153944948989094
384 0.7183012170791572
385 0.7211776392899504
386 0.7240240898349983
387 0.7166341930246118
388 0.7195258251576987
389 0.7223873639230862
390 0.7252191343854724
391 0.7280214578571191
392 0.7307946519460269
393 0.7233446615939932
394 0.7261644401245647
395 0.7289549415197167
396 0.7317164806402222
397 0.734449368740086
398 0.7371539135122996
399 0.7398304191339288
400 0.7424791863105433
401 0.7451005123200034
402 0.74769469105561
403 0.7400865553116659
404 0.7427308296301188
405 0.7351758413552015
406 0.7378691448411239
407 0.73036617588206
408 0.7229407509657643
409 0.7257570639274458
410 0.728544289060538
411 0.7313027360933775
412 0.7238726704281877
413 0.726677686456585
414 0.7294537681946558
415 0.7322012229911921
416 0.7349203547507016
417 0.7376114639756093
418 0.7301243135177029
419 0.7328632836185044
420 0.7355740519717541
421 0.7382569171103371
422 0.7409121742423846
423 0.7333970642179601
424 0.7361008446332893
425 0.7387768254686214
426 0.7312865568312006
427 0.7238732586511646
428 0.7165361192319593
429 0.7194089029508001
430 0.7222521896374594
431 0.7250662898735136
432 0.7177209926617089
433 0.7205802520845448
434 0.71328229626627
435 0.7161857696316154
436 0.7190594769152214
437 0.711779688484789
438 0.7146972811537736
439 0.7175849850842079
440 0.7103227999872399
441 0.71325407142762
442 0.7161553355210493
443 0.7190269064073812
444 0.7218690947978142
445 0.7246822080151176
446 0.7274665500333294
447 0.7201103729447591
448 0.7229403133576072
449 0.7156315354810207
450 0.7083974421079181
451 0.70123725410307
452 0.7042566993742962
453 0.6971398879629455
454 0.7002000947029535
455 0.7032290639264821
456 0.6961248616377679
457 0.6991943731675485
458 0.7022325713213748
459 0.7052397817203789
460 0.7082163264754463
461 0.7010653254483675
462 0.6939872174835823
463 0.697076491832965
464 0.7001342879543624
465 0.7031609324451363
466 0.7061567483966255
467 0.6990305967352319
468 0.6919770034514756
469 0.6849952168053509
470 0.6881732112897851
471 0.6913188648068048
472 0.6843455747328049
473 0.6875292843595582
474 0.6906806116936676
475 0.6937998915454067
476 0.6968874551541558
477 0.689860988891382
478 0.6929877509052966
479 0.6860017528529061
480 0.6790867405329074
481 0.6823213405138643
482 0.6754445244416145
483 0.6787153190875203
484 0.6718759157400453
485 0.6651059541281236
486 0.6684801591173578
487 0.6617454352061333
488 0.6651529873400627
489 0.668525962681767
490 0.6718647170834082
491 0.665097886110023
492 0.6684706833793338
493 0.6718092762057248
494 0.6650444445617982
495 0.6684170688888156
496 0.6717555047741617
497 0.6649926120342814
498 0.6683650684062653
499 0.6717033518570065
500 0.6649423394522549
501 0.6683146327172896
502 0.6716527681152973
503 0.6648935792744303
504 0.6682657141450158
505 0.6716037057507305
506 0.674907903998351
507 0.6681176565137853
508 0.6714565206444856
509 0.6747615949400467
510 0.6780332253538032
511 0.6712131732753993
512 0.6745201084612059
513 0.6777935926852152
514 0.6709771369750887
515 0.6742858763106458
516 0.6775611578382544
517 0.6707481896754552
518 0.6740586781926805
519 0.677335702281293
520 0.6805796037981889
521 0.673737771142091
522 0.677017495320169
523 0.6802640801628804
524 0.6834778639239626
525 0.6866591813365168
526 0.6898083636510107
527 0.6828759028406322
528 0.6760134541191541
529 0.6792691428396876
530 0.6824919582676957
531 0.6856822354780031
532 0.6787929242593411
533 0.6820200614810736
534 0.6852146261157364
535 0.6883769499249156
536 0.6915073612312301
537 0.6845611357886513
538 0.6877295919523765
539 0.6808219336446
540 0.6739839587721528
541 0.6772582247148776
542 0.6704566342433735
543 0.6637236393879465
544 0.6671005185039328
545 0.6604017923455898
546 0.6638117445291813
547 0.6671873180536553
548 0.6705288622941966
549 0.6738367230200168
550 0.6771112424326776
551 0.680352759203985
552 0.6735228880118124
553 0.6768001735911048
554 0.6700064892921376
555 0.6632812548391067
556 0.6566237754675578
557 0.6500333635666828
558 0.6535457849288693
559 0.6570228273371642
560 0.6604648496777354
561 0.6638722071456516
562 0.6572102461164505
563 0.6606500226580507
564 0.6640551642311089
565 0.6674260219298209
566 0.6707629432423045
567 0.6740662720885733
568 0.6773363488580953
569 0.680573510446936
570 0.6737457981948601
571 0.6770187699549716
572 0.6802588037887661
573 0.6834662332384306
574 0.6766103727117987
575 0.6798541985357791
576 0.6830653879028215
577 0.6862442711395422
578 0.6893911751899133
579 0.6925064236506845
580 0.6955903368064184
581 0.6986432316641442
582 0.7016654219876346
583 0.6946288925381472
584 0.6876631250093227
585 0.6807674038560608
586 0.6839685030241127
587 0.6771102095314545
588 0.6803478040878833
589 0.6835528491739261
590 0.6867256737511727
591 0.6898666034221961
592 0.6829500907022322
593 0.6861287095712013
594 0.6892753802582652
595 0.6923904254811061
596 0.6954741646654724
597 0.6885023152107203
598 0.6916248777069122
599 0.6846919551867662
600 0.6878525609081634
601 0.6809577832767014
602 0.6841556679576254
603 0.6873214249438427
604 0.6904553784846108
605 0.6935578495272401
606 0.6866066891313326
607 0.6897475925629531
608 0.692856947945413
609 0.6959350735346902
610 0.6989822843487
611 0.7019988922007884
612 0.704985205732867
613 0.7079415304481971
614 0.7008474413870154
615 0.6938245858233937
616 0.6968925596261494
617 0.6899096191751803
618 0.6930166965697809
619 0.6960925800939273
620 0.6891180721149018
621 0.6822135800231081
622 0.6853975212514297
623 0.688549501905657
624 0.6916698440094635
625 0.6847403123475345
626 0.6878986999423522
627 0.6910253882163829
628 0.6941206964664217
629 0.6971849407502687
630 0.7002184339200407
631 0.7032214856551301
632 0.7061944024948182
633 0.7091374878705428
634 0.7020340954850843
635 0.7050187534749837
636 0.7079734652407603
637 0.7108985322324907
638 0.7137942528460468
639 0.7166609224544315
640 0.7194988334387867
641 0.7223082752190748
642 0.7150738988975462
643 0.7179275702201419
644 0.7207526169298217
645 0.7235493270259196
646 0.7263179855927677
647 0.7290588748295478
648 0.7317722740798275
649 0.7244438882062465
650 0.7272034244216442
651 0.719921004792981
652 0.722725754571888
653 0.7255023779421576
654 0.728251157741482
655 0.7309723739477648
656 0.733666303708346
657 0.7363332213689231
658 0.7289600887217151
659 0.7316740591938607
660 0.7343608187985258
661 0.7370206410632809
662 0.7396537967521034
663 0.742260553893578
664 0.744841177808807
665 0.747395931139027
666 0.7499250738729415
667 0.7524288633737674
668 0.7448955188108493
669 0.747449603217072
670 0.749978086219955
671 0.7524812250407827
672 0.7549592743045399
673 0.7574124860663548
674 0.7598411098376696
675 0.7522341755681011
676 0.7447034804406839
677 0.7472592522588519
678 0.7397785269222411
679 0.7423835454278903
680 0.7449624578938483
681 0.7475155264937883
682 0.7500430107574405
683 0.7525451675974745
684 0.7550222513361042
685 0.7574745137314188
686 0.7498921621337237
687 0.7523957269222381
688 0.7548742065346143
689 0.7573278528096739
690 0.7597569150481642
691 0.7621616400385329
692 0.7645422720824357
693 0.7668990530199821
694 0.7592229568915121
695 0.7616329358800229
696 0.7640187710884454
697 0.7663807048311719
698 0.7687189769819714
699 0.7710338249987447
700 0.7733254839480249
701 0.7655855511487888
702 0.7679316996353621
703 0.7602458833328282
704 0.7526370546378794
705 0.7551127359250179
706 0.757563619534268
707 0.759989954256619
708 0.7623919863789181
709 0.7647699597092354
710 0.7671241156019691
