0 0.5059956908226013
1 0.5515494346618652
2 0.9245746731758118
3 0.8037399649620056
4 0.7695151567459106
5 0.7730193138122559
6 0.689498245716095
7 0.6473966836929321
8 0.9307342171669006
9 0.8200573921203613
10 0.9250646233558655
11 0.554710865020752
12 0.7306675314903259
13 0.6405781507492065
14 0.713981568813324
15 0.8272697329521179
16 0.6917487978935242
17 0.7974011898040771
18 0.7321023941040039
19 0.9141480326652527
20 0.636605978012085
21 0.5969139933586121
22 0.8568723201751709
23 0.6163580417633057
24 0.7348562479019165
25 0.7155429720878601
26 0.8200591206550598
27 0.5061147212982178
28 0.6998738646507263
29 0.6996039152145386
30 0.7864711284637451
31 0.8436031937599182
32 0.649737536907196
33 0.8916533589363098
34 0.8432203531265259
35 0.8113717436790466
36 0.7352198958396912
37 0.9163768291473389
38 0.8798976540565491
39 0.8254224061965942
40 0.9498494863510132
41 0.5340005159378052
42 0.7592913508415222
43 0.7140321731567383
44 0.7561224102973938
45 0.6753228306770325
46 0.5102635622024536
47 0.8060773015022278
48 0.8384813070297241
49 0.8945589065551758
50 0.5941821336746216
51 0.511560320854187
52 0.9261608123779297
53 0.7245966792106628
54 0.6428782939910889
55 0.9665176868438721
56 0.8436100482940674
57 0.6858878135681152
58 0.8001077175140381
59 0.5838261842727661
60 0.8667595386505127
61 0.7148062586784363
62 0.6577728986740112
63 0.707035481929779
64 0.7865023016929626
65 0.5559764504432678
66 0.6489323973655701
67 0.772710382938385
68 0.5289218425750732
69 0.6153197884559631
70 0.6881787776947021
71 0.6943463683128357
72 0.5224366188049316
73 0.705656886100769
74 0.6064005494117737
75 0.6077499985694885
76 0.9562270641326904
77 0.57073974609375
78 0.9200581312179565
79 0.7431227564811707
80 0.8346952795982361
81 0.8243646621704102
82 0.668444037437439
83 0.9525973796844482
84 0.5561777949333191
85 0.6102912425994873
86 0.8224335312843323
87 0.68001389503479
88 0.6979982852935791
89 0.8925758600234985
90 0.8300265669822693
91 0.5389949679374695
92 0.5062843561172485
93 0.9076080322265625
94 0.6699631810188293
95 0.6858115196228027
96 0.678436279296875
97 0.5673797726631165
98 0.8876016736030579
99 0.6889835596084595
100 0.6613553762435913
101 0.9488471746444702
102 0.6452740430831909
103 0.6603376269340515
104 0.5027579665184021
105 0.8336666226387024
106 0.7438230514526367
107 0.609221339225769
108 0.9003318548202515
109 0.5857618451118469
110 0.9235786199569702
111 0.740382969379425
112 0.9487483501434326
113 0.765890896320343
114 0.8127952814102173
115 0.8102675676345825
116 0.6848751902580261
117 0.9266456365585327
118 0.5941821336746216
119 0.6572574377059937
120 0.6777938008308411
121 0.8654477596282959
122 0.9134799838066101
123 0.6448524594306946
124 0.9334748387336731
125 0.7740916013717651
126 0.8977290391921997
127 0.6663090586662292
128 0.6776658892631531
129 0.5748632550239563
130 0.5574595332145691
131 0.8562465310096741
132 0.7032952308654785
133 0.9147089123725891
134 0.7176518440246582
135 0.9585918188095093
136 0.6701632738113403
137 0.7340696454048157
138 0.6642059683799744
139 0.5311619639396667
140 0.7517877221107483
141 0.6797826886177063
142 0.5140166282653809
143 0.6853208541870117
144 0.9268806576728821
145 0.7833752632141113
146 0.7022386789321899
147 0.5642098188400269
148 0.5913790464401245
149 0.7103409767150879
150 0.5308376550674438
151 0.9095552563667297
152 0.8563364148139954
153 0.7188006639480591
154 0.6906829476356506
155 0.5289260149002075
156 0.5601745247840881
157 0.7010850310325623
158 0.7327858209609985
159 0.6335216164588928
160 0.6784918308258057
161 0.723595917224884
162 0.7991579174995422
163 0.6558986902236938
164 0.7105672955513
165 0.6134840250015259
166 0.6661333441734314
167 0.6676035523414612
168 0.5641430020332336
169 0.8506325483322144
170 0.9222584962844849
171 0.7762173414230347
172 0.6853095293045044
173 0.8083705306053162
174 0.6281730532646179
175 0.8316269516944885
176 0.6981467008590698
177 0.6647663116455078
178 0.736966609954834
179 0.9520936608314514
180 0.7329691648483276
181 0.8936285376548767
182 0.5756011009216309
183 0.7029439210891724
184 0.6570245027542114
185 0.8820450305938721
186 0.7506816983222961
187 0.8257820010185242
188 0.6924231052398682
189 0.9169065952301025
190 0.7049322724342346
191 0.5648424029350281
192 0.604622483253479
193 0.6134387254714966
194 0.8704795837402344
195 0.527235746383667
196 0.8088058829307556
197 0.7146702408790588
198 0.5980929732322693
199 0.5946730375289917
200 0.5493813157081604
201 0.7086842060089111
202 0.8459782600402832
203 0.7715349793434143
204 0.5568488240242004
205 0.6815747618675232
206 0.8031274676322937
207 0.8182519674301147
208 0.5098157525062561
209 0.5391928553581238
210 0.621252179145813
211 0.7005442380905151
212 0.6456854939460754
213 0.6780954003334045
214 0.9513012766838074
215 0.6208940744400024
216 0.6964632868766785
217 0.886258065700531
218 0.6659860014915466
219 0.7030851244926453
220 0.6692167520523071
221 0.9570923447608948
222 0.9056165218353271
223 0.9121878147125244
224 0.6554540991783142
225 0.7227998971939087
226 0.9352388381958008
227 0.8461741209030151
228 0.5872145891189575
229 0.7383412718772888
230 0.5822713971138
231 0.6991288661956787
232 0.5564166307449341
233 0.9640359282493591
234 0.6709541082382202
235 0.9206557273864746
236 0.6925168633460999
237 0.8769227266311646
238 0.8018162250518799
239 0.6665264964103699
240 0.6298346519470215
241 0.7044557332992554
242 0.8432840704917908
243 0.9700957536697388
244 0.8765683770179749
245 0.9452481865882874
246 0.8659349679946899
247 0.7213770747184753
248 0.835197389125824
249 0.6130260229110718
250 0.701235294342041
251 0.6856623888015747
252 0.6346100568771362
253 0.8059895634651184
254 0.5972506999969482
255 0.6881908178329468
256 0.9476346373558044
257 0.7747834920883179
258 0.9317209720611572
259 0.6682179570198059
260 0.7626022696495056
261 0.56406170129776
262 0.7687941789627075
263 0.8318843841552734
264 0.8363615870475769
265 0.8661488890647888
266 0.7438223361968994
267 0.6545408964157104
268 0.5556780695915222
269 0.8849533200263977
270 0.5335875749588013
271 0.6912135481834412
272 0.6203580498695374
273 0.721671462059021
274 0.7271324992179871
275 0.7888911962509155
276 0.8770836591720581
277 0.8748498558998108
278 0.8728839755058289
279 0.8978967666625977
280 0.6775387525558472
281 0.6717380881309509
282 0.7161856293678284
283 0.5717250108718872
284 0.8844197392463684
285 0.7557924389839172
286 0.6002190113067627
287 0.9437486529350281
288 0.7297636270523071
289 0.8649889826774597
290 0.9219146370887756
291 0.7915261387825012
292 0.7313239574432373
293 0.7550876140594482
294 0.6682179570198059
295 0.6870638132095337
296 0.7382838129997253
297 0.6127983331680298
298 0.923467218875885
299 0.6140317916870117
300 0.7497702240943909
301 0.6739389300346375
302 0.9097822308540344
303 0.795728325843811
304 0.5407678484916687
305 0.8254325985908508
306 0.6581108570098877
307 0.9268551468849182
308 0.6850383281707764
309 0.8802198767662048
310 0.7623746395111084
311 0.9382810592651367
312 0.6722304224967957
313 0.6808366775512695
314 0.890422523021698
315 0.6265293955802917
316 0.898547351360321
317 0.7192659974098206
318 0.5290204286575317
319 0.6032469272613525
320 0.8985199928283691
321 0.8404792547225952
322 0.7903967499732971
323 0.756697952747345
324 0.8521820902824402
325 0.808849573135376
326 0.7385700941085815
327 0.6790764331817627
328 0.872979462146759
329 0.6839590668678284
330 0.6610316634178162
331 0.7268478870391846
332 0.7263215184211731
333 0.6988696455955505
334 0.6671327352523804
335 0.7100588083267212
336 0.9306714534759521
337 0.6086454391479492
338 0.7482729554176331
339 0.6787383556365967
340 0.5498914122581482
341 0.9006333351135254
342 0.5165119171142578
343 0.8677572011947632
344 0.7518183588981628
345 0.7167366147041321
346 0.7108345627784729
347 0.9716944694519043
348 0.6911213994026184
349 0.5151856541633606
350 0.6791670918464661
351 0.6980658173561096
352 0.7255599498748779
353 0.645592987537384
354 0.5881367325782776
355 0.8358330130577087
356 0.7492048144340515
357 0.7807890176773071
358 0.6808233261108398
359 0.569629430770874
360 0.8219407200813293
361 0.6839759349822998
362 0.9160866141319275
363 0.7594470381736755
364 0.610031008720398
365 0.7626367807388306
366 0.6889835596084595
367 0.5557532906532288
368 0.700207531452179
369 0.6037991642951965
370 0.6914718747138977
371 0.9343058466911316
372 0.8517208695411682
373 0.6926924586296082
374 0.5520522594451904
375 0.7156428694725037
376 0.8635591268539429
377 0.8782278895378113
378 0.8951523900032043
379 0.6610249876976013
380 0.9480076432228088
381 0.6961812376976013
382 0.8267171382904053
383 0.89924156665802
384 0.6940606832504272
385 0.9300099611282349
386 0.9283673167228699
387 0.6426231861114502
388 0.8594461679458618
389 0.7645680904388428
390 0.7147388458251953
391 0.9445167183876038
392 0.5022672414779663
393 0.9636858701705933
394 0.5379735231399536
395 0.734429121017456
396 0.7055981755256653
397 0.7013104557991028
398 0.9178106188774109
399 0.6949822902679443
400 0.8992964625358582
401 0.6881908178329468
402 0.5595019459724426
403 0.7224395275115967
404 0.7228984236717224
405 0.8220986723899841
406 0.7733237147331238
407 0.8205901384353638
408 0.7178301811218262
409 0.8533991575241089
410 0.5098261833190918
411 0.6504936218261719
412 0.5208097696304321
413 0.9296479821205139
414 0.8951537013053894
415 0.6708898544311523
416 0.574944794178009
417 0.6216937899589539
418 0.5210692286491394
419 0.6828567981719971
420 0.7831675410270691
421 0.6699663400650024
422 0.6660245060920715
423 0.6688109040260315
424 0.6976465582847595
425 0.7696846723556519
426 0.9047192931175232
427 0.70696622133255
428 0.7091979384422302
429 0.6856688261032104
430 0.8040300011634827
431 0.6619278788566589
432 0.644018828868866
433 0.6157358288764954
434 0.8651286959648132
435 0.7102605700492859
436 0.8272616863250732
437 0.7240497469902039
438 0.7195359468460083
439 0.7232416868209839
440 0.8760616183280945
441 0.6958393454551697
442 0.5935572981834412
443 0.8444704413414001
444 0.9427016377449036
445 0.565359354019165
446 0.945925235748291
447 0.7363497018814087
448 0.7173663377761841
449 0.6309139728546143
450 0.8529138565063477
451 0.9170390963554382
452 0.8757523894309998
453 0.7832767367362976
454 0.6780984997749329
455 0.7143045663833618
456 0.8618005514144897
457 0.6262840628623962
458 0.626337468624115
459 0.9453967213630676
460 0.6683270335197449
461 0.8839386701583862
462 0.6716779470443726
463 0.7126306295394897
464 0.7824780344963074
465 0.847683846950531
466 0.8552828431129456
467 0.9155154228210449
468 0.935497522354126
469 0.7578526139259338
470 0.690631628036499
471 0.9188581705093384
472 0.9297995567321777
473 0.7753822207450867
474 0.7528021931648254
475 0.5958674550056458
476 0.7286625504493713
477 0.8309499025344849
478 0.5316821336746216
479 0.7568812966346741
480 0.9223030209541321
481 0.7131979465484619
482 0.8358286619186401
483 0.9225097298622131
484 0.9023001790046692
485 0.7323029637336731
486 0.6651771068572998
487 0.91970294713974
488 0.843407928943634
489 0.7645534873008728
490 0.7731183767318726
491 0.7064523696899414
492 0.5745801329612732
493 0.5995908379554749
494 0.5147203207015991
495 0.5507272481918335
496 0.6386182904243469
497 0.686345100402832
498 0.8575594425201416
499 0.5077825784683228
500 0.9638286232948303
501 0.6111724376678467
502 0.6550360918045044
503 0.6280084848403931
504 0.6653587818145752
505 0.5786145925521851
506 0.6881908178329468
