0 1.0
1 0.49748743718592964
2 0.6666778896333457
3 0.751268843586652
4 0.5979797988000808
5 0.6666778896333457
6 0.5685427157429148
7 0.49495000757448243
8 0.5533489342656723
9 0.49547809735756904
10 0.4481371998932409
11 0.49671020319328685
12 0.5378021366115805
13 0.4968280429116218
14 0.53278388406231
15 0.5642373043712315
16 0.5283116213952294
17 0.4963868144732395
18 0.525358177217928
19 0.496507095782662
20 0.5229688219172506
21 0.5470164397921167
22 0.5205118710918467
23 0.49622541365571315
24 0.4738908898547872
25 0.49676949079874666
26 0.5179441208050926
27 0.5375973529609821
28 0.5163339820708215
29 0.49649784212733167
30 0.5153065270638075
31 0.5329304840497311
32 0.5494774212813637
33 0.5650423755723709
34 0.5797095225509451
35 0.5606141746301122
36 0.574762766869794
37 0.5566568892027791
38 0.5394904767446288
39 0.5534019642136612
40 0.5666259584924244
41 0.5501705749785345
42 0.5344916152752925
43 0.5195361321540416
44 0.5052558846033556
45 0.4916068262843263
46 0.5051108758753672
47 0.4919126040273665
48 0.479263223441905
49 0.4924466354701453
50 0.5051024381430016
51 0.49269308187058886
52 0.5049776364250969
53 0.49292087561490955
54 0.5048621165532584
55 0.5163662816739908
56 0.52745638657177
57 0.5155157944505812
58 0.5263466978671602
59 0.5368062374446748
60 0.5250936309093953
61 0.5137704121986655
62 0.5028180250092021
63 0.49221907260291503
64 0.502805352065228
65 0.49243529962084004
66 0.5027934615823422
67 0.5128357230965536
68 0.5025823506209143
69 0.5124290591791231
70 0.5023835918598272
71 0.4926287341183701
72 0.5023885288220487
73 0.5118729856325179
74 0.5022043027876869
75 0.5115242387508712
76 0.5205906024797018
77 0.5294131640830771
78 0.5380011991728388
79 0.5282632117573307
80 0.5367331835444882
81 0.5449854325538374
82 0.5353527777540673
83 0.5435028964724935
84 0.5514501327947614
85 0.5592015824981722
86 0.5496077994435639
87 0.5572799218904818
88 0.5647686767321592
89 0.5720801952967646
90 0.5792203395765779
91 0.5696198251956708
92 0.5602401089189971
93 0.5674349440040859
94 0.5744673338353484
95 0.5651860565259007
96 0.5721680656843731
97 0.5630358159524786
98 0.5699687801238873
99 0.576751952955444
100 0.5677066793929475
101 0.558853577290595
102 0.5501870199529698
103 0.5571243945208473
104 0.5639179353673186
105 0.5705717371859129
106 0.5770897417653512
107 0.5834757450669765
108 0.5897334039125935
109 0.5958662423075107
110 0.6018776574217908
111 0.6077709252510708
112 0.598817302867809
113 0.5900371313030963
114 0.5814258494789905
115 0.5729790533759451
116 0.5791547353755668
117 0.5708160662833703
118 0.5626334444969087
119 0.568876012504994
120 0.5750032974568461
121 0.5668654289607341
122 0.5729701160245192
123 0.5789642212920295
124 0.5848504278377744
125 0.5906313337091591
126 0.5963094552722809
127 0.6018872304008865
128 0.6073670215170035
129 0.6127511184912312
130 0.604379667298196
131 0.5961527152000841
132 0.5880669578022101
133 0.5936342634935513
134 0.5856393549852392
135 0.5912005692269128
136 0.5832930055121699
137 0.588847891928187
138 0.5943105362858302
139 0.5996829481640779
140 0.591767212621143
141 0.5839808789767426
142 0.5763211835914938
143 0.5687854394105097
144 0.5744065394607901
145 0.5799375761311285
146 0.5724231881412523
147 0.5779470663532307
148 0.5833837116719307
149 0.5887349061323294
150 0.5811943962817295
151 0.5865434335629037
152 0.5790727375468439
153 0.5844193780275454
154 0.5770160561666766
155 0.5697259669600554
156 0.5751478182649058
157 0.5679192241339861
158 0.5733358066908439
159 0.5786709565819691
160 0.5714531397494959
161 0.5767852578959102
162 0.5820382027257406
163 0.5872134651862584
164 0.5799597837862868
165 0.5851362427127331
166 0.5902370555256878
167 0.5952636163521208
168 0.6002172864164146
169 0.6050993950058927
170 0.5977262871870872
171 0.5904588992447578
172 0.5954275344884902
173 0.5882190574622314
174 0.5931937588552864
175 0.5980981554115342
176 0.5909023650022148
177 0.5838075584079184
178 0.5768119755212179
179 0.5699138952403062
180 0.5750472283544067
181 0.5681969574720865
182 0.5733310077591612
183 0.5665270768165085
184 0.5716616719984796
185 0.5767261014774665
186 0.5699196302593691
187 0.563205586543757
188 0.5683421773459737
189 0.561670359117441
190 0.5550883087009886
191 0.5602931528871437
192 0.5537496219090655
193 0.5472933498299597
194 0.5525627996801297
195 0.557762387095481
196 0.5512912190838553
197 0.5564888187999724
198 0.5616180903428551
199 0.5666801182991302
200 0.5716759657074287
201 0.5766066745891709
202 0.5814732664636761
203 0.5862767428481355
204 0.5910180857429637
205 0.5842547878738692
206 0.5890054983226499
207 0.5936952303846006
208 0.5983249182859105
209 0.6028954784707352
210 0.6074078100201529
211 0.6005151800204971
212 0.59370993578216
213 0.5869907631537901
214 0.5916587491270633
215 0.5849802969301459
216 0.5896588803268297
217 0.5830200139300437
218 0.587708816417158
219 0.5811084398061386
220 0.5858070992327788
221 0.5904474075937447
222 0.595030215118045
223 0.5995563568299166
224 0.6040266528842566
225 0.5972915220273041
226 0.6017767176407385
227 0.6062069193707308
228 0.599470494473266
229 0.603916400194889
230 0.6083081248434328
231 0.6126464350763311
232 0.6058681632743348
233 0.6102241723575118
234 0.6034869643156616
235 0.6078601342390942
236 0.612180626079041
237 0.616449171664706
238 0.6206664905171185
239 0.6248332901032629
240 0.6289502660839018
241 0.6330181025552746
242 0.6370374722848464
243 0.6410090369412802
244 0.6449334473187956
245 0.6378897396821066
246 0.6418409230780738
247 0.6348438233889309
248 0.6279292376171235
249 0.6210960578264509
250 0.625215689137373
251 0.6292869775966056
252 0.6333105671513365
253 0.6264426984014426
254 0.630490282876055
255 0.6236644681027179
256 0.6277353889587042
257 0.6317589852474906
258 0.6357358777318272
259 0.6396666775098758
260 0.6327694455729344
261 0.6259519183116021
262 0.6192130604486753
263 0.6125518526071759
264 0.6059672910137909
265 0.6101997323299821
266 0.6143836098361155
267 0.6185195469152064
268 0.6226081575331519
269 0.6266500464110469
270 0.6199433496266124
271 0.6240080352831138
272 0.6173389372117225
273 0.6214258249829884
274 0.625466315822883
275 0.6187952546685531
276 0.6228583804144454
277 0.626875552861381
278 0.6202026555684349
279 0.6242428766902707
280 0.628237570658473
281 0.6321873043305083
282 0.6360926363659897
283 0.6293429525809348
284 0.6226689697061217
285 0.6160697527460383
286 0.6095443800691082
287 0.613677615200944
288 0.6177647035679743
289 0.6218062107259705
290 0.6258026942391318
291 0.6297547038151359
292 0.623107407304175
293 0.627083441441628
294 0.620471648421875
295 0.6139331234399277
296 0.6179993053475673
297 0.6220205203106646
298 0.6259973104021225
299 0.6194145109263156
300 0.6234145706575555
301 0.6168656512697547
302 0.6208884152896067
303 0.6143725799932387
304 0.6184174986940256
305 0.6224180324649456
306 0.615895721766525
307 0.6199188186326974
308 0.6238978917379758
309 0.6173693613638299
310 0.6109121429886865
311 0.6045253953446315
312 0.6086579849703716
313 0.6127455521234224
314 0.6063482719216653
315 0.6104563261430008
316 0.6145197390388998
317 0.6185390324406912
318 0.6225147213175178
319 0.6264473138822378
320 0.6303373116953764
321 0.6341852097671696
322 0.6275865404006429
323 0.6210591731984209
324 0.6146022830367851
325 0.6186075120917552
326 0.622569562044786
327 0.6161045839529963
328 0.6097091984786588
329 0.6033826057513623
330 0.5971240161419505
331 0.6013012935820289
332 0.6054337349241228
333 0.6095218528074341
334 0.6135661533623669
335 0.6175671363063866
336 0.6215252950382039
337 0.6254411167303157
338 0.6189723409641587
339 0.6229118612921358
340 0.6268093281281533
341 0.6203329940604769
342 0.6139257035762687
343 0.617912074004846
344 0.6218560002334409
345 0.6257579605233314
346 0.6193029995540461
347 0.6232288136090762
348 0.6168039747497557
349 0.6207531058745797
350 0.6143577210142668
351 0.6183296458069367
352 0.6222594847295936
353 0.6261477078196788
354 0.629994779371329
355 0.6235137933190008
356 0.6171013222515889
357 0.621038089328547
358 0.6249332841536066
359 0.6287873681441144
360 0.6326007971377713
361 0.6363740214693897
362 0.6298401652347677
363 0.6336396993153531
364 0.6271373762739723
365 0.6207034639692052
366 0.6245937253779604
367 0.6181892120186578
368 0.6118519787542921
369 0.6055812859944115
370 0.6096225634388511
371 0.6033778100263588
372 0.6074396748966087
373 0.6114589723961888
374 0.6154361683594692
375 0.6193717231209734
376 0.6232660915884318
377 0.6168906686949052
378 0.6208086175458952
379 0.6246856196983199
380 0.6183000205938839
381 0.6119810991592083
382 0.6159457150292953
383 0.6198689684633318
384 0.6237513083371711
385 0.6275931783028819
386 0.6313950168566471
387 0.6351572574056381
388 0.6388803283338853
389 0.6425646530671612
390 0.6360102122086955
391 0.6397223233976828
392 0.6433958482105118
393 0.6470312025241379
394 0.6404364095083968
395 0.644100516176534
396 0.6477265935271296
397 0.6513150502565835
398 0.6446816233056553
399 0.6482997545298955
400 0.6518803886036694
401 0.645244843331727
402 0.6488552793202488
403 0.6524283375921073
404 0.6559644179277331
405 0.6594639155721282
406 0.6629272212915361
407 0.6663547214293005
408 0.6595800827412249
409 0.652875437641788
410 0.6462400403745547
411 0.6396731535858998
412 0.6433340890612536
413 0.6367988343502132
414 0.6404877981605032
415 0.6339835077054611
416 0.6376999065621655
417 0.6312259273939111
418 0.6349691812632247
419 0.6386738814213722
420 0.6423404362129147
421 0.6459692494300756
422 0.6394162034519492
423 0.6430736233166642
424 0.6365518276611212
425 0.6402372519000271
426 0.6438847940752925
427 0.6474948538846844
428 0.640931881762987
429 0.6344363146035104
430 0.6280074423199073
431 0.6317764165667666
432 0.635506712263157
433 0.6290695401459392
434 0.6328262821602202
435 0.6365445007993896
436 0.6402246006800891
437 0.6438669819762223
438 0.6474720404716043
439 0.6510401676119095
440 0.654571750555931
441 0.65806717222616
442 0.6514089202072042
443 0.6448188125728129
444 0.6484116542734115
445 0.6519677417268871
446 0.6554874591901746
447 0.6589711867365673
448 0.6624193003045967
449 0.6557223774222573
450 0.6592025712713492
451 0.6525396246498352
452 0.6459447338510458
453 0.6495226118614593
454 0.6530639605659423
455 0.6464658576226142
456 0.6399350919576469
457 0.6435721890649067
458 0.6370719787554764
459 0.6407372584820727
460 0.6443651619868187
461 0.647956077639037
462 0.6515103896273295
463 0.6449332319070501
464 0.6384230922780113
465 0.6420726084173599
466 0.6355925605646444
467 0.6291785044903786
468 0.6329202920779538
469 0.6366239877066383
470 0.6302012677051453
471 0.6339317319402553
472 0.6376242396237839
473 0.641279183462557
474 0.644896951969764
475 0.6484779295123515
476 0.6520224963578292
477 0.6454483873832109
478 0.6389411005623808
479 0.6425809293544112
480 0.6461837733218474
481 0.6497500141246609
482 0.6432014700959604
483 0.6367194351803298
484 0.640380207585527
485 0.6440038114869284
486 0.6475906298560096
487 0.6410663612743739
488 0.6446822329103529
489 0.6482614139140669
490 0.6417318357105052
491 0.635268494576379
492 0.62887070920889
493 0.6326080848368695
494 0.6262379923983158
495 0.6300013538917629
496 0.6337265660236353
497 0.6374140206553357
498 0.6309972935837198
499 0.6246455868666074
500 0.628423706830364
501 0.6220987386721438
502 0.6158378359448692
503 0.6197038582939633
504 0.6235307317922968
505 0.6273188577433062
506 0.6210070146843181
507 0.6147590639722633
508 0.6186347360838584
509 0.6224711857783148
510 0.626268814629832
511 0.6300280200083266
512 0.6337491951253024
513 0.6374327290791815
514 0.6310221757590482
515 0.6347327125581943
516 0.6283500346906744
517 0.63208702485321
518 0.6257316555824959
519 0.6194405302444099
520 0.6132129925530898
521 0.6070483930643907
522 0.6109985067217168
523 0.6149087072235099
524 0.6087280328131099
525 0.6026097969313927
526 0.6066037042837598
527 0.6005074366404971
528 0.6045220712457925
529 0.608496165380981
530 0.6124301323509997
531 0.6062765184661827
532 0.6102324086118427
533 0.614148366873638
534 0.6180248000447166
535 0.6218621107000037
536 0.625660697241421
537 0.6193759047760713
538 0.6231991202938856
539 0.6269837643713498
540 0.6307302295191297
541 0.6344389041862095
542 0.6381101728032667
543 0.6417444158255567
544 0.6453420097753135
545 0.6388617728664074
546 0.6324468741764357
547 0.6361373737110795
548 0.6397906691808115
549 0.633367228141132
550 0.6270085316529967
551 0.62071392205922
552 0.624521468985833
553 0.6282906470685868
554 0.6320218458674736
555 0.6357154509290445
556 0.6393718438289195
557 0.6329545863885321
558 0.6266019716559313
559 0.6203133437974955
560 0.6241237721794174
561 0.6278958254430075
562 0.6316298927574987
563 0.6252917053891016
564 0.619017336968669
565 0.6128061405644101
566 0.6166910970757721
567 0.6105036602475211
568 0.6144114575184576
569 0.6182799205895252
570 0.6221094479264659
571 0.625900433907662
572 0.6296532688670745
573 0.633368339136712
574 0.6270150113731281
575 0.630756313616526
576 0.634459974242838
577 0.6280962824922115
578 0.6318263986536725
579 0.6254895013775442
580 0.6192163449592121
581 0.6230351871411072
582 0.6268156212624634
583 0.6305580357933616
584 0.6342628152312747
585 0.6379303401425602
586 0.6315335050268108
587 0.6352281946997476
588 0.6388857374466552
589 0.6324798449812419
590 0.636164747744414
591 0.6297864761644364
592 0.6334981887390255
593 0.6371725931107718
594 0.6307847125288842
595 0.624461033037258
596 0.6282257540459935
597 0.6219280429255328
598 0.6257179693733689
599 0.6294698128981718
600 0.6331839579971277
601 0.6368607852490662
602 0.6405006713551168
603 0.6340808332598511
604 0.6377484131956821
605 0.6313564559562506
606 0.6350511735710979
607 0.6387087788279528
608 0.6423296461484256
609 0.6358923482595921
610 0.6395412820144483
611 0.633132206558922
612 0.6368086434155765
613 0.6404481611778368
614 0.6440511321253121
615 0.6476179247530647
616 0.6511489038106929
617 0.6546444303409976
618 0.6581048617182389
619 0.6515108421780855
620 0.6550025334865964
621 0.6484398557749472
622 0.6519621801005563
623 0.6554491471442558
624 0.6589011131537711
625 0.6623184307608943
626 0.6657014490187156
627 0.6590323293634383
628 0.6624481441380743
629 0.6558118568326882
630 0.6492421677515494
631 0.6527558725150002
632 0.6562343181038319
633 0.6596778595463897
634 0.6630868482720603
635 0.6664616321482357
636 0.6698025555168877
637 0.6731099592307577
638 0.6763841806891657
639 0.6796255538734431
640 0.6728184560269563
641 0.6760954388311488
642 0.6693239134290758
643 0.662620313969814
644 0.6659992807574447
645 0.669344354839571
646 0.672655877198339
647 0.6759341853650394
648 0.6791796134554356
649 0.6823924922047248
650 0.6855731490021296
651 0.6787076266606359
652 0.6819250929059073
653 0.6750962972966642
654 0.6783498363547492
655 0.671557032555196
656 0.6748459226132056
657 0.6781018348896675
658 0.6813251009346777
659 0.6845160489474568
660 0.6776619592402463
661 0.6808895023071709
662 0.6840846870006015
663 0.6872478385579848
664 0.6903792789313901
665 0.6934793268210235
666 0.6965482977083922
667 0.6895743465745058
668 0.6926823392662502
669 0.6857472624971594
670 0.6888934967359768
671 0.6819965170711756
672 0.6851802282739876
673 0.6883320291212066
674 0.691452240176425
675 0.6945411787684709
676 0.697599159024337
677 0.7006264919017692
678 0.7036234852215182
679 0.706590443699257
680 0.6995170022662969
681 0.7025250053233938
682 0.7055028651396199
683 0.7084508844072319
684 0.711369362766434
685 0.7042484534307688
686 0.6971988969252434
687 0.7002299182080974
688 0.6932207274753122
689 0.6862817659253356
690 0.6894219743288941
691 0.6825211711240469
692 0.6856989607514447
693 0.688844912700031
694 0.6919593465379287
695 0.6950425786138215
696 0.6980949220896243
697 0.6911076970475531
698 0.6941993692018933
699 0.6872512590107815
700 0.6903814744286708
701 0.6934803333581429
702 0.6865396014939172
703 0.6896768584168711
704 0.6927826899328975
705 0.6858491165191044
706 0.688993205102327
707 0.6921058014209888
708 0.6951872214214128
709 0.6982377778700506
710 0.7012577803856882
711 0.694239726432834
712 0.6972996929668538
713 0.6903213592402575
714 0.6934204920601545
715 0.6964885868232226
716 0.6995259548409705
717 0.7025329042932359
718 0.705509740259871
719 0.7084567647521063
720 0.7113742767435914
721 0.7042555103739837
722 0.7072150228671406
723 0.7101448990617102
724 0.7030385842007867
725 0.7060102127591893
726 0.7089520849185196
727 0.7018578507465046
728 0.694834652773068
729 0.6878817787666376
730 0.6910049743621427
731 0.6940968979097807
732 0.6971578629286198
733 0.6901819207920604
734 0.6932820213303005
735 0.6963510826367745
736 0.6993894158652016
737 0.692391316825667
738 0.6854632825034623
739 0.6886105030870759
740 0.6917262145605056
741 0.6848049575751172
742 0.6779529927023461
743 0.6811752856205581
744 0.6843653193146411
745 0.6875234170997098
746 0.6906498990433249
747 0.6837396449695994
748 0.6869039508320948
749 0.6900365797419008
750 0.6931378491435728
751 0.6962080732937713
752 0.6992475632934094
753 0.6922515084277855
754 0.6953305528524742
755 0.6983787757831184
756 0.7013964860530123
757 0.6943790724991584
758 0.6874319017432468
759 0.6805542699899234
760 0.6737454805090283
761 0.6670048435644
762 0.6603316763434042
763 0.6637299319136237
764 0.657089590909393
765 0.6505157138721992
766 0.6440076349564722
767 0.647569141542348
768 0.6410905994898598
769 0.634676899610296
770 0.6383317067712903
771 0.6419499344817512
772 0.6355277206348053
773 0.6391739691907885
774 0.6427837248859583
775 0.636353250370532
776 0.6299871331031821
777 0.6336887496690093
778 0.6373533204482436
779 0.6309772753390119
780 0.6346689424099534
781 0.6283198014562388
782 0.6220342007161564
783 0.6258152896095501
784 0.6195547912068071
785 0.6233606549094795
786 0.6171247585631003
787 0.6109512667637217
788 0.6148431547436443
789 0.6086925317902566
790 0.6126069872071758
791 0.6064787773647877
792 0.6104153504956072
793 0.6043091071237869
794 0.6082673572197872
795 0.602182642590678
796 0.6061621376979446
797 0.6101018115469794
798 0.6140020628741344
799 0.6078600631557309
800 0.6117827138502915
801 0.6156661131286499
802 0.6195106540008964
803 0.6233167255371441
804 0.6270847129071258
805 0.6308149974193904
806 0.624504952334851
807 0.6282610195991352
808 0.6219765595365908
809 0.6257578958684964
810 0.6295013969024021
811 0.6332074414279762
812 0.6268735760695785
813 0.6306058850916412
814 0.6343008502265428
815 0.6279561009869028
816 0.6216748338897444
817 0.6254591031370484
818 0.6292055094365219
819 0.6329144318208848
820 0.6265836357193003
821 0.6303187641581192
822 0.6340165221081981
823 0.6376772836567374
824 0.6413014191424522
825 0.6348868133261772
826 0.6385388422914465
827 0.64215433311046
828 0.6357312433848062
829 0.6393747993852515
830 0.6429819025397712
831 0.6465529177209354
832 0.6500882061457371
833 0.6535881254122847
834 0.6570530295361242
835 0.660483268986196
836 0.6538769686676517
837 0.65733896039189
838 0.6507641392192116
839 0.6542572507939793
840 0.6577154162657586
841 0.651136872266851
842 0.64462414137146
843 0.638176564897874
844 0.6417955411143763
845 0.6353762829580643
846 0.6390232528551592
847 0.6426337384691214
848 0.6362061353888502
849 0.6298428335316347
850 0.63354511972652
851 0.6272084578019573
852 0.6309370785163306
853 0.6346283989856127
854 0.6382827924916878
855 0.6419006285780583
856 0.6354804557284905
857 0.6391263070082048
858 0.6427356867216408
859 0.646308959844295
860 0.6498464876967355
861 0.6433468997064671
862 0.6369123299498801
863 0.6405438216759785
864 0.644138986243754
865 0.6476981871684481
866 0.6412201407670932
867 0.6448085231372888
868 0.6483610100647315
869 0.6418763660000247
870 0.6354565889550983
871 0.629101029850133
872 0.6328105934668052
873 0.6364830500246491
874 0.640118770821616
875 0.633716622040724
876 0.6273785138758299
877 0.6311052770552605
878 0.624793304891849
879 0.6285459129764742
880 0.6322609842101581
881 0.6259374806523257
882 0.6296786293037457
883 0.6333823560503955
884 0.6370490353186885
885 0.640679037786647
886 0.6442727304214668
887 0.6478304765167069
888 0.6513526357291042
889 0.6548395641150195
890 0.6482903229042469
891 0.6518078692825657
892 0.6552902312487826
893 0.6587377608251237
894 0.6521495661349738
895 0.6456272696536517
896 0.6491714277640069
897 0.6526801357191697
898 0.6561537481913469
899 0.6595926163026264
900 0.6629970876605461
901 0.6563663502924223
902 0.6498019355529064
903 0.6533043130039566
904 0.6467705370234808
905 0.6503032239289891
906 0.6538005761582969
907 0.6472618587748855
908 0.6507896202812175
909 0.6442810298313787
910 0.6478385952105503
911 0.6513605774591669
912 0.6548473325573443
913 0.6582992129224361
914 0.6617165674447185
915 0.6550987371801592
916 0.6585480927430407
917 0.6619629479252214
918 0.6653436478663471
919 0.6586895694883249
920 0.6621029997841812
921 0.6654822892892497
922 0.6688277795405644
923 0.6721398086572188
924 0.6754187113745963
925 0.6786648190782576
926 0.6818784598374884
927 0.6850599584385098
928 0.6882096364173561
929 0.6913278120924238
930 0.6844139368156222
931 0.6775692121760067
932 0.6807937930210471
933 0.6739852845013842
934 0.66724487242259
935 0.6605718755942502
936 0.6639664328709731
937 0.6673270390814363
938 0.6706540338456364
939 0.6739477533851933
940 0.6672077493757135
941 0.6705359292532477
942 0.6638300565749663
943 0.667192010818648
944 0.6705203404488044
945 0.6638146389193511
946 0.6671767397822764
947 0.6605044866074011
948 0.6538989656319346
949 0.657360222959579
950 0.6607868627986185
951 0.6541785320056557
952 0.6576369861398064
953 0.6610608509671501
954 0.6544497938342556
955 0.6579055280553645
956 0.6613267003139819
957 0.6647136563216856
958 0.668066738331107
959 0.6613856397915411
960 0.6647719997427429
961 0.6681244917888131
962 0.6714434546944925
963 0.6747292238351699
964 0.6779821312308081
965 0.6712018979702935
966 0.6744900767734271
967 0.6777453698524167
968 0.6709675165812665
969 0.6742580334603999
970 0.6775156413488268
971 0.6807406694125167
972 0.683933443524266
973 0.6770937256310897
974 0.6803229676066842
975 0.6835199135956117
976 0.6766843426163911
977 0.6799176733189612
978 0.6831186672491592
979 0.6862876478436744
980 0.6794244127284985
981 0.6826303344506534
982 0.6758036814798295
983 0.6790458090498032
984 0.6822555120726559
985 0.675432617896652
986 0.6786784514023855
987 0.6818918233951813
988 0.6850730585534134
989 0.6782220009283325
990 0.681439932992961
991 0.6846256827105308
992 0.6877795719647424
993 0.6909019194192602
994 0.6939930405499375
995 0.6870527982350455
996 0.6901824094976309
997 0.6832802813791052
998 0.6764471805920975
999 0.6796828484739951
1000 0.6728857294835505
1001 0.6661565874643187
1002 0.6594947425315318
1003 0.6628999363200389
1004 0.6662710753603902
1005 0.6596080937907502
1006 0.6630121498266919
1007 0.666382162576386
1008 0.6597180781345985
1009 0.6531206397674718
1010 0.6565895674538056
1011 0.6600238031949022
1012 0.6634236939633174
1013 0.6567892081983543
1014 0.6502210722428489
1015 0.6537189900986131
1016 0.6471815622946857
1017 0.6507098737862171
1018 0.654202899633165
1019 0.657660992742318
1020 0.6610845024903955
1021 0.6644737747593672
1022 0.6578288093464966
1023 0.6612506373170065
1024 0.6646382446980605
1025 0.6579916412932364
1026 0.6614118374433575
1027 0.6647978293918996
1028 0.6581496366515397
1029 0.651567930106204
1030 0.6450520448090123
1031 0.6486016354570945
1032 0.6521157279878136
1033 0.6555946774263416
1034 0.6590388352467237
1035 0.6524482487480933
1036 0.645923572057675
1037 0.6494644406749295
1038 0.652969898529628
1039 0.6564402997707177
1040 0.6598759950048346
1041 0.653277048267465
1042 0.6567443749481955
1043 0.6501767489973722
1044 0.6436748029319633
1045 0.6472381517910677
1046 0.6407655960425125
1047 0.6443580358176809
1048 0.6479145492899092
1049 0.641435234564653
1050 0.6450209749379262
1051 0.6485708560623129
1052 0.6420849831294977
1053 0.6456642231001849
1054 0.6492076688840612
1055 0.6527156784585596
1056 0.6461883627697993
1057 0.6497265644164604
1058 0.6432291437436103
1059 0.6467969365825601
1060 0.6503290498159812
1061 0.6538258402733048
1062 0.6572876612150044
1063 0.6607148623682968
1064 0.6541075653199484
1065 0.6475663441958001
1066 0.6510907583498846
1067 0.6545799268182334
1068 0.6580342020884341
1069 0.6614539331225874
1070 0.6648394653925732
1071 0.6581909315337569
1072 0.6616090930711163
1073 0.6549928663686678
1074 0.6484428046351561
1075 0.6419582461671224
1076 0.6455387349984536
1077 0.6390832203947029
1078 0.6426924586260804
1079 0.646265603073454
1080 0.6398028234295596
1081 0.6434048634022852
1082 0.6469708816179384
1083 0.6405010527292077
1084 0.644096108254793
