0 0.5302342772483826
1 0.5311547517776489
2 0.5129960775375366
3 0.5269574522972107
4 0.506093442440033
5 0.5563636422157288
6 0.5477460026741028
7 0.5021846890449524
8 0.5707017183303833
9 0.5508288741111755
10 0.5869895815849304
11 0.5284197330474854
12 0.64070725440979
13 0.6042730212211609
14 0.6311739087104797
15 0.5106690526008606
16 0.5564622282981873
17 0.5345160961151123
18 0.6629854440689087
19 0.5317328572273254
20 0.6213417053222656
21 0.5371930003166199
22 0.5401127338409424
23 0.5070733428001404
24 0.5635868310928345
25 0.5429397821426392
26 0.5178447365760803
27 0.5459933280944824
28 0.6355409622192383
29 0.6621265411376953
30 0.5431950092315674
31 0.5715084671974182
32 0.5041526556015015
33 0.6217555403709412
34 0.6876434683799744
35 0.5272414088249207
36 0.5183060765266418
37 0.6044901013374329
38 0.6495600342750549
39 0.551537036895752
40 0.5011125802993774
41 0.5472283363342285
42 0.5452349781990051
43 0.5967718958854675
44 0.548494815826416
45 0.6229145526885986
46 0.6520122289657593
47 0.6351810693740845
48 0.565495491027832
49 0.5548278093338013
50 0.5444509983062744
51 0.5457087755203247
52 0.584306538105011
53 0.5032680630683899
54 0.6765883564949036
55 0.5741384029388428
56 0.52906334400177
57 0.6122874021530151
58 0.5352962017059326
59 0.660974383354187
60 0.5768136382102966
61 0.5299583077430725
62 0.5573535561561584
63 0.5280054807662964
64 0.5366270542144775
65 0.5037299990653992
66 0.6319749355316162
67 0.5513737201690674
68 0.5397530198097229
69 0.5058165192604065
70 0.5060425400733948
71 0.5340354442596436
72 0.5117330551147461
73 0.6617965698242188
74 0.5000306963920593
75 0.5811716914176941
76 0.5783748030662537
77 0.5522128343582153
78 0.5503682494163513
79 0.5134326815605164
80 0.690584659576416
81 0.609858512878418
82 0.513939619064331
83 0.5646976232528687
84 0.5653591156005859
85 0.6334916949272156
86 0.5724219083786011
87 0.5023447275161743
88 0.6317542195320129
89 0.6623052954673767
90 0.6488405466079712
91 0.5767759680747986
92 0.5435453653335571
93 0.5727330446243286
94 0.6147173643112183
95 0.6443275213241577
96 0.5976322889328003
97 0.5528659224510193
98 0.5771587491035461
99 0.5423228144645691
100 0.5426097512245178
101 0.5218403339385986
102 0.5560346841812134
103 0.6334812641143799
104 0.6386687755584717
105 0.6541690230369568
106 0.5631488561630249
107 0.5860060453414917
108 0.6354854106903076
109 0.5501962900161743
110 0.6510457992553711
111 0.5977413654327393
112 0.5467432737350464
113 0.6382648944854736
114 0.5138694047927856
115 0.5014359951019287
116 0.5356004238128662
117 0.5312106609344482
118 0.5404661893844604
119 0.6276789903640747
120 0.62680584192276
121 0.6304923892021179
122 0.5509735941886902
123 0.5790465474128723
124 0.5406616926193237
125 0.5574161410331726
126 0.5162152051925659
127 0.5533455610275269
128 0.5594990253448486
129 0.5703535079956055
130 0.536902666091919
131 0.5151755213737488
132 0.5109810829162598
133 0.5431121587753296
134 0.5360417366027832
135 0.5994038581848145
136 0.5892584323883057
137 0.5683271884918213
138 0.5788775682449341
139 0.5250392556190491
140 0.589425802230835
141 0.5965390205383301
142 0.5135708451271057
143 0.5576321482658386
144 0.5046635866165161
145 0.5547478795051575
146 0.5460923314094543
147 0.616055965423584
148 0.6437801122665405
149 0.5274083614349365
150 0.602427065372467
151 0.613168478012085
152 0.5831849575042725
153 0.6774889826774597
154 0.6438472270965576
155 0.6020528078079224
156 0.6117910146713257
157 0.5861278772354126
158 0.5530105829238892
159 0.5775241255760193
160 0.5043304562568665
161 0.6319442987442017
162 0.6068508625030518
163 0.5580143928527832
164 0.5046059489250183
165 0.6226127743721008
166 0.533537745475769
167 0.5720424652099609
168 0.569829523563385
169 0.6574145555496216
170 0.5501722693443298
171 0.5175294280052185
172 0.5224395394325256
173 0.5759018063545227
174 0.5155824422836304
175 0.6004848480224609
176 0.5451936721801758
177 0.5198476314544678
178 0.5851002335548401
179 0.5669571161270142
180 0.5675638914108276
181 0.6306028962135315
182 0.5623606443405151
183 0.5286137461662292
184 0.5393017530441284
185 0.6464813351631165
186 0.5005612373352051
187 0.6179924011230469
188 0.5641606450080872
189 0.5291009545326233
190 0.6242523193359375
191 0.5874952673912048
192 0.5933242440223694
193 0.5617266893386841
194 0.5049870014190674
195 0.549592137336731
196 0.5038782358169556
197 0.6044601202011108
198 0.6584712266921997
199 0.5502325892448425
200 0.5402600169181824
201 0.6384350061416626
202 0.5474680066108704
203 0.5996317267417908
204 0.5875946283340454
205 0.5685871243476868
206 0.6485769748687744
207 0.5031296014785767
208 0.5708373785018921
209 0.5411413908004761
210 0.5534741878509521
211 0.5520945191383362
212 0.5569453239440918
213 0.518561840057373
214 0.5853520631790161
215 0.6589008569717407
216 0.611746072769165
217 0.5026002526283264
218 0.5403217673301697
219 0.5602267384529114
220 0.6522510647773743
221 0.642197847366333
222 0.5783184766769409
223 0.6112978458404541
224 0.5184540152549744
225 0.5617415308952332
226 0.5826759934425354
227 0.5171372294425964
228 0.5170393586158752
229 0.5152779817581177
230 0.517235279083252
231 0.6306949257850647
232 0.5893136262893677
233 0.5124391913414001
234 0.520379900932312
235 0.5663114190101624
236 0.5154238343238831
237 0.6431494951248169
238 0.6067037582397461
239 0.5000306963920593
240 0.6020981073379517
241 0.6669114232063293
242 0.5268096327781677
243 0.5041729211807251
244 0.5187110900878906
245 0.5790726542472839
246 0.5390012264251709
247 0.5160611271858215
248 0.6061034202575684
249 0.542665421962738
250 0.6222394704818726
251 0.5889165997505188
252 0.6144378185272217
253 0.5071833729743958
254 0.6615973114967346
255 0.5457111597061157
256 0.5182964205741882
257 0.5454136729240417
258 0.5740333199501038
259 0.5247414708137512
260 0.5278211236000061
261 0.5584242939949036
262 0.544930100440979
263 0.5231867432594299
264 0.5288559198379517
265 0.5581968426704407
266 0.5355732440948486
267 0.6442941427230835
268 0.61395663022995
269 0.5835057497024536
270 0.6758013367652893
271 0.6100630760192871
272 0.5914257168769836
273 0.5882399082183838
274 0.5339065194129944
275 0.5241892337799072
276 0.6052980422973633
277 0.6064000129699707
278 0.6470826864242554
279 0.500779390335083
280 0.5709553360939026
281 0.5489767789840698
282 0.5316245555877686
283 0.6260330080986023
284 0.6361344456672668
285 0.6034783720970154
286 0.5488566160202026
287 0.5885341763496399
288 0.5572851896286011
289 0.5299694538116455
290 0.5010819435119629
291 0.5254066586494446
292 0.562038242816925
293 0.5252588391304016
294 0.5771294236183167
295 0.5381288528442383
296 0.5187210440635681
297 0.515543520450592
298 0.6114295125007629
299 0.6248365044593811
300 0.6347007155418396
301 0.5557029843330383
302 0.5616423487663269
303 0.5222550630569458
304 0.6440703272819519
305 0.5372415781021118
306 0.6502112150192261
307 0.5701131224632263
308 0.5064168572425842
309 0.533035159111023
310 0.592888593673706
311 0.6420669555664062
312 0.5232674479484558
313 0.5004403591156006
314 0.5334413051605225
315 0.6152077913284302
316 0.6201149225234985
317 0.5403976440429688
318 0.5646147727966309
319 0.5654860138893127
320 0.5426706075668335
321 0.6433055400848389
322 0.5059452652931213
323 0.5154627561569214
324 0.6382688283920288
325 0.5814533233642578
326 0.6107177138328552
327 0.5426687598228455
328 0.5288092494010925
329 0.5964605212211609
330 0.500825822353363
331 0.5974999666213989
332 0.5569718480110168
333 0.55218106508255
334 0.5825687050819397
335 0.5812709927558899
336 0.528143584728241
337 0.5142067670822144
338 0.5741109251976013
339 0.565813422203064
340 0.6336573362350464
341 0.6245802640914917
342 0.5887676477432251
343 0.6084569096565247
344 0.5424246191978455
345 0.5226131081581116
346 0.5893660187721252
347 0.6070379018783569
348 0.5511107444763184
349 0.5839350819587708
350 0.5103000998497009
351 0.5088285803794861
352 0.6139481067657471
353 0.6055735349655151
354 0.5386465787887573
355 0.5308361053466797
356 0.5664882063865662
357 0.5420477986335754
358 0.6163898706436157
359 0.5833856463432312
360 0.557695209980011
361 0.5306236743927002
362 0.5548278093338013
363 0.5837553143501282
364 0.5156916379928589
365 0.5534944534301758
366 0.6797333359718323
367 0.5553404092788696
368 0.5828927159309387
369 0.5939739346504211
370 0.5745673179626465
371 0.6101293563842773
372 0.534459114074707
373 0.6558926701545715
374 0.5647192597389221
375 0.5494550466537476
376 0.5502480864524841
377 0.5808094143867493
378 0.5012233257293701
379 0.6191040873527527
380 0.5074080228805542
381 0.5628474950790405
382 0.567581295967102
383 0.6126965284347534
384 0.6561834216117859
385 0.5663859844207764
386 0.6333199143409729
387 0.5331186652183533
388 0.5471993684768677
389 0.5297755002975464
390 0.5238665342330933
391 0.5389096736907959
392 0.5864097476005554
393 0.5093204379081726
394 0.6057491302490234
395 0.5451936721801758
396 0.5250367522239685
397 0.5935056805610657
398 0.5295553803443909
399 0.5786171555519104
400 0.6357883810997009
401 0.6004304885864258
402 0.5391562581062317
403 0.5217843055725098
404 0.5562268495559692
405 0.5505182147026062
406 0.5873889327049255
407 0.5853801369667053
408 0.5482558608055115
409 0.640539824962616
410 0.5090323090553284
411 0.5956196784973145
412 0.6253175139427185
413 0.5470139980316162
414 0.5458559989929199
415 0.5653591156005859
416 0.5482351183891296
417 0.5476402044296265
418 0.6343242526054382
419 0.5909863114356995
420 0.5042728185653687
421 0.65012526512146
422 0.5156108736991882
423 0.5067499279975891
424 0.560592770576477
425 0.6111533641815186
426 0.5152667760848999
427 0.5168913006782532
428 0.5005121231079102
429 0.5819598436355591
430 0.5001404285430908
431 0.5921359062194824
432 0.5955172181129456
433 0.578400731086731
434 0.5319116115570068
435 0.6211246252059937
436 0.5749894380569458
437 0.5614747405052185
438 0.5750347971916199
439 0.6695500016212463
440 0.5628305673599243
441 0.5845184922218323
442 0.5268096327781677
443 0.5187098383903503
444 0.5975537896156311
445 0.5620588660240173
446 0.51866215467453
447 0.6050784587860107
448 0.5130890011787415
449 0.5376130938529968
450 0.5110387206077576
451 0.5212906002998352
452 0.5793111324310303
453 0.5615057945251465
454 0.6059704422950745
455 0.5307042002677917
456 0.5130777359008789
457 0.6112103462219238
458 0.5981541872024536
459 0.5018979907035828
460 0.6412683129310608
461 0.513468325138092
462 0.5662963390350342
463 0.588514506816864
464 0.6362596154212952
465 0.644364595413208
466 0.5130433440208435
467 0.6513866186141968
468 0.6434863805770874
469 0.5506535172462463
470 0.555047869682312
471 0.6431061625480652
472 0.625413179397583
473 0.6734562516212463
474 0.5405144691467285
475 0.5918248891830444
476 0.5833908319473267
477 0.5148688554763794
478 0.5300865769386292
479 0.6409351825714111
480 0.5126737356185913
481 0.5173018574714661
482 0.5176588892936707
483 0.5221974849700928
484 0.5346636772155762
485 0.5864894986152649
486 0.6288190484046936
487 0.5095149874687195
488 0.5810756683349609
489 0.5162914991378784
490 0.5944837927818298
491 0.575619637966156
492 0.5655147433280945
493 0.5462604761123657
494 0.5489964485168457
495 0.60475754737854
496 0.574266791343689
497 0.5397598743438721
498 0.569595217704773
499 0.5175583362579346
500 0.6047466993331909
501 0.5484883189201355
502 0.5463029146194458
503 0.5456629991531372
504 0.5715804696083069
505 0.5975379347801208
506 0.541772723197937
507 0.6265497207641602
508 0.5384120941162109
509 0.5335252285003662
510 0.6628422737121582
511 0.5492979288101196
512 0.6539121866226196
513 0.5535978078842163
514 0.5267984867095947
515 0.5613741278648376
516 0.6221333742141724
517 0.5721591114997864
518 0.5061399340629578
519 0.563377320766449
520 0.5008355379104614
521 0.6204859018325806
522 0.5272240042686462
523 0.6173585653305054
524 0.5304282307624817
525 0.534653902053833
526 0.5059579610824585
527 0.5951422452926636
528 0.5270395278930664
529 0.602372944355011
530 0.6531326174736023
531 0.5551183819770813
532 0.5384678840637207
533 0.566539466381073
534 0.5846421718597412
535 0.5990425944328308
536 0.5227020978927612
537 0.500363826751709
538 0.511048436164856
539 0.6531499028205872
540 0.5766236186027527
541 0.5546351671218872
542 0.5902076959609985
543 0.5567028522491455
544 0.5890874862670898
545 0.544792652130127
546 0.5434959530830383
547 0.5952054858207703
548 0.5351292490959167
549 0.5239841341972351
550 0.5225874781608582
551 0.5762068033218384
552 0.5318419337272644
553 0.5473232269287109
554 0.5988340973854065
555 0.5178801417350769
556 0.5009276270866394
557 0.5577499866485596
558 0.5078331232070923
559 0.5631404519081116
560 0.6315235495567322
561 0.6292374134063721
562 0.5485399961471558
563 0.5034627318382263
564 0.5691878795623779
565 0.5563399791717529
566 0.6532429456710815
567 0.5815324187278748
568 0.5581052899360657
569 0.5956634283065796
570 0.5566081404685974
571 0.5058741569519043
572 0.5166146159172058
573 0.6081252098083496
574 0.5423800945281982
575 0.536777675151825
576 0.5098156332969666
577 0.5531783103942871
578 0.5057446956634521
579 0.6471452116966248
580 0.6359268426895142
581 0.6071169972419739
582 0.5355271697044373
583 0.6370855569839478
584 0.5855596661567688
585 0.6203441619873047
586 0.5732085704803467
587 0.5708868503570557
588 0.5604171752929688
589 0.5393226146697998
590 0.6359220743179321
591 0.5233874917030334
592 0.5665034055709839
593 0.6583556532859802
594 0.6421430110931396
595 0.526548445224762
596 0.5764194130897522
597 0.6103079915046692
598 0.5757496356964111
599 0.6487159132957458
600 0.5724852681159973
601 0.5300793647766113
602 0.6743850111961365
603 0.5610029697418213
604 0.5552524328231812
605 0.5629305839538574
606 0.6040399670600891
607 0.6543810367584229
608 0.558003306388855
609 0.6487898230552673
610 0.5241620540618896
611 0.5154337882995605
612 0.5482907891273499
613 0.5735030770301819
614 0.6458520293235779
615 0.5710281729698181
616 0.6252537369728088
617 0.5488936305046082
618 0.5971277952194214
619 0.5019091963768005
620 0.5806601047515869
621 0.5267030000686646
622 0.6559591889381409
623 0.5334489345550537
624 0.5939841270446777
625 0.5338721871376038
626 0.6099976897239685
627 0.5678562521934509
628 0.67439866065979
629 0.6477738618850708
630 0.560097873210907
631 0.5735345482826233
632 0.5433695912361145
633 0.5517033338546753
634 0.5826026201248169
635 0.6302502155303955
636 0.5564699769020081
637 0.5369221568107605
638 0.5518870949745178
639 0.5307713747024536
640 0.5649181008338928
641 0.5202625393867493
642 0.5491731762886047
643 0.5690507292747498
644 0.5578777194023132
645 0.5477650165557861
646 0.5847427248954773
647 0.5226697325706482
648 0.5604291558265686
649 0.6186533570289612
650 0.5389022827148438
651 0.5315895080566406
652 0.5236924886703491
653 0.573319137096405
654 0.5267521739006042
655 0.5347806215286255
656 0.5190328359603882
657 0.5974482893943787
658 0.6010714769363403
659 0.6206352710723877
660 0.5072425603866577
661 0.5205854773521423
662 0.5189154148101807
663 0.5028428435325623
664 0.5683425664901733
665 0.5070733428001404
666 0.5701871514320374
667 0.5065650939941406
668 0.5438552498817444
669 0.5442498326301575
670 0.5414626598358154
671 0.5381305813789368
672 0.5677657723426819
673 0.5461655259132385
674 0.5359144806861877
675 0.5090581178665161
676 0.5627579092979431
677 0.5949724912643433
678 0.5840617418289185
679 0.5360417366027832
680 0.5524657368659973
681 0.5624001026153564
682 0.501069188117981
683 0.6139251589775085
684 0.5494341254234314
685 0.6216977834701538
686 0.5759363770484924
687 0.5833138227462769
688 0.6399222612380981
689 0.5129017233848572
690 0.5318653583526611
691 0.6573576331138611
692 0.6535472273826599
693 0.551210880279541
694 0.5794446468353271
695 0.5341830253601074
696 0.6328514218330383
697 0.5765517950057983
698 0.5287420749664307
699 0.5308361053466797
700 0.6107832193374634
701 0.6297345161437988
702 0.5447542667388916
703 0.5744272470474243
704 0.5380904674530029
705 0.5161433815956116
706 0.5852189660072327
707 0.6397056579589844
708 0.6520797610282898
709 0.5512018203735352
710 0.5244995951652527
711 0.5083047151565552
712 0.5388523936271667
713 0.5390812754631042
714 0.6503025889396667
715 0.5696258544921875
716 0.5644760727882385
717 0.5154260993003845
718 0.5945062637329102
719 0.5454695224761963
720 0.5762068033218384
721 0.5033953785896301
722 0.5752242803573608
723 0.6367136240005493
724 0.6034988164901733
725 0.6314547657966614
726 0.604004979133606
727 0.5125353336334229
728 0.5921467542648315
729 0.515728235244751
730 0.5610376596450806
731 0.5134010314941406
732 0.7100728750228882
733 0.6442975401878357
734 0.500846803188324
735 0.5013184547424316
736 0.5091086626052856
737 0.5344623327255249
738 0.5319294929504395
739 0.5954278111457825
740 0.5147569179534912
741 0.5025193691253662
742 0.5724064707756042
743 0.5848129987716675
744 0.5973178148269653
745 0.5227967500686646
746 0.5854532122612
747 0.5319004654884338
748 0.572559118270874
749 0.6182630658149719
750 0.6232181787490845
751 0.5586221218109131
752 0.5561585426330566
753 0.5284197330474854
754 0.5086894631385803
755 0.6057325005531311
756 0.5514403581619263
757 0.547798216342926
758 0.5435521006584167
759 0.5694283843040466
760 0.5709729790687561
761 0.5551648139953613
762 0.6122289299964905
763 0.5227847099304199
764 0.5131906867027283
765 0.6092236042022705
766 0.5711705684661865
767 0.6549501419067383
768 0.5460031628608704
769 0.5313135981559753
770 0.5426097512245178
771 0.5520344376564026
772 0.5108075141906738
773 0.518006443977356
774 0.5819939374923706
775 0.5654200315475464
776 0.557676374912262
777 0.5266715288162231
778 0.5510333180427551
779 0.5496380925178528
780 0.5672747492790222
781 0.5085607171058655
782 0.5429195761680603
783 0.5603981018066406
784 0.565223217010498
785 0.5641137957572937
786 0.5251142978668213
787 0.5269574522972107
788 0.5719271302223206
789 0.6396837830543518
790 0.6133537292480469
791 0.5123871564865112
792 0.664989173412323
793 0.5185827016830444
794 0.5202625393867493
795 0.5590607523918152
796 0.5576841831207275
797 0.6355575323104858
798 0.5647844076156616
799 0.5245687365531921
800 0.5548103451728821
801 0.5287696123123169
802 0.5669756531715393
803 0.583369791507721
804 0.625551700592041
805 0.6587071418762207
806 0.5197803974151611
807 0.5615411400794983
808 0.5859629511833191
809 0.6492631435394287
810 0.502334475517273
811 0.5616946220397949
812 0.5310943722724915
813 0.5592713952064514
814 0.5701020956039429
815 0.6307822465896606
816 0.6007168292999268
817 0.5882201194763184
818 0.5350394248962402
819 0.5249361395835876
820 0.5206676721572876
821 0.6547985076904297
822 0.6205458045005798
823 0.5997716784477234
824 0.5651071071624756
825 0.629278302192688
826 0.5236013531684875
827 0.5600090622901917
828 0.5768078565597534
829 0.5230022072792053
830 0.5376600027084351
831 0.5096437931060791
832 0.6296201944351196
833 0.5047556757926941
834 0.5885885953903198
835 0.5420128107070923
836 0.5471990704536438
837 0.5189520716667175
838 0.5039957761764526
839 0.544334352016449
840 0.5474680662155151
841 0.5251443982124329
842 0.6232432126998901
843 0.5166258215904236
844 0.5631142258644104
845 0.6140961050987244
846 0.5696396231651306
847 0.5111868977546692
848 0.5291997194290161
849 0.5645712018013
850 0.6624269485473633
851 0.6681722402572632
852 0.5711206793785095
853 0.6282899379730225
854 0.5820000767707825
855 0.5215975642204285
856 0.5009438991546631
857 0.5201705694198608
858 0.6439595222473145
859 0.5887676477432251
860 0.5840755105018616
861 0.5358474254608154
862 0.5934047698974609
863 0.533065140247345
864 0.6385499238967896
865 0.6333715915679932
866 0.5420589447021484
867 0.555717945098877
868 0.5299135446548462
869 0.6206213235855103
870 0.5802209973335266
871 0.5113051533699036
872 0.5856490731239319
873 0.6323789358139038
874 0.5234168171882629
875 0.5380904674530029
876 0.5489419102668762
877 0.5696506500244141
878 0.5105993151664734
879 0.5931165218353271
880 0.5379711389541626
881 0.5043988227844238
882 0.5312582850456238
883 0.5345160961151123
884 0.5949182510375977
885 0.569983184337616
886 0.6063222289085388
887 0.5158875584602356
888 0.6339679956436157
889 0.5511069893836975
890 0.5907979011535645
891 0.6008045077323914
892 0.555366575717926
893 0.6082020998001099
894 0.5148686766624451
895 0.6638000011444092
896 0.5468296408653259
897 0.5793111324310303
898 0.6379730701446533
899 0.6004349589347839
900 0.6122789978981018
901 0.6389540433883667
902 0.5849223136901855
903 0.5239337682723999
904 0.5168913006782532
905 0.5077657699584961
906 0.5145396590232849
907 0.6140518188476562
908 0.6285079717636108
909 0.5587418079376221
910 0.6633374691009521
911 0.5575204491615295
912 0.5520600080490112
913 0.6091352105140686
914 0.5251415371894836
915 0.5046314597129822
916 0.6532569527626038
917 0.5594717264175415
918 0.630904495716095
919 0.5530898571014404
920 0.5303835272789001
921 0.5426263809204102
922 0.5740180015563965
923 0.6234942674636841
924 0.5733989477157593
925 0.5808956027030945
926 0.5441761612892151
927 0.5361692309379578
928 0.6119124889373779
929 0.6666239500045776
930 0.5194118618965149
931 0.532033383846283
932 0.590674102306366
933 0.587415337562561
934 0.6044816374778748
935 0.6003074049949646
936 0.6506805419921875
937 0.6269788146018982
938 0.6391510963439941
939 0.6258989572525024
940 0.5583489537239075
941 0.6305516362190247
942 0.5706906914710999
943 0.6418254375457764
944 0.6345226764678955
945 0.5100575685501099
946 0.6251654624938965
947 0.5608632564544678
948 0.5352923274040222
949 0.5272426605224609
950 0.5184332132339478
951 0.618145227432251
952 0.647144079208374
953 0.5393323302268982
954 0.5663121938705444
955 0.5071654319763184
956 0.6149212718009949
957 0.626070499420166
958 0.5577125549316406
959 0.5174297094345093
960 0.5720784068107605
961 0.5156159400939941
962 0.5326492786407471
963 0.5360425710678101
964 0.509967029094696
965 0.5709369778633118
966 0.5638890266418457
967 0.5044786930084229
968 0.5895266532897949
969 0.5883537530899048
970 0.5174087882041931
971 0.586097776889801
972 0.5463236570358276
973 0.594626784324646
974 0.5678418278694153
975 0.616249680519104
976 0.5378947257995605
977 0.6002271771430969
978 0.6158564686775208
979 0.5991002917289734
980 0.5372467041015625
981 0.5049293637275696
982 0.5459933280944824
983 0.6113511919975281
984 0.5565462112426758
985 0.6448742747306824
986 0.6168355345726013
987 0.5954387784004211
988 0.6434637904167175
989 0.5055956840515137
990 0.5180985927581787
991 0.5016131401062012
992 0.5875496864318848
993 0.5204823017120361
994 0.533115565776825
995 0.6194133758544922
996 0.6752470135688782
997 0.51192706823349
998 0.5091785788536072
999 0.6467587947845459
1000 0.5907087922096252
1001 0.6309290528297424
1002 0.521507740020752
1003 0.5584242939949036
1004 0.5593015551567078
1005 0.5517542362213135
1006 0.5476512908935547
1007 0.5685884952545166
1008 0.583016574382782
1009 0.633097231388092
1010 0.5430113077163696
1011 0.6431695222854614
1012 0.6550580859184265
1013 0.624017059803009
1014 0.553834855556488
1015 0.5594490766525269
1016 0.6252394318580627
1017 0.5665437579154968
1018 0.5803559422492981
1019 0.5248326063156128
1020 0.5563275814056396
1021 0.5010414123535156
1022 0.6441620588302612
1023 0.6607098579406738
1024 0.5740256905555725
1025 0.5565565824508667
1026 0.6195332407951355
1027 0.5738088488578796
1028 0.5752242803573608
1029 0.5325192809104919
1030 0.5727233290672302
1031 0.509579062461853
1032 0.5049503445625305
1033 0.5604113340377808
1034 0.5072231292724609
1035 0.5696396231651306
1036 0.6008928418159485
1037 0.5033144950866699
1038 0.6062886118888855
1039 0.5357669591903687
1040 0.5939385890960693
1041 0.5207125544548035
1042 0.5088376402854919
1043 0.544837474822998
1044 0.5817157030105591
1045 0.5755857825279236
1046 0.5638413429260254
1047 0.570384681224823
1048 0.6331911683082581
1049 0.6153565645217896
1050 0.5497815012931824
1051 0.5269224047660828
1052 0.5884672403335571
1053 0.5723291039466858
1054 0.5269014835357666
1055 0.6289668679237366
1056 0.5614585876464844
1057 0.5114638209342957
1058 0.5565133690834045
1059 0.6553575396537781
1060 0.5333614349365234
1061 0.6971976161003113
1062 0.533341109752655
1063 0.6211751699447632
1064 0.6490017175674438
1065 0.6465005278587341
1066 0.5120527148246765
1067 0.5241070985794067
1068 0.5068151354789734
1069 0.5399739146232605
1070 0.5224851369857788
1071 0.5727654099464417
1072 0.6117758750915527
1073 0.6565749645233154
1074 0.5551680326461792
1075 0.6692244410514832
1076 0.54904705286026
1077 0.5019997954368591
1078 0.5445980429649353
1079 0.5611289739608765
1080 0.607079029083252
1081 0.5509277582168579
1082 0.5972704291343689
1083 0.5352514982223511
1084 0.5381081104278564
