0 1.0
1 0.5
2 0.3333333333333333
3 0.25
4 0.2
5 0.3333333333333333
6 0.2857142857142857
7 0.25
8 0.3333333333333333
9 0.4
10 0.45454545454545453
11 0.5
12 0.5384615384615384
13 0.5
14 0.5333333333333333
15 0.5
16 0.47058823529411764
17 0.5
18 0.5263157894736842
19 0.5
20 0.5238095238095238
21 0.5454545454545454
22 0.5217391304347826
23 0.5
24 0.48
25 0.46153846153846156
26 0.4444444444444444
27 0.42857142857142855
28 0.41379310344827586
29 0.4
30 0.3870967741935484
31 0.375
32 0.3939393939393939
33 0.4117647058823529
34 0.42857142857142855
35 0.4166666666666667
36 0.40540540540540543
37 0.39473684210526316
38 0.38461538461538464
39 0.4
40 0.4146341463414634
41 0.40476190476190477
42 0.4186046511627907
43 0.4090909090909091
44 0.4
45 0.391304347826087
46 0.40425531914893614
47 0.3958333333333333
48 0.3877551020408163
49 0.4
50 0.4117647058823529
51 0.40384615384615385
52 0.41509433962264153
53 0.4074074074074074
54 0.41818181818181815
55 0.42857142857142855
56 0.43859649122807015
57 0.43103448275862066
58 0.4406779661016949
59 0.45
60 0.4426229508196721
61 0.43548387096774194
62 0.4444444444444444
63 0.4375
64 0.4307692307692308
65 0.42424242424242425
66 0.43283582089552236
67 0.4411764705882353
68 0.43478260869565216
69 0.44285714285714284
70 0.4507042253521127
71 0.4444444444444444
72 0.4520547945205479
73 0.4594594594594595
74 0.4533333333333333
75 0.4605263157894737
76 0.4675324675324675
77 0.47435897435897434
78 0.4810126582278481
79 0.4875
80 0.49382716049382713
81 0.5
82 0.4939759036144578
83 0.4880952380952381
84 0.49411764705882355
85 0.5
86 0.5057471264367817
87 0.5
88 0.5056179775280899
89 0.5111111111111111
90 0.5164835164835165
91 0.5108695652173914
92 0.5161290322580645
93 0.5212765957446809
94 0.5263157894736842
95 0.5208333333333334
96 0.5257731958762887
97 0.5306122448979592
98 0.5353535353535354
99 0.54
100 0.5346534653465347
101 0.5294117647058824
102 0.5242718446601942
103 0.5288461538461539
104 0.5333333333333333
105 0.5283018867924528
106 0.5327102803738317
107 0.5370370370370371
108 0.5412844036697247
109 0.5363636363636364
110 0.5405405405405406
111 0.5446428571428571
112 0.5398230088495575
113 0.5350877192982456
114 0.5391304347826087
115 0.5344827586206896
116 0.5384615384615384
117 0.5338983050847458
118 0.5294117647058824
119 0.5333333333333333
120 0.5371900826446281
121 0.5327868852459017
122 0.5365853658536586
123 0.5403225806451613
124 0.544
125 0.5476190476190477
126 0.5511811023622047
127 0.5546875
128 0.5581395348837209
129 0.5615384615384615
130 0.5648854961832062
131 0.5681818181818182
132 0.5639097744360902
133 0.5671641791044776
134 0.5703703703703704
135 0.5735294117647058
136 0.5693430656934306
137 0.572463768115942
138 0.5755395683453237
139 0.5714285714285714
140 0.574468085106383
141 0.5704225352112676
142 0.5734265734265734
143 0.5763888888888888
144 0.5793103448275863
145 0.5821917808219178
146 0.5782312925170068
147 0.5743243243243243
148 0.5771812080536913
149 0.58
150 0.5761589403973509
151 0.5789473684210527
152 0.5751633986928104
153 0.577922077922078
154 0.5741935483870968
155 0.5769230769230769
156 0.5796178343949044
157 0.5759493670886076
158 0.5786163522012578
159 0.58125
160 0.577639751552795
161 0.5802469135802469
162 0.5828220858895705
163 0.5853658536585366
164 0.5818181818181818
165 0.5783132530120482
166 0.5808383233532934
167 0.5773809523809523
168 0.5798816568047337
169 0.5823529411764706
170 0.5847953216374269
171 0.5813953488372093
172 0.5838150289017341
173 0.5804597701149425
174 0.5771428571428572
175 0.5795454545454546
176 0.576271186440678
177 0.5786516853932584
178 0.5754189944134078
179 0.5722222222222222
180 0.574585635359116
181 0.5714285714285714
182 0.5737704918032787
183 0.5706521739130435
184 0.572972972972973
185 0.5752688172043011
186 0.5721925133689839
187 0.574468085106383
188 0.5767195767195767
189 0.5736842105263158
190 0.5706806282722513
191 0.5729166666666666
192 0.5751295336787565
193 0.5721649484536082
194 0.5743589743589743
195 0.5714285714285714
196 0.5685279187817259
197 0.5707070707070707
198 0.5728643216080402
199 0.575
200 0.572139303482587
201 0.5742574257425742
202 0.5714285714285714
203 0.5735294117647058
204 0.5756097560975609
205 0.5776699029126213
206 0.5797101449275363
207 0.5817307692307693
208 0.583732057416268
209 0.580952380952381
210 0.5829383886255924
211 0.5849056603773585
212 0.5821596244131455
213 0.5794392523364486
214 0.5813953488372093
215 0.5787037037037037
216 0.5806451612903226
217 0.5779816513761468
218 0.5799086757990868
219 0.5818181818181818
220 0.583710407239819
221 0.5855855855855856
222 0.5874439461883408
223 0.5892857142857143
224 0.5866666666666667
225 0.584070796460177
226 0.5859030837004405
227 0.5877192982456141
228 0.5851528384279476
229 0.5869565217391305
230 0.5844155844155844
231 0.5862068965517241
232 0.5836909871244635
233 0.5811965811965812
234 0.5787234042553191
235 0.5805084745762712
236 0.5822784810126582
237 0.5840336134453782
238 0.5815899581589958
239 0.5833333333333334
240 0.5850622406639004
241 0.5867768595041323
242 0.5843621399176955
243 0.5819672131147541
244 0.5836734693877551
245 0.5853658536585366
246 0.5870445344129555
247 0.5846774193548387
248 0.5823293172690763
249 0.58
250 0.5816733067729084
251 0.5833333333333334
252 0.5849802371541502
253 0.5866141732283464
254 0.5882352941176471
255 0.5859375
256 0.5875486381322957
257 0.5852713178294574
258 0.5868725868725869
259 0.5846153846153846
260 0.5823754789272031
261 0.5801526717557252
262 0.5817490494296578
263 0.5833333333333334
264 0.5849056603773585
265 0.5864661654135338
266 0.5880149812734082
267 0.5895522388059702
268 0.5910780669144982
269 0.5925925925925926
270 0.5940959409594095
271 0.5955882352941176
272 0.5934065934065934
273 0.5948905109489051
274 0.5963636363636363
275 0.5942028985507246
276 0.5956678700361011
277 0.5971223021582733
278 0.5949820788530465
279 0.5964285714285714
280 0.597864768683274
281 0.599290780141844
282 0.6007067137809188
283 0.602112676056338
284 0.6
285 0.6013986013986014
286 0.5993031358885017
287 0.6006944444444444
288 0.6020761245674741
289 0.6
290 0.5979381443298969
291 0.5993150684931506
292 0.5972696245733788
293 0.5986394557823129
294 0.5966101694915255
295 0.597972972972973
296 0.5959595959595959
297 0.5973154362416108
298 0.5986622073578596
299 0.5966666666666667
300 0.5980066445182725
301 0.5960264900662252
302 0.5973597359735974
303 0.5986842105263158
304 0.6
305 0.5980392156862745
306 0.5960912052117264
307 0.5974025974025974
308 0.598705501618123
309 0.6
310 0.6012861736334405
311 0.6025641025641025
312 0.6038338658146964
313 0.6019108280254777
314 0.6
315 0.6012658227848101
316 0.6025236593059937
317 0.60062893081761
318 0.6018808777429467
319 0.603125
320 0.6043613707165109
321 0.6055900621118012
322 0.6037151702786377
323 0.6018518518518519
324 0.6
325 0.598159509202454
326 0.599388379204893
327 0.5975609756097561
328 0.5987841945288754
329 0.6
330 0.5981873111782477
331 0.5993975903614458
332 0.6006006006006006
333 0.5988023952095808
334 0.6
335 0.6011904761904762
336 0.6023738872403561
337 0.6035502958579881
338 0.6017699115044248
339 0.6029411764705882
340 0.6041055718475073
341 0.6023391812865497
342 0.6005830903790087
343 0.6017441860465116
344 0.6028985507246377
345 0.6011560693641619
346 0.5994236311239193
347 0.6005747126436781
348 0.5988538681948424
349 0.6
350 0.5982905982905983
351 0.5965909090909091
352 0.5977337110481586
353 0.5988700564971752
354 0.6
355 0.598314606741573
356 0.5994397759103641
357 0.6005586592178771
358 0.6016713091922006
359 0.6027777777777777
360 0.6038781163434903
361 0.6022099447513812
362 0.6005509641873278
363 0.6016483516483516
364 0.6
365 0.5983606557377049
366 0.5994550408719346
367 0.5978260869565217
368 0.5962059620596206
369 0.5972972972972973
370 0.5983827493261455
371 0.5994623655913979
372 0.5978552278820375
373 0.5989304812834224
374 0.6
375 0.598404255319149
376 0.5994694960212201
377 0.6005291005291006
378 0.6015831134564644
379 0.6026315789473684
380 0.6010498687664042
381 0.599476439790576
382 0.6005221932114883
383 0.6015625
384 0.6025974025974026
385 0.6036269430051814
386 0.6046511627906976
387 0.6056701030927835
388 0.6066838046272494
389 0.6051282051282051
390 0.6035805626598465
391 0.6045918367346939
392 0.6055979643765903
393 0.6040609137055838
394 0.6050632911392405
395 0.6060606060606061
396 0.6070528967254408
397 0.6080402010050251
398 0.6090225563909775
399 0.6075
400 0.6084788029925187
401 0.6094527363184079
402 0.6104218362282878
403 0.6113861386138614
404 0.6123456790123457
405 0.6133004926108374
406 0.6142506142506142
407 0.6151960784313726
408 0.6161369193154034
409 0.6146341463414634
410 0.6131386861313869
411 0.6140776699029126
412 0.6150121065375302
413 0.6135265700483091
414 0.6120481927710844
415 0.6105769230769231
416 0.6115107913669064
417 0.6100478468899522
418 0.6109785202863962
419 0.611904761904762
420 0.6128266033254157
421 0.6137440758293838
422 0.6122931442080378
423 0.6132075471698113
424 0.611764705882353
425 0.6126760563380281
426 0.6135831381733021
427 0.6144859813084113
428 0.6130536130536131
429 0.6116279069767442
430 0.6125290023201856
431 0.6134259259259259
432 0.6143187066974596
433 0.6129032258064516
434 0.6114942528735632
435 0.6123853211009175
436 0.6132723112128147
437 0.6141552511415526
438 0.6150341685649203
439 0.615909090909091
440 0.6167800453514739
441 0.6176470588235294
442 0.618510158013544
443 0.6171171171171171
444 0.6179775280898876
445 0.6188340807174888
446 0.6196868008948546
447 0.6205357142857143
448 0.6191536748329621
449 0.6177777777777778
450 0.6186252771618626
451 0.6194690265486725
452 0.6181015452538632
453 0.6189427312775331
454 0.6197802197802198
455 0.618421052631579
456 0.6170678336980306
457 0.6179039301310044
458 0.6187363834422658
459 0.6195652173913043
460 0.6203904555314533
461 0.6212121212121212
462 0.6220302375809935
463 0.6206896551724138
464 0.6193548387096774
465 0.6201716738197425
466 0.6188436830835118
467 0.6175213675213675
468 0.6183368869936035
469 0.6170212765957447
470 0.6178343949044586
471 0.6186440677966102
472 0.6194503171247357
473 0.620253164556962
474 0.6210526315789474
475 0.6218487394957983
476 0.6226415094339622
477 0.6234309623430963
478 0.6221294363256785
479 0.6229166666666667
480 0.6216216216216216
481 0.6224066390041494
482 0.6211180124223602
483 0.6198347107438017
484 0.6185567010309279
485 0.6193415637860082
486 0.6201232032854209
487 0.6188524590163934
488 0.6196319018404908
489 0.6204081632653061
490 0.6191446028513238
491 0.6178861788617886
492 0.6186612576064908
493 0.6194331983805668
494 0.6202020202020202
495 0.6209677419354839
496 0.6217303822937625
497 0.6204819277108434
498 0.6192384769539078
499 0.62
500 0.6207584830339321
501 0.6215139442231076
502 0.6202783300198808
503 0.621031746031746
504 0.6198019801980198
505 0.6205533596837944
506 0.6193293885601578
507 0.6181102362204725
508 0.618860510805501
509 0.6176470588235294
510 0.6183953033268101
511 0.619140625
512 0.6198830409356725
513 0.6206225680933852
514 0.6194174757281553
515 0.6201550387596899
516 0.6189555125725339
517 0.6196911196911197
518 0.6184971098265896
519 0.6173076923076923
520 0.6161228406909789
521 0.6149425287356322
522 0.615678776290631
523 0.6145038167938931
524 0.6133333333333333
525 0.6140684410646388
526 0.6129032258064516
527 0.6136363636363636
528 0.6124763705103969
529 0.6132075471698113
530 0.6139359698681732
531 0.6127819548872181
532 0.6135084427767354
533 0.6142322097378277
534 0.6149532710280374
535 0.6156716417910447
536 0.6163873370577281
537 0.6152416356877324
538 0.6159554730983302
539 0.6166666666666667
540 0.6173752310536045
541 0.6180811808118081
542 0.6187845303867403
543 0.6194852941176471
544 0.6201834862385321
545 0.6208791208791209
546 0.6197440585009141
547 0.6204379562043796
548 0.6211293260473588
549 0.62
550 0.6206896551724138
551 0.6195652173913043
552 0.620253164556962
553 0.6209386281588448
554 0.6216216216216216
555 0.6205035971223022
556 0.6211849192100538
557 0.6200716845878136
558 0.6189624329159212
559 0.6178571428571429
560 0.6185383244206774
561 0.6192170818505338
562 0.6181172291296625
563 0.6170212765957447
564 0.6159292035398231
565 0.6148409893992933
566 0.6155202821869489
567 0.6144366197183099
568 0.6151142355008787
569 0.6157894736842106
570 0.6164623467600701
571 0.6171328671328671
572 0.6178010471204188
573 0.6184668989547039
574 0.6173913043478261
575 0.6180555555555556
576 0.6169844020797227
577 0.615916955017301
578 0.614853195164076
579 0.6137931034482759
580 0.612736660929432
581 0.6134020618556701
582 0.614065180102916
583 0.6147260273972602
584 0.6153846153846154
585 0.6160409556313993
586 0.6149914821124361
587 0.6139455782312925
588 0.6146010186757216
589 0.6135593220338983
590 0.6142131979695431
591 0.6131756756756757
592 0.6138279932546374
593 0.6144781144781145
594 0.6134453781512605
595 0.6124161073825504
596 0.6130653266331658
597 0.6137123745819398
598 0.6143572621035058
599 0.615
600 0.6156405990016639
601 0.6162790697674418
602 0.6169154228855721
603 0.6158940397350994
604 0.6148760330578512
605 0.6138613861386139
606 0.6144975288303131
607 0.6151315789473685
608 0.6157635467980296
609 0.6147540983606558
610 0.613747954173486
611 0.6127450980392157
612 0.6133768352365416
613 0.6140065146579805
614 0.6146341463414634
615 0.6152597402597403
616 0.6158833063209076
617 0.616504854368932
618 0.617124394184168
619 0.6161290322580645
620 0.6167471819645732
621 0.6157556270096463
622 0.6163723916532905
623 0.6153846153846154
624 0.616
625 0.6150159744408946
626 0.6156299840510366
627 0.6146496815286624
628 0.615262321144674
629 0.6142857142857143
630 0.6133122028526149
631 0.6139240506329114
632 0.6145339652448657
633 0.6151419558359621
634 0.6157480314960629
635 0.6163522012578616
636 0.6169544740973313
637 0.6175548589341693
638 0.6181533646322379
639 0.6171875
640 0.6162246489859594
641 0.6152647975077882
642 0.614307931570762
643 0.6133540372670807
644 0.6139534883720931
645 0.6145510835913313
646 0.615146831530139
647 0.6141975308641975
648 0.6147919876733436
649 0.6153846153846154
650 0.6144393241167435
651 0.6150306748466258
652 0.6156202143950995
653 0.6146788990825688
654 0.6152671755725191
655 0.614329268292683
656 0.6149162861491628
657 0.6155015197568389
658 0.6160849772382397
659 0.6166666666666667
660 0.6157337367624811
661 0.6148036253776435
662 0.6138763197586727
663 0.6144578313253012
664 0.6150375939849624
665 0.6156156156156156
666 0.616191904047976
667 0.6152694610778443
668 0.6158445440956651
669 0.6164179104477612
670 0.6154992548435171
671 0.6145833333333334
672 0.6151560178306092
673 0.615727002967359
674 0.6148148148148148
675 0.613905325443787
676 0.6144756277695717
677 0.6150442477876106
678 0.614138438880707
679 0.6132352941176471
680 0.6123348017621145
681 0.6114369501466276
682 0.6120058565153733
683 0.6125730994152047
684 0.6131386861313869
685 0.6122448979591837
686 0.611353711790393
687 0.6119186046511628
688 0.6110304789550073
689 0.6101449275362318
690 0.6092619392185239
691 0.6083815028901735
692 0.6089466089466089
693 0.6095100864553314
694 0.6100719424460431
695 0.610632183908046
696 0.6111908177905309
697 0.6117478510028653
698 0.6123032904148784
699 0.6114285714285714
700 0.6119828815977175
701 0.6125356125356125
702 0.6116642958748222
703 0.6122159090909091
704 0.6127659574468085
705 0.6118980169971672
706 0.6124469589816125
707 0.6129943502824858
708 0.613540197461213
709 0.6126760563380281
710 0.6118143459915611
711 0.6109550561797753
712 0.6115007012622721
713 0.6106442577030813
714 0.6111888111888112
715 0.611731843575419
716 0.6122733612273361
717 0.6114206128133705
718 0.6119610570236439
719 0.6125
720 0.6130374479889042
721 0.6121883656509696
722 0.6113416320885201
723 0.611878453038674
724 0.6124137931034482
725 0.6129476584022039
726 0.6134800550206327
727 0.6126373626373627
728 0.6117969821673526
729 0.6109589041095891
730 0.6114911080711354
731 0.6120218579234973
732 0.6125511596180082
733 0.611716621253406
734 0.6122448979591837
735 0.6127717391304348
736 0.6132971506105834
737 0.6124661246612466
738 0.6116373477672531
739 0.6121621621621621
740 0.6126855600539811
741 0.6118598382749326
742 0.6110363391655451
743 0.6115591397849462
744 0.6120805369127517
745 0.6126005361930295
746 0.6131191432396251
747 0.6122994652406417
748 0.6128170894526035
749 0.6133333333333333
750 0.6138482023968043
751 0.6143617021276596
752 0.6148738379814077
753 0.6140583554376657
754 0.614569536423841
755 0.6150793650793651
756 0.6142668428005285
757 0.6147757255936676
758 0.613965744400527
759 0.6144736842105263
760 0.6136662286465178
761 0.6128608923884514
762 0.6120576671035387
763 0.6112565445026178
764 0.611764705882353
765 0.6109660574412533
766 0.6101694915254238
767 0.6106770833333334
768 0.6098829648894668
769 0.6103896103896104
770 0.6108949416342413
771 0.6113989637305699
772 0.6119016817593791
773 0.6111111111111112
774 0.6116129032258064
775 0.6108247422680413
776 0.61003861003861
777 0.609254498714653
778 0.6084724005134788
779 0.6076923076923076
780 0.6081946222791293
781 0.6074168797953964
782 0.6066411238825032
783 0.6071428571428571
784 0.6063694267515923
785 0.6068702290076335
786 0.6060991105463787
787 0.6065989847715736
788 0.6070975918884665
789 0.6063291139240506
790 0.606826801517067
791 0.6060606060606061
792 0.6065573770491803
793 0.6070528967254408
794 0.6062893081761006
795 0.6055276381909548
796 0.6060225846925973
797 0.606516290726817
798 0.6070087609511889
799 0.6075
800 0.6079900124843945
801 0.6072319201995012
802 0.6064757160647571
803 0.6069651741293532
804 0.6074534161490683
805 0.607940446650124
806 0.6071871127633209
807 0.6076732673267327
808 0.6069221260815822
809 0.6074074074074074
810 0.6078914919852034
811 0.6083743842364532
812 0.6076260762607626
813 0.6081081081081081
814 0.6085889570552148
815 0.6078431372549019
816 0.6083231334149327
817 0.60880195599022
818 0.6092796092796092
819 0.6097560975609756
820 0.610231425091352
821 0.610705596107056
822 0.6111786148238153
823 0.6116504854368932
824 0.6121212121212121
825 0.6113801452784504
826 0.6106408706166868
827 0.6111111111111112
828 0.6103739445114595
829 0.6096385542168675
830 0.6101083032490975
831 0.6105769230769231
832 0.6110444177671068
833 0.6103117505995204
834 0.6107784431137725
835 0.6100478468899522
836 0.6093189964157706
837 0.6097852028639618
838 0.6090584028605482
839 0.6083333333333333
840 0.6076099881093936
841 0.6068883610451307
842 0.6073546856465006
843 0.6078199052132701
844 0.6082840236686391
845 0.607565011820331
846 0.6080283353010626
847 0.6084905660377359
848 0.607773851590106
849 0.6070588235294118
850 0.6075205640423031
851 0.607981220657277
852 0.608440797186401
853 0.6088992974238876
854 0.6093567251461989
855 0.6098130841121495
856 0.6091015169194866
857 0.6095571095571095
858 0.610011641443539
859 0.6104651162790697
860 0.610917537746806
861 0.6102088167053364
862 0.6095017381228274
863 0.6087962962962963
864 0.6092485549132948
865 0.6096997690531177
866 0.6089965397923875
867 0.6082949308755761
868 0.6075949367088608
869 0.6068965517241379
870 0.6061997703788748
871 0.6055045871559633
872 0.6059564719358533
873 0.6052631578947368
874 0.6045714285714285
875 0.6038812785388128
876 0.6043329532497149
877 0.6047835990888383
878 0.6052332195676906
879 0.6056818181818182
880 0.6061293984108967
881 0.6054421768707483
882 0.6047565118912798
883 0.6040723981900452
884 0.6045197740112994
885 0.6049661399548533
886 0.6054114994363021
887 0.6047297297297297
888 0.6040494938132733
889 0.6033707865168539
890 0.6026936026936027
891 0.6031390134529148
892 0.6035834266517357
893 0.6040268456375839
894 0.6044692737430167
895 0.6037946428571429
896 0.6042363433667781
897 0.6046770601336303
898 0.6051167964404894
899 0.6055555555555555
900 0.6059933407325194
901 0.6053215077605322
902 0.6057585825027686
903 0.6050884955752213
904 0.6044198895027625
905 0.6048565121412803
906 0.6052921719955898
907 0.6046255506607929
908 0.605060506050605
909 0.6043956043956044
910 0.6048298572996706
911 0.6052631578947368
912 0.6046002190580504
913 0.6050328227571116
914 0.6043715846994535
915 0.6048034934497817
916 0.6052344601962922
917 0.6056644880174292
918 0.6060935799782372
919 0.6054347826086957
920 0.6047774158523345
921 0.6052060737527115
922 0.6056338028169014
923 0.6060606060606061
924 0.6064864864864865
925 0.6069114470842333
926 0.6073354908306364
927 0.6077586206896551
928 0.6081808396124866
929 0.6086021505376344
930 0.6079484425349087
931 0.6072961373390557
932 0.6077170418006431
933 0.607066381156317
934 0.6064171122994653
935 0.6057692307692307
936 0.6061899679829242
937 0.6066098081023454
938 0.6070287539936102
939 0.6074468085106383
940 0.6068012752391073
941 0.6072186836518046
942 0.6065747613997879
943 0.6069915254237288
944 0.6074074074074074
945 0.6067653276955602
946 0.6061246040126715
947 0.6065400843881856
948 0.60695468914647
949 0.6073684210526316
950 0.6077812828601472
951 0.6071428571428571
952 0.6075550891920252
953 0.6069182389937107
954 0.606282722513089
955 0.606694560669456
956 0.6071055381400209
957 0.6075156576200418
958 0.607924921793535
959 0.6072916666666667
960 0.6077003121748179
961 0.6081081081081081
962 0.608515057113188
963 0.6078838174273858
964 0.6082901554404145
965 0.6076604554865425
966 0.6080661840744571
967 0.6084710743801653
968 0.6078431372549019
969 0.6082474226804123
970 0.6086508753861998
971 0.6090534979423868
972 0.6084275436793423
973 0.6078028747433265
974 0.6082051282051282
975 0.6086065573770492
976 0.6079836233367452
977 0.6083844580777096
978 0.6087844739530133
979 0.6091836734693877
980 0.6085626911314985
981 0.6089613034623218
982 0.6093591047812817
983 0.6097560975609756
984 0.6101522842639594
985 0.6095334685598377
986 0.6099290780141844
987 0.6103238866396761
988 0.6107178968655207
989 0.6111111111111112
990 0.6104944500504541
991 0.6098790322580645
992 0.6102719033232629
993 0.6106639839034205
994 0.6110552763819096
995 0.6104417670682731
996 0.6108324974924775
997 0.6102204408817635
998 0.6096096096096096
999 0.61
1000 0.6093906093906094
1001 0.6087824351297405
1002 0.6081754735792622
1003 0.6085657370517928
1004 0.608955223880597
1005 0.6083499005964215
1006 0.608738828202582
1007 0.6091269841269841
1008 0.6085232903865213
1009 0.6089108910891089
1010 0.609297725024728
1011 0.6096837944664032
1012 0.6100691016781836
1013 0.6094674556213018
1014 0.6088669950738916
1015 0.609251968503937
1016 0.6086529006882989
1017 0.6090373280943026
1018 0.6094210009813543
1019 0.6088235294117647
1020 0.6092066601371204
1021 0.6095890410958904
1022 0.6089931573802542
1023 0.609375
1024 0.6097560975609756
1025 0.6091617933723197
1026 0.6095423563777994
1027 0.6099221789883269
1028 0.6103012633624878
1029 0.6106796116504855
1030 0.6110572259941804
1031 0.6114341085271318
1032 0.611810261374637
1033 0.6112185686653772
1034 0.6115942028985507
1035 0.611003861003861
1036 0.6104146576663452
1037 0.6107899807321773
1038 0.6111645813282002
1039 0.6105769230769231
1040 0.6109510086455331
1041 0.6103646833013435
1042 0.610738255033557
1043 0.6101532567049809
1044 0.6095693779904306
1045 0.609942638623327
1046 0.609360076408787
1047 0.6097328244274809
1048 0.6101048617731173
1049 0.6104761904761905
1050 0.6108468125594672
1051 0.6112167300380228
1052 0.6115859449192782
1053 0.611954459203036
1054 0.6113744075829384
1055 0.6117424242424242
1056 0.6111636707663197
1057 0.610586011342155
1058 0.6100094428706326
1059 0.6103773584905661
1060 0.6107445805843544
1061 0.6111111111111112
1062 0.6105362182502352
1063 0.6109022556390977
1064 0.6103286384976526
1065 0.6106941838649156
1066 0.6110590440487348
1067 0.6114232209737828
1068 0.6108512628624883
1069 0.6102803738317757
1070 0.6097105508870215
1071 0.6100746268656716
1072 0.6104380242311277
1073 0.6098696461824954
1074 0.6093023255813953
1075 0.6087360594795539
1076 0.6090993500464252
1077 0.608534322820037
1078 0.6088971269694161
1079 0.6092592592592593
1080 0.6096207215541165
1081 0.609981515711645
1082 0.6103416435826408
1083 0.6097785977859779
1084 0.6101382488479262
