0 0.0
1 0.0
2 0.3333333333333333
3 0.5
4 0.6
5 0.5
6 0.42857142857142855
7 0.375
8 0.4444444444444444
9 0.4
10 0.36363636363636365
11 0.4166666666666667
12 0.46153846153846156
13 0.42857142857142855
14 0.4666666666666667
15 0.5
16 0.5294117647058824
17 0.5
18 0.5263157894736842
19 0.5
20 0.5238095238095238
21 0.5454545454545454
22 0.5652173913043478
23 0.5416666666666666
24 0.52
25 0.5384615384615384
26 0.5555555555555556
27 0.5357142857142857
28 0.5517241379310345
29 0.5666666666666667
30 0.5806451612903226
31 0.59375
32 0.6060606060606061
33 0.5882352941176471
34 0.6
35 0.6111111111111112
36 0.5945945945945946
37 0.5789473684210527
38 0.5641025641025641
39 0.55
40 0.5609756097560976
41 0.5714285714285714
42 0.5581395348837209
43 0.5681818181818182
44 0.5777777777777777
45 0.5869565217391305
46 0.574468085106383
47 0.5625
48 0.5714285714285714
49 0.58
50 0.5882352941176471
51 0.5769230769230769
52 0.5660377358490566
53 0.5740740740740741
54 0.5818181818181818
55 0.5892857142857143
56 0.5964912280701754
57 0.603448275862069
58 0.6101694915254238
59 0.6166666666666667
60 0.6065573770491803
61 0.6129032258064516
62 0.6031746031746031
63 0.609375
64 0.6153846153846154
65 0.6212121212121212
66 0.6268656716417911
67 0.6323529411764706
68 0.6231884057971014
69 0.6285714285714286
70 0.6197183098591549
71 0.625
72 0.6164383561643836
73 0.6081081081081081
74 0.6133333333333333
75 0.6052631578947368
76 0.5974025974025974
77 0.6025641025641025
78 0.5949367088607594
79 0.6
80 0.5925925925925926
81 0.5975609756097561
82 0.6024096385542169
83 0.6071428571428571
84 0.611764705882353
85 0.6162790697674418
86 0.6206896551724138
87 0.625
88 0.6292134831460674
89 0.6222222222222222
90 0.6263736263736264
91 0.6304347826086957
92 0.6236559139784946
93 0.6276595744680851
94 0.6210526315789474
95 0.625
96 0.6185567010309279
97 0.6122448979591837
98 0.6161616161616161
99 0.62
100 0.6237623762376238
101 0.6176470588235294
102 0.6116504854368932
103 0.6057692307692307
104 0.6095238095238096
105 0.6037735849056604
106 0.6074766355140186
107 0.6111111111111112
108 0.6146788990825688
109 0.6090909090909091
110 0.6126126126126126
111 0.6160714285714286
112 0.6106194690265486
113 0.6052631578947368
114 0.6
115 0.5948275862068966
116 0.5982905982905983
117 0.5932203389830508
118 0.5966386554621849
119 0.5916666666666667
120 0.5867768595041323
121 0.5901639344262295
122 0.5934959349593496
123 0.5967741935483871
124 0.6
125 0.6031746031746031
126 0.5984251968503937
127 0.6015625
128 0.5968992248062015
129 0.6
130 0.6030534351145038
131 0.6060606060606061
132 0.6015037593984962
133 0.6044776119402985
134 0.6074074074074074
135 0.6102941176470589
136 0.6058394160583942
137 0.6086956521739131
138 0.6115107913669064
139 0.6071428571428571
140 0.6099290780141844
141 0.6056338028169014
142 0.6013986013986014
143 0.6041666666666666
144 0.6068965517241379
145 0.6095890410958904
146 0.6122448979591837
147 0.6148648648648649
148 0.610738255033557
149 0.6133333333333333
150 0.6158940397350994
151 0.618421052631579
152 0.6209150326797386
153 0.6168831168831169
154 0.6129032258064516
155 0.6153846153846154
156 0.6178343949044586
157 0.620253164556962
158 0.6163522012578616
159 0.61875
160 0.6211180124223602
161 0.6172839506172839
162 0.6196319018404908
163 0.6219512195121951
164 0.6242424242424243
165 0.6204819277108434
166 0.6227544910179641
167 0.625
168 0.6272189349112426
169 0.6235294117647059
170 0.6257309941520468
171 0.622093023255814
172 0.6242774566473989
173 0.6206896551724138
174 0.6171428571428571
175 0.6193181818181818
176 0.615819209039548
177 0.6179775280898876
178 0.6145251396648045
179 0.6166666666666667
180 0.6187845303867403
181 0.6208791208791209
182 0.6229508196721312
183 0.625
184 0.6270270270270271
185 0.6290322580645161
186 0.6256684491978609
187 0.6276595744680851
188 0.6296296296296297
189 0.6263157894736842
190 0.6282722513089005
191 0.625
192 0.6217616580310881
193 0.6185567010309279
194 0.6205128205128205
195 0.6224489795918368
196 0.6192893401015228
197 0.6212121212121212
198 0.6180904522613065
199 0.62
200 0.6169154228855721
201 0.6138613861386139
202 0.6157635467980296
203 0.6127450980392157
204 0.6146341463414634
205 0.616504854368932
206 0.6183574879227053
207 0.6201923076923077
208 0.6220095693779905
209 0.6238095238095238
210 0.6208530805687204
211 0.6179245283018868
212 0.6150234741784038
213 0.6121495327102804
214 0.6093023255813953
215 0.6064814814814815
216 0.6082949308755761
217 0.6100917431192661
218 0.6073059360730594
219 0.6090909090909091
220 0.6108597285067874
221 0.6126126126126126
222 0.6143497757847534
223 0.6116071428571429
224 0.6088888888888889
225 0.6106194690265486
226 0.6123348017621145
227 0.6140350877192983
228 0.6157205240174672
229 0.6130434782608696
230 0.6147186147186147
231 0.6120689655172413
232 0.6137339055793991
233 0.6153846153846154
234 0.6170212765957447
235 0.6186440677966102
236 0.620253164556962
237 0.6218487394957983
238 0.6234309623430963
239 0.625
240 0.6265560165975104
241 0.628099173553719
242 0.6255144032921811
243 0.6270491803278688
244 0.6244897959183674
245 0.6260162601626016
246 0.6275303643724697
247 0.6290322580645161
248 0.6305220883534136
249 0.632
250 0.6294820717131474
251 0.6309523809523809
252 0.6324110671936759
253 0.6338582677165354
254 0.6352941176470588
255 0.6328125
256 0.6342412451361867
257 0.6317829457364341
258 0.6332046332046332
259 0.6346153846153846
260 0.6360153256704981
261 0.6374045801526718
262 0.6387832699619772
263 0.6363636363636364
264 0.6377358490566037
265 0.6390977443609023
266 0.6367041198501873
267 0.6380597014925373
268 0.6394052044609665
269 0.6370370370370371
270 0.6346863468634686
271 0.6323529411764706
272 0.6336996336996337
273 0.635036496350365
274 0.6363636363636364
275 0.6340579710144928
276 0.6353790613718412
277 0.6366906474820144
278 0.6379928315412187
279 0.6392857142857142
280 0.6405693950177936
281 0.6418439716312057
282 0.6395759717314488
283 0.6373239436619719
284 0.6350877192982456
285 0.6363636363636364
286 0.6376306620209059
287 0.6354166666666666
288 0.6366782006920415
289 0.6379310344827587
290 0.6391752577319587
291 0.636986301369863
292 0.6382252559726962
293 0.6394557823129252
294 0.6372881355932203
295 0.6385135135135135
296 0.6397306397306397
297 0.6375838926174496
298 0.6387959866220736
299 0.64
300 0.6378737541528239
301 0.6390728476821192
302 0.6402640264026402
303 0.6414473684210527
304 0.6426229508196721
305 0.6437908496732027
306 0.6449511400651465
307 0.6461038961038961
308 0.6472491909385113
309 0.6451612903225806
310 0.6430868167202572
311 0.6410256410256411
312 0.6389776357827476
313 0.6369426751592356
314 0.638095238095238
315 0.6360759493670886
316 0.637223974763407
317 0.6383647798742138
318 0.6394984326018809
319 0.640625
320 0.6417445482866043
321 0.6428571428571429
322 0.6439628482972136
323 0.6419753086419753
324 0.6430769230769231
325 0.6411042944785276
326 0.6422018348623854
327 0.6432926829268293
328 0.6413373860182371
329 0.6424242424242425
330 0.6435045317220544
331 0.641566265060241
332 0.6426426426426426
333 0.6407185628742516
334 0.6417910447761194
335 0.6398809523809523
336 0.6409495548961425
337 0.6420118343195266
338 0.640117994100295
339 0.6411764705882353
340 0.6422287390029325
341 0.6432748538011696
342 0.6443148688046647
343 0.6453488372093024
344 0.6463768115942029
345 0.6445086705202312
346 0.6426512968299711
347 0.6436781609195402
348 0.6418338108882522
349 0.6428571428571429
350 0.6438746438746439
351 0.6448863636363636
352 0.6458923512747875
353 0.6468926553672316
354 0.647887323943662
355 0.6460674157303371
356 0.6470588235294118
357 0.6480446927374302
358 0.6462395543175488
359 0.6472222222222223
360 0.6481994459833795
361 0.649171270718232
362 0.650137741046832
363 0.6510989010989011
364 0.6493150684931507
365 0.6475409836065574
366 0.6485013623978202
367 0.6467391304347826
368 0.6449864498644986
369 0.6459459459459459
370 0.6442048517520216
371 0.6451612903225806
372 0.646112600536193
373 0.6470588235294118
374 0.648
375 0.648936170212766
376 0.6472148541114059
377 0.6481481481481481
378 0.6490765171503958
379 0.65
380 0.6509186351706037
381 0.6518324607329843
382 0.6527415143603134
383 0.6536458333333334
384 0.6545454545454545
385 0.655440414507772
386 0.6563307493540051
387 0.6572164948453608
388 0.6580976863753213
389 0.6564102564102564
390 0.6572890025575447
391 0.6581632653061225
392 0.6590330788804071
393 0.6573604060913706
394 0.6582278481012658
395 0.6590909090909091
396 0.6599496221662469
397 0.6608040201005025
398 0.6616541353383458
399 0.6625
400 0.6608478802992519
401 0.6616915422885572
402 0.6625310173697271
403 0.6633663366336634
404 0.6641975308641975
405 0.6650246305418719
406 0.6658476658476659
407 0.6666666666666666
408 0.6674816625916871
409 0.6682926829268293
410 0.6666666666666666
411 0.6674757281553398
412 0.6658595641646489
413 0.6666666666666666
414 0.6650602409638554
415 0.6634615384615384
416 0.6642685851318945
417 0.6650717703349283
418 0.665871121718377
419 0.6642857142857143
420 0.665083135391924
421 0.6658767772511849
422 0.6666666666666666
423 0.6674528301886793
424 0.668235294117647
425 0.6666666666666666
426 0.667447306791569
427 0.6682242990654206
428 0.668997668997669
429 0.6697674418604651
430 0.6682134570765661
431 0.6689814814814815
432 0.6697459584295612
433 0.6682027649769585
434 0.6666666666666666
435 0.6651376146788991
436 0.665903890160183
437 0.6666666666666666
438 0.6674259681093394
439 0.6659090909090909
440 0.6666666666666666
441 0.665158371040724
442 0.6659142212189616
443 0.6666666666666666
444 0.6651685393258427
445 0.6659192825112108
446 0.6666666666666666
447 0.6651785714285714
448 0.6659242761692651
449 0.6666666666666666
450 0.6674057649667405
451 0.668141592920354
452 0.6688741721854304
453 0.6696035242290749
454 0.6681318681318681
455 0.668859649122807
456 0.6673960612691466
457 0.665938864628821
458 0.664488017429194
459 0.6652173913043479
460 0.6637744034707158
461 0.6645021645021645
462 0.6652267818574514
463 0.6637931034482759
464 0.6645161290322581
465 0.6652360515021459
466 0.6659528907922913
467 0.6666666666666666
468 0.6652452025586354
469 0.6638297872340425
470 0.6645435244161358
471 0.6652542372881356
472 0.6638477801268499
473 0.6645569620253164
474 0.6652631578947369
475 0.6638655462184874
476 0.6624737945492662
477 0.6610878661087866
478 0.6617954070981211
479 0.6625
480 0.6632016632016632
481 0.6618257261410788
482 0.6625258799171843
483 0.6632231404958677
484 0.6618556701030928
485 0.6625514403292181
486 0.6611909650924025
487 0.6618852459016393
488 0.6605316973415133
489 0.6591836734693878
490 0.659877800407332
491 0.6585365853658537
492 0.6592292089249493
493 0.6578947368421053
494 0.6565656565656566
495 0.657258064516129
496 0.6559356136820925
497 0.6566265060240963
498 0.657314629258517
499 0.658
500 0.656686626746507
501 0.6573705179282868
502 0.658051689860835
503 0.6567460317460317
504 0.6574257425742575
505 0.658102766798419
506 0.6568047337278107
507 0.65748031496063
508 0.6581532416502947
509 0.6588235294117647
510 0.6575342465753424
511 0.658203125
512 0.6569200779727096
513 0.6575875486381323
514 0.658252427184466
515 0.6589147286821705
516 0.6576402321083172
517 0.6583011583011583
518 0.6589595375722543
519 0.6596153846153846
520 0.6602687140115163
521 0.6609195402298851
522 0.6615678776290631
523 0.6603053435114504
524 0.660952380952381
525 0.6615969581749049
526 0.6603415559772297
527 0.6609848484848485
528 0.6616257088846881
529 0.6622641509433962
530 0.6610169491525424
531 0.6616541353383458
532 0.6622889305816135
533 0.6629213483146067
534 0.6635514018691588
535 0.664179104477612
536 0.6629422718808193
537 0.6617100371747212
538 0.6623376623376623
539 0.662962962962963
540 0.6635859519408502
541 0.6623616236162362
542 0.6629834254143646
543 0.6636029411764706
544 0.6642201834862386
545 0.6648351648351648
546 0.6636197440585009
547 0.6642335766423357
548 0.6648451730418944
549 0.6636363636363637
550 0.6642468239564429
551 0.6630434782608695
552 0.6636528028933092
553 0.6642599277978339
554 0.6630630630630631
555 0.6636690647482014
556 0.6624775583482945
557 0.6630824372759857
558 0.6636851520572451
559 0.6642857142857143
560 0.6648841354723708
561 0.6637010676156584
562 0.6625222024866785
563 0.6631205673758865
564 0.6619469026548672
565 0.6607773851590106
566 0.6613756613756614
567 0.6619718309859155
568 0.6625659050966608
569 0.6631578947368421
570 0.6637478108581436
571 0.6625874125874126
572 0.6631762652705061
573 0.6637630662020906
574 0.6643478260869565
575 0.6649305555555556
576 0.6655112651646448
577 0.6660899653979239
578 0.6666666666666666
579 0.6655172413793103
580 0.6660929432013769
581 0.6666666666666666
582 0.6672384219554031
583 0.666095890410959
584 0.6649572649572649
585 0.6655290102389079
586 0.666098807495741
587 0.6666666666666666
588 0.66723259762309
589 0.6677966101694915
590 0.6683587140439933
591 0.668918918918919
592 0.6677908937605397
593 0.6666666666666666
594 0.6655462184873949
595 0.6661073825503355
596 0.6649916247906198
597 0.6655518394648829
598 0.666110183639399
599 0.6666666666666666
600 0.6672212978369384
601 0.6661129568106312
602 0.6650082918739635
603 0.6655629139072847
604 0.6644628099173554
605 0.665016501650165
606 0.6639209225700164
607 0.6644736842105263
608 0.6650246305418719
609 0.6639344262295082
610 0.6644844517184942
611 0.6650326797385621
612 0.6655791190864601
613 0.6661237785016286
614 0.6650406504065041
615 0.6655844155844156
616 0.6661264181523501
617 0.6666666666666666
618 0.6672051696284329
619 0.667741935483871
620 0.6682769726247987
621 0.6672025723472669
622 0.666131621187801
623 0.6666666666666666
624 0.6656
625 0.6661341853035144
626 0.6666666666666666
627 0.6656050955414012
628 0.6645468998410174
629 0.665079365079365
630 0.6656101426307448
631 0.6661392405063291
632 0.665086887835703
633 0.6656151419558359
634 0.6661417322834645
635 0.6666666666666666
636 0.6671899529042387
637 0.6677115987460815
638 0.6682316118935837
639 0.66875
640 0.6692667706708268
641 0.6697819314641744
642 0.6687402799377916
643 0.6692546583850931
644 0.6697674418604651
645 0.6687306501547987
646 0.6692426584234931
647 0.6697530864197531
648 0.6702619414483821
649 0.6707692307692308
650 0.6697388632872504
651 0.6702453987730062
652 0.6707503828483921
653 0.6712538226299695
654 0.6717557251908397
655 0.6722560975609756
656 0.6727549467275494
657 0.6717325227963525
658 0.6722306525037937
659 0.6712121212121213
660 0.6717095310136157
661 0.6722054380664653
662 0.6726998491704375
663 0.6731927710843374
664 0.6736842105263158
665 0.6741741741741741
666 0.6731634182908546
667 0.6736526946107785
668 0.6741405082212257
669 0.6746268656716418
670 0.6751117734724292
671 0.6755952380952381
672 0.6760772659732541
673 0.6765578635014837
674 0.677037037037037
675 0.6775147928994083
676 0.6765140324963073
677 0.6769911504424779
678 0.6774668630338734
679 0.6779411764705883
680 0.6784140969162996
681 0.6788856304985337
682 0.6793557833089312
683 0.6783625730994152
684 0.6773722627737226
685 0.6778425655976676
686 0.6768558951965066
687 0.6773255813953488
688 0.6777939042089985
689 0.6782608695652174
690 0.678726483357453
691 0.6777456647398844
692 0.6767676767676768
693 0.6772334293948127
694 0.6762589928057554
695 0.6767241379310345
696 0.6771879483500718
697 0.6776504297994269
698 0.6781115879828327
699 0.6785714285714286
700 0.6790299572039943
701 0.6794871794871795
702 0.6785206258890469
703 0.6789772727272727
704 0.6794326241134752
705 0.6798866855524079
706 0.6803394625176803
707 0.6807909604519774
708 0.6812411847672779
709 0.680281690140845
710 0.680731364275668
711 0.6797752808988764
712 0.6788218793828892
713 0.6792717086834734
714 0.6797202797202797
715 0.6801675977653632
716 0.6806136680613668
717 0.6810584958217271
718 0.6815020862308763
719 0.6819444444444445
720 0.6823855755894591
721 0.6814404432132964
722 0.6804979253112033
723 0.680939226519337
724 0.6813793103448276
725 0.6818181818181818
726 0.6822558459422283
727 0.6826923076923077
728 0.6831275720164609
729 0.6821917808219178
730 0.6826265389876881
731 0.6830601092896175
732 0.6821282401091405
733 0.6825613079019074
734 0.6829931972789116
735 0.6834239130434783
736 0.683853459972863
737 0.6842818428184282
738 0.6847090663058186
739 0.6851351351351351
740 0.6855600539811066
741 0.6846361185983828
742 0.6837146702557201
743 0.6827956989247311
744 0.6832214765100671
745 0.6823056300268097
746 0.6827309236947792
747 0.6831550802139037
748 0.6822429906542056
749 0.6826666666666666
750 0.6830892143808256
751 0.6821808510638298
752 0.6826029216467463
753 0.6816976127320955
754 0.6821192052980133
755 0.6825396825396826
756 0.6816380449141347
757 0.6807387862796834
758 0.6811594202898551
759 0.6815789473684211
760 0.6806833114323259
761 0.6797900262467191
762 0.6788990825688074
763 0.6780104712041884
764 0.6784313725490196
765 0.6788511749347258
766 0.6792698826597132
767 0.6796875
768 0.6801040312093628
769 0.6805194805194805
770 0.6809338521400778
771 0.6813471502590673
772 0.6817593790426908
773 0.6821705426356589
774 0.6825806451612904
775 0.6829896907216495
776 0.6833976833976834
777 0.6838046272493573
778 0.6842105263157895
779 0.6833333333333333
780 0.6837387964148528
781 0.6841432225063938
782 0.6845466155810983
783 0.6849489795918368
784 0.6840764331210191
785 0.6844783715012722
786 0.6848792884371029
787 0.6852791878172588
788 0.6856780735107731
789 0.6860759493670886
790 0.6864728192161821
791 0.6868686868686869
792 0.6872635561160151
793 0.6876574307304786
794 0.6880503144654088
795 0.6871859296482412
796 0.6875784190715182
797 0.6867167919799498
798 0.6871088861076345
799 0.6875
800 0.686641697877653
801 0.6870324189526185
802 0.6874221668742216
803 0.6878109452736318
804 0.6869565217391305
805 0.6873449131513648
806 0.6877323420074349
807 0.6881188118811881
808 0.688504326328801
809 0.6876543209876543
810 0.688039457459926
811 0.6884236453201971
812 0.6888068880688807
813 0.687960687960688
814 0.6871165644171779
815 0.6875
816 0.6878824969400245
817 0.6882640586797066
818 0.6886446886446886
819 0.6890243902439024
820 0.6881851400730816
821 0.6885644768856448
822 0.6889428918590522
823 0.6893203883495146
824 0.6896969696969697
825 0.6888619854721549
826 0.6892382103990327
827 0.6896135265700483
828 0.6887816646562123
829 0.689156626506024
830 0.6883273164861613
831 0.6887019230769231
832 0.687875150060024
833 0.6882494004796164
834 0.688622754491018
835 0.687799043062201
836 0.6881720430107527
837 0.6885441527446301
838 0.6877234803337307
839 0.6880952380952381
840 0.6884661117717004
841 0.6888361045130641
842 0.6892052194543298
843 0.6883886255924171
844 0.6887573964497041
845 0.6891252955082743
846 0.6883116883116883
847 0.6875
848 0.6878680800942285
849 0.6882352941176471
850 0.6874265569917744
851 0.687793427230047
852 0.6869871043376319
853 0.6861826697892272
854 0.6853801169590643
855 0.6845794392523364
856 0.6849474912485414
857 0.6841491841491841
858 0.6845168800931315
859 0.6848837209302325
860 0.6852497096399536
861 0.685614849187935
862 0.6859791425260718
863 0.6863425925925926
864 0.6855491329479769
865 0.684757505773672
866 0.6851211072664359
867 0.6854838709677419
868 0.6858457997698504
869 0.6862068965517242
870 0.6865671641791045
871 0.6869266055045872
872 0.6872852233676976
873 0.6876430205949656
874 0.688
875 0.6883561643835616
876 0.6887115165336374
877 0.6879271070615034
878 0.6882821387940842
879 0.6875
880 0.6878547105561862
881 0.6882086167800453
882 0.6885617214043035
883 0.6877828054298643
884 0.688135593220339
885 0.6884875846501128
886 0.6888387824126269
887 0.6891891891891891
888 0.688413948256468
889 0.6887640449438203
890 0.6879910213243546
891 0.6872197309417041
892 0.6875699888017918
893 0.6868008948545862
894 0.6871508379888268
895 0.6875
896 0.6878483835005574
897 0.6870824053452116
898 0.6863181312569522
899 0.6866666666666666
900 0.6870144284128746
901 0.6873614190687362
902 0.6877076411960132
903 0.6880530973451328
904 0.687292817679558
905 0.6876379690949227
906 0.6879823594266814
907 0.6883259911894273
908 0.6886688668866887
909 0.689010989010989
910 0.6893523600439078
911 0.6885964912280702
912 0.6889375684556407
913 0.6892778993435449
914 0.6896174863387978
915 0.6888646288209607
916 0.688113413304253
917 0.6873638344226579
918 0.6877040261153428
919 0.6869565217391305
920 0.6872964169381107
921 0.6876355748373102
922 0.6879739978331527
923 0.6883116883116883
924 0.6875675675675675
925 0.6879049676025918
926 0.6882416396979504
927 0.6885775862068966
928 0.6889128094725512
929 0.689247311827957
930 0.6885069817400644
931 0.6877682403433476
932 0.6881028938906752
933 0.6884368308351178
934 0.6887700534759358
935 0.688034188034188
936 0.688367129135539
937 0.6886993603411514
938 0.6890308839190629
939 0.6893617021276596
940 0.6896918172157279
941 0.6900212314225053
942 0.6903499469777307
943 0.6896186440677966
944 0.68994708994709
945 0.6902748414376322
946 0.6906019007391764
947 0.6909282700421941
948 0.6912539515279241
949 0.6915789473684211
950 0.6919032597266036
951 0.6922268907563025
952 0.6925498426023085
953 0.6928721174004193
954 0.6931937172774869
955 0.6935146443514645
956 0.6938349007314525
957 0.6941544885177453
958 0.694473409801877
959 0.6947916666666667
960 0.6940686784599376
961 0.6933471933471933
962 0.6926272066458983
963 0.6929460580912863
964 0.6922279792746114
965 0.6925465838509317
966 0.6928645294725957
967 0.6931818181818182
968 0.6924664602683178
969 0.6927835051546392
970 0.6930998970133883
971 0.6934156378600823
972 0.6937307297019527
973 0.6940451745379876
974 0.6943589743589743
975 0.694672131147541
976 0.6949846468781986
977 0.6952965235173824
978 0.6956077630234934
979 0.6948979591836735
980 0.6952089704383282
981 0.6955193482688391
982 0.6958290946083419
983 0.6961382113821138
984 0.6964467005076143
985 0.6967545638945233
986 0.6970618034447822
987 0.6973684210526315
988 0.6976744186046512
989 0.697979797979798
990 0.698284561049445
991 0.6975806451612904
992 0.6978851963746223
993 0.6971830985915493
994 0.6974874371859296
995 0.6977911646586346
996 0.6980942828485457
997 0.6983967935871743
998 0.6986986986986987
999 0.699
1000 0.6993006993006993
1001 0.6996007984031936
1002 0.6999002991026919
1003 0.700199203187251
1004 0.700497512437811
1005 0.6998011928429424
1006 0.7000993048659384
1007 0.7003968253968254
1008 0.7006937561942518
1009 0.7
1010 0.7002967359050445
1011 0.700592885375494
1012 0.700888450148075
1013 0.7011834319526628
1014 0.7014778325123153
1015 0.7017716535433071
1016 0.7020648967551623
1017 0.7013752455795678
1018 0.7016683022571149
1019 0.7019607843137254
1020 0.7012732615083251
1021 0.700587084148728
1022 0.7008797653958945
1023 0.7001953125
1024 0.6995121951219512
1025 0.6988304093567251
1026 0.6981499513145083
1027 0.6984435797665369
1028 0.6987366375121478
1029 0.6990291262135923
1030 0.6993210475266731
1031 0.6986434108527132
1032 0.6979670861568248
1033 0.6972920696324951
1034 0.6975845410628019
1035 0.6978764478764479
1036 0.6981677917068466
1037 0.697495183044316
1038 0.697786333012512
1039 0.698076923076923
1040 0.6974063400576369
1041 0.6976967370441459
1042 0.697986577181208
1043 0.6973180076628352
1044 0.6976076555023923
1045 0.6969407265774379
1046 0.6972301814708691
1047 0.6965648854961832
1048 0.6959008579599618
1049 0.6961904761904761
1050 0.6964795432921027
1051 0.6967680608365019
1052 0.6961063627730294
1053 0.6963946869070209
1054 0.6957345971563981
1055 0.6950757575757576
1056 0.695364238410596
1057 0.6947069943289225
1058 0.6949952785646837
1059 0.6943396226415094
1060 0.6936852026390198
1061 0.6930320150659134
1062 0.6933207902163687
1063 0.693609022556391
1064 0.6938967136150235
1065 0.6941838649155723
1066 0.6935332708528584
1067 0.6928838951310862
1068 0.6931711880261927
1069 0.6925233644859813
1070 0.6918767507002801
1071 0.691231343283582
1072 0.6905871388630009
1073 0.6908752327746741
1074 0.6911627906976744
1075 0.6914498141263941
1076 0.6908077994428969
1077 0.6901669758812616
1078 0.6895273401297498
1079 0.6898148148148148
1080 0.6901017576318224
1081 0.6903881700554528
1082 0.6906740535549399
1083 0.690959409594096
1084 0.6912442396313364
1085 0.6906077348066298
1086 0.6899724011039559
1087 0.6902573529411765
1088 0.689623507805326
1089 0.689908256880734
1090 0.69019248395967
1091 0.6904761904761905
1092 0.6907593778591034
1093 0.6901279707495429
1094 0.6904109589041096
1095 0.6906934306569343
1096 0.690975387420237
1097 0.6903460837887068
1098 0.6897179253867152
1099 0.6890909090909091
1100 0.6893732970027248
1101 0.6896551724137931
1102 0.6899365367180417
1103 0.6893115942028986
1104 0.6895927601809955
1105 0.6889692585895117
1106 0.6892502258355917
1107 0.6895306859205776
1108 0.6889089269612263
1109 0.6891891891891891
1110 0.6894689468946895
1111 0.689748201438849
1112 0.6900269541778976
1113 0.6903052064631957
1114 0.6896860986547085
1115 0.6899641577060932
1116 0.6893464637421666
1117 0.6896243291592129
1118 0.6890080428954424
1119 0.6883928571428571
1120 0.6886708296164139
1121 0.6889483065953654
1122 0.6883348174532502
1123 0.6886120996441281
1124 0.6888888888888889
1125 0.6891651865008881
1126 0.6885536823425022
1127 0.6879432624113475
1128 0.6882196634189548
1129 0.6884955752212389
1130 0.6878868258178603
1131 0.6881625441696113
1132 0.6884377758164166
1133 0.6887125220458554
1134 0.6881057268722467
1135 0.6875
1136 0.6877748460861918
1137 0.68804920913884
1138 0.6883230904302019
1139 0.6877192982456141
1140 0.6879929886064855
1141 0.6882661996497373
1142 0.6876640419947506
1143 0.6879370629370629
1144 0.6882096069868996
1145 0.6884816753926701
1146 0.6887532693984307
1147 0.6881533101045296
1148 0.6884247171453438
1149 0.688695652173913
1150 0.6880973066898349
1151 0.6883680555555556
1152 0.6877710320901995
1153 0.6880415944540728
1154 0.6883116883116883
1155 0.6877162629757786
1156 0.6871218668971478
1157 0.687392055267703
1158 0.6876617773943055
1159 0.6879310344827586
1160 0.6881998277347114
1161 0.6884681583476764
1162 0.6878761822871883
1163 0.6881443298969072
1164 0.688412017167382
1165 0.6878216123499142
1166 0.6872322193658955
1167 0.6875
1168 0.6877673224978614
1169 0.688034188034188
1170 0.6883005977796754
1171 0.6885665529010239
1172 0.6879795396419437
1173 0.6882453151618398
1174 0.6885106382978723
1175 0.6879251700680272
1176 0.6873406966864911
1177 0.6867572156196944
1178 0.6870229007633588
1179 0.6864406779661016
1180 0.6867061812023709
1181 0.6869712351945855
1182 0.6863905325443787
1183 0.6866554054054054
1184 0.6869198312236287
1185 0.6863406408094435
1186 0.6866048862679023
1187 0.6868686868686869
1188 0.6871320437342304
1189 0.6865546218487395
1190 0.6868178001679262
1191 0.6870805369127517
1192 0.6873428331936295
1193 0.6876046901172529
1194 0.6878661087866109
1195 0.6872909698996655
1196 0.6875522138680034
1197 0.6878130217028381
1198 0.6880733944954128
1199 0.6883333333333334
1200 0.6885928393005828
1201 0.6888519134775375
1202 0.6891105569409809
1203 0.6893687707641196
1204 0.6887966804979253
1205 0.6890547263681592
1206 0.6893123446561723
1207 0.6895695364238411
1208 0.6898263027295285
1209 0.6900826446280992
1210 0.6903385631709331
1211 0.6897689768976898
1212 0.6900247320692497
1213 0.6902800658978583
1214 0.6905349794238683
1215 0.6907894736842105
1216 0.6910435497124076
1217 0.6912972085385879
1218 0.6915504511894995
1219 0.690983606557377
1220 0.6904176904176904
1221 0.690671031096563
1222 0.6901062959934587
1223 0.690359477124183
1224 0.6906122448979591
1225 0.6908646003262643
1226 0.6911165444172779
1227 0.6913680781758957
1228 0.6916192026037429
1229 0.6910569105691057
1230 0.6913078797725426
1231 0.6915584415584416
1232 0.6909975669099757
1233 0.6904376012965965
1234 0.6906882591093118
1235 0.6909385113268608
1236 0.6911883589329022
1237 0.691437802907916
1238 0.6916868442292171
1239 0.6919354838709677
1240 0.6921837228041902
1241 0.6924315619967794
1242 0.6926790024135157
1243 0.6929260450160771
1244 0.6931726907630522
1245 0.6934189406099518
1246 0.6936647955092221
1247 0.6939102564102564
1248 0.6941553242594075
1249 0.6936
1250 0.6938449240607514
1251 0.6932907348242812
1252 0.6935355147645651
1253 0.69377990430622
1254 0.6940239043824701
1255 0.6934713375796179
1256 0.6937151949085123
1257 0.6931637519872814
1258 0.6926131850675139
1259 0.6928571428571428
1260 0.6923076923076923
1261 0.6925515055467512
1262 0.6927949326999209
1263 0.6930379746835443
1264 0.6932806324110672
1265 0.693522906793049
1266 0.6937647987371744
1267 0.693217665615142
1268 0.6926713947990544
1269 0.6929133858267716
1270 0.6931549960660897
1271 0.6933962264150944
1272 0.6936370777690495
1273 0.6938775510204082
1274 0.6941176470588235
1275 0.6943573667711599
1276 0.6945967110415036
1277 0.6948356807511737
1278 0.6942924159499609
1279 0.69375
1280 0.6939890710382514
1281 0.6942277691107644
1282 0.6944660950896336
1283 0.6947040498442367
1284 0.6949416342412451
1285 0.6951788491446346
1286 0.6946386946386947
1287 0.6948757763975155
1288 0.6951124903025602
1289 0.6953488372093023
1290 0.6955848179705655
1291 0.695046439628483
1292 0.6952822892498066
1293 0.6955177743431221
1294 0.694980694980695
1295 0.6952160493827161
1296 0.6954510408635313
1297 0.6949152542372882
1298 0.6951501154734411
1299 0.6953846153846154
1300 0.6956187548039969
1301 0.695084485407066
1302 0.6953184957789716
1303 0.6955521472392638
1304 0.6950191570881226
1305 0.6952526799387443
1306 0.6954858454475898
1307 0.694954128440367
1308 0.6951871657754011
1309 0.6954198473282442
1310 0.6956521739130435
1311 0.6951219512195121
1312 0.6953541507996953
1313 0.69558599695586
1314 0.6958174904942965
1315 0.6960486322188449
1316 0.6962794229309036
1317 0.6965098634294385
1318 0.6959818043972706
1319 0.6962121212121212
1320 0.6956850870552612
1321 0.6959152798789713
1322 0.6961451247165533
1323 0.695619335347432
1324 0.6958490566037736
1325 0.6953242835595776
1326 0.6955538809344386
1327 0.6957831325301205
1328 0.6952595936794582
1329 0.6954887218045113
1330 0.695717505634861
1331 0.6951951951951952
1332 0.6946736684171043
1333 0.6949025487256372
1334 0.6943820224719102
1335 0.6946107784431138
1336 0.6948391922213911
1337 0.695067264573991
1338 0.6952949962658701
1339 0.6955223880597015
1340 0.6957494407158836
1341 0.6959761549925484
1342 0.6962025316455697
1343 0.6964285714285714
1344 0.6966542750929368
1345 0.6968796433878157
1346 0.6971046770601337
1347 0.6973293768545994
1348 0.6975537435137139
1349 0.6977777777777778
1350 0.6972612879348631
1351 0.6974852071005917
1352 0.696969696969697
1353 0.6971935007385525
1354 0.6974169741697417
1355 0.6976401179941003
1356 0.6978629329403095
1357 0.6980854197349042
1358 0.6983075791022811
1359 0.6985294117647058
1360 0.698016164584864
1361 0.698237885462555
1362 0.698459280997799
1363 0.6986803519061584
1364 0.6989010989010989
1365 0.6991215226939971
1366 0.6986100950987564
1367 0.6980994152046783
1368 0.6975894813732652
1369 0.6978102189781021
1370 0.6980306345733042
1371 0.6982507288629738
1372 0.6984705025491624
1373 0.6986899563318777
1374 0.6989090909090909
1375 0.6984011627906976
1376 0.6978939724037764
1377 0.6981132075471698
1378 0.6983321247280638
1379 0.6978260869565217
1380 0.6980448950036205
1381 0.6982633863965267
1382 0.6984815618221258
1383 0.6986994219653179
1384 0.6989169675090253
1385 0.6991341991341992
1386 0.6993511175198269
1387 0.6988472622478387
1388 0.6990640748740101
1389 0.6992805755395683
1390 0.6994967649173257
1391 0.6997126436781609
1392 0.6999282124910265
1393 0.7001434720229556
1394 0.7003584229390681
1395 0.7005730659025788
1396 0.7007874015748031
1397 0.7002861230329042
1398 0.7005003573981415
1399 0.7
1400 0.6995003568879372
1401 0.6997146932952925
1402 0.699928724162509
1403 0.7001424501424501
1404 0.700355871886121
1405 0.6998577524893315
1406 0.7000710732054015
1407 0.6995738636363636
1408 0.6997870830376153
1409 0.7
1410 0.7002126151665485
1411 0.7004249291784702
1412 0.699929228591649
1413 0.7001414427157001
1414 0.6996466431095406
1415 0.6991525423728814
1416 0.6993648553281581
1417 0.6988716502115656
1418 0.6983791402396053
1419 0.6985915492957746
1420 0.6988036593947924
1421 0.69901547116737
1422 0.6992269852424455
1423 0.6987359550561798
1424 0.6989473684210527
1425 0.6984572230014026
1426 0.6986685353889278
1427 0.6988795518207283
1428 0.6983904828551435
1429 0.6986013986013986
1430 0.6988120195667366
1431 0.6983240223463687
1432 0.6985345429169574
1433 0.698744769874477
1434 0.6989547038327526
1435 0.6991643454038997
1436 0.6993736951983298
1437 0.6995827538247567
1438 0.6990965948575399
1439 0.6993055555555555
1440 0.6995142262317835
1441 0.6997226074895978
1442 0.6999306999306999
1443 0.7001385041551247
1444 0.7003460207612456
1445 0.7005532503457814
1446 0.7007601935038009
1447 0.7002762430939227
1448 0.7004830917874396
1449 0.7006896551724138
1450 0.7008959338387319
1451 0.7011019283746557
1452 0.7013076393668273
1453 0.7015130674002751
1454 0.7017182130584192
1455 0.7019230769230769
1456 0.7014413177762526
1457 0.7016460905349794
1458 0.7011651816312543
1459 0.7013698630136986
1460 0.7015742642026009
1461 0.7017783857729138
1462 0.7019822282980178
1463 0.7021857923497268
1464 0.7017064846416382
1465 0.7012278308321964
1466 0.7007498295841854
1467 0.7009536784741145
1468 0.7011572498298162
1469 0.7006802721088435
1470 0.7008837525492863
1471 0.7010869565217391
1472 0.7006109979633401
1473 0.7008141112618724
1474 0.7010169491525424
1475 0.7012195121951219
1476 0.7014218009478673
1477 0.7009472259810555
1478 0.7011494252873564
1479 0.7013513513513514
1480 0.7015530047265361
1481 0.7017543859649122
1482 0.7019554956169926
1483 0.7021563342318059
1484 0.7016835016835017
1485 0.7018842530282638
1486 0.7020847343644923
1487 0.7022849462365591
1488 0.7018132975151108
1489 0.702013422818792
1490 0.7015425888665325
1491 0.7017426273458445
1492 0.7012726054922974
1493 0.7014725568942436
1494 0.7016722408026755
1495 0.7018716577540107
1496 0.7020708082832331
1497 0.7016021361815754
1498 0.7018012008005337
1499 0.702
1500 0.7021985343104596
1501 0.7023968042609854
1502 0.7025948103792415
1503 0.7027925531914894
1504 0.7029900332225913
1505 0.702523240371846
1506 0.7027206370272063
1507 0.7022546419098143
1508 0.7024519549370444
1509 0.7026490066225165
1510 0.7028457974851092
1511 0.703042328042328
1512 0.7032385988103106
1513 0.7034346103038309
1514 0.7036303630363037
1515 0.7031662269129287
1516 0.7027027027027027
1517 0.7022397891963109
1518 0.7024358130348913
1519 0.7026315789473684
1520 0.7021696252465484
1521 0.702365308804205
1522 0.7025607353906763
1523 0.702755905511811
1524 0.7029508196721311
1525 0.7031454783748362
1526 0.7026850032743942
1527 0.7022251308900523
1528 0.7017658600392414
1529 0.7019607843137254
1530 0.7021554539516656
1531 0.7023498694516971
1532 0.7025440313111546
1533 0.7027379400260756
1534 0.7022801302931596
1535 0.7018229166666666
1536 0.7020169160702667
1537 0.7015604681404422
1538 0.7017543859649122
1539 0.7012987012987013
1540 0.7014925373134329
1541 0.7016861219195849
1542 0.7012313674659754
1543 0.7014248704663213
1544 0.7009708737864078
1545 0.7011642949547219
1546 0.7013574660633484
1547 0.7015503875968992
1548 0.7017430600387347
1549 0.7019354838709677
1550 0.7021276595744681
1551 0.7016752577319587
1552 0.7012234385061172
1553 0.7014157014157014
1554 0.7016077170418007
1555 0.7017994858611826
1556 0.7019910083493899
1557 0.7021822849807445
1558 0.7017318794098781
1559 0.7019230769230769
1560 0.7021140294682896
1561 0.7016645326504481
1562 0.7018554062699937
1563 0.7020460358056266
1564 0.7022364217252396
1565 0.70242656449553
1566 0.7026164645820038
1567 0.7028061224489796
1568 0.7023581899298916
1569 0.7025477707006369
1570 0.7027371101209421
1571 0.7022900763358778
1572 0.7018436109345201
1573 0.7013977128335451
1574 0.7015873015873015
1575 0.7017766497461929
1576 0.7019657577679138
1577 0.7021546261089987
1578 0.7023432552248259
1579 0.7018987341772152
1580 0.7020872865275142
1581 0.7016434892541087
1582 0.7012002526847757
1583 0.7013888888888888
1584 0.701577287066246
1585 0.7011349306431274
1586 0.7013232514177694
1587 0.7008816120906801
1588 0.7004405286343612
1589 0.70062893081761
1590 0.7008170961659334
1591 0.7010050251256281
1592 0.7011927181418707
1593 0.7013801756587202
1594 0.7015673981191223
1595 0.7011278195488722
1596 0.7013149655604258
1597 0.7015018773466833
1598 0.701688555347092
1599 0.701875
1600 0.7014366021236728
1601 0.7009987515605494
1602 0.7011852776044916
1603 0.7013715710723192
1604 0.7015576323987539
1605 0.701120797011208
1606 0.70130678282514
1607 0.7008706467661692
1608 0.7010565568676196
1609 0.7012422360248447
1610 0.7008069522036002
1611 0.7009925558312655
1612 0.7011779293242405
1613 0.7007434944237918
1614 0.7009287925696595
1615 0.7011138613861386
1616 0.7012987012987013
1617 0.7014833127317676
1618 0.701667696108709
1619 0.7012345679012346
1620 0.7014188772362739
1621 0.7009864364981504
1622 0.7005545286506469
1623 0.7007389162561576
1624 0.7009230769230769
1625 0.7011070110701108
1626 0.7012907191149355
1627 0.7008599508599509
1628 0.7004297114794352
1629 0.7006134969325153
1630 0.700797057020233
1631 0.7009803921568627
1632 0.7011635027556644
1633 0.7013463892288861
1634 0.7015290519877676
1635 0.7017114914425427
1636 0.7018937080024434
1637 0.702075702075702
1638 0.701647345942648
1639 0.7018292682926829
1640 0.7020109689213894
1641 0.7021924482338612
1642 0.7023737066342057
1643 0.7019464720194647
1644 0.7021276595744681
1645 0.7023086269744836
1646 0.7024893746205222
1647 0.7026699029126213
1648 0.7028502122498483
1649 0.7024242424242424
1650 0.7026044821320412
1651 0.7021791767554479
1652 0.7023593466424682
1653 0.7025392986698912
1654 0.7027190332326284
1655 0.7028985507246377
1656 0.7024743512371756
1657 0.7020506634499397
1658 0.7022302591922845
1659 0.7024096385542169
1660 0.7019867549668874
1661 0.7015643802647413
1662 0.7017438364401684
1663 0.7013221153846154
1664 0.7015015015015015
1665 0.7016806722689075
1666 0.7018596280743852
1667 0.7020383693045563
1668 0.701617735170761
1669 0.7017964071856287
1670 0.7019748653500898
1671 0.7021531100478469
1672 0.7023311416616856
1673 0.7025089605734767
1674 0.7026865671641791
1675 0.7028639618138425
1676 0.7024448419797257
1677 0.702622169249106
1678 0.7027992852888624
1679 0.7029761904761904
1680 0.7031528851873885
1681 0.7027348394768134
1682 0.70291146761735
1683 0.7030878859857482
1684 0.7026706231454006
1685 0.702846975088968
1686 0.7030231179608772
1687 0.7031990521327014
1688 0.7033747779751333
1689 0.7035502958579881
1690 0.703725606150207
1691 0.7039007092198581
1692 0.7040756054341406
1693 0.7042502951593861
1694 0.7044247787610619
1695 0.7045990566037735
1696 0.704773129051267
1697 0.7049469964664311
1698 0.7051206592113007
1699 0.7052941176470588
1700 0.7048794826572604
1701 0.7050528789659224
1702 0.7052260716382853
1703 0.7053990610328639
1704 0.7049853372434017
1705 0.705158264947245
1706 0.7053309900410076
1707 0.705503512880562
1708 0.7056758338209479
1709 0.7058479532163743
1710 0.706019871420222
1711 0.7061915887850467
1712 0.7057793345008757
1713 0.70536756126021
1714 0.7055393586005831
1715 0.7057109557109557
1716 0.7052999417588818
1717 0.7048894062863795
1718 0.7050610820244329
1719 0.7052325581395349
1720 0.705403834979663
1721 0.7049941927990708
1722 0.7045850261172374
1723 0.7047563805104409
1724 0.7049275362318841
1725 0.7045191193511008
1726 0.7046902142443544
1727 0.7042824074074074
1728 0.7044534412955465
1729 0.7040462427745665
1730 0.7042172154823801
1731 0.7043879907621247
1732 0.7045585689555683
1733 0.7047289504036909
1734 0.7048991354466859
1735 0.7050691244239631
1736 0.7052389176741508
1737 0.7054085155350979
1738 0.7050028752156412
1739 0.7051724137931035
1740 0.7053417576105686
1741 0.7055109070034443
1742 0.7056798623063684
1743 0.705848623853211
1744 0.7054441260744986
1745 0.7056128293241696
1746 0.7057813394390383
1747 0.7059496567505721
1748 0.7061177815894797
1749 0.7062857142857143
1750 0.7058823529411765
1751 0.7060502283105022
1752 0.7056474614945807
1753 0.7052451539338654
1754 0.7054131054131054
1755 0.7050113895216401
1756 0.7051792828685259
1757 0.7053469852104665
1758 0.7055144968732234
1759 0.7051136363636363
1760 0.7047132311186826
1761 0.7048808172531215
1762 0.7050482132728304
1763 0.7052154195011338
1764 0.7048158640226629
1765 0.7049830124575311
1766 0.7051499717034522
1767 0.7047511312217195
1768 0.7049180327868853
1769 0.7050847457627119
1770 0.7052512704686618
1771 0.7048532731376975
1772 0.7050197405527355
1773 0.7051860202931229
1774 0.7053521126760564
1775 0.7055180180180181
1776 0.7056837366347777
1777 0.7052868391451068
1778 0.7048903878583473
1779 0.7044943820224719
1780 0.7046603032004491
1781 0.7042648709315376
1782 0.7044307347167695
1783 0.7045964125560538
1784 0.7047619047619048
1785 0.7043673012318029
1786 0.7039731393396754
1787 0.703579418344519
1788 0.703745108999441
1789 0.7039106145251397
1790 0.7035175879396985
1791 0.703125
1792 0.7032905744562187
1793 0.7034559643255296
1794 0.7036211699164345
1795 0.7032293986636972
1796 0.7033945464663328
1797 0.7030033370411568
1798 0.7031684269038355
1799 0.7027777777777777
1800 0.7023875624652971
1801 0.7025527192008879
1802 0.7027176927343317
1803 0.7023281596452328
1804 0.7024930747922438
1805 0.7026578073089701
1806 0.7022689540675152
1807 0.702433628318584
1808 0.7020453289110006
1809 0.7022099447513812
1810 0.7023743787962452
1811 0.7019867549668874
1812 0.7015995587424159
1813 0.7017640573318633
1814 0.7013774104683196
1815 0.7015418502202643
1816 0.7017061089708311
1817 0.7013201320132013
1818 0.7009345794392523
1819 0.701098901098901
1820 0.7012630422844591
1821 0.7014270032930845
1822 0.7010422380691168
1823 0.7012061403508771
1824 0.7008219178082192
1825 0.7009857612267251
1826 0.7011494252873564
1827 0.7007658643326039
1828 0.7003827227993439
1829 0.7005464480874317
1830 0.7007099945385036
1831 0.7008733624454149
1832 0.7010365521003818
1833 0.7006543075245365
1834 0.7002724795640327
1835 0.6998910675381264
1836 0.7000544365813827
1837 0.6996735582154516
1838 0.6998368678629691
1839 0.7
1840 0.6996197718631179
1841 0.6997828447339848
1842 0.6999457406402605
1843 0.7001084598698482
1844 0.699728997289973
1845 0.6998916576381365
1846 0.7000541418516514
1847 0.7002164502164502
1848 0.6998377501352082
1849 0.6994594594594594
1850 0.6990815775256618
1851 0.6987041036717062
1852 0.6988667026443605
1853 0.6990291262135923
1854 0.6991913746630728
1855 0.6993534482758621
1856 0.6995153473344103
1857 0.6991388589881593
1858 0.6993006993006993
1859 0.6994623655913978
1860 0.6996238581407845
1861 0.6997851772287863
1862 0.6994095544820182
1863 0.6995708154506438
1864 0.6991957104557641
1865 0.6993569131832797
1866 0.6995179432244242
1867 0.6991434689507494
1868 0.6993044408774746
1869 0.6989304812834225
1870 0.6990913949759487
1871 0.6992521367521367
1872 0.6994127068873465
1873 0.69957310565635
1874 0.6997333333333333
1875 0.6993603411513859
1876 0.6995205114544486
1877 0.6996805111821086
1878 0.6998403406067057
1879 0.7
1880 0.6996278575225944
1881 0.6997874601487779
1882 0.6994158258098778
1883 0.6990445859872612
1884 0.6986737400530504
1885 0.6988335100742312
1886 0.6989931107578167
1887 0.6991525423728814
1888 0.698782424563261
1889 0.6984126984126984
1890 0.698572184029614
1891 0.6982029598308668
1892 0.6983623877443211
1893 0.6985216473072862
1894 0.6986807387862797
1895 0.6988396624472574
1896 0.69847127042699
1897 0.6986301369863014
1898 0.69826224328594
1899 0.6984210526315789
1900 0.6985796948974224
1901 0.6987381703470031
1902 0.6988964792433
1903 0.6990546218487395
1904 0.6992125984251969
1905 0.6993704092339978
1906 0.6990036706869428
1907 0.6986373165618449
1908 0.6987951807228916
1909 0.6989528795811518
1910 0.6991104133961277
1911 0.6992677824267782
1912 0.6994249869315212
1913 0.6990595611285266
1914 0.6986945169712794
1915 0.6988517745302714
1916 0.6990088680229525
1917 0.6986444212721585
1918 0.6988014590932777
1919 0.6989583333333333
1920 0.6985944820406038
1921 0.6987513007284079
1922 0.6983879355174207
1923 0.6985446985446986
1924 0.6987012987012987
1925 0.6983385254413291
1926 0.6984950700570836
1927 0.6986514522821576
1928 0.6982892690513219
1929 0.6984455958549223
1930 0.6986017607457276
1931 0.69824016563147
1932 0.6983962752198655
1933 0.6985522233712513
1934 0.6981912144702842
1935 0.6978305785123967
1936 0.697986577181208
1937 0.6981424148606811
1938 0.6982980917998969
1939 0.6979381443298969
1940 0.6980937660999484
1941 0.698249227600412
1942 0.6984045290787442
1943 0.698045267489712
1944 0.6982005141388175
1945 0.697841726618705
1946 0.6979969183359014
1947 0.6981519507186859
1948 0.698306824012314
1949 0.6979487179487179
1950 0.6981035366478728
1951 0.6982581967213115
1952 0.6984126984126984
1953 0.6985670419651996
1954 0.6987212276214834
1955 0.6988752556237219
1956 0.6990291262135923
1957 0.6991828396322778
1958 0.698825931597754
1959 0.6989795918367347
1960 0.6986231514533401
1961 0.6987767584097859
1962 0.6989302088639837
1963 0.6985743380855397
1964 0.6987277353689567
1965 0.698880976602238
1966 0.6990340620233859
1967 0.6991869918699187
1968 0.6993397663788725
1969 0.6989847715736041
1970 0.6991374936580416
1971 0.6987829614604463
1972 0.6989356310187532
1973 0.6985815602836879
1974 0.6982278481012658
1975 0.6978744939271255
1976 0.6980273141122914
1977 0.6981799797775531
1978 0.6978271854471956
1979 0.697979797979798
1980 0.6981322564361434
1981 0.6977800201816348
1982 0.6979324256177509
1983 0.6975806451612904
1984 0.6972292191435768
1985 0.6973816717019133
1986 0.6975339708102667
1987 0.6976861167002012
1988 0.6973353443941679
1989 0.6974874371859296
1990 0.6976393771973882
1991 0.6977911646586346
1992 0.6974410436527847
1993 0.697592778335005
1994 0.6977443609022557
1995 0.6978957915831663
1996 0.6975463194792189
1997 0.6976976976976977
1998 0.6978489244622311
1999 0.698
2000 0.6981509245377311
2001 0.6983016983016983
2002 0.6984523215177234
2003 0.6981037924151696
2004 0.6977556109725686
2005 0.6979062811565304
2006 0.6980568011958147
2007 0.6982071713147411
2008 0.6983573917371827
2009 0.6985074626865672
2010 0.6981601193436101
2011 0.69831013916501
2012 0.6979632389468455
2013 0.6981132075471698
2014 0.6982630272952853
2015 0.6979166666666666
2016 0.6980664352999504
2017 0.6977205153617443
2018 0.6978702327885091
2019 0.6975247524752475
2020 0.6976744186046512
2021 0.6973293768545994
2022 0.6969846762234305
2023 0.6966403162055336
2024 0.6967901234567901
2025 0.6969397828232972
2026 0.6965959546127282
2027 0.6967455621301775
2028 0.6964021685559388
2029 0.696551724137931
2030 0.6967011324470704
2031 0.6963582677165354
2032 0.6965076242006887
2033 0.696165191740413
2034 0.6958230958230959
2035 0.6959724950884086
2036 0.6961217476681394
2037 0.6957801766437685
2038 0.6959293771456596
2039 0.6955882352941176
2040 0.6957373836354728
2041 0.6958863858961802
2042 0.6960352422907489
2043 0.6956947162426614
2044 0.6958435207823961
2045 0.6959921798631477
2046 0.6961406936980947
2047 0.6962890625
2048 0.6964372864812104
2049 0.6960975609756097
2050 0.6957581667479278
2051 0.6954191033138402
2052 0.6955674622503654
2053 0.695715676728335
2054 0.6958637469586375
2055 0.6960116731517509
2056 0.6961594555177443
2057 0.6963070942662779
2058 0.6964545896066051
2059 0.6961165048543689
2060 0.6962639495390587
2061 0.6959262851600388
2062 0.696073679108095
2063 0.6962209302325582
2064 0.6963680387409201
2065 0.6965150048402711
2066 0.6966618287373004
2067 0.6968085106382979
2068 0.6969550507491542
2069 0.6966183574879227
2070 0.6967648478995654
2071 0.6964285714285714
2072 0.6965750120598166
2073 0.6967213114754098
2074 0.6968674698795181
2075 0.6970134874759152
2076 0.6966779008184882
2077 0.6968238691049086
2078 0.696969696969697
2079 0.6966346153846154
2080 0.6967803940413263
2081 0.696445725264169
2082 0.6965914546327412
2083 0.6967370441458733
2084 0.6968824940047962
2085 0.6970278044103547
2086 0.6971729755630091
2087 0.6973180076628352
2088 0.6974629009095261
2089 0.6976076555023923
2090 0.6977522716403635
2091 0.6974187380497132
2092 0.6970855231724797
2093 0.6967526265520535
2094 0.696420047732697
2095 0.6965648854961832
2096 0.6962327134000954
2097 0.6963775023832222
2098 0.696522153406384
2099 0.6966666666666667
2100 0.6968110423607806
2101 0.6969552806850619
2102 0.6966238706609605
2103 0.6967680608365019
2104 0.6969121140142518
2105 0.6970560303893637
2106 0.6971998101566208
2107 0.6973434535104365
2108 0.6974869606448554
2109 0.6976303317535545
2110 0.6977735670298437
2111 0.6979166666666666
2112 0.6980596308566019
2113 0.6977294228949859
2114 0.6978723404255319
2115 0.6975425330812854
2116 0.6972130373169579
2117 0.6973559962228517
2118 0.6974988201982067
2119 0.6976415094339623
2120 0.6973125884016973
2121 0.6974552309142319
2122 0.6975977390485163
2123 0.6972693032015066
2124 0.6974117647058824
2125 0.6970837253057385
2126 0.6972261401034321
2127 0.6968984962406015
2128 0.697040864255519
2129 0.6967136150234742
2130 0.6968559361801971
2131 0.6965290806754222
2132 0.696671354899203
2133 0.6968134957825679
2134 0.6969555035128806
2135 0.6970973782771536
2136 0.6967711745437529
2137 0.69644527595884
2138 0.6965871902758298
2139 0.6967289719626168
2140 0.6968706212050444
2141 0.6970121381886087
2142 0.6971535230984601
2143 0.6972947761194029
2144 0.696969696969697
2145 0.6971109040074557
2146 0.696786213320913
2147 0.696927374301676
2148 0.6970684039087948
2149 0.6972093023255814
2150 0.697350069735007
2151 0.6974907063197026
2152 0.69763121226196
2153 0.6977715877437326
2154 0.6979118329466357
2155 0.698051948051948
2156 0.6981919332406119
2157 0.6978683966635774
2158 0.6980083371931449
2159 0.6976851851851852
2160 0.6978250809810274
2161 0.6975023126734505
2162 0.6971798428109107
2163 0.6968576709796673
2164 0.6965357967667436
2165 0.6966759002770083
2166 0.6968158744808491
2167 0.6969557195571956
2168 0.6966343937298294
2169 0.6967741935483871
2170 0.696453247351451
2171 0.6961325966850829
2172 0.6958122411412794
2173 0.6954921803127875
2174 0.6956321839080459
2175 0.6953125
2176 0.6954524575103354
2177 0.6955922865013774
2178 0.6957319871500688
2179 0.6958715596330275
2180 0.6955524988537368
2181 0.6956920256645279
2182 0.6958314246449839
2183 0.6959706959706959
2184 0.6956521739130435
2185 0.6957913998170174
2186 0.6959304983996342
2187 0.6956124314442413
2188 0.6957514846962083
2189 0.6958904109589041
2190 0.6955727978092195
2191 0.6952554744525548
2192 0.6953944368445052
2193 0.6955332725615314
2194 0.6956719817767654
2195 0.6958105646630237
2196 0.6959490213928083
2197 0.6956323930846224
2198 0.6957708049113234
2199 0.6959090909090909
2200 0.6955929123125852
2201 0.6952770208900999
2202 0.6949614162505674
2203 0.6950998185117967
2204 0.6952380952380952
2205 0.6949229374433363
2206 0.6950611690077028
2207 0.6951992753623188
2208 0.694884563150747
2209 0.6950226244343891
2210 0.6951605608322027
2211 0.6948462929475587
2212 0.6949841843651152
2213 0.6951219512195121
2214 0.6952595936794582
2215 0.6953971119133574
2216 0.6955345060893099
2217 0.6956717763751127
2218 0.6958089229382605
2219 0.6959459459459459
2220 0.6960828455650608
2221 0.6957695769576958
2222 0.695906432748538
2223 0.6955935251798561
2224 0.6957303370786517
2225 0.6954177897574124
2226 0.695554557700943
2227 0.6952423698384201
2228 0.6953790937640197
2229 0.6955156950672646
2230 0.6956521739130435
2231 0.6957885304659498
2232 0.6959247648902821
2233 0.6960608773500447
2234 0.6957494407158836
2235 0.6958855098389982
2236 0.6955744300402324
2237 0.6952636282394995
2238 0.6953997320232247
2239 0.6955357142857143
2240 0.6956715751896475
2241 0.695807314897413
2242 0.6954971020954079
2243 0.6951871657754011
2244 0.6953229398663697
2245 0.6954585930543188
2246 0.6955941255006676
2247 0.6957295373665481
2248 0.6958648288128056
2249 0.696
2250 0.6961350510884051
2251 0.6962699822380106
2252 0.6964047936085219
2253 0.6965394853593612
2254 0.6966740576496674
2255 0.6968085106382979
2256 0.696942844483828
2257 0.6970770593445527
2258 0.6967684816290394
2259 0.6969026548672567
2260 0.6965944272445821
2261 0.6967285587975243
2262 0.6964206805125939
2263 0.6965547703180212
2264 0.6962472406181015
2265 0.6959399823477493
2266 0.6956329951477724
2267 0.6957671957671958
2268 0.6959012780960776
2269 0.6960352422907489
2270 0.6961690885072656
2271 0.6963028169014085
2272 0.6959964804223493
2273 0.6956904133685137
2274 0.6958241758241758
2275 0.695518453427065
2276 0.6956521739130435
2277 0.6957857769973661
2278 0.6959192628345766
2279 0.6960526315789474
2280 0.6957474791758
2281 0.6954425942156004
2282 0.695137976346912
2283 0.6948336252189142
2284 0.6945295404814005
2285 0.694663167104112
2286 0.694796676869261
2287 0.694493006993007
2288 0.6946264744429882
2289 0.6947598253275109
2290 0.6944565691837625
2291 0.694153577661431
2292 0.6942869603139992
2293 0.6944202266782912
2294 0.6945533769063181
2295 0.6946864111498258
2296 0.694819329560296
2297 0.6949521322889469
2298 0.6946498477598956
2299 0.6947826086956522
2300 0.6944806605823555
2301 0.6946133796698523
2302 0.6947459834997829
2303 0.6948784722222222
2304 0.6950108459869848
2305 0.6951431049436253
2306 0.6948417858690941
2307 0.6949740034662045
2308 0.6951061065396276
2309 0.6948051948051948
2310 0.694937256598875
2311 0.6950692041522492
2312 0.695201037613489
2313 0.6949006050129646
2314 0.6950323974082073
2315 0.6947322970639033
2316 0.6944324557617609
2317 0.6945642795513374
2318 0.6946959896507116
2319 0.694396551724138
2320 0.6945282205945713
2321 0.6946597760551249
2322 0.69479121825226
2323 0.6944922547332186
2324 0.6946236559139785
2325 0.6947549441100602
2326 0.6948861194671251
2327 0.6945876288659794
2328 0.6947187634177758
2329 0.6948497854077254
2330 0.694980694980695
2331 0.6946826758147513
2332 0.6948135447921132
2333 0.6949443016281063
2334 0.6950749464668095
2335 0.6952054794520548
2336 0.6953359007274283
2337 0.6954662104362703
2338 0.6955964087216759
2339 0.6957264957264957
2340 0.6958564715933362
2341 0.6959863364645602
2342 0.6961160904822876
2343 0.6962457337883959
2344 0.6959488272921108
2345 0.696078431372549
2346 0.6962079250106519
2347 0.6963373083475298
2348 0.6964665815240528
2349 0.6965957446808511
2350 0.6967247979583157
2351 0.6964285714285714
2352 0.6961325966850829
2353 0.6962616822429907
2354 0.6963906581740976
2355 0.6965195246179966
2356 0.6966482817140432
2357 0.6963528413910093
2358 0.6964815599830436
2359 0.6966101694915254
2360 0.6967386700550614
2361 0.6968670618120237
2362 0.6969953449005502
2363 0.6967005076142132
2364 0.6968287526427062
2365 0.6969568892645815
2366 0.697084917617237
2367 0.6972128378378378
2368 0.6973406500633178
2369 0.6974683544303798
2370 0.6975959510754955
2371 0.6977234401349073
2372 0.6978508217446271
2373 0.697978096040438
2374 0.6976842105263158
2375 0.6973905723905723
2376 0.6975178796802692
2377 0.6972245584524811
2378 0.6969314838167298
2379 0.6970588235294117
2380 0.6971860562788744
2381 0.6968933669185559
2382 0.6966009232060428
2383 0.6967281879194631
2384 0.6968553459119496
2385 0.6969823973176865
2386 0.6971093422706326
2387 0.6972361809045227
2388 0.6973629133528673
2389 0.697489539748954
2390 0.6971978251777499
2391 0.6969063545150501
2392 0.6966151274550773
2393 0.6967418546365914
2394 0.6968684759916492
2395 0.6969949916527546
2396 0.6971214017521903
2397 0.6972477064220184
2398 0.6973739057940809
2399 0.6975
2400 0.6976259891711787
2401 0.697751873438801
2402 0.6974615064502705
2403 0.697171381031614
2404 0.6972972972972973
2405 0.6974231088944306
2406 0.6975488159534691
2407 0.6972591362126246
2408 0.6973848069738481
2409 0.6975103734439834
2410 0.6976358357527996
