0 0.7012445688195007
1 0.7018790929625356
2 0.7013820135809058
3 0.7013820135809058
4 0.7033706099122872
5 0.7027354419127367
6 0.7018199257273554
7 0.7018199257273554
8 0.7027844272110744
9 0.7027844272110744
10 0.7016543299761355
11 0.7016543299761355
12 0.7020158487333064
13 0.6969057216349079
14 0.7002582324683305
15 0.7001138396487234
16 0.7006094173949986
17 0.7006094173949986
18 0.7006094173949986
19 0.7056349564015065
20 0.7056349564015065
21 0.7071716567257887
22 0.7076701969546858
23 0.7084349133857688
24 0.7066731643625899
25 0.7066731643625899
26 0.70730481615083
27 0.7066731643625899
28 0.7061747189158911
29 0.7094662017331193
30 0.7095603840937976
31 0.7095603840937976
32 0.7087016404320307
33 0.7082135874877811
34 0.7082135874877811
35 0.7082135874877811
36 0.7082135874877811
37 0.7093401759530792
38 0.7087134386246761
39 0.7073297828909042
40 0.7073297828909042
41 0.7073297828909042
42 0.7067010227290802
43 0.7067010227290802
44 0.7068305115423562
45 0.7078290957185838
46 0.7067010227290802
47 0.7067010227290802
48 0.7051779649803731
49 0.7045464780534132
50 0.7051779649803731
51 0.7051779649803731
52 0.7051779649803731
53 0.7055428104680332
54 0.7055428104680332
55 0.7050446216809523
56 0.7027354419127367
57 0.7027354419127367
58 0.7022384366676777
59 0.7023762181800328
60 0.7030104816040441
61 0.7030104816040441
62 0.7025131423173417
63 0.7025131423173417
64 0.7020158487333064
65 0.7044124565734768
66 0.7079580864979625
67 0.7079580864979625
68 0.7079580864979625
69 0.7079580864979625
70 0.7090856614535689
71 0.7085859350044552
72 0.7090856614535689
73 0.7090856614535689
74 0.7090856614535689
75 0.70570293658675
76 0.7063312807298281
77 0.7058320895111871
78 0.7058320895111871
79 0.7063312807298281
80 0.7065874316764658
81 0.70394631217288
82 0.7045753616311435
83 0.7055729497395766
84 0.7055729497395766
85 0.7060879017532717
86 0.7060879017532717
87 0.7065874316764658
88 0.7065874316764658
89 0.7065874316764658
90 0.7065874316764658
91 0.7075866047315413
92 0.7075866047315413
93 0.7080862497448178
94 0.7058320895111871
95 0.7052039535925146
96 0.7052039535925146
97 0.7042061030521372
98 0.7035779292775564
99 0.7035779292775564
100 0.7035779292775564
101 0.7032084001794576
102 0.7032084001794576
103 0.7037072336265884
104 0.7030792691590024
105 0.7010606577815625
106 0.7001966889271102
107 0.7001966889271102
108 0.6990696088102948
109 0.6996987674795982
110 0.6996987674795982
111 0.6988045118025554
112 0.6988045118025554
113 0.699435017882181
114 0.6988045118025554
115 0.699301865312842
116 0.7011926367643246
117 0.7011926367643246
118 0.7038357017667067
119 0.7043347440117936
120 0.7043347440117936
121 0.7038357017667067
122 0.7044448767500731
123 0.7044448767500731
124 0.70394631217288
125 0.7034477866755373
126 0.7024209903887346
127 0.7024209903887346
128 0.7024209903887346
129 0.7024209903887346
130 0.7024209903887346
131 0.7005242327411967
132 0.7008849790890306
133 0.7021517487843638
134 0.7021517487843638
135 0.700927830003917
136 0.700927830003917
137 0.7002966841346989
138 0.700927830003917
139 0.7016906650275304
140 0.7016906650275304
141 0.7016906650275304
142 0.7016906650275304
143 0.7018219721805741
144 0.7000271125169453
145 0.7000271125169453
146 0.7000271125169453
147 0.7006596196160877
148 0.7014255101831557
149 0.7024209903887346
150 0.7024209903887346
151 0.7024209903887346
152 0.7025543362316126
153 0.7025543362316126
154 0.7025543362316126
155 0.7034641539027229
156 0.7039633357261802
157 0.7022108374721092
158 0.7000650618087183
159 0.699435017882181
160 0.7007941513234834
161 0.7016906650275304
162 0.7016906650275304
163 0.7016906650275304
164 0.7046796545983078
165 0.7040483786393017
166 0.7034166366692962
167 0.7043135526831179
168 0.7048119883285264
169 0.7049434813482484
170 0.7044448767500731
171 0.7065707011359186
172 0.7055729497395766
173 0.7049434813482484
174 0.7062019593182294
175 0.7062019593182294
176 0.7052039535925146
177 0.7047050093943716
178 0.7047050093943716
179 0.7040766264552012
180 0.7035779292775564
181 0.7035779292775564
182 0.7035779292775564
183 0.7035779292775564
184 0.7035779292775564
185 0.7037072336265884
186 0.7038357017667067
187 0.7033366944192847
188 0.7060879017532717
189 0.7082142376949243
190 0.7082142376949243
191 0.7093386529639226
192 0.7093386529639226
193 0.7074586078671417
194 0.7080903513307011
195 0.7080903513307011
196 0.7083373078626196
197 0.7074580054231735
198 0.7084595637659028
199 0.7089603900060939
200 0.7070898224259259
201 0.7070898224259259
202 0.7070898224259259
203 0.7070898224259259
204 0.7070898224259259
205 0.7064654162925954
206 0.7064654162925954
207 0.7064654162925954
208 0.7069654586576016
209 0.7082142376949243
210 0.7082142376949243
211 0.7082142376949243
212 0.7082142376949243
213 0.7082142376949243
214 0.7062145651122929
215 0.7058089867030943
216 0.7074371376625159
217 0.7080676509126675
218 0.709196983017454
219 0.7086977020432406
220 0.7086977020432406
221 0.7076992753623188
222 0.7075686233689895
223 0.7066731643625899
224 0.7068061608216472
225 0.7063075513214445
226 0.7063075513214445
227 0.7084576064635789
228 0.7079580864979625
229 0.7092133298616332
230 0.7092133298616332
231 0.7093401759530792
232 0.7093401759530792
233 0.7104667644183773
234 0.7104667644183773
235 0.7104667644183773
236 0.7085906677454272
237 0.710091836102337
238 0.7099664631734737
239 0.7099664631734737
240 0.7099664631734737
241 0.7087134386246761
242 0.7087134386246761
243 0.7087134386246761
244 0.7087134386246761
245 0.7105923017264016
246 0.7008129720179201
247 0.7008129720179201
248 0.700959451460142
249 0.7004639814123861
250 0.7004639814123861
251 0.7001704649760038
252 0.7001704649760038
253 0.7013083379741973
254 0.6998734066580253
255 0.6998734066580253
256 0.7003682285488335
257 0.7015075128509292
258 0.7020459408058957
259 0.7020459408058957
260 0.7023481448863778
261 0.7023481448863778
262 0.7017025692417853
263 0.701056482261815
264 0.701358059032607
265 0.7021514073665034
266 0.7021514073665034
267 0.7050003147362587
268 0.7056349564015065
269 0.7056349564015065
270 0.7052732588870608
271 0.7045027831568969
272 0.7040053010751005
273 0.7026714325101422
274 0.7051372119696508
275 0.7051372119696508
276 0.7056349564015065
277 0.7056349564015065
278 0.7056349564015065
279 0.7062691228642011
280 0.7062691228642011
281 0.7069028156221617
282 0.7069028156221617
283 0.7060410453617956
284 0.7033706099122872
285 0.7033706099122872
286 0.7033706099122872
287 0.703507867540565
288 0.7015365906494939
289 0.7015365906494939
290 0.7015365906494939
291 0.7015365906494939
292 0.7005443909280481
293 0.7010404646327857
294 0.6986853788476717
295 0.7005443909280481
296 0.7011824012157026
297 0.7005443909280481
298 0.6992669069281972
299 0.6992669069281972
300 0.6992669069281972
301 0.6997625434170048
302 0.6997625434170048
303 0.7006095683914497
304 0.7012445688195007
305 0.7028129940270781
306 0.7025966345895382
307 0.7030935234997904
308 0.701291658283948
309 0.7023762181800328
310 0.7023762181800328
311 0.696559119903855
312 0.696559119903855
313 0.6957166905360326
314 0.6957166905360326
315 0.6957166905360326
316 0.6951250057064737
317 0.6944341775208582
318 0.6949283816719436
319 0.6958110913404507
320 0.6958110913404507
321 0.6964564055953084
322 0.6996753787556309
323 0.6996753787556309
324 0.6995274564119276
325 0.6979384948230567
326 0.6979384948230567
327 0.6974444050649027
328 0.69679864008654
329 0.69679864008654
330 0.69679864008654
331 0.69679864008654
332 0.6976334648831335
333 0.6976334648831335
334 0.6976334648831335
335 0.6976334648831335
336 0.6976334648831335
337 0.6976334648831335
338 0.696985995299273
339 0.696985995299273
340 0.696985995299273
341 0.696985995299273
342 0.6968313813349384
343 0.695962493963687
344 0.6978947189796167
345 0.6961129956893359
346 0.6966070747807942
347 0.6966070747807942
348 0.6966070747807942
349 0.6961523634280535
350 0.7023857044998694
351 0.701393617951405
352 0.7018896335745992
353 0.7018896335745992
354 0.7018896335745992
355 0.7008270618471171
356 0.7008270618471171
357 0.7014636693879746
358 0.7014636693879746
359 0.7011824012157026
360 0.7010404646327857
361 0.7010404646327857
362 0.7005443909280481
363 0.7011824012157026
364 0.7006861611863948
365 0.7006861611863948
366 0.7001899714382045
367 0.7059408143769832
368 0.7053104660204874
369 0.7053104660204874
370 0.7053104660204874
371 0.7003307041864109
372 0.7003307041864109
373 0.6998343947792586
374 0.7002508848444698
375 0.7002508848444698
376 0.7022867952851792
377 0.7022867952851792
378 0.7022867952851792
379 0.7022867952851792
380 0.7022867952851792
381 0.7029187922982304
382 0.7054610878441296
383 0.7054610878441296
384 0.7050889504192366
385 0.7054610878441296
386 0.706840273592635
387 0.706840273592635
388 0.7052152700745248
389 0.7057149003626644
390 0.7057149003626644
391 0.7057149003626644
392 0.7062145651122929
393 0.7060879017532717
394 0.7055884083136355
395 0.7055884083136355
396 0.7055884083136355
397 0.7050889504192366
398 0.70570293658675
399 0.7052039535925146
400 0.7052039535925146
401 0.7082135874877811
402 0.7085859350044552
403 0.7090856614535689
404 0.7090856614535689
405 0.7090856614535689
406 0.7090856614535689
407 0.7090856614535689
408 0.7100852416975907
409 0.7103404099784485
410 0.7110849980415197
411 0.711713420590736
412 0.7118410771816032
413 0.7118410771816032
414 0.7074010337587514
415 0.7054978967645555
416 0.7053599851524638
417 0.7054978967645555
418 0.7054978967645555
419 0.7054978967645555
420 0.7034504664816177
421 0.7023164338486602
422 0.7023164338486602
423 0.7023164338486602
424 0.7025290034344795
425 0.7025290034344795
426 0.7031678831892128
427 0.7025290034344795
428 0.6641118692989953
429 0.6952347870907019
430 0.6978183216128566
431 0.7015075128509292
432 0.6985084944696427
433 0.6929288846977113
434 0.698805528186268
435 0.7002182042960903
436 0.70486692219234
437 0.7060759580920871
438 0.7067874641767589
439 0.7047219569687779
440 0.7074266602626647
441 0.7075679262684162
442 0.7043029964466154
443 0.6985839741607034
444 0.6948582687272564
445 0.6977455097722358
446 0.6940548357700385
447 0.6915917985264108
448 0.6938366885409415
449 0.6931917698064691
450 0.6972138357077988
451 0.6964564055953084
452 0.6993272223285623
453 0.6977455097722358
454 0.6964564055953084
455 0.7019524352658677
456 0.6983893028377304
457 0.6971012112147594
458 0.7016543299761355
459 0.69096353873829
460 0.6906482419241595
461 0.6886815419605478
462 0.6903188245699805
463 0.6922853182109299
464 0.6917939891762923
465 0.6891698272229245
466 0.6917716629026507
467 0.6925981011873776
468 0.6937408591755286
469 0.693717551974835
470 0.6940548357700385
471 0.6984922876924198
472 0.6978411371922494
473 0.6986493631338621
474 0.698155884836738
475 0.6975057174531556
476 0.6944075137512522
477 0.6947034039267628
478 0.6963048359691018
479 0.6964564055953084
480 0.6936434269094425
481 0.6936434269094425
482 0.6959408234421707
483 0.693883573940631
484 0.6955701099464313
485 0.6965021794659209
486 0.696852076019107
487 0.7002582324683305
488 0.6964113062352013
489 0.6963572036447969
490 0.6969057216349079
491 0.696852076019107
492 0.6806483621460047
493 0.6806483621460047
494 0.6853229832644784
495 0.6846920018809045
496 0.68455522971652
497 0.682377017206623
498 0.6817420681551116
499 0.6817420681551116
500 0.6820930125025761
501 0.6890991781219522
502 0.6816298342541436
503 0.6806483621460047
504 0.6774130050121331
505 0.678218725335438
506 0.679198700034424
507 0.6798460061546963
508 0.6827358445559655
509 0.6840218952570428
510 0.6845139627397692
511 0.6850060710707707
512 0.6842107856907012
513 0.6873746904116051
514 0.6873746904116051
515 0.687520184487753
516 0.6876647764931143
517 0.6890818749018992
518 0.6884454130019959
519 0.6885875020496859
520 0.6923949017955007
521 0.6925319260703544
522 0.6925319260703544
523 0.6925319260703544
524 0.6930278104191148
525 0.6928906006037264
526 0.694027676889097
527 0.6941708927939616
528 0.6935329129770289
529 0.6935329129770289
530 0.6941708927939616
531 0.690627984410087
532 0.6891462049716046
533 0.6897178559442424
534 0.6892232603918079
535 0.6892232603918079
536 0.6891469564491106
537 0.6881567821554335
538 0.6896420877399139
539 0.6895033645809734
540 0.6878795976016732
541 0.6877396730265091
542 0.686039651981418
543 0.686039651981418
544 0.68540147777205
545 0.68540147777205
546 0.68540147777205
547 0.6864399769872553
548 0.6853059443542979
549 0.6836796930719854
550 0.683828599452067
551 0.6831875123515243
552 0.6803362932967132
553 0.6796887510085201
554 0.6796887510085201
555 0.67790253850218
556 0.6796887510085201
557 0.680956679256064
558 0.6842402430012944
559 0.6844182483194938
560 0.6876185829674202
561 0.6897402237219192
562 0.6890963905741465
563 0.6889445210774758
564 0.6884520520915549
565 0.6903835530934995
566 0.6915197602381106
567 0.6916687067257283
568 0.6901146698299723
569 0.6893115160755894
570 0.689130190457253
571 0.6876185829674202
572 0.6871260725706746
573 0.6866336066714365
574 0.6866336066714365
575 0.6860487141068952
576 0.686539947457889
577 0.6863821449952255
578 0.6857325347078846
579 0.6871882832026959
580 0.6894884900352629
581 0.69096353873829
582 0.69096353873829
583 0.69096353873829
584 0.69096353873829
585 0.69096353873829
586 0.6917716629026507
587 0.6916139661932399
588 0.6924208125542526
589 0.691436118469992
590 0.6920842878134942
591 0.6920842878134942
592 0.6910993664039561
593 0.6910993664039561
594 0.6910993664039561
595 0.6910993664039561
596 0.6910993664039561
597 0.6906069904900982
598 0.6906069904900982
599 0.6906069904900982
600 0.6899595116674393
601 0.6919284359186644
602 0.6907874301257705
603 0.6901382211817424
604 0.6901382211817424
605 0.69096353873829
606 0.6922792512010164
607 0.6903204096843398
608 0.689829349163256
609 0.689829349163256
610 0.6911353078969309
611 0.6911353078969309
612 0.6911353078969309
613 0.6932484663631455
614 0.6921060025507177
615 0.6902954017175705
616 0.6909438592498405
617 0.6884834031156354
618 0.6880139682127275
619 0.6880139682127275
620 0.687364412747089
621 0.6878556298092322
622 0.6878556298092322
623 0.6865544790073093
624 0.6865544790073093
625 0.6865544790073093
626 0.6865544790073093
627 0.6875361473010067
628 0.6875361473010067
629 0.6890090934681543
630 0.6890090934681543
631 0.6888474212887601
632 0.6890090934681543
633 0.691253954132068
634 0.690451657301
635 0.6885054185399828
636 0.6885054185399828
637 0.6889969254954873
638 0.6898034306861867
639 0.6898034306861867
640 0.6893115160755894
641 0.6893115160755894
642 0.6891546849651491
643 0.6898034306861867
644 0.6891546849651491
645 0.6881713748501788
646 0.6870312336247679
647 0.6870312336247679
648 0.6863821449952255
649 0.6863821449952255
650 0.6876798021944058
651 0.689776464832144
652 0.6874672583279406
653 0.6874672583279406
654 0.687276297585576
655 0.6864826505418472
656 0.6853467181162741
657 0.6858387245150555
658 0.6858387245150555
659 0.6848547554931477
660 0.6863611598578191
661 0.6866968169236853
662 0.6870312336247679
663 0.687836101225781
664 0.6863611598578191
665 0.6860487141068952
666 0.6858910923993573
667 0.6870452842109176
668 0.6870452842109176
669 0.6870452842109176
670 0.6875361473010067
671 0.6875361473010067
672 0.6875361473010067
673 0.6875361473010067
674 0.6875361473010067
675 0.6881874547064981
676 0.6881874547064981
677 0.6881874547064981
678 0.6881874547064981
679 0.6837819692846787
680 0.6837819692846787
681 0.6824595169889393
682 0.6839406811237797
683 0.6841066434282608
684 0.6860692606460916
685 0.6860692606460916
686 0.6852511845752598
687 0.685575506621557
688 0.6863957257222588
689 0.6933432269868425
690 0.6933432269868425
691 0.6947275394856041
692 0.6947275394856041
693 0.6944341775208582
694 0.6944341775208582
695 0.6947349317218647
696 0.69459524116229
697 0.6955863220168397
698 0.6957263698987259
699 0.6909148998235859
700 0.6919004041783524
701 0.6919004041783524
702 0.6979425286934794
703 0.6979663172728063
704 0.6998445415805549
705 0.7022181596587447
706 0.7032170748212228
707 0.7015835017801417
708 0.7009557125147856
709 0.700825601372733
710 0.700327468230694
711 0.6992008797653959
712 0.6996987674795982
713 0.7025806451612904
714 0.699932584792059
715 0.7011926367643246
716 0.7011926367643246
717 0.7004301885199233
718 0.7004301885199233
719 0.7004301885199233
720 0.694631092904213
721 0.6951250057064737
722 0.6940256977775003
723 0.6971012112147594
724 0.6967568459814232
725 0.6972511492635332
726 0.6972511492635332
727 0.6972511492635332
728 0.6972511492635332
729 0.6958110913404507
730 0.691436118469992
731 0.6991197561080338
732 0.6987606871006944
733 0.6987606871006944
734 0.6987606871006944
735 0.6987606871006944
736 0.7007941513234834
737 0.6932285191956125
738 0.6932285191956125
739 0.6946068116280882
740 0.6958551373485586
741 0.6951049845389312
742 0.6951049845389312
743 0.6954759293113955
744 0.6954759293113955
745 0.6950890770618177
746 0.6950890770618177
747 0.6967119145228988
748 0.6967119145228988
749 0.6975766810177775
750 0.6985719335864635
751 0.696815448576664
752 0.696815448576664
753 0.696815448576664
754 0.69731266363132
755 0.6929695733635193
756 0.6934667465804086
757 0.6915815741025604
758 0.6915815741025604
759 0.6925747018338819
760 0.6916229288875168
761 0.687520184487753
762 0.6884454130019959
763 0.6890818749018992
764 0.6890818749018992
765 0.6895762826462718
766 0.6908482098387989
767 0.6918380219348235
768 0.6907071522905477
769 0.6892904594459468
770 0.6901372496985869
771 0.6885135135135135
772 0.6875237819075201
773 0.6875237819075201
774 0.6875237819075201
775 0.6875237819075201
776 0.6870289585827588
777 0.6870289585827588
778 0.6883742859067224
779 0.6864690159075417
780 0.6877396730265091
781 0.6907706619663141
782 0.6869442018674695
783 0.6869442018674695
784 0.6864488402116538
785 0.6869442018674695
786 0.6864488402116538
787 0.6874395865267533
788 0.6874395865267533
789 0.6874395865267533
790 0.6874395865267533
791 0.690412429300783
792 0.6892846057281082
793 0.6897799278865271
794 0.6901372496985869
795 0.695455695789057
796 0.6948269018204469
797 0.6935679374389052
798 0.6930713056884334
799 0.6914486018405994
800 0.6972489130898183
801 0.6973601847589577
802 0.6961795901554938
803 0.6964090942656638
804 0.6972489130898183
805 0.6950626033545948
806 0.6956788872950825
807 0.6967105263157894
808 0.6967105263157894
809 0.6952311960589455
810 0.6958551373485586
811 0.6943594665751855
812 0.6943594665751855
813 0.6953565616303194
814 0.6972104685357836
815 0.6972104685357836
816 0.6962267545907252
817 0.6969698626558468
818 0.6975903438825639
819 0.6988300152395523
820 0.6988300152395523
821 0.7000679743639542
822 0.6994492081399553
823 0.6995673856275184
824 0.6996847415836314
825 0.6994492081399553
826 0.700450020298129
827 0.701069197282381
828 0.700568577942041
829 0.700568577942041
830 0.700450020298129
831 0.700330640519183
832 0.700330640519183
833 0.700330640519183
834 0.700450020298129
835 0.700450020298129
836 0.7002104367512212
837 0.7002104367512212
838 0.7002104367512212
839 0.7002104367512212
840 0.6987103796459618
841 0.6987103796459618
842 0.6959467897182721
843 0.694971728931612
844 0.6957106785914922
845 0.6957106785914922
846 0.6957106785914922
847 0.6957106785914922
848 0.6942302365923702
849 0.6937311422487411
850 0.6927329893274403
851 0.6926113292405098
852 0.6927395569177628
853 0.6927395569177628
854 0.6923654762176084
855 0.6907465313012314
856 0.6913685662169531
857 0.6913685662169531
858 0.6913685662169531
859 0.6912447675699493
860 0.6908701293021764
861 0.6897500935387786
862 0.6902483069291743
863 0.6891280476413955
864 0.6911201183664002
865 0.6901240589222903
866 0.6907465313012314
867 0.6913685662169531
868 0.6940922786708499
869 0.6940922786708499
870 0.6929737860882936
871 0.6929737860882936
872 0.6929737860882936
873 0.6935925985222273
874 0.6935925985222273
875 0.6935925985222273
876 0.6935925985222273
877 0.6930929264909848
878 0.6938287764203994
879 0.6938287764203994
880 0.6928538076527144
881 0.6938287764203994
882 0.6958291488979774
883 0.6953290436021615
884 0.6960636028698856
885 0.69644710215775
886 0.69644710215775
887 0.69644710215775
888 0.695481083211607
889 0.6953565616303194
890 0.6923654762176084
891 0.692116233302343
892 0.6901240589222903
893 0.6938609453961652
894 0.6913685662169531
895 0.6881269315941888
896 0.6881269315941888
897 0.6911147795688484
898 0.6911147795688484
899 0.6938287764203994
900 0.6935925985222273
901 0.6920936031276601
902 0.6914754189788349
903 0.6919748679353963
904 0.6919748679353963
905 0.6919748679353963
906 0.6918552935057374
907 0.6919748679353963
908 0.6919748679353963
909 0.6919748679353963
910 0.6924743233343522
911 0.6924743233343522
912 0.6922115009159038
913 0.6920936031276601
914 0.6933287005496028
915 0.6938287764203994
916 0.6939727373151816
917 0.694472227617013
918 0.694472227617013
919 0.6937311422487411
920 0.6932320601324808
921 0.6932320601324808
922 0.6927329893274403
923 0.6907465313012314
924 0.6933287005496028
925 0.6938287764203994
926 0.6939456165536959
927 0.6933287005496028
928 0.6939456165536959
929 0.6939456165536959
930 0.6943288582773686
931 0.6944459001833019
932 0.6938287764203994
933 0.6936761219478615
934 0.6937902723068086
935 0.6926747541731357
936 0.6932893821634862
937 0.6925601879658866
938 0.6960733173947693
939 0.6942386365180833
940 0.6963955520656552
941 0.6970045058286338
942 0.6967916905391391
943 0.695786202122959
944 0.69251218003248
945 0.6933776749566223
946 0.6933776749566223
947 0.6934821965230191
948 0.6941924668058191
949 0.6936888137772145
950 0.6931851449344041
951 0.6936888137772145
952 0.6937902723068086
953 0.6937902723068086
954 0.6924447915389657
955 0.6904765367461703
956 0.6902483069291743
957 0.6901240589222903
958 0.6901240589222903
959 0.6906220821661998
960 0.6906220821661998
961 0.6898730000295001
962 0.6898730000295001
963 0.6898730000295001
964 0.6896185109034931
965 0.6898730000295001
966 0.6898730000295001
967 0.6898730000295001
968 0.6886241099536414
969 0.6907410479345836
970 0.6907410479345836
971 0.6907410479345836
972 0.6919903357919804
973 0.6919903357919804
974 0.6926143138734091
975 0.6926143138734091
976 0.6926143138734091
977 0.6926143138734091
978 0.6926143138734091
979 0.6914915162322786
980 0.6908701293021764
981 0.6908701293021764
982 0.6902483069291743
983 0.7010891663937135
984 0.7000894071252706
985 0.6999675497572923
986 0.6985899163769249
987 0.6980901219436255
988 0.6985899163769249
989 0.6987103796459618
990 0.7016506689936008
991 0.7017645241599884
992 0.7032698788762024
993 0.702422943034327
994 0.7051154845626851
995 0.7058410256643102
996 0.7052272606170406
997 0.7052272606170406
998 0.7052272606170406
999 0.7057298598247863
1000 0.7057298598247863
1001 0.7058410256643102
1002 0.7067350961539918
1003 0.7072377351173162
1004 0.7055051340259109
1005 0.7053382385519679
1006 0.7046130850992636
1007 0.7050029086678301
1008 0.7050029086678301
1009 0.7037716885122871
1010 0.7043875064510567
1011 0.7045006968865937
1012 0.7046130850992636
1013 0.7041106972102869
1014 0.7046130850992636
1015 0.7046130850992636
1016 0.7042735120468687
1017 0.7042735120468687
1018 0.7037716885122871
1019 0.7028815109608872
1020 0.7023795356482183
1021 0.7023795356482183
1022 0.7023795356482183
1023 0.703496310373741
1024 0.7036083199767527
1025 0.702768082218344
1026 0.702768082218344
1027 0.702768082218344
1028 0.7047246728205314
1029 0.7037195277856366
1030 0.7028244395522525
1031 0.7027144173761912
1032 0.7021012430297398
1033 0.7021012430297398
1034 0.7028244395522525
1035 0.7034366006433046
1036 0.7040483574714669
1037 0.7035452197132057
1038 0.7035452197132057
1039 0.7035452197132057
1040 0.7035452197132057
1041 0.702933662019382
1042 0.702933662019382
1043 0.7053774840037632
1044 0.7063849522695926
1045 0.7045515006408861
1046 0.7044424955393594
1047 0.7044424955393594
1048 0.7044424955393594
1049 0.7049454536435369
1050 0.7049454536435369
1051 0.7055578068769468
1052 0.7055578068769468
1053 0.7055578068769468
1054 0.7060073738820059
1055 0.7081301759646033
1056 0.7081301759646033
1057 0.7075141896615256
1058 0.7075141896615256
1059 0.7075141896615256
1060 0.7080164967366892
1061 0.7080164967366892
1062 0.7053915706024572
1063 0.7055051340259109
1064 0.7029941338035333
1065 0.7026035938036617
1066 0.7027530247047744
1067 0.7034366006433046
1068 0.7034366006433046
1069 0.7049454536435369
1070 0.7044424955393594
1071 0.7044424955393594
1072 0.7044424955393594
1073 0.7054484200743494
1074 0.7054484200743494
1075 0.7037195277856366
1076 0.7012424547147116
1077 0.7005264556014392
1078 0.7072848607222
1079 0.7057742030236328
1080 0.7060928783597769
1081 0.7048354617676116
1082 0.7049454536435369
1083 0.7055578068769468
1084 0.7046597113684192
1085 0.7055578068769468
1086 0.7051630529235517
1087 0.7056664006384676
1088 0.7052706636634051
1089 0.7057742030236328
1090 0.7045515006408861
1091 0.7052706636634051
1092 0.7019277978448426
1093 0.7032565478316501
1094 0.7028244395522525
1095 0.702321700645723
1096 0.702933662019382
1097 0.7025389567705513
1098 0.7015327045005152
1099 0.7036530430747816
1100 0.7024307280579922
1101 0.7032169687112764
1102 0.7026538458274278
1103 0.7037716885122871
1104 0.7068466345503089
1105 0.7057298598247863
1106 0.7079634092758316
1107 0.7090801840013542
1108 0.7091900841956462
1109 0.7087457462692224
1110 0.7034528904098469
1111 0.7030718507058925
1112 0.7030718507058925
1113 0.7030718507058925
1114 0.7030718507058925
1115 0.7029241746149204
1116 0.7035416537747994
1117 0.7035416537747994
1118 0.7038094593228228
1119 0.7038094593228228
1120 0.7043105584629513
1121 0.7049292723310541
1122 0.7061654269524702
1123 0.7055475613680382
1124 0.7055475613680382
1125 0.7061654269524702
1126 0.7008308835414087
1127 0.7002104367512212
1128 0.6974681876732113
1129 0.6979663172728063
1130 0.6979663172728063
1131 0.699345779781313
1132 0.6997174948280573
1133 0.6997174948280573
1134 0.6998445415805549
1135 0.7003433308119358
1136 0.6994718046527129
1137 0.6989728851924181
1138 0.6989728851924181
1139 0.6983464993097744
1140 0.697847084935553
1141 0.6979690194559032
1142 0.6999496062609667
1143 0.700568577942041
1144 0.700450020298129
1145 0.7008308835414087
1146 0.7007104925303456
1147 0.7013311453988802
1148 0.7007104925303456
1149 0.7023317293149882
1150 0.7029523615001556
1151 0.7012105682201294
1152 0.7012105682201294
1153 0.7056952125995646
1154 0.7056952125995646
1155 0.7026896463145915
1156 0.7017106647449814
1157 0.7013434260774687
1158 0.6979751188527784
1159 0.6970978977609864
1160 0.6970978977609864
1161 0.6970978977609864
1162 0.696472008339887
1163 0.6954759293113955
1164 0.696472008339887
1165 0.6959739567508231
1166 0.6969700850049407
1167 0.6973393421757526
1168 0.6968414245997069
1169 0.6959739567508231
1170 0.6958456697359423
1171 0.696472008339887
1172 0.6952188805183652
1173 0.6922334721743378
1174 0.6902235933909504
1175 0.6903542517000065
1176 0.6900529678757719
1177 0.6909080008760307
1178 0.6910444621638677
1179 0.6910444621638677
1180 0.6910444621638677
1181 0.6934342082262179
1182 0.6936602492774357
1183 0.6923071281094025
1184 0.6928033550820659
1185 0.6935679374389052
1186 0.6940645980139246
1187 0.6930713056884334
1188 0.6930713056884334
1189 0.695554761986293
1190 0.6946945259042033
1191 0.6940645980139246
1192 0.6946945259042033
1193 0.6932996120750804
1194 0.6932996120750804
1195 0.6932996120750804
1196 0.694923723591482
1197 0.6936602492774357
1198 0.6936602492774357
1199 0.6930278104191148
1200 0.6922570014456553
1201 0.6922570014456553
1202 0.6923949017955007
1203 0.6914036028632731
1204 0.6914036028632731
1205 0.6914036028632731
1206 0.6917615219294755
1207 0.6917615219294755
1208 0.6904933425464453
1209 0.6878084687436743
1210 0.6891462049716046
1211 0.6891462049716046
1212 0.6891462049716046
1213 0.6902786413833657
1214 0.6905652065474517
1215 0.6900707262165462
1216 0.6902124862658923
1217 0.6900707262165462
1218 0.6900707262165462
1219 0.6901340173723379
1220 0.6899280752141788
1221 0.6899280752141788
1222 0.687520184487753
1223 0.6894947535837503
1224 0.6894947535837503
1225 0.690422370340497
1226 0.6891462049716046
1227 0.6891462049716046
1228 0.6899280752141788
1229 0.6998445415805549
1230 0.7003433308119358
1231 0.7009687193274442
1232 0.7003433308119358
1233 0.7013409952921046
1234 0.6992008797653959
1235 0.699567317905947
1236 0.699435017882181
1237 0.699435017882181
1238 0.6979425286934794
1239 0.6969477028347997
1240 0.6970791018070119
1241 0.6972096475678421
1242 0.6965815527362322
1243 0.6970791018070119
1244 0.6980742913000977
1245 0.6975766810177775
1246 0.6975766810177775
1247 0.6975766810177775
1248 0.6969477028347997
1249 0.6963182658001941
1250 0.6974450996933288
1251 0.6974450996933288
1252 0.6974450996933288
1253 0.69731266363132
1254 0.69731266363132
1255 0.69731266363132
1256 0.69731266363132
1257 0.69731266363132
1258 0.6951914319070595
1259 0.6946945259042033
1260 0.6946945259042033
1261 0.6940645980139246
1262 0.6946945259042033
1263 0.693832803488673
1264 0.693832803488673
1265 0.693832803488673
1266 0.693832803488673
1267 0.6937008018271644
1268 0.6932039818947061
1269 0.6905487008074389
1270 0.6905487008074389
1271 0.6918449197860963
1272 0.6912169612342098
1273 0.6912169612342098
1274 0.6912169612342098
1275 0.6912169612342098
1276 0.6917136793909152
1277 0.6917136793909152
1278 0.6917136793909152
1279 0.6917136793909152
1280 0.6910850483730453
1281 0.6910850483730453
1282 0.6910850483730453
1283 0.6917136793909152
1284 0.6917136793909152
1285 0.6932039818947061
1286 0.6941976495207693
1287 0.6937008018271644
1288 0.693832803488673
1289 0.6919449618560973
1290 0.6919449618560973
1291 0.6923071281094025
1292 0.6923071281094025
1293 0.6923071281094025
1294 0.6928033550820659
1295 0.6928033550820659
1296 0.6928033550820659
1297 0.6939306822193794
1298 0.6930278104191148
1299 0.6936602492774357
1300 0.6935237278439575
1301 0.6935237278439575
1302 0.6945156656552285
1303 0.6943779055963605
1304 0.6946525538924144
1305 0.6951487579522284
1306 0.6951487579522284
1307 0.6957813799408714
1308 0.6961412742518022
1309 0.6961412742518022
1310 0.6961412742518022
1311 0.6961412742518022
1312 0.6961412742518022
1313 0.6955077469804775
1314 0.6940997612233752
1315 0.6940997612233752
1316 0.6937436493315634
1317 0.6932480642122436
1318 0.6937436493315634
1319 0.6937436493315634
1320 0.6942392715224683
1321 0.6942392715224683
1322 0.6942392715224683
1323 0.6942392715224683
1324 0.6931089176279119
1325 0.6931089176279119
1326 0.6931089176279119
1327 0.6931089176279119
1328 0.6931089176279119
1329 0.6931089176279119
1330 0.6899280752141788
1331 0.6892904594459468
1332 0.690422370340497
1333 0.6902124862658923
1334 0.6902124862658923
1335 0.6895762826462718
1336 0.6905652065474517
1337 0.6912018549529821
1338 0.6912018549529821
1339 0.6912018549529821
1340 0.6912018549529821
1341 0.6918380219348235
1342 0.6918380219348235
1343 0.6918380219348235
1344 0.6918380219348235
1345 0.6913430976298854
1346 0.6921182228281266
1347 0.6931089176279119
1348 0.6931089176279119
1349 0.6918380219348235
1350 0.6919785637333554
1351 0.6929688915790995
1352 0.6929688915790995
1353 0.6936043203578716
1354 0.6923949017955007
1355 0.6922570014456553
1356 0.6922570014456553
1357 0.692752515228588
1358 0.6956883684598487
1359 0.696815448576664
1360 0.6960515471641567
1361 0.6960515471641567
1362 0.6966823369418993
1363 0.6966823369418993
1364 0.6966823369418993
1365 0.6960515471641567
1366 0.6974069153007305
1367 0.6975421073247161
1368 0.699567317905947
1369 0.699567317905947
1370 0.698937486853112
1371 0.699932584792059
1372 0.6945224850759778
1373 0.693883573940631
1374 0.693883573940631
1375 0.6937385816309583
1376 0.6937385816309583
1377 0.6937385816309583
1378 0.6946658781785926
1379 0.6898904478185662
1380 0.6892013754328985
1381 0.6842402430012944
1382 0.6842402430012944
1383 0.6847314599473635
1384 0.6852227248663774
1385 0.6850664020529185
1386 0.6860487141068952
1387 0.6871882832026959
1388 0.6881713748501788
1389 0.6844317427504669
1390 0.6849221443004874
1391 0.6849221443004874
1392 0.6849221443004874
1393 0.6828003895755137
1394 0.6819869668616962
1395 0.6831203832483388
1396 0.6831203832483388
1397 0.6834366042018913
1398 0.6808406737753052
1399 0.6798611111111111
1400 0.6813169992247718
1401 0.6813169992247718
1402 0.6805104006359625
1403 0.6819644970049072
1404 0.6818074198920524
1405 0.6813169992247718
1406 0.6826114798212918
1407 0.6806483621460047
1408 0.6813169992247718
1409 0.6785508780103267
1410 0.6787086917893489
1411 0.6790214816473894
1412 0.6793557616416732
1413 0.6808029884139821
1414 0.6814477798768575
1415 0.6814477798768575
1416 0.6812938959366115
1417 0.6806483621460047
1418 0.6806483621460047
1419 0.6811390769873789
1420 0.6811390769873789
1421 0.6811390769873789
1422 0.679198700034424
1423 0.6796887510085201
1424 0.678881735197602
1425 0.6795305499091691
1426 0.6795305499091691
1427 0.6796887510085201
1428 0.6796887510085201
1429 0.6796887510085201
1430 0.6795305499091691
1431 0.6800204524486744
1432 0.6800204524486744
1433 0.6811591696997467
1434 0.6810003954132069
1435 0.6805104006359625
1436 0.6810003954132069
1437 0.6813305274977146
1438 0.6808406737753052
1439 0.6808406737753052
1440 0.6808406737753052
1441 0.6821396797153025
1442 0.6810003954132069
1443 0.6810003954132069
1444 0.6810003954132069
1445 0.6818074198920524
1446 0.6810003954132069
1447 0.6816494009902014
1448 0.6816494009902014
1449 0.6818074198920524
1450 0.6818074198920524
1451 0.6832579492507387
1452 0.6832579492507387
1453 0.6842402430012944
1454 0.6829458548834941
1455 0.6842402430012944
1456 0.6842402430012944
1457 0.683749073083581
1458 0.683749073083581
1459 0.6826114798212918
1460 0.6832579492507387
1461 0.6819805285118219
1462 0.6834511012030418
1463 0.6834511012030418
1464 0.6834511012030418
1465 0.6847509511739467
1466 0.6847509511739467
1467 0.6847509511739467
1468 0.6837695759152937
1469 0.6887917349940684
1470 0.6887917349940684
1471 0.6878072067121284
1472 0.6873150157853196
1473 0.6873150157853196
1474 0.6873150157853196
1475 0.691712225919606
1476 0.691712225919606
1477 0.6920533348150275
1478 0.6920533348150275
1479 0.6914076249593977
1480 0.6914076249593977
1481 0.6920533348150275
1482 0.6920533348150275
1483 0.6926985349667443
1484 0.6920533348150275
1485 0.6923932384341638
1486 0.6930394045325914
1487 0.6930394045325914
1488 0.6940256977775003
1489 0.6928861286816996
1490 0.6928861286816996
1491 0.6928861286816996
1492 0.6928861286816996
1493 0.6927561366888204
1494 0.6927561366888204
1495 0.6922638691893255
1496 0.6934057472257287
1497 0.6934057472257287
1498 0.6971012112147594
1499 0.6971012112147594
1500 0.6967568459814232
1501 0.6985377854933417
1502 0.6985377854933417
1503 0.696559119903855
1504 0.696559119903855
1505 0.696559119903855
1506 0.696559119903855
1507 0.696559119903855
1508 0.6944810999850362
1509 0.6944810999850362
1510 0.6943302047979109
1511 0.6938366885409415
1512 0.694631092904213
1513 0.6931917698064691
1514 0.6931917698064691
1515 0.6931917698064691
1516 0.6938366885409415
1517 0.6938366885409415
1518 0.6938366885409415
1519 0.6951250057064737
1520 0.6936850594615425
1521 0.690451657301
1522 0.690451657301
1523 0.6915917985264108
1524 0.6920842878134942
1525 0.6920842878134942
1526 0.6920842878134942
1527 0.6920842878134942
1528 0.6925768352224135
1529 0.6939874124441845
1530 0.6939874124441845
1531 0.6939874124441845
1532 0.6939874124441845
1533 0.6944810999850362
1534 0.6929132493363446
1535 0.6912795168679975
1536 0.6912795168679975
1537 0.6912795168679975
1538 0.6912795168679975
1539 0.6912795168679975
1540 0.6925768352224135
1541 0.6916139661932399
1542 0.6922638691893255
1543 0.6896464243328767
1544 0.6889753855278766
1545 0.6896224034698744
1546 0.6896224034698744
1547 0.6896224034698744
1548 0.6922392211404729
1549 0.6907874301257705
1550 0.6907874301257705
1551 0.6902954017175705
1552 0.6898034306861867
1553 0.6898034306861867
1554 0.6898034306861867
1555 0.6902954017175705
1556 0.6902954017175705
1557 0.6898034306861867
1558 0.691253954132068
1559 0.6922392211404729
1560 0.6922392211404729
1561 0.6941784048868304
1562 0.6941784048868304
1563 0.6946718070383551
1564 0.6935325227362594
1565 0.6935325227362594
1566 0.6935325227362594
1567 0.6961129956893359
1568 0.6961129956893359
1569 0.6956189729832296
1570 0.6956189729832296
1571 0.6944810999850362
1572 0.6944810999850362
1573 0.6944810999850362
1574 0.6944810999850362
1575 0.6944810999850362
1576 0.6944810999850362
1577 0.6944810999850362
1578 0.6944810999850362
1579 0.6944810999850362
1580 0.6931917698064691
1581 0.6931917698064691
1582 0.6926985349667443
1583 0.6899595116674393
1584 0.6899595116674393
1585 0.6899595116674393
1586 0.6899595116674393
1587 0.6899595116674393
1588 0.6902954017175705
1589 0.6938366885409415
1590 0.6938366885409415
1591 0.695274269928966
1592 0.6959169450770903
1593 0.6960645888165546
1594 0.6957166905360326
1595 0.6935926976249557
1596 0.6939400238032551
1597 0.6919638942990561
1598 0.6903356769824134
1599 0.6898420748861278
1600 0.6885601804239077
1601 0.687276297585576
1602 0.6866336066714365
1603 0.6866336066714365
1604 0.6876185829674202
1605 0.6876185829674202
1606 0.6876185829674202
1607 0.6876185829674202
1608 0.6876185829674202
1609 0.6876185829674202
1610 0.6863307756309512
1611 0.6869749316596665
1612 0.6871260725706746
1613 0.6871260725706746
1614 0.6871260725706746
1615 0.6871260725706746
1616 0.6871260725706746
1617 0.6881111388042775
1618 0.6881111388042775
1619 0.688261731109438
1620 0.6866336066714365
1621 0.6866336066714365
1622 0.6866336066714365
1623 0.6875740096202128
1624 0.6875740096202128
1625 0.6875740096202128
1626 0.6875740096202128
1627 0.6875740096202128
1628 0.6869327723338685
1629 0.6869327723338685
1630 0.6874256091321913
1631 0.6875740096202128
1632 0.6875740096202128
1633 0.6832579492507387
1634 0.6808029884139821
1635 0.6595220694198543
1636 0.6800867136775166
1637 0.6820065296904534
1638 0.6850969983215582
1639 0.6852578841153023
1640 0.6880077883536168
1641 0.6835053404137043
1642 0.6843328089932212
1643 0.6815621377993936
1644 0.6815621377993936
1645 0.6829357325769034
1646 0.6835053404137043
1647 0.6824989940786451
1648 0.6857619868278668
1649 0.6875746971588292
1650 0.6853625837903717
1651 0.6853625837903717
1652 0.6843516767121492
1653 0.6837768746984012
1654 0.6822032609613922
1655 0.6806181813818943
1656 0.686039651981418
1657 0.683828599452067
1658 0.6870266376568462
1659 0.6890615835777126
1660 0.6873849392871132
1661 0.6864690159075417
1662 0.6876647764931143
1663 0.6884454130019959
1664 0.6888690051312956
1665 0.68731454335772
1666 0.6881585485513966
1667 0.688093163156869
1668 0.689363756205374
1669 0.68731454335772
1670 0.6880137685598436
1671 0.6870266376568462
1672 0.6878084687436743
1673 0.6884454130019959
1674 0.6885875020496859
1675 0.688214751235828
1676 0.6901881720430108
1677 0.6894947535837503
1678 0.6905652065474517
1679 0.6923329836894181
1680 0.6948737465665022
1681 0.6943779055963605
1682 0.6944271870306866
1683 0.6932480642122436
1684 0.694156384645515
1685 0.6893303447164476
1686 0.6899596751430747
1687 0.6887005541060045
1688 0.6896922741914253
1689 0.68982641105318
1690 0.6889258877589564
1691 0.6901881720430108
1692 0.6889258877589564
1693 0.6889258877589564
1694 0.6876617372970487
1695 0.6876617372970487
1696 0.6873849392871132
1697 0.6873849392871132
1698 0.6871045835232312
1699 0.6872452072324714
1700 0.6872452072324714
1701 0.6887964258536465
1702 0.6859472221539067
1703 0.6862419900145458
1704 0.6857488957363216
1705 0.6881585485513966
1706 0.687520184487753
1707 0.6868813321480827
1708 0.6865880041688603
1709 0.6884454130019959
1710 0.6890818749018992
1711 0.6878084687436743
1712 0.6890818749018992
1713 0.6883024292644349
1714 0.6892232603918079
1715 0.6892232603918079
1716 0.6887286986757757
1717 0.6829914915093146
1718 0.6844691913645196
1719 0.6857488957363216
1720 0.6863880112431434
1721 0.6833791208791209
1722 0.6830378790883829
1723 0.6840218952570428
1724 0.6840218952570428
1725 0.6840218952570428
1726 0.6840218952570428
1727 0.6840218952570428
1728 0.6840218952570428
1729 0.6840218952570428
1730 0.6840218952570428
1731 0.6846641692348385
1732 0.6848134576129461
1733 0.6848134576129461
1734 0.687276297585576
1735 0.687276297585576
1736 0.687276297585576
1737 0.687276297585576
1738 0.688261731109438
1739 0.6876185829674202
1740 0.6876185829674202
1741 0.6876185829674202
1742 0.6876185829674202
1743 0.6876185829674202
1744 0.6861411843281733
1745 0.6861411843281733
1746 0.6859904140319111
1747 0.6859904140319111
1748 0.6864826505418472
1749 0.6854982211883619
1750 0.6848547554931477
1751 0.6842107856907012
1752 0.6835663102258335
1753 0.6835663102258335
1754 0.6835663102258335
1755 0.6835663102258335
1756 0.6840578102369727
1757 0.6840578102369727
1758 0.6847025173704445
1759 0.6847025173704445
1760 0.6842107856907012
1761 0.6847025173704445
1762 0.6847025173704445
1763 0.6853467181162741
1764 0.6858387245150555
1765 0.6871260725706746
1766 0.6844182483194938
1767 0.6837695759152937
1768 0.6832579492507387
1769 0.6832579492507387
1770 0.6788719959942968
1771 0.6795284788402645
1772 0.6795284788402645
1773 0.6788719959942968
1774 0.6788719959942968
1775 0.6775573956793017
1776 0.6782149688252974
1777 0.6782149688252974
1778 0.6782149688252974
1779 0.6782149688252974
1780 0.6775573956793017
1781 0.6795284788402645
1782 0.6801844190134018
1783 0.680839818160162
1784 0.680839818160162
1785 0.6805052537446903
1786 0.6831277047683328
1787 0.6836171443907176
1788 0.6831277047683328
1789 0.6829621022812618
1790 0.6829621022812618
1791 0.6829621022812618
1792 0.6823065201013099
1793 0.6832923488627894
1794 0.6832923488627894
1795 0.6832923488627894
1796 0.6832923488627894
1797 0.6863821449952255
1798 0.6858910923993573
1799 0.686539947457889
1800 0.6842707229345026
1801 0.6836187727241757
1802 0.6836187727241757
1803 0.6834560372821695
1804 0.6844356977838624
1805 0.6836187727241757
1806 0.6836187727241757
1807 0.6829662920512956
1808 0.6823132792940185
1809 0.6823132792940185
1810 0.6828027858508137
1811 0.6845918179554631
1812 0.6845918179554631
1813 0.6841012878679181
1814 0.6841012878679181
1815 0.6847509511739467
1816 0.6842602379848555
1817 0.6842602379848555
1818 0.6842602379848555
1819 0.6841012878679181
1820 0.6845918179554631
1821 0.6857415532584715
1822 0.6857415532584715
1823 0.6857415532584715
1824 0.6857415532584715
1825 0.6857415532584715
1826 0.6857415532584715
1827 0.6857415532584715
1828 0.685903113715337
1829 0.685903113715337
1830 0.685903113715337
1831 0.6852512196761511
1832 0.6855790467049354
1833 0.6836171443907176
1834 0.6841066434282608
1835 0.6841066434282608
1836 0.6841066434282608
1837 0.6841066434282608
1838 0.6841066434282608
1839 0.6841066434282608
1840 0.6842716480724184
1841 0.6836171443907176
1842 0.6836171443907176
1843 0.6831277047683328
1844 0.6829621022812618
1845 0.6847613861831563
1846 0.6847613861831563
1847 0.6854155913765038
1848 0.6857410442083227
1849 0.6868843112466225
1850 0.6868843112466225
1851 0.6868843112466225
1852 0.6868843112466225
1853 0.6876963570437125
1854 0.6870452842109176
1855 0.6870452842109176
1856 0.6876963570437125
1857 0.6863936834885789
1858 0.6857415532584715
1859 0.6847613861831563
1860 0.6847613861831563
1861 0.6852511845752598
1862 0.6854155913765038
1863 0.6878556298092322
1864 0.687364412747089
1865 0.687364412747089
1866 0.6868732514603061
1867 0.6818074198920524
1868 0.6813169992247718
1869 0.6793773721968321
1870 0.6814904377236921
1871 0.6824551527989691
1872 0.6811591696997467
1873 0.6811591696997467
1874 0.6806689849006107
1875 0.6844317427504669
1876 0.6839413953684075
1877 0.6839413953684075
1878 0.6839413953684075
1879 0.6844317427504669
1880 0.6845918179554631
1881 0.6849221443004874
1882 0.685412600970906
1883 0.685573038436722
1884 0.6850824011613013
1885 0.685573038436722
1886 0.6845918179554631
1887 0.6875225735588792
1888 0.6852512196761511
1889 0.6845987952703205
1890 0.6845987952703205
1891 0.6845987952703205
1892 0.6829621022812618
1893 0.6829621022812618
1894 0.681460088202146
1895 0.6803121966280996
1896 0.6796518035604207
1897 0.678329346092504
1898 0.6813131614546033
1899 0.68065491504977
1900 0.6799961187223132
1901 0.6814822639070977
1902 0.681970859603475
1903 0.681970859603475
1904 0.681970859603475
1905 0.681970859603475
1906 0.6826280111592303
1907 0.6826280111592303
1908 0.6827955386640833
1909 0.6798623020995705
1910 0.6792073865618532
1911 0.6787189531784976
1912 0.6793736267789305
1913 0.6796958748560766
1914 0.6793601112849939
1915 0.6798482845199461
1916 0.6814822639070977
1917 0.681970859603475
1918 0.6811430860387206
1919 0.6799961187223132
1920 0.679336770801739
1921 0.6788491514059057
1922 0.6788491514059057
1923 0.6849195056634958
1924 0.6855790467049354
1925 0.6865595346805892
1926 0.6857410442083227
1927 0.685575506621557
1928 0.6862309660431726
1929 0.6857410442083227
1930 0.6834370206715357
1931 0.682778594370951
1932 0.6845839879879432
1933 0.6830964078232118
1934 0.6791279356953612
1935 0.6794781698564594
1936 0.6807653496493136
1937 0.6818734154427759
1938 0.6840734649122807
1939 0.6844147826563176
1940 0.6839258688940217
1941 0.6847522280576113
1942 0.684094898011532
1943 0.683728252029478
1944 0.683728252029478
1945 0.683728252029478
1946 0.6843898036391525
1947 0.6843898036391525
1948 0.6863882199860398
1949 0.6877011143853944
1950 0.6870449391262832
1951 0.685222288676236
1952 0.6836058725232752
1953 0.6829482370242779
1954 0.685575506621557
1955 0.6870498697680336
1956 0.6855790467049354
1957 0.6860692606460916
1958 0.6870498697680336
1959 0.6865595346805892
1960 0.6865595346805892
1961 0.6867223956260082
1962 0.6886786111134344
1963 0.6888382350801157
1964 0.6867143341229771
1965 0.6868732514603061
1966 0.6991803503656028
1967 0.6994100893785331
1968 0.7008270618471171
1969 0.7008270618471171
1970 0.698482657958309
1971 0.698482657958309
1972 0.6974923169021996
1973 0.6969972232069006
1974 0.6974923169021996
1975 0.6972007959611657
1976 0.6972007959611657
1977 0.6977803033168302
1978 0.6989143359497877
1979 0.6989143359497877
1980 0.6982757878290182
1981 0.6982757878290182
1982 0.6982757878290182
1983 0.6976367507576371
1984 0.6976367507576371
1985 0.6976367507576371
1986 0.6969972232069006
1987 0.6969972232069006
1988 0.6969972232069006
1989 0.6969972232069006
1990 0.6971414862795032
1991 0.6972138357077988
1992 0.6978496207379041
1993 0.6978496207379041
1994 0.6989812700984364
1995 0.698345746602349
1996 0.698345746602349
1997 0.6977097436892393
1998 0.6977097436892393
1999 0.6984849270380105
2000 0.6978496207379041
2001 0.6977097436892393
2002 0.6978496207379041
2003 0.6984849270380105
2004 0.6984849270380105
2005 0.6984849270380105
2006 0.6919785637333554
2007 0.693464112425854
2008 0.6940997612233752
2009 0.6947349317218647
2010 0.6933230232957754
2011 0.6933230232957754
2012 0.6933230232957754
2013 0.6944546726563076
2014 0.6944546726563076
2015 0.6944546726563076
2016 0.6941708927939616
2017 0.6936759506186487
2018 0.6936759506186487
2019 0.6936759506186487
2020 0.6930381923969021
2021 0.6930381923969021
2022 0.6930381923969021
2023 0.694027676889097
2024 0.6956559823484232
2025 0.6960071847299882
2026 0.6963572036447969
2027 0.6942861545098764
2028 0.6949283816719436
2029 0.6974069153007305
2030 0.6988419169338489
2031 0.698345746602349
2032 0.6829608593042644
2033 0.6834511012030418
2034 0.6834511012030418
2035 0.6839274016986794
2036 0.6839274016986794
2037 0.683610809948536
2038 0.6829662920512956
2039 0.6863936834885789
2040 0.6849256149653852
2041 0.6935325227362594
2042 0.6974923169021996
2043 0.6990564741657592
2044 0.6979874615021815
2045 0.6972007959611657
2046 0.6967060423720044
2047 0.6967060423720044
2048 0.6972007959611657
2049 0.6979874615021815
2050 0.7030935234997904
2051 0.7018199257273554
2052 0.7011824012157026
2053 0.7010404646327857
2054 0.7020327699318101
2055 0.7016786924775631
2056 0.7008976566744074
2057 0.7017456245396096
2058 0.7039386714242628
2059 0.7026896463145915
2060 0.7009219450094912
2061 0.7003402360396946
2062 0.7008525219752024
2063 0.7040827970343608
2064 0.706694946519747
2065 0.704445669047439
2066 0.7058997863914629
2067 0.6983464993097744
2068 0.7038415438219663
2069 0.702320211719931
2070 0.7004574017868593
2071 0.7024658879652039
2072 0.7016906650275304
2073 0.695369625417025
2074 0.6945156656552285
2075 0.6965815527362322
2076 0.6952849588719154
2077 0.6958211143695014
2078 0.6963182658001941
2079 0.6979425286934794
2080 0.6974069153007305
2081 0.6978099118975056
2082 0.696815448576664
2083 0.6996163156795188
2084 0.6992573771778371
2085 0.7013820135809058
2086 0.7036831622800694
2087 0.702450849160741
2088 0.7026868349340858
2089 0.7036831622800694
2090 0.7034166366692962
2091 0.6967179713773719
2092 0.6968574986351619
2093 0.6962778366264795
2094 0.6972708605928736
2095 0.6967743298648017
2096 0.6974069153007305
2097 0.6984004469339449
2098 0.6974069153007305
2099 0.7000271125169453
2100 0.7005242327411967
2101 0.7024209903887346
2102 0.7024209903887346
2103 0.7022867952851792
2104 0.7017892059571591
2105 0.7005242327411967
2106 0.7020158487333064
2107 0.7018790929625356
2108 0.7034166366692962
2109 0.7042775880218581
2110 0.7049104339978025
2111 0.7042775880218581
2112 0.7028733901805502
2113 0.7023762181800328
2114 0.7036442710537777
2115 0.7040053010751005
2116 0.703507867540565
2117 0.703507867540565
2118 0.7045027831568969
2119 0.7045027831568969
2120 0.7043651963674962
2121 0.7036442710537777
2122 0.7031467183775824
2123 0.7020158487333064
2124 0.7026492112698164
2125 0.7032821026789203
2126 0.7036442710537777
2127 0.7044124565734768
2128 0.703507867540565
2129 0.7028733901805502
2130 0.7023762181800328
2131 0.7023762181800328
2132 0.7042775880218581
2133 0.7045027831568969
2134 0.7043651963674962
2135 0.7035904632555406
2136 0.7030935234997904
2137 0.7023164338486602
2138 0.7018199257273554
2139 0.7011824012157026
2140 0.7014636693879746
2141 0.7014636693879746
2142 0.7027354419127367
2143 0.7046395169010973
2144 0.7046395169010973
2145 0.7035904632555406
2146 0.7038678783244977
2147 0.7016030055009757
2148 0.6966148335900474
2149 0.7002017447475652
2150 0.7027530247047744
2151 0.7027530247047744
2152 0.7000961206954315
2153 0.6983464993097744
2154 0.6985899163769249
2155 0.6959798505828243
2156 0.6963489492124411
2157 0.6994492081399553
2158 0.6992103812314043
2159 0.6983464993097744
2160 0.6959798505828243
2161 0.6932320601324808
2162 0.6885055641367477
2163 0.686887529065838
2164 0.6517034504395485
2165 0.6910496784730635
2166 0.6746095767443004
2167 0.676300443450489
2168 0.6738294659640689
2169 0.6761984520416571
2170 0.6794157574031734
2171 0.6777201631655613
2172 0.67625925871169
2173 0.6826454860568928
2174 0.6846920018809045
2175 0.6834286412512218
2176 0.682870642381512
2177 0.6818053786823469
2178 0.6839230929757123
2179 0.6839723447441353
2180 0.6839723447441353
2181 0.6847486500920614
2182 0.6839838393339392
2183 0.6829390130893085
2184 0.6761802447320866
2185 0.6770024068697381
2186 0.676176148203393
2187 0.6730790766935143
2188 0.676908475896138
2189 0.6774297001414015
2190 0.6770401182201302
2191 0.6766755551503825
2192 0.6778104916867205
2193 0.6795518750976179
2194 0.678677376854095
2195 0.678888044579534
2196 0.6793372212642732
2197 0.6826586611086678
2198 0.6820216835745508
2199 0.6820216835745508
2200 0.6842388787324802
2201 0.6816694251894428
2202 0.6821634070580642
2203 0.6856246590289143
2204 0.6767240583882338
2205 0.67625925871169
2206 0.678195391526355
2207 0.6811754643206256
2208 0.6835659018876221
2209 0.6898730000295001
2210 0.6888637656652977
2211 0.6886241099536414
2212 0.6810056510206435
2213 0.6788719959942968
2214 0.6788719959942968
2215 0.6750945538651718
2216 0.6742612821402758
2217 0.6740865391796154
2218 0.6760682711007542
2219 0.6715621885581226
2220 0.6717424005062952
2221 0.6737340510366826
2222 0.6694110021651289
2223 0.6736003981863854
2224 0.6739107964557687
2225 0.6741683316683317
2226 0.6771805223285486
2227 0.6733775402777153
2228 0.6747476727094561
2229 0.6745276193612446
2230 0.6771805223285486
2231 0.6758949472325269
2232 0.6747476727094561
2233 0.6742198695256728
2234 0.6707142857142857
2235 0.6768992748985665
2236 0.674481408759531
2237 0.6707155107309869
2238 0.6707361945154058
2239 0.6735134540530869
2240 0.675514538533982
2241 0.676300443450489
2242 0.6759544204899615
2243 0.6739869060334776
2244 0.6734950757106619
2245 0.6723731404606883
2246 0.6753170198738565
2247 0.6805784880292487
2248 0.6797870205341883
2249 0.6774130050121331
2250 0.6788397534365276
2251 0.6770834991642124
2252 0.6770834991642124
2253 0.6758087201125176
2254 0.6759544204899615
2255 0.6758934480223631
2256 0.6763161276870753
2257 0.6749084218306345
2258 0.6737115584794358
2259 0.6712270947647256
2260 0.6735899360210862
2261 0.6703989427704469
2262 0.669138117645697
2263 0.6701774024773076
2264 0.6684694140342182
2265 0.6682903073127748
2266 0.6692759408718794
2267 0.6654864574729864
2268 0.6690952560676527
2269 0.6692759408718794
2270 0.6718295213244119
2271 0.6776314106351641
2272 0.6784851643896581
2273 0.6777182491570168
2274 0.6755425219941349
2275 0.6688371387216479
2276 0.6639001399219382
2277 0.6680508697702043
2278 0.6672184680964564
2279 0.6663170227513909
2280 0.6693714858422255
2281 0.6666213156930303
2282 0.6669860832645359
2283 0.6658687545895838
2284 0.6723672521379871
2285 0.6730032628741665
2286 0.6730018281535649
2287 0.6726547540443651
2288 0.6777182491570168
2289 0.6789794407009668
2290 0.6789794407009668
2291 0.6784851643896581
2292 0.6736759527849232
2293 0.6750255294993175
2294 0.6750255294993175
2295 0.6728642756552115
2296 0.6728642756552115
2297 0.6738504625473282
2298 0.669129485198482
2299 0.6697029570036022
2300 0.6678005019816673
2301 0.6638342491279458
2302 0.6651530309307773
2303 0.6611639829253333
2304 0.6597095351455092
2305 0.6611639829253333
2306 0.6579244800880607
2307 0.6611240976785898
2308 0.6579119326065472
2309 0.6587106350484582
2310 0.6609388762720789
2311 0.66145900858033
2312 0.6595439569301189
2313 0.6626206560356172
2314 0.6648964020320043
2315 0.6642446956118131
2316 0.6650609194051796
2317 0.6629396936825893
2318 0.6611473946138995
2319 0.6629509316461955
2320 0.6703841844557141
2321 0.6664974767363846
2322 0.6614921371792408
2323 0.6712394285653124
2324 0.6601771550546607
2325 0.6740644137927245
2326 0.6744245316187116
2327 0.6734758122033397
2328 0.6720065741473193
2329 0.6629519673874513
2330 0.6601916736001971
2331 0.6655394604166154
2332 0.6581819419665997
2333 0.6626280696048138
2334 0.6727134743439092
2335 0.6725114666104226
2336 0.6738504625473282
2337 0.669965461928729
2338 0.669274252364961
2339 0.6674116951403504
2340 0.667656402737048
2341 0.6661834151624968
2342 0.6727971167063849
2343 0.6634389191801208
2344 0.6629519673874513
2345 0.6639258970099464
2346 0.6635996120061516
2347 0.6627905115268717
2348 0.6618098873332463
2349 0.6592202723280948
2350 0.6595474418055063
2351 0.6595474418055063
2352 0.6609972078377955
2353 0.6621177630950795
2354 0.66163256227758
2355 0.6602912841700346
2356 0.6579267555475705
2357 0.657603108629891
2358 0.6563055490305356
2359 0.6643884197658405
2360 0.6608352946775795
2361 0.6619472021660651
2362 0.6554978287936499
2363 0.658412599944858
2364 0.6587346091015889
2365 0.6587346091015889
2366 0.6579267555475705
2367 0.65889752127266
2368 0.6579244800880607
2369 0.664853233927944
2370 0.6668180508553206
2371 0.6661834151624968
2372 0.6653444297529232
2373 0.662784561447508
2374 0.6642326039128625
2375 0.6642326039128625
2376 0.669068822358792
2377 0.6689266019749498
2378 0.669765525773095
2379 0.670602687064967
2380 0.670602687064967
2381 0.6750597611498447
2382 0.6681187836615954
2383 0.6668301370570167
2384 0.6681461999947523
2385 0.6681352879767659
2386 0.6681352879767659
2387 0.6681352879767659
2388 0.6733404459243344
2389 0.6728315853917655
2390 0.6759251650115496
2391 0.6686001834362063
2392 0.6665875496293718
2393 0.6675568950425719
2394 0.667379478241831
2395 0.6680416441899764
2396 0.6680416441899764
2397 0.6680416441899764
2398 0.6680416441899764
2399 0.6701585746171734
2400 0.6719215970002808
2401 0.6738057731052692
2402 0.6750945538651718
2403 0.6740865391796154
2404 0.6726282881389922
2405 0.6698027567405798
2406 0.667927868375609
2407 0.6675584989597025
2408 0.6675584989597025
2409 0.6647873798177881
2410 0.6672602397602398
2411 0.6694428726639574
2412 0.6736343989865117
2413 0.6717424005062952
2414 0.6666272840740827
2415 0.6675977592965767
2416 0.6658733865092559
2417 0.6669966483335403
2418 0.6625705558605353
2419 0.6638116600949546
2420 0.6636132949365863
2421 0.6633425306836698
2422 0.6618982538347551
2423 0.6628610427584825
2424 0.6633425306836698
2425 0.6636314742309529
2426 0.6702875797448166
2427 0.6719215970002808
2428 0.6660313706722221
2429 0.6637241607977642
2430 0.6497472312322843
2431 0.6318071303494044
2432 0.637483617300131
2433 0.6441382352450892
2434 0.6433969920616804
2435 0.6474044033475503
2436 0.6498995644629072
2437 0.6550155248987934
2438 0.6568560392693329
2439 0.6593015676509619
2440 0.6558206796818511
2441 0.6517579474980348
2442 0.6524927889038912
2443 0.6492732592753708
2444 0.6501161219812079
2445 0.6556457056099314
2446 0.6612158204882796
2447 0.6615687193624031
2448 0.659833103909537
2449 0.6589841779836736
2450 0.6646494439292767
2451 0.6638120626354354
2452 0.6652641839739
2453 0.666763544228333
2454 0.6670721971704847
2455 0.6677709297547891
2456 0.6594879383506993
2457 0.6981904632447382
