0 0.7310195227765727
1 0.7315618221258134
2 0.7310195227765727
3 0.7310195227765727
4 0.7310195227765727
5 0.7315618221258134
6 0.7315618221258134
7 0.7304772234273319
8 0.7299349240780911
9 0.7304772234273319
10 0.7299349240780911
11 0.7321041214750542
12 0.7331887201735358
13 0.7337310195227765
14 0.7331887201735358
15 0.7331887201735358
16 0.7337310195227765
17 0.7337310195227765
18 0.7331887201735358
19 0.7331887201735358
20 0.7331887201735358
21 0.7331887201735358
22 0.7331887201735358
23 0.7331887201735358
24 0.732646420824295
25 0.732646420824295
26 0.7321041214750542
27 0.7321041214750542
28 0.7337310195227765
29 0.7359002169197397
30 0.735357917570499
31 0.7359002169197397
32 0.735357917570499
33 0.7342733188720173
34 0.7337310195227765
35 0.7359002169197397
36 0.735357917570499
37 0.735357917570499
38 0.7359002169197397
39 0.7364425162689805
40 0.7364425162689805
41 0.7364425162689805
42 0.7364425162689805
43 0.7337310195227765
44 0.7337310195227765
45 0.7337310195227765
46 0.7337310195227765
47 0.7331887201735358
48 0.7331887201735358
49 0.732646420824295
50 0.7310195227765727
51 0.7315618221258134
52 0.732646420824295
53 0.7315618221258134
54 0.732646420824295
55 0.732646420824295
56 0.7331887201735358
57 0.7331887201735358
58 0.7331887201735358
59 0.732646420824295
60 0.7337310195227765
61 0.7337310195227765
62 0.7337310195227765
63 0.7364425162689805
64 0.7364425162689805
65 0.7359002169197397
66 0.7364425162689805
67 0.7369848156182213
68 0.737527114967462
69 0.737527114967462
70 0.7369848156182213
71 0.7364425162689805
72 0.7359002169197397
73 0.735357917570499
74 0.7348156182212582
75 0.735357917570499
76 0.7359002169197397
77 0.7342733188720173
78 0.7342733188720173
79 0.7337310195227765
80 0.735357917570499
81 0.735357917570499
82 0.735357917570499
83 0.735357917570499
84 0.735357917570499
85 0.7342733188720173
86 0.7337310195227765
87 0.7337310195227765
88 0.7342733188720173
89 0.7359002169197397
90 0.7359002169197397
91 0.7359002169197397
92 0.7369848156182213
93 0.7369848156182213
94 0.7369848156182213
95 0.7364425162689805
96 0.7337310195227765
97 0.735357917570499
98 0.735357917570499
99 0.7348156182212582
100 0.7348156182212582
101 0.7359002169197397
102 0.7342733188720173
103 0.7337310195227765
104 0.735357917570499
105 0.7359002169197397
106 0.735357917570499
107 0.7348156182212582
108 0.7359002169197397
109 0.7348156182212582
110 0.735357917570499
111 0.7331887201735358
112 0.7331887201735358
113 0.7321041214750542
114 0.7315618221258134
115 0.7310195227765727
116 0.7359002169197397
117 0.7359002169197397
118 0.7342733188720173
119 0.7342733188720173
120 0.735357917570499
121 0.7342733188720173
122 0.7337310195227765
123 0.7348156182212582
124 0.7348156182212582
125 0.737527114967462
126 0.7380694143167028
127 0.7380694143167028
128 0.7364425162689805
129 0.735357917570499
130 0.732646420824295
131 0.7369848156182213
132 0.7369848156182213
133 0.7380694143167028
134 0.7380694143167028
135 0.7369848156182213
136 0.7369848156182213
137 0.7369848156182213
138 0.7369848156182213
139 0.735357917570499
140 0.735357917570499
141 0.735357917570499
142 0.7315618221258134
143 0.7342733188720173
144 0.7293926247288504
145 0.7315618221258134
146 0.7337310195227765
147 0.735357917570499
148 0.7348156182212582
149 0.735357917570499
150 0.7380694143167028
151 0.7380694143167028
152 0.7380694143167028
153 0.7391540130151844
154 0.737527114967462
155 0.735357917570499
156 0.7369848156182213
157 0.7364425162689805
158 0.7364425162689805
159 0.7337310195227765
160 0.732646420824295
161 0.7337310195227765
162 0.7342733188720173
163 0.7348156182212582
164 0.7364425162689805
165 0.7364425162689805
166 0.7369848156182213
167 0.737527114967462
168 0.7369848156182213
169 0.7369848156182213
170 0.737527114967462
171 0.737527114967462
172 0.737527114967462
173 0.737527114967462
174 0.7359002169197397
175 0.7359002169197397
176 0.7364425162689805
177 0.7364425162689805
178 0.7364425162689805
179 0.735357917570499
180 0.7348156182212582
181 0.7348156182212582
182 0.7348156182212582
183 0.7348156182212582
184 0.7337310195227765
185 0.7348156182212582
186 0.7348156182212582
187 0.7342733188720173
188 0.7348156182212582
189 0.7342733188720173
190 0.7348156182212582
191 0.735357917570499
192 0.735357917570499
193 0.7348156182212582
194 0.7348156182212582
195 0.7348156182212582
196 0.7348156182212582
197 0.7348156182212582
198 0.7348156182212582
199 0.7342733188720173
200 0.7348156182212582
201 0.735357917570499
202 0.735357917570499
203 0.735357917570499
204 0.735357917570499
205 0.7337310195227765
206 0.7337310195227765
207 0.7337310195227765
208 0.7342733188720173
209 0.7342733188720173
210 0.7342733188720173
211 0.7342733188720173
212 0.7342733188720173
213 0.7337310195227765
214 0.732646420824295
215 0.7310195227765727
216 0.7310195227765727
217 0.7315618221258134
218 0.7315618221258134
219 0.7331887201735358
220 0.7331887201735358
221 0.7342733188720173
222 0.7321041214750542
223 0.7331887201735358
224 0.7331887201735358
225 0.732646420824295
226 0.732646420824295
227 0.7342733188720173
228 0.7304772234273319
229 0.7299349240780911
230 0.7310195227765727
231 0.7315618221258134
232 0.7310195227765727
233 0.7321041214750542
234 0.7321041214750542
235 0.732646420824295
236 0.732646420824295
237 0.7321041214750542
238 0.7315618221258134
239 0.7315618221258134
240 0.7315618221258134
241 0.7321041214750542
242 0.7315618221258134
243 0.7310195227765727
244 0.7315618221258134
245 0.7321041214750542
246 0.7331887201735358
247 0.7310195227765727
248 0.7310195227765727
249 0.7315618221258134
250 0.7321041214750542
251 0.7299349240780911
252 0.7304772234273319
253 0.7288503253796096
254 0.7288503253796096
255 0.7288503253796096
256 0.7283080260303688
257 0.7283080260303688
258 0.7283080260303688
259 0.7283080260303688
260 0.7283080260303688
261 0.7283080260303688
262 0.7288503253796096
263 0.7288503253796096
264 0.7293926247288504
265 0.7293926247288504
266 0.7293926247288504
267 0.7277657266811279
268 0.7277657266811279
269 0.7277657266811279
270 0.7288503253796096
271 0.7277657266811279
272 0.7277657266811279
273 0.7272234273318872
274 0.7272234273318872
275 0.7277657266811279
276 0.7272234273318872
277 0.7266811279826464
278 0.7255965292841648
279 0.7255965292841648
280 0.7261388286334056
281 0.7255965292841648
282 0.7255965292841648
283 0.7293926247288504
284 0.7288503253796096
285 0.7283080260303688
286 0.7310195227765727
287 0.7304772234273319
288 0.7288503253796096
289 0.7331887201735358
290 0.7342733188720173
291 0.7342733188720173
292 0.732646420824295
293 0.737527114967462
294 0.737527114967462
295 0.737527114967462
296 0.737527114967462
297 0.7369848156182213
298 0.7369848156182213
299 0.7348156182212582
300 0.7359002169197397
301 0.7364425162689805
302 0.7364425162689805
303 0.7369848156182213
304 0.7369848156182213
305 0.7369848156182213
306 0.7364425162689805
307 0.7364425162689805
308 0.737527114967462
309 0.737527114967462
310 0.737527114967462
311 0.737527114967462
312 0.737527114967462
313 0.737527114967462
314 0.7364425162689805
315 0.7342733188720173
316 0.7321041214750542
317 0.7331887201735358
318 0.732646420824295
319 0.7321041214750542
320 0.7304772234273319
321 0.7315618221258134
322 0.7315618221258134
323 0.7310195227765727
324 0.7304772234273319
325 0.7321041214750542
326 0.7310195227765727
327 0.7315618221258134
328 0.7304772234273319
329 0.7310195227765727
330 0.7299349240780911
331 0.7277657266811279
332 0.7277657266811279
333 0.7277657266811279
334 0.7277657266811279
335 0.7283080260303688
336 0.7288503253796096
337 0.7288503253796096
338 0.7288503253796096
339 0.7283080260303688
340 0.7283080260303688
341 0.7277657266811279
342 0.7261388286334056
343 0.7255965292841648
344 0.7261388286334056
345 0.7266811279826464
346 0.7266811279826464
347 0.7272234273318872
348 0.7261388286334056
349 0.7239696312364425
350 0.7245119305856833
351 0.7245119305856833
352 0.7255965292841648
353 0.7250542299349241
354 0.7245119305856833
355 0.7250542299349241
356 0.7255965292841648
357 0.7250542299349241
358 0.7255965292841648
359 0.7299349240780911
360 0.7299349240780911
361 0.7293926247288504
362 0.7304772234273319
363 0.7304772234273319
364 0.7261388286334056
365 0.7250542299349241
366 0.7250542299349241
367 0.7239696312364425
368 0.7245119305856833
369 0.7310195227765727
370 0.732646420824295
371 0.732646420824295
372 0.732646420824295
373 0.7342733188720173
374 0.7342733188720173
375 0.7342733188720173
376 0.7342733188720173
377 0.7331887201735358
378 0.7321041214750542
379 0.7321041214750542
380 0.7321041214750542
381 0.7315618221258134
382 0.7321041214750542
383 0.732646420824295
384 0.7331887201735358
385 0.732646420824295
386 0.7315618221258134
387 0.7315618221258134
388 0.7315618221258134
389 0.7283080260303688
390 0.7283080260303688
391 0.7304772234273319
392 0.7299349240780911
393 0.7304772234273319
394 0.7304772234273319
395 0.7304772234273319
396 0.7315618221258134
397 0.7310195227765727
398 0.7304772234273319
399 0.7304772234273319
400 0.7310195227765727
401 0.7304772234273319
402 0.7277657266811279
403 0.7277657266811279
404 0.7288503253796096
405 0.7288503253796096
406 0.7288503253796096
407 0.7255965292841648
408 0.7255965292841648
409 0.7245119305856833
410 0.7239696312364425
411 0.7277657266811279
412 0.7277657266811279
413 0.7255965292841648
414 0.7255965292841648
415 0.7239696312364425
416 0.7239696312364425
417 0.7245119305856833
418 0.7261388286334056
419 0.7261388286334056
420 0.7255965292841648
421 0.7255965292841648
422 0.7255965292841648
423 0.7255965292841648
424 0.7255965292841648
425 0.7261388286334056
426 0.7266811279826464
427 0.7261388286334056
428 0.7261388286334056
429 0.7261388286334056
430 0.7255965292841648
431 0.7255965292841648
432 0.7261388286334056
433 0.7261388286334056
434 0.7261388286334056
435 0.7272234273318872
436 0.7277657266811279
437 0.7293926247288504
438 0.7293926247288504
439 0.7299349240780911
440 0.7299349240780911
441 0.7299349240780911
442 0.7288503253796096
443 0.7277657266811279
444 0.7283080260303688
445 0.7277657266811279
446 0.7277657266811279
447 0.7272234273318872
448 0.7239696312364425
449 0.7245119305856833
450 0.7245119305856833
451 0.7234273318872018
452 0.722885032537961
453 0.7218004338394793
454 0.722885032537961
455 0.7245119305856833
456 0.7245119305856833
457 0.7261388286334056
458 0.7261388286334056
459 0.7283080260303688
460 0.7293926247288504
461 0.7288503253796096
462 0.7277657266811279
463 0.7277657266811279
464 0.7288503253796096
465 0.7288503253796096
466 0.7283080260303688
467 0.7299349240780911
468 0.7299349240780911
469 0.7283080260303688
470 0.7277657266811279
471 0.7277657266811279
472 0.7277657266811279
473 0.7272234273318872
474 0.7277657266811279
475 0.7272234273318872
476 0.7277657266811279
477 0.7277657266811279
478 0.7277657266811279
479 0.7277657266811279
480 0.7277657266811279
481 0.7283080260303688
482 0.7342733188720173
483 0.7337310195227765
484 0.7337310195227765
485 0.7331887201735358
486 0.7310195227765727
487 0.7283080260303688
488 0.7288503253796096
489 0.7288503253796096
490 0.7283080260303688
491 0.7293926247288504
492 0.7310195227765727
493 0.7304772234273319
494 0.7304772234273319
495 0.7293926247288504
496 0.7293926247288504
497 0.7293926247288504
498 0.7288503253796096
499 0.7283080260303688
500 0.7283080260303688
501 0.7293926247288504
502 0.7293926247288504
503 0.7293926247288504
504 0.7293926247288504
505 0.7293926247288504
506 0.7293926247288504
507 0.7293926247288504
508 0.7272234273318872
509 0.7261388286334056
510 0.7250542299349241
511 0.7250542299349241
512 0.7245119305856833
513 0.7277657266811279
514 0.7277657266811279
515 0.7277657266811279
516 0.7288503253796096
517 0.7304772234273319
518 0.7304772234273319
519 0.7304772234273319
520 0.7304772234273319
521 0.7304772234273319
522 0.7299349240780911
523 0.7293926247288504
524 0.7299349240780911
525 0.7304772234273319
526 0.7299349240780911
527 0.7304772234273319
528 0.7293926247288504
529 0.7299349240780911
530 0.7299349240780911
531 0.7288503253796096
532 0.7304772234273319
533 0.7272234273318872
534 0.7283080260303688
535 0.7283080260303688
536 0.7283080260303688
537 0.7288503253796096
538 0.7299349240780911
539 0.7299349240780911
540 0.7304772234273319
541 0.7304772234273319
542 0.7304772234273319
543 0.7304772234273319
544 0.7299349240780911
545 0.7304772234273319
546 0.7299349240780911
547 0.7299349240780911
548 0.7299349240780911
549 0.7299349240780911
550 0.7299349240780911
551 0.7283080260303688
552 0.7277657266811279
553 0.7277657266811279
554 0.7277657266811279
555 0.7283080260303688
556 0.7288503253796096
557 0.7293926247288504
558 0.7255965292841648
559 0.7255965292841648
560 0.7261388286334056
561 0.7261388286334056
562 0.7261388286334056
563 0.7272234273318872
564 0.7250542299349241
565 0.7250542299349241
566 0.7245119305856833
567 0.7250542299349241
568 0.7239696312364425
569 0.7250542299349241
570 0.7245119305856833
571 0.7245119305856833
572 0.7245119305856833
573 0.7239696312364425
574 0.7239696312364425
575 0.7239696312364425
576 0.7239696312364425
577 0.7239696312364425
578 0.7234273318872018
579 0.7234273318872018
580 0.7239696312364425
581 0.7234273318872018
582 0.7234273318872018
583 0.722885032537961
584 0.7272234273318872
585 0.7266811279826464
586 0.7266811279826464
587 0.7261388286334056
588 0.7255965292841648
589 0.7261388286334056
590 0.7261388286334056
591 0.7266811279826464
592 0.7245119305856833
593 0.7245119305856833
594 0.7245119305856833
595 0.7245119305856833
596 0.7245119305856833
597 0.7266811279826464
598 0.7272234273318872
599 0.7277657266811279
600 0.7277657266811279
601 0.7277657266811279
602 0.7283080260303688
603 0.7283080260303688
604 0.7288503253796096
605 0.7272234273318872
606 0.7255965292841648
607 0.7255965292841648
608 0.7266811279826464
609 0.7255965292841648
610 0.7255965292841648
611 0.7288503253796096
612 0.7261388286334056
613 0.7266811279826464
614 0.7337310195227765
615 0.7337310195227765
616 0.7342733188720173
617 0.7348156182212582
618 0.7342733188720173
619 0.7359002169197397
620 0.7348156182212582
621 0.7331887201735358
622 0.7331887201735358
623 0.7331887201735358
624 0.7337310195227765
625 0.7342733188720173
626 0.7342733188720173
627 0.7342733188720173
628 0.7342733188720173
629 0.7342733188720173
630 0.732646420824295
631 0.732646420824295
632 0.732646420824295
633 0.732646420824295
634 0.7337310195227765
635 0.7342733188720173
636 0.7342733188720173
637 0.7342733188720173
638 0.7255965292841648
639 0.7261388286334056
640 0.7261388286334056
641 0.7261388286334056
642 0.7255965292841648
643 0.7255965292841648
644 0.7239696312364425
645 0.7245119305856833
646 0.7272234273318872
647 0.7266811279826464
648 0.7266811279826464
649 0.7266811279826464
650 0.7261388286334056
651 0.7277657266811279
652 0.7272234273318872
653 0.7266811279826464
654 0.7266811279826464
655 0.7266811279826464
656 0.7266811279826464
657 0.7272234273318872
658 0.7272234273318872
659 0.7272234273318872
660 0.7272234273318872
661 0.7272234273318872
662 0.7277657266811279
663 0.7272234273318872
664 0.7266811279826464
665 0.7266811279826464
666 0.7272234273318872
667 0.7250542299349241
668 0.7250542299349241
669 0.7250542299349241
670 0.7234273318872018
671 0.7239696312364425
672 0.7245119305856833
673 0.7245119305856833
674 0.7255965292841648
675 0.7261388286334056
676 0.7261388286334056
677 0.7255965292841648
678 0.7250542299349241
679 0.7266811279826464
680 0.7261388286334056
681 0.7255965292841648
682 0.7266811279826464
683 0.7266811279826464
684 0.7315618221258134
685 0.7310195227765727
686 0.7310195227765727
687 0.7315618221258134
688 0.7315618221258134
689 0.7315618221258134
690 0.7310195227765727
691 0.7304772234273319
692 0.7299349240780911
693 0.7299349240780911
694 0.7299349240780911
695 0.7299349240780911
696 0.7299349240780911
697 0.7272234273318872
698 0.7266811279826464
699 0.7266811279826464
700 0.7266811279826464
701 0.7266811279826464
702 0.7266811279826464
703 0.7266811279826464
704 0.7261388286334056
705 0.7261388286334056
706 0.7261388286334056
707 0.7255965292841648
708 0.7239696312364425
709 0.7239696312364425
710 0.7239696312364425
711 0.7234273318872018
712 0.7234273318872018
713 0.7234273318872018
714 0.7185466377440347
715 0.7190889370932755
716 0.7190889370932755
717 0.7196312364425163
718 0.720173535791757
719 0.720173535791757
720 0.720173535791757
721 0.720173535791757
722 0.720173535791757
723 0.7196312364425163
724 0.7196312364425163
725 0.7196312364425163
726 0.7196312364425163
727 0.7196312364425163
728 0.7207158351409978
729 0.7212581344902386
730 0.7218004338394793
731 0.7218004338394793
732 0.7212581344902386
733 0.7218004338394793
734 0.7207158351409978
735 0.7207158351409978
736 0.7239696312364425
737 0.722885032537961
738 0.7223427331887202
739 0.7239696312364425
740 0.7239696312364425
741 0.7304772234273319
742 0.7266811279826464
743 0.7266811279826464
744 0.7234273318872018
745 0.7239696312364425
746 0.7250542299349241
747 0.7255965292841648
748 0.7266811279826464
749 0.7266811279826464
750 0.7277657266811279
751 0.7277657266811279
752 0.7277657266811279
753 0.7245119305856833
754 0.7250542299349241
755 0.7250542299349241
756 0.7250542299349241
757 0.7245119305856833
758 0.7245119305856833
759 0.7250542299349241
760 0.7234273318872018
761 0.722885032537961
762 0.722885032537961
763 0.722885032537961
764 0.7223427331887202
765 0.722885032537961
766 0.7223427331887202
767 0.7223427331887202
768 0.7218004338394793
769 0.7218004338394793
770 0.7218004338394793
771 0.722885032537961
772 0.720173535791757
773 0.7218004338394793
774 0.7207158351409978
775 0.7207158351409978
776 0.7218004338394793
777 0.7218004338394793
778 0.7218004338394793
779 0.7223427331887202
780 0.722885032537961
781 0.7223427331887202
782 0.7218004338394793
783 0.7218004338394793
784 0.7218004338394793
785 0.7212581344902386
786 0.7212581344902386
787 0.7212581344902386
788 0.7212581344902386
789 0.7212581344902386
790 0.7212581344902386
791 0.722885032537961
792 0.722885032537961
793 0.7234273318872018
794 0.722885032537961
795 0.722885032537961
796 0.7190889370932755
797 0.720173535791757
798 0.7207158351409978
799 0.720173535791757
800 0.720173535791757
801 0.720173535791757
802 0.720173535791757
803 0.720173535791757
804 0.720173535791757
805 0.7180043383947939
806 0.7180043383947939
807 0.7212581344902386
808 0.7212581344902386
809 0.7212581344902386
810 0.7207158351409978
811 0.7207158351409978
812 0.7207158351409978
813 0.7207158351409978
814 0.7207158351409978
815 0.7207158351409978
816 0.7207158351409978
817 0.7190889370932755
818 0.7212581344902386
819 0.7212581344902386
820 0.7212581344902386
821 0.7223427331887202
822 0.7223427331887202
823 0.722885032537961
824 0.7212581344902386
825 0.7207158351409978
826 0.7207158351409978
827 0.7207158351409978
828 0.720173535791757
829 0.720173535791757
830 0.7223427331887202
831 0.7142082429501084
832 0.7142082429501084
833 0.7136659436008677
834 0.7142082429501084
835 0.7136659436008677
836 0.7142082429501084
837 0.7142082429501084
838 0.7142082429501084
839 0.7142082429501084
840 0.7147505422993492
841 0.7147505422993492
842 0.7142082429501084
843 0.7136659436008677
844 0.7136659436008677
845 0.7136659436008677
846 0.7136659436008677
847 0.7142082429501084
848 0.7142082429501084
849 0.7142082429501084
850 0.7147505422993492
851 0.71529284164859
852 0.7169197396963124
853 0.7125813449023861
854 0.7125813449023861
855 0.7125813449023861
856 0.7125813449023861
857 0.7125813449023861
858 0.71529284164859
859 0.7147505422993492
860 0.7321041214750542
861 0.732646420824295
862 0.732646420824295
863 0.732646420824295
864 0.732646420824295
865 0.732646420824295
866 0.7331887201735358
867 0.7315618221258134
868 0.7310195227765727
869 0.7304772234273319
870 0.7304772234273319
871 0.7310195227765727
872 0.7310195227765727
873 0.7310195227765727
874 0.7310195227765727
875 0.7310195227765727
876 0.7321041214750542
877 0.7337310195227765
878 0.7331887201735358
879 0.7337310195227765
880 0.7331887201735358
881 0.732646420824295
882 0.732646420824295
883 0.7315618221258134
884 0.7321041214750542
885 0.732646420824295
886 0.7337310195227765
887 0.7337310195227765
888 0.7337310195227765
889 0.7337310195227765
890 0.7337310195227765
891 0.7337310195227765
892 0.7348156182212582
893 0.735357917570499
894 0.735357917570499
895 0.735357917570499
896 0.7315618221258134
897 0.7331887201735358
898 0.7331887201735358
899 0.7331887201735358
900 0.732646420824295
901 0.732646420824295
902 0.732646420824295
903 0.7321041214750542
904 0.7321041214750542
905 0.7321041214750542
906 0.732646420824295
907 0.732646420824295
908 0.732646420824295
909 0.732646420824295
910 0.7310195227765727
911 0.7315618221258134
912 0.7331887201735358
913 0.7277657266811279
914 0.7283080260303688
915 0.7283080260303688
916 0.7304772234273319
917 0.7304772234273319
918 0.7304772234273319
919 0.7304772234273319
920 0.7304772234273319
921 0.7315618221258134
922 0.732646420824295
923 0.7310195227765727
924 0.7310195227765727
925 0.7310195227765727
926 0.7310195227765727
927 0.7310195227765727
928 0.7315618221258134
929 0.7315618221258134
930 0.7315618221258134
931 0.7315618221258134
932 0.7321041214750542
933 0.7315618221258134
934 0.7315618221258134
935 0.7315618221258134
936 0.7331887201735358
937 0.7337310195227765
938 0.7321041214750542
939 0.7321041214750542
940 0.7321041214750542
941 0.7321041214750542
942 0.7321041214750542
943 0.7315618221258134
944 0.7321041214750542
945 0.7321041214750542
946 0.732646420824295
947 0.7321041214750542
948 0.7321041214750542
949 0.7321041214750542
950 0.7299349240780911
951 0.7288503253796096
952 0.7277657266811279
953 0.7277657266811279
954 0.7272234273318872
955 0.7277657266811279
956 0.7288503253796096
957 0.7293926247288504
958 0.7283080260303688
959 0.7266811279826464
960 0.7272234273318872
961 0.7272234273318872
962 0.7272234273318872
963 0.7272234273318872
964 0.7272234273318872
965 0.7272234273318872
966 0.7293926247288504
967 0.7293926247288504
968 0.7293926247288504
969 0.7293926247288504
970 0.7293926247288504
971 0.7293926247288504
972 0.7293926247288504
973 0.7293926247288504
974 0.7283080260303688
975 0.7283080260303688
976 0.7283080260303688
977 0.7283080260303688
978 0.7283080260303688
979 0.7255965292841648
980 0.7288503253796096
981 0.7304772234273319
982 0.7321041214750542
983 0.7234273318872018
984 0.722885032537961
985 0.722885032537961
986 0.7234273318872018
987 0.7234273318872018
988 0.7255965292841648
989 0.7261388286334056
990 0.7255965292841648
991 0.7266811279826464
992 0.7261388286334056
993 0.7261388286334056
994 0.7261388286334056
995 0.7266811279826464
996 0.7266811279826464
997 0.7266811279826464
998 0.7261388286334056
999 0.7250542299349241
1000 0.7255965292841648
1001 0.7255965292841648
1002 0.7245119305856833
1003 0.7250542299349241
1004 0.7250542299349241
1005 0.7250542299349241
1006 0.7250542299349241
1007 0.7250542299349241
1008 0.7255965292841648
1009 0.7255965292841648
1010 0.7250542299349241
1011 0.7250542299349241
1012 0.7255965292841648
1013 0.7250542299349241
1014 0.7250542299349241
1015 0.7239696312364425
1016 0.7239696312364425
1017 0.7250542299349241
1018 0.7245119305856833
1019 0.7283080260303688
1020 0.7277657266811279
1021 0.7261388286334056
1022 0.7261388286334056
1023 0.7266811279826464
1024 0.7266811279826464
1025 0.7288503253796096
1026 0.7288503253796096
1027 0.7293926247288504
1028 0.7283080260303688
1029 0.7277657266811279
1030 0.7288503253796096
1031 0.7266811279826464
1032 0.7266811279826464
1033 0.7255965292841648
1034 0.7266811279826464
1035 0.7266811279826464
1036 0.7261388286334056
1037 0.7261388286334056
1038 0.7261388286334056
1039 0.7261388286334056
1040 0.7266811279826464
1041 0.7266811279826464
1042 0.7266811279826464
1043 0.7261388286334056
1044 0.7266811279826464
1045 0.7266811279826464
1046 0.7255965292841648
1047 0.7293926247288504
1048 0.7293926247288504
1049 0.7266811279826464
1050 0.7266811279826464
1051 0.7288503253796096
1052 0.7288503253796096
1053 0.7288503253796096
1054 0.7288503253796096
1055 0.7223427331887202
1056 0.7142082429501084
1057 0.7142082429501084
1058 0.7283080260303688
1059 0.7207158351409978
1060 0.7218004338394793
1061 0.7196312364425163
1062 0.7234273318872018
1063 0.7218004338394793
1064 0.722885032537961
1065 0.7218004338394793
1066 0.7223427331887202
1067 0.7218004338394793
1068 0.7212581344902386
1069 0.7218004338394793
1070 0.7223427331887202
1071 0.7239696312364425
1072 0.7245119305856833
1073 0.7239696312364425
1074 0.7272234273318872
1075 0.7266811279826464
1076 0.7272234273318872
1077 0.7223427331887202
1078 0.722885032537961
1079 0.722885032537961
1080 0.7212581344902386
1081 0.7207158351409978
1082 0.7180043383947939
1083 0.7185466377440347
1084 0.722885032537961
1085 0.720173535791757
1086 0.7196312364425163
1087 0.720173535791757
1088 0.7196312364425163
1089 0.7190889370932755
1090 0.7180043383947939
1091 0.7174620390455532
1092 0.7185466377440347
1093 0.7185466377440347
1094 0.7120390455531453
1095 0.7147505422993492
1096 0.7185466377440347
1097 0.7196312364425163
1098 0.7158351409978309
1099 0.7174620390455532
1100 0.7180043383947939
1101 0.7174620390455532
1102 0.7174620390455532
1103 0.7163774403470716
1104 0.7190889370932755
1105 0.7239696312364425
1106 0.7272234273318872
1107 0.7277657266811279
1108 0.7277657266811279
1109 0.7277657266811279
1110 0.7261388286334056
1111 0.7261388286334056
1112 0.7261388286334056
1113 0.7261388286334056
1114 0.7261388286334056
1115 0.7261388286334056
1116 0.7266811279826464
1117 0.7266811279826464
1118 0.7261388286334056
1119 0.7261388286334056
1120 0.7261388286334056
1121 0.7245119305856833
1122 0.7250542299349241
1123 0.7245119305856833
1124 0.7239696312364425
1125 0.722885032537961
1126 0.7218004338394793
1127 0.722885032537961
1128 0.722885032537961
1129 0.7234273318872018
1130 0.7234273318872018
1131 0.7234273318872018
1132 0.7250542299349241
1133 0.7239696312364425
1134 0.7261388286334056
1135 0.7266811279826464
1136 0.7266811279826464
1137 0.7261388286334056
1138 0.7277657266811279
1139 0.7277657266811279
1140 0.7272234273318872
1141 0.7272234273318872
1142 0.7266811279826464
1143 0.7266811279826464
1144 0.7272234273318872
1145 0.7272234273318872
1146 0.7272234273318872
1147 0.7266811279826464
1148 0.7283080260303688
1149 0.7288503253796096
1150 0.7293926247288504
1151 0.7293926247288504
1152 0.7293926247288504
1153 0.7293926247288504
1154 0.7299349240780911
1155 0.7299349240780911
1156 0.7299349240780911
1157 0.7299349240780911
1158 0.7293926247288504
1159 0.7293926247288504
1160 0.7293926247288504
1161 0.7299349240780911
1162 0.7299349240780911
1163 0.7299349240780911
1164 0.7304772234273319
1165 0.7293926247288504
1166 0.7304772234273319
1167 0.7310195227765727
1168 0.7299349240780911
1169 0.7293926247288504
1170 0.7293926247288504
1171 0.7304772234273319
1172 0.7283080260303688
1173 0.7299349240780911
1174 0.7293926247288504
1175 0.7293926247288504
1176 0.7299349240780911
1177 0.7299349240780911
1178 0.7293926247288504
1179 0.7288503253796096
1180 0.7277657266811279
1181 0.7288503253796096
1182 0.7310195227765727
1183 0.7310195227765727
1184 0.7310195227765727
1185 0.7288503253796096
1186 0.7288503253796096
1187 0.7299349240780911
1188 0.7293926247288504
1189 0.7293926247288504
1190 0.7299349240780911
1191 0.7288503253796096
1192 0.7293926247288504
1193 0.7293926247288504
1194 0.7293926247288504
1195 0.7293926247288504
1196 0.7293926247288504
1197 0.7293926247288504
1198 0.7293926247288504
1199 0.7288503253796096
1200 0.7293926247288504
1201 0.7293926247288504
1202 0.7304772234273319
1203 0.7299349240780911
1204 0.7304772234273319
1205 0.7304772234273319
1206 0.7299349240780911
1207 0.7293926247288504
1208 0.7293926247288504
1209 0.7293926247288504
1210 0.7304772234273319
1211 0.7293926247288504
1212 0.7293926247288504
1213 0.7293926247288504
1214 0.7288503253796096
1215 0.7288503253796096
1216 0.7293926247288504
1217 0.7288503253796096
1218 0.7288503253796096
1219 0.7288503253796096
1220 0.7288503253796096
1221 0.7304772234273319
1222 0.7310195227765727
1223 0.7310195227765727
1224 0.7310195227765727
1225 0.7315618221258134
1226 0.7315618221258134
1227 0.7321041214750542
1228 0.7321041214750542
1229 0.7272234273318872
1230 0.7272234273318872
1231 0.7272234273318872
1232 0.7272234273318872
1233 0.7266811279826464
1234 0.7283080260303688
1235 0.7283080260303688
1236 0.7293926247288504
1237 0.7288503253796096
1238 0.7315618221258134
1239 0.7304772234273319
1240 0.7299349240780911
1241 0.7293926247288504
1242 0.7293926247288504
1243 0.7299349240780911
1244 0.7304772234273319
1245 0.7304772234273319
1246 0.7310195227765727
1247 0.7288503253796096
1248 0.7288503253796096
1249 0.7288503253796096
1250 0.7288503253796096
1251 0.7277657266811279
1252 0.7288503253796096
1253 0.7283080260303688
1254 0.7293926247288504
1255 0.7288503253796096
1256 0.7288503253796096
1257 0.7293926247288504
1258 0.7288503253796096
1259 0.7288503253796096
1260 0.7288503253796096
1261 0.7288503253796096
1262 0.7310195227765727
1263 0.7299349240780911
1264 0.7310195227765727
1265 0.7304772234273319
1266 0.7304772234273319
1267 0.7299349240780911
1268 0.7304772234273319
1269 0.7315618221258134
1270 0.7304772234273319
1271 0.7299349240780911
1272 0.7299349240780911
1273 0.7304772234273319
1274 0.7299349240780911
1275 0.7299349240780911
1276 0.7299349240780911
1277 0.7299349240780911
1278 0.7299349240780911
1279 0.7299349240780911
1280 0.7299349240780911
1281 0.7299349240780911
1282 0.7299349240780911
1283 0.7304772234273319
1284 0.7310195227765727
1285 0.7310195227765727
1286 0.7310195227765727
1287 0.7315618221258134
1288 0.7315618221258134
1289 0.7315618221258134
1290 0.7315618221258134
1291 0.7315618221258134
1292 0.7315618221258134
1293 0.7315618221258134
1294 0.7315618221258134
1295 0.7315618221258134
1296 0.7315618221258134
1297 0.7315618221258134
1298 0.7315618221258134
1299 0.7321041214750542
1300 0.7321041214750542
1301 0.7321041214750542
1302 0.7321041214750542
1303 0.732646420824295
1304 0.7331887201735358
1305 0.7331887201735358
1306 0.7331887201735358
1307 0.7331887201735358
1308 0.7331887201735358
1309 0.7331887201735358
1310 0.7331887201735358
1311 0.7331887201735358
1312 0.7331887201735358
1313 0.7331887201735358
1314 0.7331887201735358
1315 0.7337310195227765
1316 0.7337310195227765
1317 0.7337310195227765
1318 0.7331887201735358
1319 0.7331887201735358
1320 0.732646420824295
1321 0.7331887201735358
1322 0.7331887201735358
1323 0.7331887201735358
1324 0.7331887201735358
1325 0.7331887201735358
1326 0.7331887201735358
1327 0.7321041214750542
1328 0.7321041214750542
1329 0.732646420824295
1330 0.732646420824295
1331 0.732646420824295
1332 0.7321041214750542
1333 0.732646420824295
1334 0.732646420824295
1335 0.7321041214750542
1336 0.7321041214750542
1337 0.732646420824295
1338 0.7321041214750542
1339 0.7321041214750542
1340 0.7315618221258134
1341 0.7315618221258134
1342 0.7315618221258134
1343 0.7315618221258134
1344 0.7315618221258134
1345 0.7315618221258134
1346 0.7315618221258134
1347 0.7315618221258134
1348 0.7315618221258134
1349 0.7315618221258134
1350 0.7315618221258134
1351 0.7304772234273319
1352 0.7315618221258134
1353 0.7304772234273319
1354 0.7299349240780911
1355 0.7299349240780911
1356 0.7299349240780911
1357 0.7304772234273319
1358 0.7304772234273319
1359 0.7299349240780911
1360 0.7299349240780911
1361 0.7299349240780911
1362 0.7299349240780911
1363 0.7299349240780911
1364 0.7304772234273319
1365 0.7304772234273319
1366 0.7304772234273319
1367 0.7310195227765727
1368 0.7310195227765727
1369 0.7310195227765727
1370 0.7310195227765727
1371 0.7310195227765727
1372 0.7321041214750542
1373 0.7321041214750542
1374 0.732646420824295
1375 0.732646420824295
1376 0.7315618221258134
1377 0.7315618221258134
1378 0.7321041214750542
1379 0.7310195227765727
1380 0.7315618221258134
1381 0.7315618221258134
1382 0.7315618221258134
1383 0.7321041214750542
1384 0.7321041214750542
1385 0.7321041214750542
1386 0.7310195227765727
1387 0.7310195227765727
1388 0.7310195227765727
1389 0.7310195227765727
1390 0.7310195227765727
1391 0.7310195227765727
1392 0.7304772234273319
1393 0.7304772234273319
1394 0.7304772234273319
1395 0.7304772234273319
1396 0.7310195227765727
1397 0.7310195227765727
1398 0.7310195227765727
1399 0.7310195227765727
1400 0.7310195227765727
1401 0.7310195227765727
1402 0.7310195227765727
1403 0.7310195227765727
1404 0.7310195227765727
1405 0.7304772234273319
1406 0.7293926247288504
1407 0.7293926247288504
1408 0.7288503253796096
1409 0.7293926247288504
1410 0.7288503253796096
1411 0.7283080260303688
1412 0.7283080260303688
1413 0.7277657266811279
1414 0.7261388286334056
1415 0.7261388286334056
1416 0.7250542299349241
1417 0.7239696312364425
1418 0.7245119305856833
1419 0.7250542299349241
1420 0.7239696312364425
1421 0.7234273318872018
1422 0.7239696312364425
1423 0.7245119305856833
1424 0.7239696312364425
1425 0.7245119305856833
1426 0.7234273318872018
1427 0.7234273318872018
1428 0.7239696312364425
1429 0.7239696312364425
1430 0.7239696312364425
1431 0.7239696312364425
1432 0.7245119305856833
1433 0.7245119305856833
1434 0.7255965292841648
1435 0.7261388286334056
1436 0.7266811279826464
1437 0.7272234273318872
1438 0.7272234273318872
1439 0.7272234273318872
1440 0.7283080260303688
1441 0.7288503253796096
1442 0.7288503253796096
1443 0.7288503253796096
1444 0.7288503253796096
1445 0.7288503253796096
1446 0.7272234273318872
1447 0.7272234273318872
1448 0.7272234273318872
1449 0.7266811279826464
1450 0.7272234273318872
1451 0.7272234273318872
1452 0.7272234273318872
1453 0.7277657266811279
1454 0.7277657266811279
1455 0.7277657266811279
1456 0.7283080260303688
1457 0.7288503253796096
1458 0.7293926247288504
1459 0.7299349240780911
1460 0.7304772234273319
1461 0.7299349240780911
1462 0.7299349240780911
1463 0.7299349240780911
1464 0.7299349240780911
1465 0.7299349240780911
1466 0.7293926247288504
1467 0.7299349240780911
1468 0.7293926247288504
1469 0.7293926247288504
1470 0.7293926247288504
1471 0.7288503253796096
1472 0.7293926247288504
1473 0.7304772234273319
1474 0.7304772234273319
1475 0.7364425162689805
1476 0.7364425162689805
1477 0.7359002169197397
1478 0.7359002169197397
1479 0.7359002169197397
1480 0.7364425162689805
1481 0.7364425162689805
1482 0.7369848156182213
1483 0.7364425162689805
1484 0.7364425162689805
1485 0.7364425162689805
1486 0.7369848156182213
1487 0.7369848156182213
1488 0.737527114967462
1489 0.7369848156182213
1490 0.737527114967462
1491 0.7386117136659436
1492 0.7386117136659436
1493 0.7386117136659436
1494 0.7386117136659436
1495 0.7386117136659436
1496 0.7386117136659436
1497 0.7386117136659436
1498 0.7386117136659436
1499 0.737527114967462
1500 0.737527114967462
1501 0.737527114967462
1502 0.737527114967462
1503 0.737527114967462
1504 0.735357917570499
1505 0.7342733188720173
1506 0.7342733188720173
1507 0.7337310195227765
1508 0.7337310195227765
1509 0.7337310195227765
1510 0.7337310195227765
1511 0.7348156182212582
1512 0.7337310195227765
1513 0.7337310195227765
1514 0.7337310195227765
1515 0.7337310195227765
1516 0.7337310195227765
1517 0.7337310195227765
1518 0.7337310195227765
1519 0.7337310195227765
1520 0.7337310195227765
1521 0.7342733188720173
1522 0.7337310195227765
1523 0.7337310195227765
1524 0.7337310195227765
1525 0.7337310195227765
1526 0.7337310195227765
1527 0.7337310195227765
1528 0.7331887201735358
1529 0.7331887201735358
1530 0.7331887201735358
1531 0.7331887201735358
1532 0.7331887201735358
1533 0.7337310195227765
1534 0.7337310195227765
1535 0.7337310195227765
1536 0.7337310195227765
1537 0.7337310195227765
1538 0.7348156182212582
1539 0.7348156182212582
1540 0.7369848156182213
1541 0.7364425162689805
1542 0.7364425162689805
1543 0.7364425162689805
1544 0.7364425162689805
1545 0.7364425162689805
1546 0.7364425162689805
1547 0.7364425162689805
1548 0.7364425162689805
1549 0.7364425162689805
1550 0.7364425162689805
1551 0.7364425162689805
1552 0.7364425162689805
1553 0.7364425162689805
1554 0.7369848156182213
1555 0.7364425162689805
1556 0.7364425162689805
1557 0.737527114967462
1558 0.7380694143167028
1559 0.7380694143167028
1560 0.7380694143167028
1561 0.7380694143167028
1562 0.7380694143167028
1563 0.7380694143167028
1564 0.737527114967462
1565 0.737527114967462
1566 0.737527114967462
1567 0.7369848156182213
1568 0.737527114967462
1569 0.7369848156182213
1570 0.7369848156182213
1571 0.7364425162689805
1572 0.7364425162689805
1573 0.7364425162689805
1574 0.7364425162689805
1575 0.7364425162689805
1576 0.7359002169197397
1577 0.7359002169197397
1578 0.7364425162689805
1579 0.7369848156182213
1580 0.7369848156182213
1581 0.7369848156182213
1582 0.7369848156182213
1583 0.7369848156182213
1584 0.7359002169197397
1585 0.7359002169197397
1586 0.735357917570499
1587 0.735357917570499
1588 0.735357917570499
1589 0.735357917570499
1590 0.7348156182212582
1591 0.7348156182212582
1592 0.7364425162689805
1593 0.7364425162689805
1594 0.7364425162689805
1595 0.735357917570499
1596 0.735357917570499
1597 0.735357917570499
1598 0.732646420824295
1599 0.7315618221258134
1600 0.7315618221258134
1601 0.7315618221258134
1602 0.7315618221258134
1603 0.7315618221258134
1604 0.7315618221258134
1605 0.732646420824295
1606 0.7315618221258134
1607 0.7315618221258134
1608 0.7315618221258134
1609 0.7315618221258134
1610 0.7315618221258134
1611 0.7315618221258134
1612 0.7315618221258134
1613 0.7315618221258134
1614 0.7315618221258134
1615 0.7321041214750542
1616 0.7321041214750542
1617 0.7315618221258134
1618 0.7315618221258134
1619 0.7315618221258134
1620 0.7315618221258134
1621 0.7315618221258134
1622 0.7321041214750542
1623 0.7321041214750542
1624 0.7321041214750542
1625 0.7321041214750542
1626 0.7321041214750542
1627 0.7321041214750542
1628 0.7321041214750542
1629 0.7321041214750542
1630 0.7321041214750542
1631 0.7315618221258134
1632 0.7315618221258134
1633 0.7315618221258134
1634 0.7315618221258134
1635 0.7310195227765727
1636 0.7310195227765727
1637 0.7310195227765727
1638 0.7321041214750542
1639 0.7304772234273319
1640 0.7299349240780911
1641 0.7299349240780911
1642 0.7299349240780911
1643 0.7304772234273319
1644 0.7299349240780911
1645 0.7299349240780911
1646 0.7299349240780911
1647 0.7299349240780911
1648 0.7299349240780911
1649 0.7299349240780911
1650 0.7299349240780911
1651 0.7299349240780911
1652 0.7299349240780911
1653 0.7299349240780911
1654 0.7299349240780911
1655 0.7299349240780911
1656 0.7293926247288504
1657 0.7293926247288504
1658 0.7299349240780911
1659 0.7299349240780911
1660 0.7299349240780911
1661 0.7293926247288504
1662 0.7293926247288504
1663 0.7293926247288504
1664 0.7293926247288504
1665 0.7293926247288504
1666 0.7293926247288504
1667 0.7293926247288504
1668 0.7293926247288504
1669 0.7299349240780911
1670 0.7299349240780911
1671 0.7299349240780911
1672 0.7299349240780911
1673 0.7293926247288504
1674 0.7293926247288504
1675 0.7293926247288504
1676 0.7293926247288504
1677 0.7304772234273319
1678 0.7304772234273319
1679 0.7304772234273319
1680 0.7310195227765727
1681 0.7304772234273319
1682 0.7299349240780911
1683 0.7299349240780911
1684 0.7304772234273319
1685 0.7304772234273319
1686 0.7304772234273319
1687 0.7299349240780911
1688 0.7299349240780911
1689 0.7299349240780911
1690 0.7299349240780911
1691 0.7299349240780911
1692 0.7299349240780911
1693 0.7299349240780911
1694 0.7299349240780911
1695 0.7304772234273319
1696 0.7304772234273319
1697 0.7310195227765727
1698 0.7310195227765727
1699 0.7310195227765727
1700 0.7310195227765727
1701 0.7310195227765727
1702 0.7310195227765727
1703 0.7310195227765727
1704 0.7310195227765727
1705 0.7310195227765727
1706 0.7310195227765727
1707 0.7304772234273319
1708 0.7299349240780911
1709 0.7299349240780911
1710 0.7299349240780911
1711 0.7299349240780911
1712 0.7299349240780911
1713 0.7299349240780911
1714 0.7304772234273319
1715 0.7304772234273319
1716 0.7304772234273319
1717 0.7304772234273319
1718 0.7321041214750542
1719 0.7321041214750542
1720 0.7321041214750542
1721 0.7348156182212582
1722 0.735357917570499
1723 0.735357917570499
1724 0.735357917570499
1725 0.735357917570499
1726 0.735357917570499
1727 0.735357917570499
1728 0.735357917570499
1729 0.735357917570499
1730 0.7359002169197397
1731 0.7359002169197397
1732 0.7359002169197397
1733 0.7359002169197397
1734 0.7359002169197397
1735 0.7359002169197397
1736 0.7369848156182213
1737 0.7369848156182213
1738 0.7369848156182213
1739 0.7369848156182213
1740 0.7369848156182213
1741 0.7369848156182213
1742 0.7369848156182213
1743 0.7369848156182213
1744 0.7369848156182213
1745 0.7369848156182213
1746 0.7369848156182213
1747 0.7369848156182213
1748 0.7369848156182213
1749 0.7369848156182213
1750 0.7369848156182213
1751 0.7369848156182213
1752 0.7369848156182213
1753 0.7369848156182213
1754 0.737527114967462
1755 0.737527114967462
1756 0.7369848156182213
1757 0.7369848156182213
1758 0.7369848156182213
1759 0.7369848156182213
1760 0.7369848156182213
1761 0.7364425162689805
1762 0.735357917570499
1763 0.735357917570499
1764 0.735357917570499
1765 0.735357917570499
1766 0.735357917570499
1767 0.7364425162689805
1768 0.735357917570499
1769 0.735357917570499
1770 0.7359002169197397
1771 0.737527114967462
1772 0.737527114967462
1773 0.7359002169197397
1774 0.7359002169197397
1775 0.7359002169197397
1776 0.7359002169197397
1777 0.7359002169197397
1778 0.735357917570499
1779 0.7359002169197397
1780 0.735357917570499
1781 0.7359002169197397
1782 0.7359002169197397
1783 0.7359002169197397
1784 0.7359002169197397
1785 0.7359002169197397
1786 0.7359002169197397
1787 0.7364425162689805
1788 0.7364425162689805
1789 0.7359002169197397
1790 0.7359002169197397
1791 0.7359002169197397
1792 0.7359002169197397
1793 0.7359002169197397
1794 0.7369848156182213
1795 0.7369848156182213
1796 0.7369848156182213
1797 0.737527114967462
1798 0.7380694143167028
1799 0.7380694143167028
1800 0.7380694143167028
1801 0.7380694143167028
1802 0.7380694143167028
1803 0.737527114967462
1804 0.737527114967462
1805 0.7380694143167028
1806 0.737527114967462
1807 0.737527114967462
1808 0.737527114967462
1809 0.737527114967462
1810 0.737527114967462
1811 0.7369848156182213
1812 0.7369848156182213
1813 0.7364425162689805
1814 0.7364425162689805
1815 0.7369848156182213
1816 0.7369848156182213
1817 0.7359002169197397
1818 0.7364425162689805
1819 0.7364425162689805
1820 0.735357917570499
1821 0.735357917570499
1822 0.735357917570499
1823 0.7348156182212582
1824 0.7348156182212582
1825 0.7348156182212582
1826 0.7348156182212582
1827 0.7348156182212582
1828 0.7348156182212582
1829 0.7348156182212582
1830 0.735357917570499
1831 0.735357917570499
1832 0.735357917570499
1833 0.735357917570499
1834 0.735357917570499
1835 0.735357917570499
1836 0.7369848156182213
1837 0.735357917570499
1838 0.735357917570499
1839 0.7369848156182213
1840 0.7369848156182213
1841 0.7369848156182213
1842 0.7364425162689805
1843 0.7342733188720173
1844 0.7331887201735358
1845 0.7331887201735358
1846 0.7331887201735358
1847 0.732646420824295
1848 0.732646420824295
1849 0.7321041214750542
1850 0.7321041214750542
1851 0.7321041214750542
1852 0.732646420824295
1853 0.732646420824295
1854 0.7342733188720173
1855 0.7337310195227765
1856 0.7337310195227765
1857 0.7337310195227765
1858 0.7337310195227765
1859 0.7337310195227765
1860 0.7364425162689805
1861 0.7364425162689805
1862 0.7364425162689805
1863 0.7359002169197397
1864 0.7359002169197397
1865 0.735357917570499
1866 0.735357917570499
1867 0.7348156182212582
1868 0.7348156182212582
1869 0.7342733188720173
1870 0.7348156182212582
1871 0.7364425162689805
1872 0.737527114967462
1873 0.737527114967462
1874 0.737527114967462
1875 0.737527114967462
1876 0.737527114967462
1877 0.7380694143167028
1878 0.737527114967462
1879 0.737527114967462
1880 0.737527114967462
1881 0.737527114967462
1882 0.737527114967462
1883 0.737527114967462
1884 0.737527114967462
1885 0.7369848156182213
1886 0.7369848156182213
1887 0.7369848156182213
1888 0.7369848156182213
1889 0.7369848156182213
1890 0.737527114967462
1891 0.7380694143167028
1892 0.737527114967462
1893 0.737527114967462
1894 0.737527114967462
1895 0.737527114967462
1896 0.737527114967462
1897 0.7369848156182213
1898 0.7369848156182213
1899 0.7369848156182213
1900 0.7369848156182213
1901 0.7369848156182213
1902 0.7364425162689805
1903 0.7364425162689805
1904 0.7359002169197397
1905 0.7359002169197397
1906 0.7359002169197397
1907 0.7359002169197397
1908 0.737527114967462
1909 0.7386117136659436
1910 0.7386117136659436
1911 0.7391540130151844
1912 0.7386117136659436
1913 0.7391540130151844
1914 0.7380694143167028
1915 0.7380694143167028
1916 0.7380694143167028
1917 0.7380694143167028
1918 0.7380694143167028
1919 0.7380694143167028
1920 0.7369848156182213
1921 0.7369848156182213
1922 0.7369848156182213
1923 0.737527114967462
1924 0.737527114967462
1925 0.7364425162689805
1926 0.7364425162689805
1927 0.7369848156182213
1928 0.7369848156182213
1929 0.737527114967462
1930 0.737527114967462
1931 0.7369848156182213
1932 0.7369848156182213
1933 0.7369848156182213
1934 0.7369848156182213
1935 0.7364425162689805
1936 0.7364425162689805
1937 0.7364425162689805
1938 0.7364425162689805
1939 0.7364425162689805
1940 0.7364425162689805
1941 0.7364425162689805
1942 0.737527114967462
1943 0.7380694143167028
1944 0.7380694143167028
1945 0.7380694143167028
1946 0.7380694143167028
1947 0.737527114967462
1948 0.7369848156182213
1949 0.7369848156182213
1950 0.7369848156182213
1951 0.7369848156182213
1952 0.7369848156182213
1953 0.7369848156182213
1954 0.7369848156182213
1955 0.7369848156182213
1956 0.7369848156182213
1957 0.7369848156182213
1958 0.7369848156182213
1959 0.7369848156182213
1960 0.7364425162689805
1961 0.7364425162689805
1962 0.7364425162689805
1963 0.7369848156182213
1964 0.7369848156182213
1965 0.7364425162689805
1966 0.7380694143167028
1967 0.7386117136659436
1968 0.7386117136659436
1969 0.7391540130151844
1970 0.7391540130151844
1971 0.7391540130151844
1972 0.7391540130151844
1973 0.7391540130151844
1974 0.7391540130151844
1975 0.7386117136659436
1976 0.7380694143167028
1977 0.7380694143167028
1978 0.7380694143167028
1979 0.7380694143167028
1980 0.7380694143167028
1981 0.7380694143167028
1982 0.7380694143167028
1983 0.7380694143167028
1984 0.7380694143167028
1985 0.7380694143167028
1986 0.7380694143167028
1987 0.7380694143167028
1988 0.7380694143167028
1989 0.7380694143167028
1990 0.737527114967462
1991 0.737527114967462
1992 0.737527114967462
1993 0.737527114967462
1994 0.7369848156182213
1995 0.7369848156182213
1996 0.7369848156182213
1997 0.7369848156182213
1998 0.7369848156182213
1999 0.7369848156182213
2000 0.7369848156182213
2001 0.7369848156182213
2002 0.7369848156182213
2003 0.7369848156182213
2004 0.7369848156182213
2005 0.7364425162689805
2006 0.7364425162689805
2007 0.7369848156182213
2008 0.7380694143167028
2009 0.737527114967462
2010 0.737527114967462
2011 0.737527114967462
2012 0.7391540130151844
2013 0.7342733188720173
2014 0.7342733188720173
2015 0.7342733188720173
2016 0.7348156182212582
2017 0.7342733188720173
2018 0.7342733188720173
2019 0.7342733188720173
2020 0.7342733188720173
2021 0.7342733188720173
2022 0.7337310195227765
2023 0.7315618221258134
2024 0.7315618221258134
2025 0.7315618221258134
2026 0.7315618221258134
2027 0.7315618221258134
2028 0.7321041214750542
2029 0.7321041214750542
2030 0.7315618221258134
2031 0.7315618221258134
2032 0.7315618221258134
2033 0.7359002169197397
2034 0.7331887201735358
2035 0.7337310195227765
2036 0.7348156182212582
2037 0.732646420824295
2038 0.7337310195227765
2039 0.7342733188720173
2040 0.7255965292841648
2041 0.7337310195227765
2042 0.7288503253796096
2043 0.7299349240780911
2044 0.7299349240780911
2045 0.7293926247288504
2046 0.7299349240780911
2047 0.7299349240780911
2048 0.7310195227765727
2049 0.7299349240780911
2050 0.7288503253796096
2051 0.7293926247288504
2052 0.7272234273318872
2053 0.7299349240780911
2054 0.7293926247288504
2055 0.7304772234273319
2056 0.7293926247288504
2057 0.7283080260303688
2058 0.7310195227765727
2059 0.7310195227765727
2060 0.7304772234273319
2061 0.7293926247288504
2062 0.7293926247288504
2063 0.7272234273318872
2064 0.7277657266811279
2065 0.7283080260303688
2066 0.7283080260303688
2067 0.7321041214750542
2068 0.7304772234273319
2069 0.7288503253796096
2070 0.7185466377440347
2071 0.6865509761388287
2072 0.7174620390455532
2073 0.7180043383947939
2074 0.7185466377440347
2075 0.7190889370932755
2076 0.7163774403470716
2077 0.7180043383947939
2078 0.7169197396963124
2079 0.7174620390455532
2080 0.7131236442516269
2081 0.6957700650759219
2082 0.6979392624728851
2083 0.7142082429501084
2084 0.7125813449023861
2085 0.7093275488069414
2086 0.7109544468546638
2087 0.7066160520607375
2088 0.705531453362256
2089 0.7342733188720173
2090 0.7348156182212582
2091 0.735357917570499
2092 0.735357917570499
2093 0.735357917570499
2094 0.7348156182212582
2095 0.7348156182212582
2096 0.7348156182212582
2097 0.7348156182212582
2098 0.7348156182212582
2099 0.7348156182212582
2100 0.7348156182212582
2101 0.7348156182212582
2102 0.7348156182212582
2103 0.7348156182212582
2104 0.7348156182212582
2105 0.7348156182212582
2106 0.7348156182212582
2107 0.735357917570499
2108 0.7359002169197397
2109 0.7359002169197397
2110 0.7359002169197397
2111 0.7359002169197397
2112 0.7359002169197397
2113 0.7359002169197397
2114 0.7359002169197397
2115 0.7359002169197397
2116 0.735357917570499
2117 0.735357917570499
2118 0.7337310195227765
2119 0.7337310195227765
2120 0.7331887201735358
2121 0.7331887201735358
2122 0.7331887201735358
2123 0.7331887201735358
2124 0.7331887201735358
2125 0.7331887201735358
2126 0.7331887201735358
2127 0.7331887201735358
2128 0.7331887201735358
2129 0.7331887201735358
2130 0.7331887201735358
2131 0.7331887201735358
2132 0.7342733188720173
2133 0.7342733188720173
2134 0.7342733188720173
2135 0.7342733188720173
2136 0.7337310195227765
2137 0.7337310195227765
2138 0.7337310195227765
2139 0.7337310195227765
2140 0.7337310195227765
2141 0.7342733188720173
2142 0.7342733188720173
2143 0.7342733188720173
2144 0.7337310195227765
2145 0.7337310195227765
2146 0.7337310195227765
2147 0.7337310195227765
2148 0.7331887201735358
2149 0.7331887201735358
2150 0.7331887201735358
2151 0.7342733188720173
2152 0.7342733188720173
2153 0.7342733188720173
2154 0.7337310195227765
2155 0.7337310195227765
2156 0.7337310195227765
2157 0.7337310195227765
2158 0.7337310195227765
2159 0.7337310195227765
2160 0.7337310195227765
2161 0.7342733188720173
2162 0.7342733188720173
2163 0.7342733188720173
2164 0.7348156182212582
2165 0.7348156182212582
2166 0.7342733188720173
2167 0.7342733188720173
2168 0.7342733188720173
2169 0.7342733188720173
2170 0.7342733188720173
2171 0.7342733188720173
2172 0.735357917570499
2173 0.735357917570499
2174 0.7359002169197397
2175 0.7369848156182213
2176 0.7369848156182213
2177 0.7364425162689805
2178 0.7364425162689805
2179 0.7348156182212582
2180 0.7342733188720173
2181 0.7348156182212582
2182 0.7337310195227765
2183 0.735357917570499
2184 0.7348156182212582
2185 0.7348156182212582
2186 0.7348156182212582
2187 0.735357917570499
2188 0.7359002169197397
2189 0.7359002169197397
2190 0.7369848156182213
2191 0.7359002169197397
2192 0.7364425162689805
2193 0.7364425162689805
2194 0.7364425162689805
2195 0.7364425162689805
2196 0.7342733188720173
2197 0.7337310195227765
2198 0.735357917570499
2199 0.735357917570499
2200 0.735357917570499
2201 0.735357917570499
2202 0.7348156182212582
2203 0.7359002169197397
2204 0.7348156182212582
2205 0.7342733188720173
2206 0.7348156182212582
2207 0.735357917570499
2208 0.735357917570499
2209 0.7348156182212582
2210 0.735357917570499
2211 0.735357917570499
2212 0.735357917570499
2213 0.7348156182212582
2214 0.7348156182212582
2215 0.7348156182212582
2216 0.7348156182212582
2217 0.7348156182212582
2218 0.7348156182212582
2219 0.7331887201735358
2220 0.7331887201735358
2221 0.7337310195227765
2222 0.7337310195227765
2223 0.7331887201735358
2224 0.732646420824295
2225 0.732646420824295
2226 0.7321041214750542
2227 0.7321041214750542
2228 0.732646420824295
2229 0.7315618221258134
2230 0.7315618221258134
2231 0.7315618221258134
2232 0.7331887201735358
2233 0.7331887201735358
2234 0.7321041214750542
2235 0.7321041214750542
2236 0.7321041214750542
2237 0.732646420824295
2238 0.732646420824295
2239 0.7299349240780911
2240 0.7288503253796096
2241 0.7288503253796096
2242 0.7315618221258134
2243 0.7331887201735358
2244 0.732646420824295
2245 0.732646420824295
2246 0.7321041214750542
2247 0.732646420824295
2248 0.7321041214750542
2249 0.732646420824295
2250 0.732646420824295
2251 0.732646420824295
2252 0.7315618221258134
2253 0.7315618221258134
2254 0.7315618221258134
2255 0.7315618221258134
2256 0.7315618221258134
2257 0.7321041214750542
2258 0.7315618221258134
2259 0.7315618221258134
2260 0.7315618221258134
2261 0.7315618221258134
2262 0.7321041214750542
2263 0.7315618221258134
2264 0.7315618221258134
2265 0.7315618221258134
2266 0.7321041214750542
2267 0.7321041214750542
2268 0.732646420824295
2269 0.7321041214750542
2270 0.7321041214750542
2271 0.7321041214750542
2272 0.7299349240780911
2273 0.7299349240780911
2274 0.7299349240780911
2275 0.7304772234273319
2276 0.7299349240780911
2277 0.7293926247288504
2278 0.7288503253796096
2279 0.7293926247288504
2280 0.7293926247288504
2281 0.7299349240780911
2282 0.7299349240780911
2283 0.7299349240780911
2284 0.7304772234273319
2285 0.7310195227765727
2286 0.7304772234273319
2287 0.7299349240780911
2288 0.7299349240780911
2289 0.7304772234273319
2290 0.7304772234273319
2291 0.7304772234273319
2292 0.7310195227765727
2293 0.7310195227765727
2294 0.7299349240780911
2295 0.7304772234273319
2296 0.7315618221258134
2297 0.7310195227765727
2298 0.7310195227765727
2299 0.7315618221258134
2300 0.7283080260303688
2301 0.7283080260303688
2302 0.7299349240780911
2303 0.7288503253796096
2304 0.7304772234273319
2305 0.7299349240780911
2306 0.7299349240780911
2307 0.7293926247288504
2308 0.7272234273318872
2309 0.7272234273318872
2310 0.722885032537961
2311 0.7174620390455532
2312 0.7180043383947939
2313 0.7207158351409978
2314 0.7218004338394793
2315 0.7255965292841648
2316 0.7245119305856833
2317 0.7261388286334056
2318 0.722885032537961
2319 0.722885032537961
2320 0.7190889370932755
2321 0.7147505422993492
2322 0.7147505422993492
2323 0.7147505422993492
2324 0.71529284164859
2325 0.7142082429501084
2326 0.7114967462039046
2327 0.7044468546637744
2328 0.7044468546637744
2329 0.705531453362256
2330 0.7060737527114967
2331 0.7147505422993492
2332 0.7114967462039046
2333 0.7131236442516269
2334 0.710412147505423
2335 0.7342733188720173
2336 0.7342733188720173
2337 0.7342733188720173
2338 0.7315618221258134
2339 0.7337310195227765
2340 0.7337310195227765
2341 0.7331887201735358
2342 0.7342733188720173
2343 0.7342733188720173
2344 0.7331887201735358
2345 0.7266811279826464
2346 0.7272234273318872
2347 0.7299349240780911
2348 0.7304772234273319
2349 0.7288503253796096
2350 0.7288503253796096
2351 0.7293926247288504
2352 0.7288503253796096
2353 0.7283080260303688
2354 0.7299349240780911
2355 0.7288503253796096
2356 0.7283080260303688
2357 0.7266811279826464
2358 0.7277657266811279
2359 0.7277657266811279
2360 0.7277657266811279
2361 0.7277657266811279
2362 0.7288503253796096
2363 0.7288503253796096
2364 0.7304772234273319
2365 0.7288503253796096
2366 0.7310195227765727
2367 0.7310195227765727
2368 0.7315618221258134
2369 0.7299349240780911
2370 0.7315618221258134
2371 0.7315618221258134
2372 0.732646420824295
2373 0.732646420824295
2374 0.7250542299349241
2375 0.7261388286334056
2376 0.7272234273318872
2377 0.7299349240780911
2378 0.720173535791757
2379 0.720173535791757
2380 0.7234273318872018
2381 0.7223427331887202
2382 0.7212581344902386
2383 0.722885032537961
2384 0.7223427331887202
2385 0.7250542299349241
2386 0.7277657266811279
2387 0.7142082429501084
2388 0.7098698481561823
2389 0.7077006507592191
2390 0.735357917570499
2391 0.735357917570499
2392 0.7386117136659436
2393 0.7364425162689805
2394 0.7369848156182213
2395 0.7364425162689805
2396 0.7369848156182213
2397 0.7364425162689805
2398 0.7369848156182213
2399 0.7369848156182213
2400 0.737527114967462
2401 0.737527114967462
2402 0.7369848156182213
2403 0.7359002169197397
2404 0.7212581344902386
2405 0.7255965292841648
2406 0.7272234273318872
2407 0.7207158351409978
2408 0.7185466377440347
2409 0.7239696312364425
2410 0.7288503253796096
2411 0.7277657266811279
2412 0.7299349240780911
2413 0.7299349240780911
2414 0.7277657266811279
2415 0.7293926247288504
2416 0.7293926247288504
2417 0.7142082429501084
2418 0.7125813449023861
2419 0.7125813449023861
2420 0.7120390455531453
2421 0.7218004338394793
2422 0.7239696312364425
2423 0.7169197396963124
2424 0.7180043383947939
2425 0.7169197396963124
2426 0.7174620390455532
2427 0.71529284164859
2428 0.7174620390455532
2429 0.7190889370932755
2430 0.71529284164859
2431 0.7136659436008677
2432 0.71529284164859
2433 0.71529284164859
2434 0.7158351409978309
2435 0.7163774403470716
2436 0.7163774403470716
2437 0.7190889370932755
2438 0.7180043383947939
2439 0.7185466377440347
2440 0.7196312364425163
2441 0.7185466377440347
2442 0.7207158351409978
2443 0.722885032537961
2444 0.7180043383947939
2445 0.7142082429501084
2446 0.7142082429501084
2447 0.7147505422993492
2448 0.7114967462039046
2449 0.6838394793926247
2450 0.68058568329718
2451 0.6827548806941431
2452 0.6849240780911063
2453 0.6919739696312365
2454 0.6914316702819957
2455 0.6990238611713666
2456 0.6979392624728851
2457 0.7321041214750542
