0 1.0
1 0.5
2 0.3333333333333333
3 0.25
4 0.2
5 0.3333333333333333
6 0.2857142857142857
7 0.25
8 0.3333333333333333
9 0.4
10 0.36363636363636365
11 0.4166666666666667
12 0.46153846153846156
13 0.42857142857142855
14 0.4666666666666667
15 0.4375
16 0.4117647058823529
17 0.4444444444444444
18 0.47368421052631576
19 0.45
20 0.47619047619047616
21 0.5
22 0.4782608695652174
23 0.4583333333333333
24 0.44
25 0.4230769230769231
26 0.4074074074074074
27 0.39285714285714285
28 0.3793103448275862
29 0.36666666666666664
30 0.3870967741935484
31 0.40625
32 0.42424242424242425
33 0.4411764705882353
34 0.45714285714285713
35 0.4444444444444444
36 0.43243243243243246
37 0.42105263157894735
38 0.41025641025641024
39 0.4
40 0.4146341463414634
41 0.40476190476190477
42 0.4186046511627907
43 0.4090909090909091
44 0.4
45 0.391304347826087
46 0.40425531914893614
47 0.3958333333333333
48 0.3877551020408163
49 0.4
50 0.4117647058823529
51 0.40384615384615385
52 0.39622641509433965
53 0.3888888888888889
54 0.4
55 0.4107142857142857
56 0.42105263157894735
57 0.41379310344827586
58 0.423728813559322
59 0.43333333333333335
60 0.4262295081967213
61 0.41935483870967744
62 0.42857142857142855
63 0.421875
64 0.4307692307692308
65 0.42424242424242425
66 0.43283582089552236
67 0.4411764705882353
68 0.43478260869565216
69 0.44285714285714284
70 0.4507042253521127
71 0.4444444444444444
72 0.4520547945205479
73 0.4594594594594595
74 0.4533333333333333
75 0.4605263157894737
76 0.45454545454545453
77 0.46153846153846156
78 0.46835443037974683
79 0.475
80 0.48148148148148145
81 0.4878048780487805
82 0.4819277108433735
83 0.47619047619047616
84 0.4823529411764706
85 0.4883720930232558
86 0.4942528735632184
87 0.48863636363636365
88 0.4943820224719101
89 0.5
90 0.5054945054945055
91 0.5
92 0.5053763440860215
93 0.5106382978723404
94 0.5157894736842106
95 0.5104166666666666
96 0.5154639175257731
97 0.5204081632653061
98 0.5252525252525253
99 0.53
100 0.5346534653465347
101 0.5294117647058824
102 0.5242718446601942
103 0.5192307692307693
104 0.5238095238095238
105 0.5188679245283019
106 0.5233644859813084
107 0.5277777777777778
108 0.5321100917431193
109 0.5272727272727272
110 0.5315315315315315
111 0.5357142857142857
112 0.5309734513274337
113 0.5350877192982456
114 0.5391304347826087
115 0.5344827586206896
116 0.5384615384615384
117 0.5338983050847458
118 0.5294117647058824
119 0.5333333333333333
120 0.5371900826446281
121 0.5327868852459017
122 0.5365853658536586
123 0.5403225806451613
124 0.544
125 0.5476190476190477
126 0.5511811023622047
127 0.5546875
128 0.5581395348837209
129 0.5615384615384615
130 0.5572519083969466
131 0.5606060606060606
132 0.556390977443609
133 0.5597014925373134
134 0.562962962962963
135 0.5661764705882353
136 0.5620437956204379
137 0.5652173913043478
138 0.5683453237410072
139 0.5642857142857143
140 0.5673758865248227
141 0.5633802816901409
142 0.5664335664335665
143 0.5625
144 0.5655172413793104
145 0.5684931506849316
146 0.564625850340136
147 0.5675675675675675
148 0.5704697986577181
149 0.5733333333333334
150 0.5695364238410596
151 0.5723684210526315
152 0.5686274509803921
153 0.5714285714285714
154 0.567741935483871
155 0.5641025641025641
156 0.5668789808917197
157 0.5632911392405063
158 0.5660377358490566
159 0.56875
160 0.5652173913043478
161 0.5679012345679012
162 0.5705521472392638
163 0.573170731707317
164 0.5696969696969697
165 0.572289156626506
166 0.5748502994011976
167 0.5714285714285714
168 0.5739644970414202
169 0.5764705882352941
170 0.5789473684210527
171 0.5755813953488372
172 0.5780346820809249
173 0.5747126436781609
174 0.5714285714285714
175 0.5738636363636364
176 0.5706214689265536
177 0.5730337078651685
178 0.5698324022346368
179 0.5666666666666667
180 0.569060773480663
181 0.5659340659340659
182 0.5683060109289617
183 0.5652173913043478
184 0.5675675675675675
185 0.5698924731182796
186 0.5668449197860963
187 0.5691489361702128
188 0.5661375661375662
189 0.5631578947368421
190 0.5602094240837696
191 0.5625
192 0.5647668393782384
193 0.5618556701030928
194 0.5641025641025641
195 0.5612244897959183
196 0.5583756345177665
197 0.5606060606060606
198 0.5577889447236181
199 0.56
200 0.5572139303482587
201 0.5594059405940595
202 0.5566502463054187
203 0.5588235294117647
204 0.5609756097560976
205 0.5631067961165048
206 0.5652173913043478
207 0.5673076923076923
208 0.569377990430622
209 0.5666666666666667
210 0.5687203791469194
211 0.5707547169811321
212 0.568075117370892
213 0.5654205607476636
214 0.5674418604651162
215 0.5648148148148148
216 0.5668202764976958
217 0.5642201834862385
218 0.5662100456621004
219 0.5681818181818182
220 0.5656108597285068
221 0.5675675675675675
222 0.5695067264573991
223 0.5714285714285714
224 0.5688888888888889
225 0.5663716814159292
226 0.5682819383259912
227 0.5701754385964912
228 0.5676855895196506
229 0.5695652173913044
230 0.5670995670995671
231 0.5646551724137931
232 0.5622317596566524
233 0.5598290598290598
234 0.5574468085106383
235 0.559322033898305
236 0.5611814345991561
237 0.5630252100840336
238 0.5648535564853556
239 0.5666666666666667
240 0.5684647302904564
241 0.5702479338842975
242 0.5679012345679012
243 0.5655737704918032
244 0.563265306122449
245 0.5650406504065041
246 0.5668016194331984
247 0.5645161290322581
248 0.5622489959839357
249 0.56
250 0.5617529880478087
251 0.5634920634920635
252 0.5652173913043478
253 0.5669291338582677
254 0.5686274509803921
255 0.56640625
256 0.5680933852140078
257 0.5658914728682171
258 0.5675675675675675
259 0.5653846153846154
260 0.5632183908045977
261 0.5610687022900763
262 0.5627376425855514
263 0.5643939393939394
264 0.5660377358490566
265 0.5676691729323309
266 0.5692883895131086
267 0.5708955223880597
268 0.5724907063197026
269 0.5740740740740741
270 0.5756457564575646
271 0.5772058823529411
272 0.575091575091575
273 0.5766423357664233
274 0.5781818181818181
275 0.5760869565217391
276 0.5776173285198556
277 0.5755395683453237
278 0.5734767025089605
279 0.575
280 0.5765124555160143
281 0.5780141843971631
282 0.5795053003533569
283 0.5809859154929577
284 0.5789473684210527
285 0.5769230769230769
286 0.5749128919860628
287 0.5763888888888888
288 0.5778546712802768
289 0.5758620689655173
290 0.5738831615120275
291 0.5753424657534246
292 0.5733788395904437
293 0.5748299319727891
294 0.5728813559322034
295 0.5743243243243243
296 0.5723905723905723
297 0.5738255033557047
298 0.5752508361204013
299 0.5733333333333334
300 0.574750830564784
301 0.5728476821192053
302 0.5742574257425742
303 0.5756578947368421
304 0.5770491803278689
305 0.5751633986928104
306 0.5732899022801303
307 0.5746753246753247
308 0.5760517799352751
309 0.5774193548387097
310 0.5787781350482315
311 0.5769230769230769
312 0.5782747603833865
313 0.5764331210191083
314 0.5746031746031746
315 0.5759493670886076
316 0.5772870662460567
317 0.5754716981132075
318 0.5768025078369906
319 0.578125
320 0.5794392523364486
321 0.5807453416149069
322 0.5789473684210527
323 0.5771604938271605
324 0.5753846153846154
325 0.5736196319018405
326 0.5749235474006116
327 0.573170731707317
328 0.574468085106383
329 0.5757575757575758
330 0.5740181268882175
331 0.5753012048192772
332 0.5765765765765766
333 0.5748502994011976
334 0.5761194029850746
335 0.5773809523809523
336 0.5786350148367952
337 0.5798816568047337
338 0.5781710914454278
339 0.5794117647058824
340 0.5777126099706745
341 0.5760233918128655
342 0.5743440233236151
343 0.5755813953488372
344 0.5768115942028985
345 0.5780346820809249
346 0.5763688760806917
347 0.5775862068965517
348 0.5759312320916905
349 0.5771428571428572
350 0.5754985754985755
351 0.5738636363636364
352 0.5750708215297451
353 0.576271186440678
354 0.5774647887323944
355 0.5758426966292135
356 0.5770308123249299
357 0.5782122905027933
358 0.5793871866295265
359 0.5805555555555556
360 0.5817174515235457
361 0.580110497237569
362 0.5785123966942148
363 0.5796703296703297
364 0.5780821917808219
365 0.5765027322404371
366 0.5776566757493188
367 0.5760869565217391
368 0.5745257452574526
369 0.5756756756756757
370 0.5741239892183289
371 0.5752688172043011
372 0.5737265415549598
373 0.5748663101604278
374 0.576
375 0.574468085106383
376 0.5755968169761273
377 0.5767195767195767
378 0.5778364116094987
379 0.5789473684210527
380 0.5774278215223098
381 0.5759162303664922
382 0.577023498694517
383 0.578125
384 0.5792207792207792
385 0.5803108808290155
386 0.5813953488372093
387 0.5824742268041238
388 0.583547557840617
389 0.5820512820512821
390 0.5805626598465473
391 0.5816326530612245
392 0.5826972010178118
393 0.5812182741116751
394 0.5822784810126582
395 0.5833333333333334
396 0.5843828715365239
397 0.585427135678392
398 0.5864661654135338
399 0.5875
400 0.5885286783042394
401 0.5895522388059702
402 0.5905707196029777
403 0.5915841584158416
404 0.5925925925925926
405 0.5935960591133005
406 0.5945945945945946
407 0.5955882352941176
408 0.5965770171149144
409 0.5951219512195122
410 0.5936739659367397
411 0.5946601941747572
412 0.5932203389830508
413 0.5942028985507246
414 0.5927710843373494
415 0.59375
416 0.5947242206235012
417 0.5933014354066986
418 0.594272076372315
419 0.5952380952380952
420 0.5961995249406176
421 0.5971563981042654
422 0.5957446808510638
423 0.5966981132075472
424 0.5952941176470589
425 0.596244131455399
426 0.5971896955503513
427 0.5981308411214953
428 0.5967365967365967
429 0.5953488372093023
430 0.5962877030162413
431 0.5972222222222222
432 0.5981524249422633
433 0.5967741935483871
434 0.5954022988505747
435 0.5963302752293578
436 0.597254004576659
437 0.5981735159817352
438 0.5990888382687927
439 0.6
440 0.6009070294784581
441 0.6018099547511312
442 0.6027088036117382
443 0.6013513513513513
444 0.6022471910112359
445 0.6031390134529148
446 0.6017897091722595
447 0.6026785714285714
448 0.6013363028953229
449 0.6
450 0.6008869179600886
451 0.6017699115044248
452 0.6004415011037527
453 0.6013215859030837
454 0.6021978021978022
455 0.6008771929824561
456 0.5995623632385121
457 0.6004366812227074
458 0.599128540305011
459 0.6
460 0.6008676789587852
461 0.6017316017316018
462 0.6025917926565875
463 0.6012931034482759
464 0.6
465 0.6008583690987125
466 0.5995717344753747
467 0.5982905982905983
468 0.5991471215351812
469 0.597872340425532
470 0.5966029723991507
471 0.597457627118644
472 0.5983086680761099
473 0.5991561181434599
474 0.6
475 0.6008403361344538
476 0.6016771488469602
477 0.602510460251046
478 0.6012526096033403
479 0.6020833333333333
480 0.6008316008316008
481 0.6016597510373444
482 0.6004140786749482
483 0.5991735537190083
484 0.5979381443298969
485 0.5987654320987654
486 0.5995893223819302
487 0.5983606557377049
488 0.5991820040899796
489 0.6
490 0.5987780040733197
491 0.5975609756097561
492 0.5983772819472617
493 0.5991902834008097
494 0.6
495 0.6008064516129032
496 0.6016096579476862
497 0.6004016064257028
498 0.5991983967935872
499 0.6
500 0.6007984031936128
501 0.601593625498008
502 0.6003976143141153
503 0.6011904761904762
504 0.6
505 0.5988142292490118
506 0.5976331360946746
507 0.5984251968503937
508 0.5992141453831041
509 0.6
510 0.6007827788649707
511 0.6015625
512 0.6023391812865497
513 0.603112840466926
514 0.6019417475728155
515 0.6027131782945736
516 0.6015473887814313
517 0.6023166023166023
518 0.6011560693641619
519 0.6
520 0.5988483685220729
521 0.5977011494252874
522 0.5984703632887189
523 0.5992366412213741
524 0.5980952380952381
525 0.5988593155893536
526 0.5977229601518027
527 0.5984848484848485
528 0.5973534971644613
529 0.5981132075471698
530 0.5988700564971752
531 0.5977443609022557
532 0.5984990619136961
533 0.599250936329588
534 0.6
535 0.6007462686567164
536 0.6014897579143389
537 0.6003717472118959
538 0.601113172541744
539 0.6018518518518519
540 0.6025878003696857
541 0.6033210332103321
542 0.6040515653775322
543 0.6029411764705882
544 0.6036697247706422
545 0.6043956043956044
546 0.603290676416819
547 0.6040145985401459
548 0.604735883424408
549 0.6036363636363636
550 0.604355716878403
551 0.6032608695652174
552 0.6039783001808319
553 0.6046931407942239
554 0.6054054054054054
555 0.60431654676259
556 0.6050269299820467
557 0.6057347670250897
558 0.6046511627906976
559 0.6035714285714285
560 0.6042780748663101
561 0.604982206405694
562 0.6039076376554174
563 0.6028368794326241
564 0.6017699115044248
565 0.6007067137809188
566 0.6014109347442681
567 0.6003521126760564
568 0.6010544815465729
569 0.6017543859649123
570 0.6024518388791593
571 0.6031468531468531
572 0.6038394415357766
573 0.6045296167247387
574 0.6034782608695652
575 0.6041666666666666
576 0.6031195840554593
577 0.6020761245674741
578 0.6027633851468048
579 0.6017241379310345
580 0.6006884681583476
581 0.6013745704467354
582 0.6020583190394511
583 0.6027397260273972
584 0.6034188034188034
585 0.6023890784982935
586 0.6013628620102215
587 0.6003401360544217
588 0.601018675721562
589 0.6
590 0.6006768189509306
591 0.5996621621621622
592 0.6003372681281619
593 0.601010101010101
594 0.6
595 0.5989932885906041
596 0.5996649916247906
597 0.6003344481605352
598 0.5993322203672788
599 0.6
600 0.6006655574043261
601 0.6013289036544851
602 0.6019900497512438
603 0.6009933774834437
604 0.6
605 0.599009900990099
606 0.5996705107084019
607 0.600328947368421
608 0.6009852216748769
609 0.6
610 0.5990180032733224
611 0.5980392156862745
612 0.598694942903752
613 0.5993485342019544
614 0.6
615 0.6006493506493507
616 0.6012965964343598
617 0.6003236245954693
618 0.6009693053311793
619 0.6
620 0.6006441223832528
621 0.5996784565916399
622 0.6003210272873194
623 0.5993589743589743
624 0.6
625 0.5990415335463258
626 0.5980861244019139
627 0.5987261146496815
628 0.5993640699523053
629 0.5984126984126984
630 0.5990491283676703
631 0.5996835443037974
632 0.6003159557661928
633 0.6009463722397477
634 0.6015748031496063
635 0.6022012578616353
636 0.6028257456828885
637 0.603448275862069
638 0.6040688575899843
639 0.603125
640 0.6037441497659907
641 0.602803738317757
642 0.6018662519440124
643 0.6009316770186336
644 0.6015503875968993
645 0.6021671826625387
646 0.6027820710973725
647 0.6018518518518519
648 0.6024653312788906
649 0.6030769230769231
650 0.6036866359447005
651 0.6042944785276073
652 0.6049004594180705
653 0.6039755351681957
654 0.6045801526717557
655 0.6036585365853658
656 0.604261796042618
657 0.6048632218844985
658 0.6054628224582701
659 0.6060606060606061
660 0.6051437216338881
661 0.6042296072507553
662 0.6033182503770739
663 0.6039156626506024
664 0.6045112781954888
665 0.6051051051051051
666 0.6056971514242878
667 0.6047904191616766
668 0.6053811659192825
669 0.6059701492537314
670 0.6050670640834576
671 0.6041666666666666
672 0.6047548291233283
673 0.6053412462908012
674 0.6044444444444445
675 0.6035502958579881
676 0.604135893648449
677 0.6047197640117994
678 0.605301914580265
679 0.6044117647058823
680 0.6035242290748899
681 0.6041055718475073
682 0.6046852122986823
683 0.6052631578947368
684 0.6058394160583942
685 0.6049562682215743
686 0.6055312954876274
687 0.6061046511627907
688 0.6052249637155298
689 0.6057971014492753
690 0.6049204052098408
691 0.6040462427745664
692 0.6046176046176046
693 0.6051873198847262
694 0.6057553956834533
695 0.6063218390804598
696 0.6068866571018652
697 0.6074498567335244
698 0.6080114449213162
699 0.6071428571428571
700 0.6077032810271041
701 0.6082621082621082
702 0.6073968705547653
703 0.6079545454545454
704 0.6085106382978723
705 0.6076487252124646
706 0.6082036775106082
707 0.6087570621468926
708 0.609308885754584
709 0.6084507042253521
710 0.6075949367088608
711 0.6067415730337079
712 0.6072931276297335
713 0.6064425770308123
714 0.606993006993007
715 0.6075418994413407
716 0.6080892608089261
717 0.6072423398328691
718 0.60778859527121
719 0.6083333333333333
720 0.608876560332871
721 0.6080332409972299
722 0.6085753803596127
723 0.6091160220994475
724 0.6096551724137931
725 0.6101928374655647
726 0.6107290233837689
727 0.6098901098901099
728 0.6090534979423868
729 0.6082191780821918
730 0.6087551299589603
731 0.6092896174863388
732 0.6098226466575716
733 0.6089918256130791
734 0.6095238095238096
735 0.6100543478260869
736 0.6092265943012212
737 0.6084010840108401
738 0.6075778078484438
739 0.6081081081081081
740 0.6086369770580297
741 0.6078167115902965
742 0.6069986541049798
743 0.6075268817204301
744 0.6080536912751678
745 0.6085790884718498
746 0.607764390896921
747 0.606951871657754
748 0.6074766355140186
749 0.608
750 0.6085219707057257
751 0.6090425531914894
752 0.6095617529880478
753 0.6087533156498673
754 0.609271523178808
755 0.6097883597883598
756 0.6089828269484808
757 0.6094986807387863
758 0.6086956521739131
759 0.6092105263157894
760 0.6084099868593955
761 0.6076115485564304
762 0.6068152031454783
763 0.606020942408377
764 0.6065359477124183
765 0.6057441253263708
766 0.6049543676662321
767 0.60546875
768 0.6046814044213265
769 0.6051948051948052
770 0.6057068741893644
771 0.6062176165803109
772 0.6067270375161707
773 0.6059431524547804
774 0.6064516129032258
775 0.6056701030927835
776 0.6048906048906049
777 0.6041131105398457
778 0.6046213093709885
779 0.6038461538461538
780 0.6043533930857875
781 0.6035805626598465
782 0.6028097062579821
783 0.6033163265306123
784 0.6025477707006369
785 0.6030534351145038
786 0.6035578144853876
787 0.6040609137055838
788 0.6045627376425855
789 0.6037974683544304
790 0.6042983565107459
791 0.6035353535353535
792 0.6040353089533418
793 0.6045340050377834
794 0.6037735849056604
795 0.6030150753768844
796 0.6035131744040151
797 0.6040100250626567
798 0.60450563204005
799 0.605
800 0.6054931335830213
801 0.6047381546134664
802 0.6039850560398505
803 0.6044776119402985
804 0.6049689440993788
805 0.6054590570719603
806 0.6047087980173482
807 0.6051980198019802
808 0.6044499381953028
809 0.6049382716049383
810 0.6054254007398274
811 0.6059113300492611
812 0.6051660516605166
813 0.6056511056511057
814 0.6061349693251534
815 0.6053921568627451
816 0.605875152998776
817 0.6063569682151589
818 0.6068376068376068
819 0.6073170731707317
820 0.607795371498173
821 0.6082725060827251
822 0.6087484811664642
823 0.6092233009708737
824 0.6084848484848485
825 0.6077481840193705
826 0.6070133010882709
827 0.607487922705314
828 0.6067551266586249
829 0.6060240963855422
830 0.6064981949458483
831 0.6069711538461539
832 0.6074429771908764
833 0.6067146282973621
834 0.6071856287425149
835 0.6064593301435407
836 0.6057347670250897
837 0.6062052505966588
838 0.6054827175208581
839 0.6047619047619047
840 0.6040428061831153
841 0.6033254156769596
842 0.6037959667852907
843 0.6042654028436019
844 0.6047337278106509
845 0.6040189125295509
846 0.6044864226682408
847 0.6049528301886793
848 0.6042402826855123
849 0.6035294117647059
850 0.6039952996474736
851 0.6032863849765259
852 0.6037514654161782
853 0.6042154566744731
854 0.6046783625730994
855 0.6051401869158879
856 0.6056009334889149
857 0.6060606060606061
858 0.6065192083818394
859 0.6069767441860465
860 0.6062717770034843
861 0.605568445475638
862 0.6048667439165701
863 0.6053240740740741
864 0.6057803468208093
865 0.6062355658198614
866 0.6055363321799307
867 0.6059907834101382
868 0.6052934407364787
869 0.6045977011494252
870 0.6039035591274398
871 0.6032110091743119
872 0.6036655211912944
873 0.6041189931350115
874 0.6034285714285714
875 0.6027397260273972
876 0.6031927023945268
877 0.6036446469248291
878 0.6040955631399317
879 0.6045454545454545
880 0.604994324631101
881 0.6043083900226758
882 0.6036240090600227
883 0.6029411764705882
884 0.6033898305084746
885 0.6038374717832957
886 0.6042841037204059
887 0.6036036036036037
888 0.6029246344206974
889 0.6033707865168539
890 0.6026936026936027
891 0.6031390134529148
892 0.6035834266517357
893 0.6040268456375839
894 0.6044692737430167
895 0.6037946428571429
896 0.6031215161649944
897 0.6035634743875279
898 0.6040044493882091
899 0.6044444444444445
900 0.6048834628190899
901 0.6042128603104213
902 0.6035437430786268
903 0.6028761061946902
904 0.6022099447513812
905 0.6026490066225165
906 0.6030871003307607
907 0.6024229074889867
908 0.6028602860286029
909 0.6021978021978022
910 0.6026344676180022
911 0.6030701754385965
912 0.6035049288061336
913 0.6039387308533917
914 0.6032786885245902
915 0.6037117903930131
916 0.604143947655398
917 0.6045751633986928
918 0.6050054406964092
919 0.6054347826086957
920 0.6047774158523345
921 0.6052060737527115
922 0.6056338028169014
923 0.6060606060606061
924 0.6064864864864865
925 0.6069114470842333
926 0.6073354908306364
927 0.6077586206896551
928 0.6081808396124866
929 0.6086021505376344
930 0.6079484425349087
931 0.6072961373390557
932 0.6077170418006431
933 0.607066381156317
934 0.6074866310160428
935 0.6068376068376068
936 0.6072572038420491
937 0.6076759061833689
938 0.6080937167199149
939 0.6085106382978723
940 0.6078639744952179
941 0.60828025477707
942 0.6076352067868505
943 0.6080508474576272
944 0.6084656084656085
945 0.6078224101479915
946 0.6082365364308342
947 0.6086497890295358
948 0.6090621707060063
949 0.6094736842105263
950 0.6098843322818086
951 0.6092436974789915
952 0.6096537250786989
953 0.6090146750524109
954 0.6083769633507854
955 0.608786610878661
956 0.6091954022988506
957 0.6096033402922756
958 0.6100104275286757
959 0.609375
960 0.6097814776274714
961 0.6101871101871101
962 0.6105919003115264
963 0.6099585062240664
964 0.6103626943005181
965 0.6097308488612836
966 0.610134436401241
967 0.6105371900826446
968 0.6099071207430341
969 0.6103092783505155
970 0.6107106076210093
971 0.6111111111111112
972 0.6104830421377184
973 0.6098562628336756
974 0.6102564102564103
975 0.610655737704918
976 0.6100307062436029
977 0.6104294478527608
978 0.6108273748723186
979 0.6112244897959184
980 0.6106014271151886
981 0.6109979633401222
982 0.6113936927772126
983 0.6117886178861789
984 0.6121827411167513
985 0.6115618661257607
986 0.6119554204660588
987 0.6123481781376519
988 0.6127401415571284
989 0.6131313131313131
990 0.6125126135216953
991 0.6118951612903226
992 0.6122860020140987
993 0.6126760563380281
994 0.6130653266331658
995 0.6124497991967871
996 0.6128385155466399
997 0.6122244488977956
998 0.6116116116116116
999 0.612
1000 0.6113886113886113
1001 0.6107784431137725
1002 0.6101694915254238
1003 0.6105577689243028
1004 0.6109452736318408
1005 0.610337972166998
1006 0.6107249255213505
1007 0.6111111111111112
1008 0.6105054509415263
1009 0.6108910891089109
1010 0.6102868447082097
1011 0.6106719367588933
1012 0.6110562685093781
1013 0.6104536489151874
1014 0.6098522167487684
1015 0.610236220472441
1016 0.6096361848574238
1017 0.6100196463654224
1018 0.6104023552502453
1019 0.6098039215686275
1020 0.6101860920666013
1021 0.6105675146771037
1022 0.6099706744868035
1023 0.6103515625
1024 0.6107317073170732
1025 0.6101364522417154
1026 0.6105160662122687
1027 0.6108949416342413
1028 0.6112730806608357
1029 0.6116504854368932
1030 0.6110572259941804
1031 0.6104651162790697
1032 0.6108422071636012
1033 0.6102514506769826
1034 0.6106280193236715
1035 0.61003861003861
1036 0.609450337512054
1037 0.6098265895953757
1038 0.6102021174205967
1039 0.6096153846153847
1040 0.6099903938520653
1041 0.6094049904030711
1042 0.6097794822627037
1043 0.6091954022988506
1044 0.6095693779904306
1045 0.609942638623327
1046 0.609360076408787
1047 0.6097328244274809
1048 0.6101048617731173
1049 0.6104761904761905
1050 0.609895337773549
1051 0.6102661596958175
1052 0.6096866096866097
1053 0.610056925996205
1054 0.609478672985782
1055 0.6098484848484849
1056 0.6102175969725638
1057 0.6096408317580341
1058 0.6090651558073654
1059 0.6094339622641509
1060 0.6098020735155514
1061 0.6101694915254238
1062 0.6095954844778928
1063 0.6099624060150376
1064 0.6093896713615023
1065 0.6088180112570356
1066 0.6091846298031866
1067 0.6095505617977528
1068 0.6089803554724041
1069 0.608411214953271
1070 0.6078431372549019
1071 0.6072761194029851
1072 0.6076421248835042
1073 0.6070763500931099
1074 0.6065116279069768
1075 0.6059479553903345
1076 0.606313834726091
1077 0.6057513914656771
1078 0.6061167747914736
1079 0.6064814814814815
1080 0.606845513413506
1081 0.6072088724584104
1082 0.6075715604801477
1083 0.6070110701107011
1084 0.6073732718894009
