0 0.5
1 0.5
2 0.0
3 0.0
4 0.0
5 0.0
6 0.0
7 0.0
8 0.0
9 0.3333333333333333
10 0.3333333333333333
11 0.3333333333333333
12 0.3333333333333333
13 0.3333333333333333
14 0.3333333333333333
15 0.3333333333333333
16 0.3333333333333333
17 0.3333333333333333
18 0.3333333333333333
19 0.3333333333333333
20 0.3333333333333333
21 0.3333333333333333
22 0.3333333333333333
23 0.3333333333333333
24 0.3333333333333333
25 0.3333333333333333
26 0.3333333333333333
27 0.3333333333333333
28 0.3333333333333333
29 0.3333333333333333
30 0.25
31 0.25
32 0.25
33 0.25
34 0.25
35 0.25
36 0.25
37 0.25
38 0.25
39 0.4
40 0.4
41 0.4
42 0.5
43 0.5
44 0.5
45 0.5
46 0.5
47 0.5
48 0.5
49 0.5
50 0.5
51 0.5
52 0.5714285714285714
53 0.5714285714285714
54 0.5714285714285714
55 0.5714285714285714
56 0.625
57 0.625
58 0.625
59 0.625
60 0.625
61 0.625
62 0.6666666666666666
63 0.6666666666666666
64 0.6666666666666666
65 0.6666666666666666
66 0.6666666666666666
67 0.6666666666666666
68 0.6666666666666666
69 0.6666666666666666
70 0.7
71 0.7
72 0.7
73 0.7
74 0.7
75 0.7
76 0.7272727272727273
77 0.7272727272727273
78 0.7272727272727273
79 0.7272727272727273
80 0.7272727272727273
81 0.7272727272727273
82 0.7272727272727273
83 0.7272727272727273
84 0.75
85 0.75
86 0.75
87 0.75
88 0.75
89 0.75
90 0.75
91 0.75
92 0.75
93 0.7692307692307693
94 0.7692307692307693
95 0.7692307692307693
96 0.7692307692307693
97 0.7692307692307693
98 0.7692307692307693
99 0.7692307692307693
100 0.7692307692307693
101 0.7692307692307693
102 0.7692307692307693
103 0.7692307692307693
104 0.7692307692307693
105 0.7692307692307693
106 0.7692307692307693
107 0.7692307692307693
108 0.7692307692307693
109 0.7692307692307693
110 0.7692307692307693
111 0.7692307692307693
112 0.7692307692307693
113 0.7692307692307693
114 0.7692307692307693
115 0.7692307692307693
116 0.7692307692307693
117 0.7692307692307693
118 0.7692307692307693
119 0.7692307692307693
120 0.7692307692307693
121 0.7692307692307693
122 0.7692307692307693
123 0.7692307692307693
124 0.7692307692307693
125 0.7857142857142857
126 0.7857142857142857
127 0.7857142857142857
128 0.7857142857142857
129 0.7857142857142857
130 0.8
131 0.8
132 0.8
133 0.8
134 0.8
135 0.8125
136 0.8125
137 0.8125
138 0.8125
139 0.8125
140 0.8125
141 0.8125
142 0.8235294117647058
143 0.8235294117647058
144 0.8235294117647058
145 0.8235294117647058
146 0.8235294117647058
147 0.7777777777777778
148 0.7777777777777778
149 0.7777777777777778
150 0.7777777777777778
151 0.7777777777777778
152 0.7777777777777778
153 0.7777777777777778
154 0.7777777777777778
155 0.7777777777777778
156 0.7777777777777778
157 0.7777777777777778
158 0.7777777777777778
159 0.7777777777777778
160 0.7777777777777778
161 0.7777777777777778
162 0.7777777777777778
163 0.7777777777777778
164 0.7777777777777778
165 0.7777777777777778
166 0.7777777777777778
167 0.7368421052631579
168 0.7368421052631579
169 0.7368421052631579
170 0.75
171 0.75
172 0.75
173 0.75
174 0.75
175 0.75
176 0.75
177 0.75
178 0.75
179 0.75
180 0.75
181 0.75
182 0.7619047619047619
183 0.7619047619047619
184 0.7727272727272727
185 0.7727272727272727
186 0.7727272727272727
187 0.782608695652174
188 0.782608695652174
189 0.782608695652174
190 0.782608695652174
191 0.782608695652174
192 0.7916666666666666
193 0.7916666666666666
194 0.7916666666666666
195 0.7916666666666666
196 0.7916666666666666
197 0.7916666666666666
198 0.7916666666666666
199 0.7916666666666666
200 0.7916666666666666
201 0.7916666666666666
202 0.7916666666666666
203 0.7916666666666666
204 0.7916666666666666
205 0.7916666666666666
206 0.7916666666666666
207 0.7916666666666666
208 0.7916666666666666
209 0.7916666666666666
210 0.8
211 0.8076923076923077
212 0.8076923076923077
213 0.8076923076923077
214 0.8076923076923077
215 0.8076923076923077
216 0.8076923076923077
217 0.8076923076923077
218 0.8076923076923077
219 0.8076923076923077
220 0.8148148148148148
221 0.8148148148148148
222 0.8148148148148148
223 0.8148148148148148
224 0.8148148148148148
225 0.7857142857142857
226 0.7857142857142857
227 0.7857142857142857
228 0.7857142857142857
229 0.7857142857142857
230 0.7857142857142857
231 0.7931034482758621
232 0.7931034482758621
233 0.7931034482758621
234 0.7931034482758621
235 0.7931034482758621
236 0.8
237 0.8
238 0.8
239 0.8
240 0.8
241 0.8
242 0.8
243 0.8
244 0.8
245 0.8064516129032258
246 0.8064516129032258
247 0.8064516129032258
248 0.8064516129032258
249 0.8064516129032258
250 0.8064516129032258
251 0.8064516129032258
252 0.8064516129032258
253 0.8064516129032258
254 0.8064516129032258
255 0.8064516129032258
256 0.8064516129032258
257 0.8064516129032258
258 0.8064516129032258
259 0.78125
260 0.78125
261 0.78125
262 0.78125
263 0.78125
264 0.78125
265 0.78125
266 0.78125
267 0.78125
268 0.78125
269 0.78125
270 0.78125
271 0.78125
272 0.78125
273 0.78125
274 0.7878787878787878
275 0.7878787878787878
276 0.7878787878787878
277 0.7878787878787878
278 0.7878787878787878
279 0.7878787878787878
280 0.7941176470588235
281 0.7941176470588235
282 0.7941176470588235
283 0.7941176470588235
284 0.7941176470588235
285 0.7941176470588235
286 0.7941176470588235
287 0.7941176470588235
288 0.7941176470588235
289 0.7941176470588235
290 0.7941176470588235
291 0.7941176470588235
292 0.7941176470588235
293 0.7941176470588235
294 0.7941176470588235
295 0.7941176470588235
296 0.7941176470588235
297 0.7941176470588235
298 0.7941176470588235
299 0.7941176470588235
300 0.7941176470588235
301 0.7941176470588235
302 0.7941176470588235
303 0.7941176470588235
304 0.7941176470588235
305 0.7941176470588235
306 0.7941176470588235
307 0.7941176470588235
308 0.7941176470588235
309 0.7941176470588235
310 0.8
311 0.8055555555555556
312 0.8055555555555556
313 0.8055555555555556
314 0.8055555555555556
315 0.8055555555555556
316 0.8055555555555556
317 0.8055555555555556
318 0.8055555555555556
319 0.8055555555555556
320 0.8055555555555556
321 0.8055555555555556
322 0.8055555555555556
323 0.8055555555555556
324 0.8055555555555556
325 0.8055555555555556
326 0.8055555555555556
327 0.8055555555555556
328 0.8055555555555556
329 0.8108108108108109
330 0.8108108108108109
331 0.8157894736842105
332 0.8157894736842105
333 0.8157894736842105
334 0.8157894736842105
335 0.8157894736842105
336 0.8157894736842105
337 0.8157894736842105
338 0.8157894736842105
339 0.8157894736842105
340 0.8205128205128205
341 0.8205128205128205
342 0.8205128205128205
343 0.8205128205128205
344 0.8205128205128205
345 0.8
346 0.8
347 0.8
348 0.8
349 0.8
350 0.8
351 0.8
352 0.8048780487804879
353 0.8048780487804879
354 0.8048780487804879
355 0.8048780487804879
356 0.8095238095238095
357 0.8095238095238095
358 0.8095238095238095
359 0.8095238095238095
360 0.8095238095238095
361 0.8095238095238095
362 0.8095238095238095
363 0.8095238095238095
364 0.8095238095238095
365 0.8095238095238095
366 0.8095238095238095
367 0.8095238095238095
368 0.8095238095238095
369 0.8095238095238095
370 0.813953488372093
371 0.8181818181818182
372 0.8181818181818182
373 0.8181818181818182
374 0.8181818181818182
375 0.8181818181818182
376 0.8181818181818182
377 0.8222222222222222
378 0.8222222222222222
379 0.8222222222222222
380 0.8222222222222222
381 0.8222222222222222
382 0.8222222222222222
383 0.8222222222222222
384 0.8222222222222222
385 0.8222222222222222
386 0.8222222222222222
387 0.8222222222222222
388 0.8222222222222222
389 0.8222222222222222
390 0.8222222222222222
391 0.8222222222222222
392 0.8222222222222222
393 0.8222222222222222
394 0.8222222222222222
395 0.8222222222222222
396 0.8222222222222222
397 0.8222222222222222
398 0.8222222222222222
399 0.8043478260869565
400 0.8043478260869565
401 0.8043478260869565
402 0.8043478260869565
403 0.8043478260869565
404 0.8043478260869565
405 0.8085106382978723
406 0.8085106382978723
407 0.8085106382978723
408 0.8085106382978723
409 0.8085106382978723
410 0.8085106382978723
411 0.8125
412 0.8163265306122449
413 0.8
414 0.8
415 0.7843137254901961
416 0.7843137254901961
417 0.7843137254901961
418 0.7843137254901961
419 0.7843137254901961
420 0.7843137254901961
421 0.7843137254901961
422 0.7843137254901961
423 0.7843137254901961
424 0.7843137254901961
425 0.7843137254901961
426 0.7843137254901961
427 0.7843137254901961
428 0.7843137254901961
429 0.7843137254901961
430 0.7843137254901961
431 0.7843137254901961
432 0.7843137254901961
433 0.7843137254901961
434 0.7843137254901961
435 0.7843137254901961
436 0.7843137254901961
437 0.7843137254901961
438 0.7843137254901961
439 0.7843137254901961
440 0.7843137254901961
441 0.7843137254901961
442 0.7843137254901961
443 0.7843137254901961
444 0.7843137254901961
445 0.7843137254901961
446 0.7884615384615384
447 0.7884615384615384
448 0.7884615384615384
449 0.7884615384615384
450 0.7884615384615384
451 0.7884615384615384
452 0.7884615384615384
453 0.7884615384615384
454 0.7884615384615384
455 0.7884615384615384
456 0.7884615384615384
457 0.7884615384615384
458 0.7924528301886793
459 0.7924528301886793
460 0.7924528301886793
461 0.7924528301886793
462 0.7924528301886793
463 0.7924528301886793
464 0.7924528301886793
465 0.7924528301886793
466 0.7924528301886793
467 0.7924528301886793
468 0.7924528301886793
469 0.7924528301886793
470 0.7962962962962963
471 0.7962962962962963
472 0.7962962962962963
473 0.7962962962962963
474 0.7962962962962963
475 0.7962962962962963
476 0.7962962962962963
477 0.7962962962962963
478 0.7962962962962963
479 0.7962962962962963
480 0.7962962962962963
481 0.8
482 0.8
483 0.8
484 0.8
485 0.8
486 0.8
487 0.8
488 0.8
489 0.8
490 0.8
491 0.8
492 0.8035714285714286
493 0.8035714285714286
494 0.8035714285714286
495 0.8035714285714286
496 0.8035714285714286
497 0.8035714285714286
498 0.8035714285714286
499 0.8035714285714286
500 0.8070175438596491
501 0.8070175438596491
502 0.8070175438596491
503 0.8070175438596491
504 0.8070175438596491
505 0.8070175438596491
506 0.8070175438596491
507 0.7931034482758621
508 0.7931034482758621
509 0.7796610169491526
510 0.7796610169491526
511 0.7833333333333333
512 0.7833333333333333
513 0.7833333333333333
514 0.7833333333333333
515 0.7868852459016393
516 0.7868852459016393
517 0.7868852459016393
518 0.7868852459016393
519 0.7868852459016393
520 0.7868852459016393
521 0.7868852459016393
522 0.7868852459016393
523 0.7868852459016393
524 0.7868852459016393
525 0.7868852459016393
526 0.7868852459016393
527 0.7903225806451613
528 0.7903225806451613
529 0.7903225806451613
530 0.7903225806451613
531 0.7903225806451613
532 0.7903225806451613
533 0.7903225806451613
534 0.7903225806451613
535 0.7903225806451613
536 0.7903225806451613
537 0.7903225806451613
538 0.7903225806451613
539 0.7903225806451613
540 0.7903225806451613
541 0.7903225806451613
542 0.7903225806451613
543 0.7936507936507936
544 0.7936507936507936
545 0.7936507936507936
546 0.7936507936507936
547 0.7936507936507936
548 0.7936507936507936
549 0.7936507936507936
550 0.7936507936507936
551 0.7936507936507936
552 0.7936507936507936
553 0.7936507936507936
554 0.7936507936507936
555 0.7936507936507936
556 0.7936507936507936
557 0.7936507936507936
558 0.7936507936507936
559 0.7936507936507936
560 0.7936507936507936
561 0.7936507936507936
562 0.7936507936507936
563 0.7936507936507936
564 0.7936507936507936
565 0.78125
566 0.78125
567 0.78125
568 0.78125
569 0.78125
570 0.78125
571 0.78125
572 0.78125
573 0.78125
574 0.78125
575 0.78125
576 0.78125
577 0.78125
578 0.7692307692307693
579 0.7692307692307693
580 0.7692307692307693
581 0.7692307692307693
582 0.7692307692307693
583 0.7692307692307693
584 0.7692307692307693
585 0.7692307692307693
586 0.7692307692307693
587 0.7692307692307693
588 0.7692307692307693
589 0.7692307692307693
590 0.7692307692307693
591 0.7692307692307693
592 0.7692307692307693
593 0.7692307692307693
594 0.7692307692307693
595 0.7575757575757576
596 0.7611940298507462
597 0.7647058823529411
598 0.7681159420289855
599 0.7681159420289855
600 0.7681159420289855
601 0.7714285714285715
602 0.7714285714285715
603 0.7714285714285715
604 0.7714285714285715
605 0.7714285714285715
606 0.7714285714285715
607 0.7714285714285715
608 0.7714285714285715
609 0.7714285714285715
610 0.7714285714285715
611 0.7714285714285715
612 0.7714285714285715
613 0.7714285714285715
614 0.7714285714285715
615 0.7714285714285715
616 0.7714285714285715
617 0.7746478873239436
618 0.7746478873239436
619 0.7746478873239436
620 0.7746478873239436
621 0.7746478873239436
622 0.7746478873239436
623 0.7746478873239436
624 0.7746478873239436
625 0.7746478873239436
626 0.7746478873239436
627 0.7638888888888888
628 0.7638888888888888
629 0.7638888888888888
630 0.7534246575342466
631 0.7534246575342466
632 0.7534246575342466
633 0.7534246575342466
634 0.7567567567567568
635 0.7567567567567568
636 0.7567567567567568
637 0.7567567567567568
638 0.7567567567567568
639 0.7567567567567568
640 0.7466666666666667
641 0.7466666666666667
642 0.7466666666666667
643 0.7466666666666667
644 0.7466666666666667
645 0.75
646 0.75
647 0.75
648 0.7532467532467533
649 0.7532467532467533
650 0.7532467532467533
651 0.7532467532467533
652 0.7532467532467533
653 0.7532467532467533
654 0.7532467532467533
655 0.7532467532467533
656 0.7532467532467533
657 0.7532467532467533
658 0.7532467532467533
659 0.7532467532467533
660 0.7532467532467533
661 0.7532467532467533
662 0.7532467532467533
663 0.7532467532467533
664 0.7532467532467533
665 0.7532467532467533
666 0.7532467532467533
667 0.7532467532467533
668 0.7532467532467533
669 0.7564102564102564
670 0.7564102564102564
671 0.7564102564102564
672 0.759493670886076
673 0.759493670886076
674 0.759493670886076
675 0.759493670886076
676 0.759493670886076
677 0.759493670886076
678 0.75
679 0.75
680 0.75
681 0.7407407407407407
682 0.7407407407407407
683 0.7439024390243902
684 0.7469879518072289
685 0.7469879518072289
686 0.7380952380952381
687 0.7380952380952381
688 0.7380952380952381
689 0.7380952380952381
690 0.7380952380952381
691 0.7380952380952381
692 0.7380952380952381
693 0.7411764705882353
694 0.7441860465116279
695 0.7441860465116279
696 0.7441860465116279
697 0.7471264367816092
698 0.7471264367816092
699 0.7471264367816092
700 0.75
701 0.75
702 0.75
703 0.75
704 0.75
705 0.75
706 0.7528089887640449
707 0.7528089887640449
708 0.7528089887640449
709 0.7528089887640449
710 0.7528089887640449
711 0.7528089887640449
712 0.7528089887640449
713 0.7528089887640449
714 0.7528089887640449
715 0.7528089887640449
716 0.7528089887640449
717 0.7528089887640449
718 0.7528089887640449
719 0.7528089887640449
720 0.7555555555555555
721 0.7555555555555555
722 0.7555555555555555
723 0.7555555555555555
724 0.7555555555555555
725 0.7555555555555555
726 0.7555555555555555
727 0.7555555555555555
728 0.7555555555555555
729 0.7555555555555555
730 0.7555555555555555
731 0.7555555555555555
732 0.7555555555555555
733 0.7555555555555555
734 0.7555555555555555
735 0.7555555555555555
736 0.7555555555555555
737 0.7555555555555555
738 0.7555555555555555
739 0.7555555555555555
740 0.7555555555555555
741 0.7555555555555555
742 0.7555555555555555
743 0.7582417582417582
744 0.7582417582417582
745 0.7582417582417582
746 0.7582417582417582
747 0.7582417582417582
748 0.7582417582417582
749 0.7582417582417582
750 0.7582417582417582
751 0.7582417582417582
752 0.7582417582417582
753 0.7582417582417582
754 0.7582417582417582
755 0.7582417582417582
756 0.7582417582417582
757 0.7582417582417582
758 0.7582417582417582
759 0.7608695652173914
760 0.7608695652173914
761 0.7608695652173914
762 0.7608695652173914
763 0.7608695652173914
764 0.7608695652173914
765 0.7608695652173914
766 0.7608695652173914
767 0.7608695652173914
768 0.7608695652173914
769 0.7608695652173914
770 0.7608695652173914
771 0.7608695652173914
772 0.7608695652173914
773 0.7608695652173914
774 0.7608695652173914
775 0.7608695652173914
776 0.7608695652173914
777 0.7608695652173914
778 0.7526881720430108
779 0.7526881720430108
780 0.7526881720430108
781 0.7526881720430108
782 0.7526881720430108
783 0.7526881720430108
784 0.7526881720430108
785 0.7526881720430108
786 0.7526881720430108
787 0.7526881720430108
788 0.7526881720430108
789 0.7526881720430108
790 0.7526881720430108
791 0.7526881720430108
792 0.7526881720430108
793 0.7526881720430108
794 0.7526881720430108
795 0.7526881720430108
796 0.7526881720430108
797 0.7526881720430108
798 0.7526881720430108
799 0.7526881720430108
800 0.7526881720430108
801 0.7526881720430108
802 0.7526881720430108
803 0.7553191489361702
804 0.7553191489361702
805 0.7553191489361702
806 0.7553191489361702
807 0.7553191489361702
808 0.7553191489361702
809 0.7553191489361702
810 0.7553191489361702
811 0.7553191489361702
812 0.7473684210526316
813 0.7473684210526316
814 0.7473684210526316
815 0.7473684210526316
816 0.7473684210526316
817 0.7473684210526316
818 0.7473684210526316
819 0.7473684210526316
820 0.7473684210526316
821 0.7473684210526316
822 0.7473684210526316
823 0.7473684210526316
824 0.75
825 0.75
826 0.75
827 0.75
828 0.7422680412371134
829 0.7422680412371134
830 0.7422680412371134
831 0.7422680412371134
832 0.7422680412371134
833 0.7422680412371134
834 0.7422680412371134
835 0.7422680412371134
836 0.7422680412371134
837 0.7422680412371134
838 0.7422680412371134
839 0.7422680412371134
840 0.7422680412371134
841 0.7422680412371134
842 0.7448979591836735
843 0.7448979591836735
844 0.7448979591836735
845 0.7448979591836735
846 0.7448979591836735
847 0.7448979591836735
848 0.7373737373737373
849 0.7373737373737373
850 0.7373737373737373
851 0.7373737373737373
852 0.7373737373737373
853 0.74
854 0.74
855 0.74
856 0.74
857 0.74
858 0.74
859 0.74
860 0.7425742574257426
861 0.7425742574257426
862 0.7425742574257426
863 0.7425742574257426
864 0.7425742574257426
865 0.7450980392156863
866 0.7450980392156863
867 0.7450980392156863
868 0.7450980392156863
869 0.7378640776699029
870 0.7378640776699029
871 0.7378640776699029
872 0.7378640776699029
873 0.7378640776699029
874 0.7378640776699029
875 0.7378640776699029
876 0.7378640776699029
877 0.7378640776699029
878 0.7378640776699029
879 0.7378640776699029
880 0.7378640776699029
881 0.7378640776699029
882 0.7307692307692307
883 0.7307692307692307
884 0.7307692307692307
885 0.7307692307692307
886 0.7307692307692307
887 0.7307692307692307
888 0.7307692307692307
889 0.7238095238095238
890 0.7238095238095238
891 0.7238095238095238
892 0.7238095238095238
893 0.7238095238095238
894 0.7238095238095238
895 0.7238095238095238
896 0.7264150943396226
897 0.7264150943396226
898 0.7264150943396226
899 0.7264150943396226
900 0.7264150943396226
901 0.7264150943396226
902 0.7264150943396226
903 0.7264150943396226
904 0.7264150943396226
905 0.7264150943396226
906 0.7264150943396226
907 0.7264150943396226
908 0.7264150943396226
909 0.7264150943396226
910 0.7264150943396226
911 0.7264150943396226
912 0.719626168224299
913 0.719626168224299
914 0.719626168224299
915 0.719626168224299
916 0.719626168224299
917 0.719626168224299
918 0.719626168224299
919 0.7129629629629629
920 0.7129629629629629
921 0.7129629629629629
922 0.7129629629629629
923 0.7129629629629629
924 0.7129629629629629
925 0.7129629629629629
926 0.7129629629629629
927 0.7129629629629629
928 0.7129629629629629
929 0.7129629629629629
930 0.7129629629629629
931 0.7129629629629629
932 0.7155963302752294
933 0.7155963302752294
934 0.7090909090909091
935 0.7090909090909091
936 0.7090909090909091
937 0.7090909090909091
938 0.7090909090909091
939 0.7090909090909091
940 0.7090909090909091
941 0.7090909090909091
942 0.7090909090909091
943 0.7090909090909091
944 0.7090909090909091
945 0.7090909090909091
946 0.7090909090909091
947 0.7090909090909091
948 0.7090909090909091
949 0.7090909090909091
950 0.7090909090909091
951 0.7090909090909091
952 0.7090909090909091
953 0.7090909090909091
954 0.7090909090909091
955 0.7090909090909091
956 0.7117117117117117
957 0.7117117117117117
958 0.7117117117117117
959 0.7117117117117117
960 0.7117117117117117
961 0.7117117117117117
962 0.7117117117117117
963 0.7117117117117117
964 0.7117117117117117
965 0.7117117117117117
966 0.7117117117117117
967 0.7117117117117117
968 0.7117117117117117
969 0.7117117117117117
970 0.7117117117117117
971 0.7117117117117117
972 0.7117117117117117
973 0.7117117117117117
974 0.7117117117117117
975 0.7117117117117117
976 0.7117117117117117
977 0.7117117117117117
978 0.7117117117117117
979 0.7117117117117117
980 0.7117117117117117
981 0.7117117117117117
982 0.7117117117117117
983 0.7117117117117117
984 0.7117117117117117
985 0.7117117117117117
986 0.7117117117117117
987 0.7117117117117117
988 0.7117117117117117
989 0.7117117117117117
990 0.7117117117117117
991 0.7117117117117117
992 0.7117117117117117
993 0.7117117117117117
994 0.7117117117117117
995 0.7117117117117117
996 0.7117117117117117
997 0.7117117117117117
998 0.7117117117117117
999 0.7117117117117117
1000 0.7117117117117117
1001 0.7117117117117117
1002 0.7117117117117117
1003 0.7117117117117117
1004 0.7117117117117117
1005 0.7117117117117117
1006 0.7117117117117117
1007 0.7117117117117117
1008 0.7117117117117117
1009 0.7117117117117117
1010 0.7142857142857143
1011 0.7142857142857143
1012 0.7142857142857143
1013 0.7142857142857143
1014 0.7142857142857143
1015 0.7168141592920354
1016 0.7168141592920354
1017 0.7168141592920354
1018 0.7168141592920354
1019 0.7168141592920354
1020 0.7168141592920354
1021 0.7168141592920354
1022 0.7168141592920354
1023 0.7168141592920354
1024 0.7168141592920354
1025 0.7168141592920354
1026 0.7168141592920354
1027 0.7168141592920354
1028 0.7168141592920354
1029 0.7168141592920354
1030 0.7192982456140351
1031 0.7217391304347827
1032 0.7217391304347827
1033 0.7217391304347827
1034 0.7217391304347827
1035 0.7217391304347827
1036 0.7217391304347827
1037 0.7217391304347827
1038 0.7217391304347827
1039 0.7217391304347827
1040 0.7217391304347827
1041 0.7217391304347827
1042 0.7217391304347827
1043 0.7217391304347827
1044 0.7155172413793104
1045 0.7155172413793104
1046 0.7155172413793104
1047 0.7155172413793104
1048 0.7155172413793104
1049 0.717948717948718
1050 0.717948717948718
1051 0.717948717948718
1052 0.7203389830508474
1053 0.7203389830508474
1054 0.7203389830508474
1055 0.7203389830508474
1056 0.7203389830508474
1057 0.7203389830508474
1058 0.7142857142857143
1059 0.7142857142857143
1060 0.7142857142857143
1061 0.7142857142857143
1062 0.7083333333333334
1063 0.7083333333333334
1064 0.7083333333333334
1065 0.7083333333333334
1066 0.7083333333333334
1067 0.7083333333333334
1068 0.7083333333333334
1069 0.7083333333333334
1070 0.7083333333333334
1071 0.7083333333333334
1072 0.7083333333333334
1073 0.7083333333333334
1074 0.7083333333333334
1075 0.7083333333333334
1076 0.7083333333333334
1077 0.7083333333333334
1078 0.7083333333333334
1079 0.7107438016528925
1080 0.7107438016528925
1081 0.7107438016528925
1082 0.7107438016528925
1083 0.7107438016528925
1084 0.7107438016528925
