0 1.0
1 0.5
2 0.3333333333333333
3 0.25
4 0.2
5 0.16666666666666666
6 0.14285714285714285
7 0.125
8 0.1111111111111111
9 0.2
10 0.2727272727272727
11 0.3333333333333333
12 0.38461538461538464
13 0.35714285714285715
14 0.4
15 0.375
16 0.35294117647058826
17 0.3888888888888889
18 0.42105263157894735
19 0.4
20 0.38095238095238093
21 0.4090909090909091
22 0.391304347826087
23 0.375
24 0.36
25 0.34615384615384615
26 0.3333333333333333
27 0.32142857142857145
28 0.3103448275862069
29 0.3
30 0.2903225806451613
31 0.28125
32 0.2727272727272727
33 0.2647058823529412
34 0.2857142857142857
35 0.2777777777777778
36 0.2702702702702703
37 0.2631578947368421
38 0.2564102564102564
39 0.275
40 0.2926829268292683
41 0.2857142857142857
42 0.3023255813953488
43 0.3181818181818182
44 0.3111111111111111
45 0.32608695652173914
46 0.3404255319148936
47 0.3333333333333333
48 0.3469387755102041
49 0.36
50 0.37254901960784315
51 0.36538461538461536
52 0.37735849056603776
53 0.37037037037037035
54 0.38181818181818183
55 0.375
56 0.38596491228070173
57 0.3793103448275862
58 0.3898305084745763
59 0.4
60 0.39344262295081966
61 0.3870967741935484
62 0.3968253968253968
63 0.390625
64 0.38461538461538464
65 0.3787878787878788
66 0.3880597014925373
67 0.39705882352941174
68 0.391304347826087
69 0.4
70 0.4084507042253521
71 0.4027777777777778
72 0.410958904109589
73 0.40540540540540543
74 0.4
75 0.40789473684210525
76 0.4155844155844156
77 0.4230769230769231
78 0.43037974683544306
79 0.4375
80 0.4444444444444444
81 0.45121951219512196
82 0.4457831325301205
83 0.4523809523809524
84 0.4588235294117647
85 0.46511627906976744
86 0.47126436781609193
87 0.4659090909090909
88 0.47191011235955055
89 0.4666666666666667
90 0.46153846153846156
91 0.45652173913043476
92 0.46236559139784944
93 0.46808510638297873
94 0.47368421052631576
95 0.46875
96 0.4742268041237113
97 0.47959183673469385
98 0.47474747474747475
99 0.48
100 0.4752475247524752
101 0.47058823529411764
102 0.47572815533980584
103 0.4807692307692308
104 0.47619047619047616
105 0.4716981132075472
106 0.4766355140186916
107 0.48148148148148145
108 0.48623853211009177
109 0.4818181818181818
110 0.4864864864864865
111 0.49107142857142855
112 0.48672566371681414
113 0.4824561403508772
114 0.48695652173913045
115 0.4827586206896552
116 0.48717948717948717
117 0.4830508474576271
118 0.48739495798319327
119 0.49166666666666664
120 0.49586776859504134
121 0.4918032786885246
122 0.4959349593495935
123 0.5
124 0.504
125 0.5079365079365079
126 0.5118110236220472
127 0.515625
128 0.5193798449612403
129 0.5153846153846153
130 0.5190839694656488
131 0.5227272727272727
132 0.518796992481203
133 0.5223880597014925
134 0.5259259259259259
135 0.5294117647058824
136 0.5255474452554745
137 0.5217391304347826
138 0.5179856115107914
139 0.5142857142857142
140 0.5106382978723404
141 0.5070422535211268
142 0.5104895104895105
143 0.5138888888888888
144 0.5172413793103449
145 0.5205479452054794
146 0.5170068027210885
147 0.5135135135135135
148 0.5167785234899329
149 0.5133333333333333
150 0.5099337748344371
151 0.5131578947368421
152 0.5098039215686274
153 0.512987012987013
154 0.5096774193548387
155 0.5128205128205128
156 0.5159235668789809
157 0.5126582278481012
158 0.5157232704402516
159 0.51875
160 0.515527950310559
161 0.5185185185185185
162 0.5214723926380368
163 0.5182926829268293
164 0.5151515151515151
165 0.5120481927710844
166 0.5149700598802395
167 0.5119047619047619
168 0.514792899408284
169 0.5176470588235295
170 0.52046783625731
171 0.5174418604651163
172 0.5202312138728323
173 0.5229885057471264
174 0.52
175 0.5227272727272727
176 0.519774011299435
177 0.5224719101123596
178 0.5195530726256983
179 0.5222222222222223
180 0.5248618784530387
181 0.521978021978022
182 0.5245901639344263
183 0.5217391304347826
184 0.5243243243243243
185 0.5268817204301075
186 0.5240641711229946
187 0.526595744680851
188 0.5291005291005291
189 0.5263157894736842
190 0.5235602094240838
191 0.5208333333333334
192 0.5233160621761658
193 0.520618556701031
194 0.5230769230769231
195 0.5204081632653061
196 0.5177664974619289
197 0.5202020202020202
198 0.5226130653266332
199 0.525
200 0.5223880597014925
201 0.5247524752475248
202 0.5221674876847291
203 0.5245098039215687
204 0.526829268292683
205 0.529126213592233
206 0.5314009661835749
207 0.5336538461538461
208 0.5358851674641149
209 0.5333333333333333
210 0.5355450236966824
211 0.5377358490566038
212 0.5352112676056338
213 0.5327102803738317
214 0.5348837209302325
215 0.5324074074074074
216 0.5299539170506913
217 0.5275229357798165
218 0.5296803652968036
219 0.5318181818181819
220 0.5339366515837104
221 0.536036036036036
222 0.5381165919282511
223 0.5357142857142857
224 0.5333333333333333
225 0.5309734513274337
226 0.5286343612334802
227 0.5263157894736842
228 0.5240174672489083
229 0.5260869565217391
230 0.5238095238095238
231 0.5258620689655172
232 0.5278969957081545
233 0.5256410256410257
234 0.5234042553191489
235 0.5254237288135594
236 0.5274261603375527
237 0.5294117647058824
238 0.5271966527196653
239 0.5291666666666667
240 0.5311203319502075
241 0.5330578512396694
242 0.5308641975308642
243 0.5286885245901639
244 0.5306122448979592
245 0.532520325203252
246 0.5303643724696356
247 0.5282258064516129
248 0.5301204819277109
249 0.528
250 0.5298804780876494
251 0.5277777777777778
252 0.525691699604743
253 0.5275590551181102
254 0.5294117647058824
255 0.52734375
256 0.5252918287937743
257 0.5232558139534884
258 0.5212355212355212
259 0.5192307692307693
260 0.5172413793103449
261 0.5190839694656488
262 0.5209125475285171
263 0.5227272727272727
264 0.5245283018867924
265 0.5263157894736842
266 0.5280898876404494
267 0.5298507462686567
268 0.5315985130111525
269 0.5333333333333333
270 0.5350553505535055
