0 1.0
1 0.5
2 0.3333333333333333
3 0.25
4 0.2
5 0.16666666666666666
6 0.14285714285714285
7 0.125
8 0.1111111111111111
9 0.2
10 0.2727272727272727
11 0.3333333333333333
12 0.38461538461538464
13 0.35714285714285715
14 0.4
15 0.375
16 0.35294117647058826
17 0.3888888888888889
18 0.42105263157894735
19 0.4
20 0.38095238095238093
21 0.4090909090909091
22 0.391304347826087
23 0.375
24 0.36
25 0.34615384615384615
26 0.3333333333333333
27 0.32142857142857145
28 0.3103448275862069
29 0.3
30 0.2903225806451613
31 0.28125
32 0.2727272727272727
33 0.2727272727272727
34 0.29411764705882354
35 0.2857142857142857
36 0.2777777777777778
37 0.2702702702702703
38 0.2702702702702703
39 0.2894736842105263
40 0.3076923076923077
41 0.3
42 0.3170731707317073
43 0.3333333333333333
44 0.32558139534883723
45 0.3409090909090909
46 0.35555555555555557
47 0.34782608695652173
48 0.3617021276595745
49 0.375
50 0.3877551020408163
51 0.38
52 0.39215686274509803
53 0.38461538461538464
54 0.39622641509433965
55 0.3888888888888889
56 0.4
57 0.39285714285714285
58 0.40350877192982454
59 0.41379310344827586
60 0.4067796610169492
61 0.4
62 0.4098360655737705
63 0.4032258064516129
64 0.3968253968253968
65 0.390625
66 0.4
67 0.4090909090909091
68 0.40298507462686567
69 0.4117647058823529
70 0.42028985507246375
71 0.4142857142857143
72 0.4225352112676056
73 0.4166666666666667
74 0.410958904109589
75 0.4189189189189189
76 0.4266666666666667
77 0.4342105263157895
78 0.44155844155844154
79 0.44871794871794873
80 0.45569620253164556
81 0.4625
82 0.4567901234567901
83 0.4634146341463415
84 0.46987951807228917
85 0.47619047619047616
86 0.4823529411764706
87 0.47674418604651164
88 0.4827586206896552
89 0.4827586206896552
90 0.4772727272727273
91 0.47191011235955055
92 0.4777777777777778
93 0.4835164835164835
94 0.4891304347826087
95 0.4838709677419355
96 0.48936170212765956
97 0.49473684210526314
98 0.4895833333333333
99 0.4948453608247423
100 0.4897959183673469
101 0.48484848484848486
102 0.49
103 0.49504950495049505
104 0.49504950495049505
105 0.49019607843137253
106 0.49514563106796117
107 0.5
108 0.5047619047619047
109 0.5
110 0.5046728971962616
111 0.5092592592592593
112 0.5045871559633027
113 0.5
114 0.5045045045045045
115 0.5
116 0.504424778761062
117 0.5
118 0.5043478260869565
119 0.5086206896551724
120 0.5128205128205128
121 0.5084745762711864
122 0.5126050420168067
123 0.5166666666666667
124 0.5206611570247934
125 0.5245901639344263
126 0.5284552845528455
127 0.532258064516129
128 0.536
129 0.5317460317460317
130 0.5354330708661418
131 0.5390625
132 0.5348837209302325
133 0.5384615384615384
134 0.5419847328244275
135 0.5454545454545454
136 0.5413533834586466
137 0.5373134328358209
138 0.5333333333333333
139 0.5294117647058824
140 0.5255474452554745
141 0.5217391304347826
142 0.5251798561151079
143 0.5285714285714286
144 0.5319148936170213
145 0.5352112676056338
146 0.5314685314685315
147 0.5277777777777778
148 0.5310344827586206
149 0.5273972602739726
150 0.5238095238095238
151 0.527027027027027
152 0.5234899328859061
153 0.5266666666666666
154 0.5231788079470199
155 0.5263157894736842
156 0.5294117647058824
157 0.525974025974026
158 0.5290322580645161
159 0.532051282051282
160 0.5286624203821656
161 0.5316455696202531
162 0.5345911949685535
163 0.53125
164 0.5279503105590062
165 0.5246913580246914
166 0.5276073619631901
167 0.524390243902439
168 0.5272727272727272
169 0.5301204819277109
170 0.5329341317365269
171 0.5297619047619048
172 0.5325443786982249
173 0.5352941176470588
174 0.5321637426900585
175 0.5348837209302325
176 0.5317919075144508
177 0.5344827586206896
178 0.5314285714285715
179 0.5340909090909091
180 0.536723163841808
181 0.5337078651685393
182 0.5363128491620112
183 0.5333333333333333
184 0.5359116022099447
185 0.5384615384615384
186 0.5355191256830601
187 0.5380434782608695
188 0.5405405405405406
189 0.5376344086021505
190 0.5347593582887701
191 0.5319148936170213
192 0.5343915343915344
193 0.531578947368421
194 0.5340314136125655
195 0.53125
196 0.5284974093264249
197 0.5309278350515464
198 0.5333333333333333
199 0.5357142857142857
200 0.5329949238578681
201 0.5353535353535354
202 0.5326633165829145
203 0.535
204 0.5373134328358209
205 0.5396039603960396
206 0.541871921182266
207 0.5441176470588235
208 0.5463414634146342
209 0.5436893203883495
210 0.5458937198067633
211 0.5480769230769231
212 0.5454545454545454
213 0.5428571428571428
214 0.5450236966824644
215 0.5424528301886793
216 0.539906103286385
217 0.5373831775700935
218 0.5395348837209303
219 0.5416666666666666
220 0.543778801843318
221 0.5458715596330275
222 0.547945205479452
223 0.5454545454545454
224 0.5429864253393665
225 0.5405405405405406
226 0.5381165919282511
227 0.5357142857142857
228 0.5333333333333333
229 0.5353982300884956
230 0.5330396475770925
231 0.5350877192982456
232 0.537117903930131
233 0.5347826086956522
234 0.5324675324675324
235 0.5344827586206896
236 0.5364806866952789
237 0.5384615384615384
238 0.5361702127659574
239 0.538135593220339
240 0.540084388185654
241 0.540084388185654
242 0.5378151260504201
243 0.5355648535564853
244 0.5375
245 0.5394190871369294
246 0.5371900826446281
247 0.5349794238683128
248 0.5368852459016393
249 0.5346938775510204
250 0.5365853658536586
251 0.5344129554655871
252 0.532258064516129
253 0.5341365461847389
254 0.536
255 0.5338645418326693
256 0.5317460317460317
257 0.5296442687747036
258 0.5275590551181102
259 0.5254901960784314
260 0.5234375
261 0.5252918287937743
262 0.5271317829457365
263 0.528957528957529
264 0.5307692307692308
265 0.5325670498084292
266 0.5343511450381679
267 0.5361216730038023
268 0.5378787878787878
269 0.539622641509434
270 0.5413533834586466
