0 0.5
1 0.0
2 0.0
3 0.3366890003703579
4 0.3366890003703579
5 0.5050249987374376
6 0.401979597200202
7 0.3332884448671728
8 0.4314285743286479
9 0.5050249987374376
10 0.5622589542789119
11 0.5622589542789119
12 0.608039182804201
13 0.54994353587058
14 0.54994353587058
15 0.589555907121435
16 0.541420633496765
17 0.5001708535911681
18 0.5001708535911681
19 0.5001708535911681
20 0.5358878229842049
21 0.5358878229842049
22 0.5358878229842049
23 0.4998113599518316
24 0.5316589857138201
25 0.55995988966753
26 0.5852740832292418
27 0.6080495756779015
28 0.6080495756779015
29 0.6080495756779015
30 0.5760927373330738
31 0.5470513273699954
32 0.5689980337907027
33 0.5891080667958575
34 0.6076018307370239
35 0.5811794032401597
36 0.5811794032401597
37 0.5567248866599702
38 0.5340274278865946
39 0.552457852759257
40 0.5696511984841945
41 0.5483714685993333
42 0.5647931500443174
43 0.5447841439253345
44 0.5447841439253345
45 0.5259625782608995
46 0.5259625782608995
47 0.5082266655941564
48 0.5082266655941564
49 0.5082266655941564
50 0.5082266655941564
51 0.5244254385198547
52 0.5397393384261243
53 0.5397393384261243
54 0.5397393384261243
55 0.5542382303407493
56 0.5679848138187777
57 0.5508266157337864
58 0.5508266157337864
59 0.5641268673868206
60 0.5641268673868206
61 0.5641268673868206
62 0.5767850583028062
63 0.5603476294437391
64 0.5446686753223304
65 0.5571841552505888
66 0.5571841552505888
67 0.5571841552505888
68 0.5421322988324798
69 0.5421322988324798
70 0.5542942798785905
71 0.5542942798785905
72 0.5542942798785905
73 0.5659403273888062
74 0.5771020377225271
75 0.5878084796977948
76 0.5980864423888735
77 0.607960654331793
78 0.6174539779141577
79 0.6027117509598876
80 0.6120675190750032
81 0.6210808453937043
82 0.6297697622601851
83 0.6155129932592779
84 0.6241084058387568
85 0.632409103814007
86 0.6186105327736218
87 0.626834887626096
88 0.626834887626096
89 0.6347898976836588
90 0.6424881986597929
91 0.6290935253759501
92 0.6161188567019237
93 0.623952937860991
94 0.6315480973125722
95 0.6315480973125722
96 0.6315480973125722
97 0.6189212509631655
98 0.6264649546981989
99 0.6337875957993924
100 0.6214812467555562
101 0.6214812467555562
102 0.6095264322274202
103 0.6169688444378986
104 0.6242038555964632
105 0.6125172540554891
106 0.619709134988118
107 0.619709134988118
108 0.6267076202099814
109 0.6335200675877982
110 0.6401534672444406
111 0.6401534672444406
112 0.6286595962084123
113 0.6174611780490428
114 0.6174611780490428
115 0.6065475094899878
116 0.6065475094899878
117 0.5959083966877755
118 0.5855341252667606
119 0.5926965649789652
120 0.5996843506278038
121 0.5894691387261923
122 0.5894691387261923
123 0.5964134024427834
124 0.5964134024427834
125 0.6031933163476692
126 0.609814316220383
127 0.609814316220383
128 0.6162816016597871
129 0.6226001487808155
130 0.6287747221007797
131 0.6185524702092673
132 0.6185524702092673
133 0.6185524702092673
134 0.6085589393880674
135 0.614844490049939
136 0.614844490049939
137 0.6209918731589071
138 0.6209918731589071
139 0.6270052945329945
140 0.6328887919059695
141 0.6229631172236513
142 0.628842819085079
143 0.6345986290510189
144 0.6345986290510189
145 0.6345986290510189
146 0.6248113428114618
147 0.6152269779780546
148 0.6210978991676984
149 0.6268490009051566
150 0.6173834944260495
151 0.6231317396536147
152 0.61381690316806
153 0.61381690316806
154 0.6046864899351405
155 0.6105381795847544
156 0.6162756933877638
157 0.6072395377970807
158 0.6129716703188526
159 0.6185943122943485
160 0.6241102951957466
161 0.6295223546542494
162 0.6348331344855555
163 0.6400451905140534
164 0.6309486443275868
165 0.622018996240267
166 0.6273463376678331
167 0.6185404434475963
168 0.6238733625301643
169 0.6291108789163884
170 0.634255272440772
171 0.6254917942518209
172 0.6306466822521186
173 0.6219987512840187
174 0.6271630323584033
175 0.6322381731004881
176 0.6322381731004881
177 0.6236629802765322
178 0.6236629802765322
179 0.6152341287305442
180 0.6204160532370862
181 0.6120893295664488
182 0.6172778028219685
183 0.6172778028219685
184 0.6223796570320844
185 0.6273967920420906
186 0.6190883830755809
187 0.6241163660022865
188 0.6290621543517496
189 0.6208111573513587
190 0.6208111573513587
191 0.6257692782669851
192 0.6306475651362278
193 0.6306475651362278
194 0.6306475651362278
195 0.6306475651362278
196 0.635447690257798
197 0.6401712805384682
198 0.6448199190248187
199 0.6448199190248187
200 0.6448199190248187
201 0.6493951463733041
202 0.6493951463733041
203 0.6493951463733041
204 0.6493951463733041
205 0.641054042563301
206 0.641054042563301
207 0.6456514182237074
208 0.6456514182237074
209 0.6501772024004817
210 0.6546328311413555
211 0.659019703293478
212 0.659019703293478
213 0.6506713576369693
214 0.6506713576369693
215 0.642450698626405
216 0.6469561509598969
217 0.6469561509598969
218 0.6513932897511514
219 0.6557634379535399
220 0.6600678855386053
221 0.6643078905185513
222 0.668484679930864
223 0.6725994507866921
224 0.6766533709845343
225 0.6682948637936582
226 0.6723827057358922
227 0.6764108100544161
228 0.6764108100544161
229 0.668113280650538
230 0.668113280650538
231 0.6721753254105378
232 0.6639667840746555
233 0.6680613330895218
234 0.6680613330895218
235 0.6720971720967881
236 0.6760753553468573
237 0.6799969129235104
238 0.6717819101379373
239 0.6636830056635145
240 0.6636830056635145
241 0.6677292756284708
242 0.6717187613133927
243 0.6756524524455247
244 0.6795313168188344
245 0.6833563008980694
246 0.6871283304029074
247 0.6871283304029074
248 0.678958514411548
249 0.6827684323614036
250 0.6865261196162469
251 0.6902324570064005
252 0.6938883065687582
253 0.685713826911101
254 0.6894097520791413
255 0.6894097520791413
256 0.6930557980005607
257 0.6849340801106898
258 0.6886199104753707
259 0.6805776817008482
260 0.6805776817008482
261 0.6726426971696093
262 0.6648132187237171
263 0.6648132187237171
264 0.6570875436051444
265 0.6570875436051444
266 0.6570875436051444
267 0.6570875436051444
268 0.661066019332355
269 0.664992047162931
270 0.668866463033298
