0 0.7277657266811279
1 0.7283080260303688
2 0.7277657266811279
3 0.7283080260303688
4 0.7283080260303688
5 0.7277657266811279
6 0.7255965292841648
7 0.7272234273318872
8 0.7288503253796096
9 0.7288503253796096
10 0.7288503253796096
11 0.7288503253796096
12 0.7288503253796096
13 0.7283080260303688
14 0.7272234273318872
15 0.7272234273318872
16 0.7283080260303688
17 0.7283080260303688
18 0.7277657266811279
19 0.7272234273318872
20 0.7272234273318872
21 0.7288503253796096
22 0.7288503253796096
23 0.7288503253796096
24 0.7288503253796096
25 0.7288503253796096
26 0.7288503253796096
27 0.7288503253796096
28 0.7293926247288504
29 0.7321041214750542
30 0.732646420824295
31 0.7321041214750542
32 0.732646420824295
33 0.7321041214750542
34 0.7321041214750542
35 0.7299349240780911
36 0.7299349240780911
37 0.7304772234273319
38 0.7304772234273319
39 0.7288503253796096
40 0.7288503253796096
41 0.7288503253796096
42 0.7283080260303688
43 0.7283080260303688
44 0.7283080260303688
45 0.7283080260303688
46 0.7283080260303688
47 0.7288503253796096
48 0.7288503253796096
49 0.7288503253796096
50 0.7288503253796096
51 0.7299349240780911
52 0.7283080260303688
53 0.7283080260303688
54 0.7277657266811279
55 0.7261388286334056
56 0.7250542299349241
57 0.7255965292841648
58 0.7255965292841648
59 0.7277657266811279
60 0.7277657266811279
61 0.7277657266811279
62 0.7277657266811279
63 0.7277657266811279
64 0.7272234273318872
65 0.7266811279826464
66 0.7266811279826464
67 0.7266811279826464
68 0.7266811279826464
69 0.7266811279826464
70 0.7266811279826464
71 0.7266811279826464
72 0.7266811279826464
73 0.7266811279826464
74 0.7266811279826464
75 0.7261388286334056
76 0.7261388286334056
77 0.7261388286334056
78 0.7261388286334056
79 0.7261388286334056
80 0.7261388286334056
81 0.7255965292841648
82 0.7250542299349241
83 0.7261388286334056
84 0.7261388286334056
85 0.7304772234273319
86 0.7299349240780911
87 0.7299349240780911
88 0.7299349240780911
89 0.7299349240780911
90 0.7299349240780911
91 0.7299349240780911
92 0.7299349240780911
93 0.7288503253796096
94 0.7277657266811279
95 0.7277657266811279
96 0.7277657266811279
97 0.7277657266811279
98 0.7283080260303688
99 0.7283080260303688
100 0.7283080260303688
101 0.7283080260303688
102 0.7288503253796096
103 0.7288503253796096
104 0.7288503253796096
105 0.7299349240780911
106 0.7310195227765727
107 0.7310195227765727
108 0.7315618221258134
109 0.7315618221258134
110 0.7315618221258134
111 0.7310195227765727
112 0.7310195227765727
113 0.7310195227765727
114 0.7310195227765727
115 0.7304772234273319
116 0.7304772234273319
117 0.7304772234273319
118 0.7304772234273319
119 0.7304772234273319
120 0.7293926247288504
121 0.7293926247288504
122 0.7293926247288504
123 0.7293926247288504
124 0.7293926247288504
125 0.7293926247288504
126 0.7288503253796096
127 0.7288503253796096
128 0.7283080260303688
129 0.7283080260303688
130 0.7283080260303688
131 0.7293926247288504
132 0.7293926247288504
133 0.7272234273318872
134 0.7272234273318872
135 0.7283080260303688
136 0.7283080260303688
137 0.7283080260303688
138 0.7283080260303688
139 0.7283080260303688
140 0.7277657266811279
141 0.7277657266811279
142 0.7283080260303688
143 0.7283080260303688
144 0.7293926247288504
145 0.7293926247288504
146 0.7293926247288504
147 0.7293926247288504
148 0.7288503253796096
149 0.7288503253796096
150 0.7283080260303688
151 0.7283080260303688
152 0.7277657266811279
153 0.7277657266811279
154 0.7277657266811279
155 0.7272234273318872
156 0.7272234273318872
157 0.7272234273318872
158 0.7266811279826464
159 0.7261388286334056
160 0.7261388286334056
161 0.7261388286334056
162 0.7261388286334056
163 0.7261388286334056
164 0.7277657266811279
165 0.7277657266811279
166 0.7277657266811279
167 0.7283080260303688
168 0.7288503253796096
169 0.7288503253796096
170 0.7288503253796096
171 0.7288503253796096
172 0.7288503253796096
173 0.7293926247288504
174 0.7293926247288504
175 0.7293926247288504
176 0.7293926247288504
177 0.7299349240780911
178 0.7293926247288504
179 0.7293926247288504
180 0.7293926247288504
181 0.7293926247288504
182 0.7266811279826464
183 0.7272234273318872
184 0.7272234273318872
185 0.7283080260303688
186 0.7283080260303688
187 0.7288503253796096
188 0.7288503253796096
189 0.7288503253796096
190 0.7288503253796096
191 0.7288503253796096
192 0.7283080260303688
193 0.7283080260303688
194 0.7283080260303688
195 0.7283080260303688
196 0.7293926247288504
197 0.7299349240780911
198 0.7283080260303688
199 0.7288503253796096
200 0.7288503253796096
201 0.7293926247288504
202 0.7293926247288504
203 0.7293926247288504
204 0.7288503253796096
205 0.7288503253796096
206 0.7288503253796096
207 0.7299349240780911
208 0.7299349240780911
209 0.7299349240780911
210 0.7299349240780911
211 0.7299349240780911
212 0.7299349240780911
213 0.7304772234273319
214 0.7293926247288504
215 0.7315618221258134
216 0.7315618221258134
217 0.7310195227765727
218 0.7315618221258134
219 0.7315618221258134
220 0.7315618221258134
221 0.7315618221258134
222 0.7315618221258134
223 0.7315618221258134
224 0.7315618221258134
225 0.7310195227765727
226 0.7310195227765727
227 0.7310195227765727
228 0.7310195227765727
229 0.7299349240780911
230 0.7299349240780911
231 0.7299349240780911
232 0.7304772234273319
233 0.7304772234273319
234 0.7304772234273319
235 0.7304772234273319
236 0.7304772234273319
237 0.7304772234273319
238 0.7304772234273319
239 0.7293926247288504
240 0.7288503253796096
241 0.7283080260303688
242 0.7283080260303688
243 0.7283080260303688
244 0.7277657266811279
245 0.7277657266811279
246 0.7310195227765727
247 0.7310195227765727
248 0.7315618221258134
249 0.7315618221258134
250 0.7315618221258134
251 0.7293926247288504
252 0.7272234273318872
253 0.7277657266811279
254 0.7272234273318872
255 0.7272234273318872
256 0.7272234273318872
257 0.7277657266811279
258 0.7272234273318872
259 0.7272234273318872
260 0.7277657266811279
261 0.7277657266811279
262 0.7277657266811279
263 0.7261388286334056
264 0.7261388286334056
265 0.7255965292841648
266 0.7255965292841648
267 0.7250542299349241
268 0.7250542299349241
269 0.7250542299349241
270 0.7250542299349241
271 0.7245119305856833
272 0.7245119305856833
273 0.7245119305856833
274 0.7234273318872018
275 0.7234273318872018
276 0.722885032537961
277 0.722885032537961
278 0.722885032537961
279 0.722885032537961
280 0.722885032537961
281 0.722885032537961
282 0.7245119305856833
283 0.7250542299349241
284 0.7223427331887202
285 0.7223427331887202
286 0.7223427331887202
287 0.7223427331887202
288 0.7239696312364425
289 0.7239696312364425
290 0.7239696312364425
291 0.7239696312364425
292 0.7245119305856833
293 0.7239696312364425
294 0.7250542299349241
295 0.7245119305856833
296 0.7239696312364425
297 0.7239696312364425
298 0.7239696312364425
299 0.7239696312364425
300 0.7239696312364425
301 0.7234273318872018
302 0.7234273318872018
303 0.7234273318872018
304 0.7234273318872018
305 0.722885032537961
306 0.722885032537961
307 0.722885032537961
308 0.7223427331887202
309 0.722885032537961
310 0.722885032537961
311 0.7223427331887202
312 0.7223427331887202
313 0.7223427331887202
314 0.7223427331887202
315 0.7223427331887202
316 0.7212581344902386
317 0.7223427331887202
318 0.7218004338394793
319 0.7207158351409978
320 0.720173535791757
321 0.720173535791757
322 0.720173535791757
323 0.7207158351409978
324 0.720173535791757
325 0.7196312364425163
326 0.7190889370932755
327 0.7207158351409978
328 0.7212581344902386
329 0.7218004338394793
330 0.7207158351409978
331 0.7207158351409978
332 0.7218004338394793
333 0.7218004338394793
334 0.7218004338394793
335 0.7218004338394793
336 0.7218004338394793
337 0.7218004338394793
338 0.7218004338394793
339 0.7218004338394793
340 0.722885032537961
341 0.7239696312364425
342 0.7239696312364425
343 0.7239696312364425
344 0.7245119305856833
345 0.7245119305856833
346 0.7245119305856833
347 0.7245119305856833
348 0.7245119305856833
349 0.7245119305856833
350 0.7218004338394793
351 0.7223427331887202
352 0.720173535791757
353 0.720173535791757
354 0.7207158351409978
355 0.7207158351409978
356 0.7207158351409978
357 0.7207158351409978
358 0.7207158351409978
359 0.7207158351409978
360 0.7212581344902386
361 0.7212581344902386
362 0.7218004338394793
363 0.7218004338394793
364 0.7218004338394793
365 0.722885032537961
366 0.7212581344902386
367 0.7207158351409978
368 0.7207158351409978
369 0.7207158351409978
370 0.720173535791757
371 0.7207158351409978
372 0.7207158351409978
373 0.7207158351409978
374 0.7207158351409978
375 0.7207158351409978
376 0.7207158351409978
377 0.7212581344902386
378 0.7212581344902386
379 0.7218004338394793
380 0.7218004338394793
381 0.7218004338394793
382 0.7218004338394793
383 0.7218004338394793
384 0.7218004338394793
385 0.7218004338394793
386 0.7218004338394793
387 0.7212581344902386
388 0.7212581344902386
389 0.7212581344902386
390 0.7212581344902386
391 0.7212581344902386
392 0.7212581344902386
393 0.7207158351409978
394 0.7207158351409978
395 0.7207158351409978
396 0.7207158351409978
397 0.7207158351409978
398 0.7196312364425163
399 0.720173535791757
400 0.7196312364425163
401 0.7196312364425163
402 0.7196312364425163
403 0.7190889370932755
404 0.7190889370932755
405 0.7190889370932755
406 0.7190889370932755
407 0.7180043383947939
408 0.7180043383947939
409 0.7180043383947939
410 0.7180043383947939
411 0.7180043383947939
412 0.7180043383947939
413 0.7180043383947939
414 0.7185466377440347
415 0.7207158351409978
416 0.7207158351409978
417 0.7207158351409978
418 0.7207158351409978
419 0.7207158351409978
420 0.722885032537961
421 0.722885032537961
422 0.7223427331887202
423 0.722885032537961
424 0.7234273318872018
425 0.7234273318872018
426 0.722885032537961
427 0.722885032537961
428 0.722885032537961
429 0.7234273318872018
430 0.7234273318872018
431 0.7234273318872018
432 0.722885032537961
433 0.7223427331887202
434 0.7223427331887202
435 0.722885032537961
436 0.7223427331887202
437 0.722885032537961
438 0.722885032537961
439 0.7218004338394793
440 0.7223427331887202
441 0.7223427331887202
442 0.7212581344902386
443 0.7212581344902386
444 0.7212581344902386
445 0.720173535791757
446 0.7207158351409978
447 0.7207158351409978
448 0.7207158351409978
449 0.7207158351409978
450 0.7207158351409978
451 0.7218004338394793
452 0.7223427331887202
453 0.7223427331887202
454 0.7223427331887202
455 0.7218004338394793
456 0.7218004338394793
457 0.7218004338394793
458 0.7223427331887202
459 0.722885032537961
460 0.722885032537961
461 0.7223427331887202
462 0.7218004338394793
463 0.7212581344902386
464 0.7212581344902386
465 0.7212581344902386
466 0.7212581344902386
467 0.7223427331887202
468 0.7218004338394793
469 0.7218004338394793
470 0.7218004338394793
471 0.7218004338394793
472 0.7218004338394793
473 0.7218004338394793
474 0.7218004338394793
475 0.7218004338394793
476 0.7218004338394793
477 0.7223427331887202
478 0.722885032537961
479 0.722885032537961
480 0.7223427331887202
481 0.7223427331887202
482 0.722885032537961
483 0.722885032537961
484 0.722885032537961
485 0.722885032537961
486 0.722885032537961
487 0.722885032537961
488 0.722885032537961
489 0.722885032537961
490 0.7223427331887202
491 0.7223427331887202
492 0.7207158351409978
493 0.7207158351409978
494 0.7207158351409978
495 0.7207158351409978
496 0.7207158351409978
497 0.720173535791757
498 0.720173535791757
499 0.720173535791757
500 0.720173535791757
501 0.7207158351409978
502 0.7207158351409978
503 0.720173535791757
504 0.720173535791757
505 0.7196312364425163
506 0.7196312364425163
507 0.7190889370932755
508 0.7196312364425163
509 0.7196312364425163
510 0.7196312364425163
511 0.7196312364425163
512 0.7190889370932755
513 0.7190889370932755
514 0.7190889370932755
515 0.7190889370932755
516 0.7196312364425163
517 0.7196312364425163
518 0.7196312364425163
519 0.7196312364425163
520 0.720173535791757
521 0.7196312364425163
522 0.720173535791757
523 0.720173535791757
524 0.7196312364425163
525 0.7196312364425163
526 0.7196312364425163
527 0.7196312364425163
528 0.7196312364425163
529 0.7196312364425163
530 0.7196312364425163
531 0.7196312364425163
532 0.7196312364425163
533 0.7207158351409978
534 0.7207158351409978
535 0.7207158351409978
536 0.722885032537961
537 0.722885032537961
538 0.722885032537961
539 0.722885032537961
540 0.722885032537961
541 0.722885032537961
542 0.722885032537961
543 0.7223427331887202
544 0.7223427331887202
545 0.7223427331887202
546 0.7223427331887202
547 0.722885032537961
548 0.722885032537961
549 0.7239696312364425
550 0.7239696312364425
551 0.7239696312364425
552 0.7239696312364425
553 0.7239696312364425
554 0.7239696312364425
555 0.7239696312364425
556 0.7239696312364425
557 0.7239696312364425
558 0.7239696312364425
559 0.7239696312364425
560 0.722885032537961
561 0.722885032537961
562 0.722885032537961
563 0.722885032537961
564 0.722885032537961
565 0.722885032537961
566 0.7234273318872018
567 0.7234273318872018
568 0.7245119305856833
569 0.7245119305856833
570 0.7250542299349241
571 0.7250542299349241
572 0.7250542299349241
573 0.7245119305856833
574 0.7245119305856833
575 0.7245119305856833
576 0.7245119305856833
577 0.7245119305856833
578 0.7245119305856833
579 0.7245119305856833
580 0.7245119305856833
581 0.7245119305856833
582 0.7245119305856833
583 0.7245119305856833
584 0.7250542299349241
585 0.7250542299349241
586 0.7250542299349241
587 0.7255965292841648
588 0.7255965292841648
589 0.7255965292841648
590 0.7255965292841648
591 0.7255965292841648
592 0.7255965292841648
593 0.7250542299349241
594 0.7250542299349241
595 0.7255965292841648
596 0.7255965292841648
597 0.7255965292841648
598 0.7255965292841648
599 0.7255965292841648
600 0.7255965292841648
601 0.7255965292841648
602 0.7255965292841648
603 0.7255965292841648
604 0.7250542299349241
605 0.7250542299349241
606 0.7250542299349241
607 0.7245119305856833
608 0.7245119305856833
609 0.7245119305856833
610 0.7245119305856833
611 0.7239696312364425
612 0.7239696312364425
613 0.7245119305856833
614 0.7250542299349241
615 0.7250542299349241
616 0.7250542299349241
617 0.7250542299349241
618 0.7245119305856833
619 0.7245119305856833
620 0.7245119305856833
621 0.7245119305856833
622 0.7245119305856833
623 0.7245119305856833
624 0.7239696312364425
625 0.7239696312364425
626 0.7245119305856833
627 0.7245119305856833
628 0.7239696312364425
629 0.7239696312364425
630 0.7239696312364425
631 0.7239696312364425
632 0.7255965292841648
633 0.7261388286334056
634 0.7261388286334056
635 0.7277657266811279
636 0.7277657266811279
637 0.7272234273318872
638 0.7272234273318872
639 0.7272234273318872
640 0.7272234273318872
641 0.7272234273318872
642 0.7272234273318872
643 0.7272234273318872
644 0.7272234273318872
645 0.7272234273318872
646 0.7272234273318872
647 0.7272234273318872
648 0.7272234273318872
649 0.7272234273318872
650 0.7272234273318872
651 0.7272234273318872
652 0.7272234273318872
653 0.7272234273318872
654 0.7272234273318872
655 0.7272234273318872
656 0.7277657266811279
657 0.7277657266811279
658 0.7277657266811279
659 0.7272234273318872
660 0.7250542299349241
661 0.7250542299349241
662 0.7255965292841648
663 0.7255965292841648
664 0.7255965292841648
665 0.7255965292841648
666 0.7255965292841648
667 0.7250542299349241
668 0.7239696312364425
669 0.7239696312364425
670 0.7245119305856833
671 0.7245119305856833
672 0.7245119305856833
673 0.7245119305856833
674 0.7245119305856833
675 0.7283080260303688
676 0.7283080260303688
677 0.7283080260303688
678 0.7283080260303688
679 0.7266811279826464
680 0.7261388286334056
681 0.7255965292841648
682 0.7266811279826464
683 0.7261388286334056
684 0.7261388286334056
685 0.7261388286334056
686 0.7261388286334056
687 0.7261388286334056
688 0.7261388286334056
689 0.7261388286334056
690 0.7261388286334056
691 0.7266811279826464
692 0.7266811279826464
693 0.7245119305856833
694 0.7250542299349241
695 0.7250542299349241
696 0.7250542299349241
697 0.7261388286334056
698 0.7272234273318872
699 0.7272234273318872
700 0.7272234273318872
701 0.7272234273318872
702 0.7272234273318872
703 0.7272234273318872
704 0.7272234273318872
705 0.7255965292841648
706 0.7261388286334056
707 0.7266811279826464
708 0.7266811279826464
709 0.7266811279826464
710 0.7266811279826464
711 0.7266811279826464
712 0.7266811279826464
713 0.7266811279826464
714 0.7288503253796096
715 0.7293926247288504
716 0.7293926247288504
717 0.7293926247288504
718 0.7293926247288504
719 0.7293926247288504
720 0.7283080260303688
721 0.7283080260303688
722 0.7283080260303688
723 0.7288503253796096
724 0.7288503253796096
725 0.7277657266811279
726 0.7272234273318872
727 0.7272234273318872
728 0.7272234273318872
729 0.7261388286334056
730 0.7250542299349241
731 0.7255965292841648
732 0.7255965292841648
733 0.7255965292841648
734 0.7255965292841648
735 0.7255965292841648
736 0.7261388286334056
737 0.7348156182212582
738 0.7348156182212582
739 0.735357917570499
740 0.735357917570499
741 0.735357917570499
742 0.735357917570499
743 0.735357917570499
744 0.735357917570499
745 0.7337310195227765
746 0.7337310195227765
747 0.7337310195227765
748 0.7337310195227765
749 0.7337310195227765
750 0.7337310195227765
751 0.7348156182212582
752 0.7348156182212582
753 0.7348156182212582
754 0.7342733188720173
755 0.7342733188720173
756 0.7337310195227765
757 0.7337310195227765
758 0.7337310195227765
759 0.7337310195227765
760 0.7337310195227765
761 0.7337310195227765
762 0.7331887201735358
763 0.7331887201735358
764 0.7331887201735358
765 0.7331887201735358
766 0.7331887201735358
767 0.7331887201735358
768 0.7331887201735358
769 0.7321041214750542
770 0.732646420824295
771 0.732646420824295
772 0.732646420824295
773 0.732646420824295
774 0.732646420824295
775 0.732646420824295
776 0.732646420824295
777 0.732646420824295
778 0.732646420824295
779 0.7331887201735358
780 0.7331887201735358
781 0.7348156182212582
782 0.7348156182212582
783 0.7348156182212582
784 0.7342733188720173
785 0.7342733188720173
786 0.7337310195227765
787 0.7337310195227765
788 0.732646420824295
789 0.732646420824295
790 0.732646420824295
791 0.7337310195227765
792 0.7348156182212582
793 0.7342733188720173
794 0.7342733188720173
795 0.7337310195227765
796 0.7337310195227765
797 0.735357917570499
798 0.735357917570499
799 0.7359002169197397
800 0.7380694143167028
801 0.7380694143167028
802 0.737527114967462
803 0.7369848156182213
804 0.7369848156182213
805 0.7369848156182213
806 0.7369848156182213
807 0.7369848156182213
808 0.7369848156182213
809 0.7359002169197397
810 0.7359002169197397
811 0.7364425162689805
812 0.7369848156182213
813 0.737527114967462
814 0.7359002169197397
815 0.737527114967462
816 0.7348156182212582
817 0.735357917570499
818 0.7348156182212582
819 0.7359002169197397
820 0.735357917570499
821 0.7359002169197397
822 0.7359002169197397
823 0.7359002169197397
824 0.7369848156182213
825 0.737527114967462
826 0.737527114967462
827 0.737527114967462
828 0.7380694143167028
829 0.737527114967462
830 0.737527114967462
831 0.7359002169197397
832 0.735357917570499
833 0.735357917570499
834 0.735357917570499
835 0.735357917570499
836 0.7342733188720173
837 0.7348156182212582
838 0.735357917570499
839 0.735357917570499
840 0.7364425162689805
841 0.7364425162689805
842 0.7359002169197397
843 0.7342733188720173
844 0.7348156182212582
845 0.7337310195227765
846 0.7342733188720173
847 0.7348156182212582
848 0.735357917570499
849 0.735357917570499
850 0.735357917570499
851 0.735357917570499
852 0.735357917570499
853 0.735357917570499
854 0.735357917570499
855 0.7348156182212582
856 0.7348156182212582
857 0.7342733188720173
858 0.7342733188720173
859 0.7342733188720173
860 0.7348156182212582
861 0.7348156182212582
862 0.7348156182212582
863 0.7348156182212582
864 0.7348156182212582
865 0.7331887201735358
866 0.7331887201735358
867 0.7337310195227765
868 0.7337310195227765
869 0.7337310195227765
870 0.7337310195227765
871 0.7337310195227765
872 0.7337310195227765
873 0.7337310195227765
874 0.7337310195227765
875 0.7331887201735358
876 0.7331887201735358
877 0.7331887201735358
878 0.7337310195227765
879 0.7337310195227765
880 0.7331887201735358
881 0.7331887201735358
882 0.7331887201735358
883 0.7331887201735358
884 0.7331887201735358
885 0.732646420824295
886 0.732646420824295
887 0.7331887201735358
888 0.732646420824295
889 0.7293926247288504
890 0.7293926247288504
891 0.7299349240780911
892 0.7299349240780911
893 0.7293926247288504
894 0.7293926247288504
895 0.7288503253796096
896 0.7283080260303688
897 0.7283080260303688
898 0.7283080260303688
899 0.7299349240780911
900 0.7299349240780911
901 0.7293926247288504
902 0.7293926247288504
903 0.7293926247288504
904 0.7293926247288504
905 0.7293926247288504
906 0.7293926247288504
907 0.7304772234273319
908 0.7310195227765727
909 0.7310195227765727
910 0.7310195227765727
911 0.7310195227765727
912 0.7310195227765727
913 0.7304772234273319
914 0.7310195227765727
915 0.7310195227765727
916 0.7321041214750542
917 0.7321041214750542
918 0.7321041214750542
919 0.7321041214750542
920 0.7310195227765727
921 0.7310195227765727
922 0.7310195227765727
923 0.7310195227765727
924 0.7315618221258134
925 0.732646420824295
926 0.732646420824295
927 0.732646420824295
928 0.732646420824295
929 0.732646420824295
930 0.7321041214750542
931 0.7331887201735358
932 0.7337310195227765
933 0.732646420824295
934 0.732646420824295
935 0.732646420824295
936 0.735357917570499
937 0.735357917570499
938 0.7321041214750542
939 0.7315618221258134
940 0.7321041214750542
941 0.7321041214750542
942 0.732646420824295
943 0.735357917570499
944 0.7348156182212582
945 0.7348156182212582
946 0.7348156182212582
947 0.7348156182212582
948 0.7342733188720173
949 0.735357917570499
950 0.7359002169197397
951 0.7359002169197397
952 0.735357917570499
953 0.735357917570499
954 0.7337310195227765
955 0.7342733188720173
956 0.7304772234273319
957 0.7304772234273319
958 0.7304772234273319
959 0.7299349240780911
960 0.7299349240780911
961 0.7299349240780911
962 0.7299349240780911
963 0.7299349240780911
964 0.7261388286334056
965 0.7255965292841648
966 0.7255965292841648
967 0.7255965292841648
968 0.7261388286334056
969 0.7288503253796096
970 0.7293926247288504
971 0.7293926247288504
972 0.7293926247288504
973 0.7293926247288504
974 0.7288503253796096
975 0.7288503253796096
976 0.7288503253796096
977 0.7288503253796096
978 0.7288503253796096
979 0.7288503253796096
980 0.7283080260303688
981 0.7283080260303688
982 0.7283080260303688
983 0.7299349240780911
984 0.7321041214750542
985 0.7321041214750542
986 0.7321041214750542
987 0.7321041214750542
988 0.7321041214750542
989 0.7321041214750542
990 0.7310195227765727
991 0.7315618221258134
992 0.7315618221258134
993 0.7315618221258134
994 0.7315618221258134
995 0.7310195227765727
996 0.7315618221258134
997 0.7315618221258134
998 0.7310195227765727
999 0.7310195227765727
1000 0.7310195227765727
1001 0.7299349240780911
1002 0.7299349240780911
1003 0.7299349240780911
1004 0.7321041214750542
1005 0.7310195227765727
1006 0.7310195227765727
1007 0.7310195227765727
1008 0.7310195227765727
1009 0.7310195227765727
1010 0.7310195227765727
1011 0.7310195227765727
1012 0.7310195227765727
1013 0.7310195227765727
1014 0.7310195227765727
1015 0.7310195227765727
1016 0.7310195227765727
1017 0.7304772234273319
1018 0.7310195227765727
1019 0.7310195227765727
1020 0.7310195227765727
1021 0.7310195227765727
1022 0.7310195227765727
1023 0.7310195227765727
1024 0.7310195227765727
1025 0.7310195227765727
1026 0.7310195227765727
1027 0.7304772234273319
1028 0.7304772234273319
1029 0.7304772234273319
1030 0.7288503253796096
1031 0.7288503253796096
1032 0.7288503253796096
1033 0.7293926247288504
1034 0.7293926247288504
1035 0.7293926247288504
1036 0.7299349240780911
1037 0.7299349240780911
1038 0.7299349240780911
1039 0.7299349240780911
1040 0.7299349240780911
1041 0.7299349240780911
1042 0.7299349240780911
1043 0.7293926247288504
1044 0.7293926247288504
1045 0.7288503253796096
1046 0.7293926247288504
1047 0.7293926247288504
1048 0.7293926247288504
1049 0.7293926247288504
1050 0.7293926247288504
1051 0.7293926247288504
1052 0.7293926247288504
1053 0.7293926247288504
1054 0.7293926247288504
1055 0.7293926247288504
1056 0.7293926247288504
1057 0.7293926247288504
1058 0.7293926247288504
1059 0.7293926247288504
1060 0.7293926247288504
1061 0.7288503253796096
1062 0.7293926247288504
1063 0.7293926247288504
1064 0.7293926247288504
1065 0.7293926247288504
1066 0.7293926247288504
1067 0.7293926247288504
1068 0.7293926247288504
1069 0.7299349240780911
1070 0.7299349240780911
1071 0.7299349240780911
1072 0.7299349240780911
1073 0.7299349240780911
1074 0.7304772234273319
1075 0.7299349240780911
1076 0.7299349240780911
1077 0.7288503253796096
1078 0.7299349240780911
1079 0.7299349240780911
1080 0.7299349240780911
1081 0.7299349240780911
1082 0.7288503253796096
1083 0.7288503253796096
1084 0.7315618221258134
1085 0.7310195227765727
1086 0.7310195227765727
1087 0.7310195227765727
1088 0.7293926247288504
1089 0.7304772234273319
1090 0.7304772234273319
1091 0.7304772234273319
1092 0.7299349240780911
1093 0.7304772234273319
1094 0.7315618221258134
1095 0.7315618221258134
1096 0.7315618221258134
1097 0.7315618221258134
1098 0.7315618221258134
1099 0.7315618221258134
1100 0.7315618221258134
1101 0.7315618221258134
1102 0.7310195227765727
1103 0.7331887201735358
1104 0.7337310195227765
1105 0.7337310195227765
1106 0.7337310195227765
1107 0.7337310195227765
1108 0.7337310195227765
1109 0.7337310195227765
1110 0.7337310195227765
1111 0.7342733188720173
1112 0.7304772234273319
1113 0.7304772234273319
1114 0.7304772234273319
1115 0.7310195227765727
1116 0.7299349240780911
1117 0.7304772234273319
1118 0.7288503253796096
1119 0.7288503253796096
1120 0.7288503253796096
1121 0.7288503253796096
1122 0.7293926247288504
1123 0.7288503253796096
1124 0.7288503253796096
1125 0.7288503253796096
1126 0.7293926247288504
1127 0.7288503253796096
1128 0.7266811279826464
1129 0.7272234273318872
1130 0.7272234273318872
1131 0.7266811279826464
1132 0.7266811279826464
1133 0.7266811279826464
1134 0.7266811279826464
1135 0.7272234273318872
1136 0.7272234273318872
1137 0.7277657266811279
1138 0.7277657266811279
1139 0.7277657266811279
1140 0.7272234273318872
1141 0.7272234273318872
1142 0.7272234273318872
1143 0.7272234273318872
1144 0.7272234273318872
1145 0.7272234273318872
1146 0.7272234273318872
1147 0.7272234273318872
1148 0.7277657266811279
1149 0.7266811279826464
1150 0.7261388286334056
1151 0.7266811279826464
1152 0.7277657266811279
1153 0.7277657266811279
1154 0.7277657266811279
1155 0.7272234273318872
1156 0.7277657266811279
1157 0.7272234273318872
1158 0.7277657266811279
1159 0.7277657266811279
1160 0.7277657266811279
1161 0.7277657266811279
1162 0.7277657266811279
1163 0.7293926247288504
1164 0.7277657266811279
1165 0.7277657266811279
1166 0.7277657266811279
1167 0.7277657266811279
1168 0.7283080260303688
1169 0.7277657266811279
1170 0.7277657266811279
1171 0.7277657266811279
1172 0.7310195227765727
1173 0.7310195227765727
1174 0.7310195227765727
1175 0.7310195227765727
1176 0.7310195227765727
1177 0.7310195227765727
1178 0.7310195227765727
1179 0.7310195227765727
1180 0.7310195227765727
1181 0.7310195227765727
1182 0.7310195227765727
1183 0.7310195227765727
1184 0.7315618221258134
1185 0.7310195227765727
1186 0.7310195227765727
1187 0.7310195227765727
1188 0.7304772234273319
1189 0.7310195227765727
1190 0.7299349240780911
1191 0.7310195227765727
1192 0.7310195227765727
1193 0.7310195227765727
1194 0.7310195227765727
1195 0.7310195227765727
1196 0.7310195227765727
1197 0.7310195227765727
1198 0.7304772234273319
1199 0.7288503253796096
1200 0.7288503253796096
1201 0.7288503253796096
1202 0.7288503253796096
1203 0.7288503253796096
1204 0.7283080260303688
1205 0.7283080260303688
1206 0.7277657266811279
1207 0.7277657266811279
1208 0.7277657266811279
1209 0.7277657266811279
1210 0.7277657266811279
1211 0.7266811279826464
1212 0.7266811279826464
1213 0.7261388286334056
1214 0.7261388286334056
1215 0.7255965292841648
1216 0.7266811279826464
1217 0.7266811279826464
1218 0.7266811279826464
1219 0.7266811279826464
1220 0.7261388286334056
1221 0.7266811279826464
1222 0.7255965292841648
1223 0.7250542299349241
1224 0.7250542299349241
1225 0.7250542299349241
1226 0.7255965292841648
1227 0.7266811279826464
1228 0.7266811279826464
1229 0.7315618221258134
1230 0.7310195227765727
1231 0.7310195227765727
1232 0.7310195227765727
1233 0.7310195227765727
1234 0.7310195227765727
1235 0.7321041214750542
1236 0.7321041214750542
1237 0.7321041214750542
1238 0.7321041214750542
1239 0.7321041214750542
1240 0.7321041214750542
1241 0.7321041214750542
1242 0.7321041214750542
1243 0.7321041214750542
1244 0.7321041214750542
1245 0.7321041214750542
1246 0.7321041214750542
1247 0.7321041214750542
1248 0.7321041214750542
1249 0.7321041214750542
1250 0.7321041214750542
1251 0.7321041214750542
1252 0.7321041214750542
1253 0.7321041214750542
1254 0.7304772234273319
1255 0.7304772234273319
1256 0.7304772234273319
1257 0.7304772234273319
1258 0.7299349240780911
1259 0.7299349240780911
1260 0.7299349240780911
1261 0.7299349240780911
1262 0.7299349240780911
1263 0.7299349240780911
1264 0.7299349240780911
1265 0.7299349240780911
1266 0.7299349240780911
1267 0.7299349240780911
1268 0.7304772234273319
1269 0.7310195227765727
1270 0.7310195227765727
1271 0.7315618221258134
1272 0.7315618221258134
1273 0.7315618221258134
1274 0.7315618221258134
1275 0.7315618221258134
1276 0.7315618221258134
1277 0.7315618221258134
1278 0.7315618221258134
1279 0.7315618221258134
1280 0.7315618221258134
1281 0.7315618221258134
1282 0.7315618221258134
1283 0.7315618221258134
1284 0.7315618221258134
1285 0.7315618221258134
1286 0.7315618221258134
1287 0.7315618221258134
1288 0.7315618221258134
1289 0.7321041214750542
1290 0.7321041214750542
1291 0.7321041214750542
1292 0.7310195227765727
1293 0.7321041214750542
1294 0.7321041214750542
1295 0.7321041214750542
1296 0.7321041214750542
1297 0.7321041214750542
1298 0.732646420824295
1299 0.7331887201735358
1300 0.7331887201735358
1301 0.7331887201735358
1302 0.7331887201735358
1303 0.7331887201735358
1304 0.7331887201735358
1305 0.7331887201735358
1306 0.7337310195227765
1307 0.7337310195227765
1308 0.7337310195227765
1309 0.7337310195227765
1310 0.7337310195227765
1311 0.7337310195227765
1312 0.7337310195227765
1313 0.7337310195227765
1314 0.7337310195227765
1315 0.7337310195227765
1316 0.732646420824295
1317 0.732646420824295
1318 0.732646420824295
1319 0.732646420824295
1320 0.732646420824295
1321 0.732646420824295
1322 0.732646420824295
1323 0.732646420824295
1324 0.7304772234273319
1325 0.7304772234273319
1326 0.7304772234273319
1327 0.7304772234273319
1328 0.7304772234273319
1329 0.7304772234273319
1330 0.7299349240780911
1331 0.7293926247288504
1332 0.7293926247288504
1333 0.7288503253796096
1334 0.7288503253796096
1335 0.7288503253796096
1336 0.7288503253796096
1337 0.7288503253796096
1338 0.7288503253796096
1339 0.7293926247288504
1340 0.7293926247288504
1341 0.7293926247288504
1342 0.7293926247288504
1343 0.7293926247288504
1344 0.7293926247288504
1345 0.7293926247288504
1346 0.7288503253796096
1347 0.7288503253796096
1348 0.7288503253796096
1349 0.7293926247288504
1350 0.7293926247288504
1351 0.7293926247288504
1352 0.7293926247288504
1353 0.7299349240780911
1354 0.7299349240780911
1355 0.7299349240780911
1356 0.7293926247288504
1357 0.7293926247288504
1358 0.7288503253796096
1359 0.7288503253796096
1360 0.7283080260303688
1361 0.7283080260303688
1362 0.7283080260303688
1363 0.7283080260303688
1364 0.7283080260303688
1365 0.7299349240780911
1366 0.7299349240780911
1367 0.7299349240780911
1368 0.7293926247288504
1369 0.7293926247288504
1370 0.7293926247288504
1371 0.7293926247288504
1372 0.7283080260303688
1373 0.7283080260303688
1374 0.7277657266811279
1375 0.7277657266811279
1376 0.7272234273318872
1377 0.7266811279826464
1378 0.7266811279826464
1379 0.7272234273318872
1380 0.7272234273318872
1381 0.7277657266811279
1382 0.7277657266811279
1383 0.7277657266811279
1384 0.7277657266811279
1385 0.7277657266811279
1386 0.7277657266811279
1387 0.7272234273318872
1388 0.7272234273318872
1389 0.7261388286334056
1390 0.7266811279826464
1391 0.7266811279826464
1392 0.7266811279826464
1393 0.7266811279826464
1394 0.7266811279826464
1395 0.7266811279826464
1396 0.7266811279826464
1397 0.7266811279826464
1398 0.7266811279826464
1399 0.7266811279826464
1400 0.7266811279826464
1401 0.7266811279826464
1402 0.7272234273318872
1403 0.7266811279826464
1404 0.7266811279826464
1405 0.7266811279826464
1406 0.7288503253796096
1407 0.7288503253796096
1408 0.7288503253796096
1409 0.7288503253796096
1410 0.7288503253796096
1411 0.7288503253796096
1412 0.7293926247288504
1413 0.7293926247288504
1414 0.7293926247288504
1415 0.7293926247288504
1416 0.7293926247288504
1417 0.7288503253796096
1418 0.7288503253796096
1419 0.7288503253796096
1420 0.7288503253796096
1421 0.7277657266811279
1422 0.7239696312364425
1423 0.7234273318872018
1424 0.7234273318872018
1425 0.7234273318872018
1426 0.7234273318872018
1427 0.7234273318872018
1428 0.7234273318872018
1429 0.7234273318872018
1430 0.7234273318872018
1431 0.7239696312364425
1432 0.7234273318872018
1433 0.7234273318872018
1434 0.7234273318872018
1435 0.7283080260303688
1436 0.7283080260303688
1437 0.7283080260303688
1438 0.7288503253796096
1439 0.7288503253796096
1440 0.7288503253796096
1441 0.7288503253796096
1442 0.7288503253796096
1443 0.7288503253796096
1444 0.7288503253796096
1445 0.7288503253796096
1446 0.7288503253796096
1447 0.7288503253796096
1448 0.7288503253796096
1449 0.7288503253796096
1450 0.7288503253796096
1451 0.7288503253796096
1452 0.7288503253796096
1453 0.7288503253796096
1454 0.7288503253796096
1455 0.7288503253796096
1456 0.7288503253796096
1457 0.7288503253796096
1458 0.7288503253796096
1459 0.7277657266811279
1460 0.7277657266811279
1461 0.7272234273318872
1462 0.7272234273318872
1463 0.7272234273318872
1464 0.7272234273318872
1465 0.7272234273318872
1466 0.7283080260303688
1467 0.7283080260303688
1468 0.7283080260303688
1469 0.7277657266811279
1470 0.7272234273318872
1471 0.7272234273318872
1472 0.7272234273318872
1473 0.7272234273318872
1474 0.7272234273318872
1475 0.7315618221258134
1476 0.7315618221258134
1477 0.7310195227765727
1478 0.7315618221258134
1479 0.7321041214750542
1480 0.7321041214750542
1481 0.7315618221258134
1482 0.7315618221258134
1483 0.7331887201735358
1484 0.732646420824295
1485 0.7331887201735358
1486 0.732646420824295
1487 0.732646420824295
1488 0.7321041214750542
1489 0.7321041214750542
1490 0.7321041214750542
1491 0.7321041214750542
1492 0.7321041214750542
1493 0.732646420824295
1494 0.732646420824295
1495 0.7331887201735358
1496 0.7321041214750542
1497 0.7321041214750542
1498 0.7315618221258134
1499 0.7315618221258134
1500 0.7315618221258134
1501 0.7315618221258134
1502 0.7315618221258134
1503 0.7310195227765727
1504 0.7304772234273319
1505 0.7304772234273319
1506 0.7304772234273319
1507 0.7304772234273319
1508 0.7310195227765727
1509 0.7310195227765727
1510 0.7310195227765727
1511 0.7310195227765727
1512 0.7310195227765727
1513 0.7299349240780911
1514 0.7299349240780911
1515 0.7299349240780911
1516 0.7315618221258134
1517 0.7304772234273319
1518 0.7304772234273319
1519 0.7304772234273319
1520 0.7293926247288504
1521 0.7293926247288504
1522 0.7293926247288504
1523 0.7293926247288504
1524 0.7293926247288504
1525 0.7293926247288504
1526 0.7293926247288504
1527 0.7293926247288504
1528 0.7293926247288504
1529 0.7299349240780911
1530 0.7299349240780911
1531 0.7299349240780911
1532 0.7299349240780911
1533 0.7299349240780911
1534 0.7299349240780911
1535 0.7299349240780911
1536 0.7299349240780911
1537 0.7299349240780911
1538 0.7299349240780911
1539 0.7299349240780911
1540 0.7304772234273319
1541 0.7310195227765727
1542 0.7310195227765727
1543 0.7304772234273319
1544 0.7304772234273319
1545 0.7304772234273319
1546 0.7304772234273319
1547 0.7310195227765727
1548 0.7310195227765727
1549 0.7310195227765727
1550 0.7310195227765727
1551 0.7310195227765727
1552 0.7310195227765727
1553 0.7315618221258134
1554 0.7315618221258134
1555 0.7315618221258134
1556 0.7315618221258134
1557 0.7315618221258134
1558 0.7310195227765727
1559 0.7315618221258134
1560 0.7315618221258134
1561 0.7315618221258134
1562 0.7315618221258134
1563 0.7315618221258134
1564 0.7315618221258134
1565 0.7315618221258134
1566 0.7315618221258134
1567 0.7315618221258134
1568 0.7315618221258134
1569 0.7321041214750542
1570 0.7310195227765727
1571 0.7310195227765727
1572 0.7310195227765727
1573 0.7310195227765727
1574 0.7310195227765727
1575 0.7310195227765727
1576 0.7310195227765727
1577 0.7304772234273319
1578 0.7304772234273319
1579 0.7315618221258134
1580 0.732646420824295
1581 0.7321041214750542
1582 0.7321041214750542
1583 0.732646420824295
1584 0.732646420824295
1585 0.732646420824295
1586 0.732646420824295
1587 0.732646420824295
1588 0.732646420824295
1589 0.732646420824295
1590 0.732646420824295
1591 0.7331887201735358
1592 0.7331887201735358
1593 0.7331887201735358
1594 0.7321041214750542
1595 0.7321041214750542
1596 0.7304772234273319
1597 0.7304772234273319
1598 0.7304772234273319
1599 0.7304772234273319
1600 0.7310195227765727
1601 0.7304772234273319
1602 0.7304772234273319
1603 0.7299349240780911
1604 0.7299349240780911
1605 0.7299349240780911
1606 0.7299349240780911
1607 0.7299349240780911
1608 0.7299349240780911
1609 0.7299349240780911
1610 0.7304772234273319
1611 0.7304772234273319
1612 0.7315618221258134
1613 0.7315618221258134
1614 0.7315618221258134
1615 0.7331887201735358
1616 0.7331887201735358
1617 0.7331887201735358
1618 0.7331887201735358
1619 0.7331887201735358
1620 0.7331887201735358
1621 0.732646420824295
1622 0.732646420824295
1623 0.7342733188720173
1624 0.7337310195227765
1625 0.7337310195227765
1626 0.7337310195227765
1627 0.7337310195227765
1628 0.7331887201735358
1629 0.7331887201735358
1630 0.7331887201735358
1631 0.7337310195227765
1632 0.7337310195227765
1633 0.7331887201735358
1634 0.7331887201735358
1635 0.7342733188720173
1636 0.735357917570499
1637 0.7348156182212582
1638 0.7342733188720173
1639 0.7342733188720173
1640 0.7342733188720173
1641 0.7337310195227765
1642 0.7337310195227765
1643 0.7337310195227765
1644 0.7337310195227765
1645 0.7337310195227765
1646 0.7337310195227765
1647 0.7331887201735358
1648 0.7331887201735358
1649 0.7342733188720173
1650 0.7337310195227765
1651 0.7337310195227765
1652 0.7337310195227765
1653 0.7337310195227765
1654 0.7337310195227765
1655 0.7342733188720173
1656 0.7342733188720173
1657 0.7342733188720173
1658 0.7348156182212582
1659 0.7337310195227765
1660 0.7337310195227765
1661 0.7337310195227765
1662 0.7337310195227765
1663 0.7331887201735358
1664 0.7331887201735358
1665 0.7348156182212582
1666 0.7348156182212582
1667 0.7342733188720173
1668 0.7342733188720173
1669 0.7342733188720173
1670 0.7337310195227765
1671 0.7337310195227765
1672 0.7337310195227765
1673 0.7337310195227765
1674 0.7342733188720173
1675 0.7342733188720173
1676 0.7342733188720173
1677 0.7342733188720173
1678 0.7342733188720173
1679 0.7342733188720173
1680 0.7342733188720173
1681 0.7342733188720173
1682 0.7337310195227765
1683 0.732646420824295
1684 0.732646420824295
1685 0.732646420824295
1686 0.732646420824295
1687 0.7331887201735358
1688 0.7331887201735358
1689 0.7331887201735358
1690 0.7331887201735358
1691 0.7331887201735358
1692 0.7331887201735358
1693 0.7331887201735358
1694 0.7331887201735358
1695 0.7331887201735358
1696 0.7331887201735358
1697 0.7331887201735358
1698 0.7331887201735358
1699 0.7331887201735358
1700 0.7331887201735358
1701 0.7331887201735358
1702 0.7331887201735358
1703 0.7331887201735358
1704 0.7337310195227765
1705 0.7337310195227765
1706 0.7342733188720173
1707 0.7342733188720173
1708 0.7342733188720173
1709 0.7342733188720173
1710 0.7342733188720173
1711 0.7342733188720173
1712 0.7342733188720173
1713 0.7342733188720173
1714 0.7342733188720173
1715 0.7342733188720173
1716 0.7342733188720173
1717 0.7342733188720173
1718 0.7342733188720173
1719 0.7342733188720173
1720 0.7342733188720173
1721 0.7272234273318872
1722 0.7272234273318872
1723 0.7283080260303688
1724 0.7283080260303688
1725 0.7304772234273319
1726 0.7304772234273319
1727 0.7304772234273319
1728 0.7304772234273319
1729 0.7310195227765727
1730 0.7304772234273319
1731 0.7304772234273319
1732 0.7299349240780911
1733 0.7288503253796096
1734 0.7288503253796096
1735 0.7288503253796096
1736 0.7293926247288504
1737 0.7293926247288504
1738 0.7288503253796096
1739 0.7288503253796096
1740 0.7288503253796096
1741 0.7288503253796096
1742 0.7288503253796096
1743 0.7288503253796096
1744 0.7288503253796096
1745 0.7288503253796096
1746 0.7277657266811279
1747 0.7277657266811279
1748 0.7283080260303688
1749 0.7299349240780911
1750 0.7288503253796096
1751 0.7288503253796096
1752 0.7288503253796096
1753 0.7288503253796096
1754 0.7288503253796096
1755 0.7288503253796096
1756 0.7288503253796096
1757 0.7288503253796096
1758 0.7288503253796096
1759 0.7288503253796096
1760 0.7283080260303688
1761 0.7288503253796096
1762 0.7288503253796096
1763 0.7293926247288504
1764 0.7299349240780911
1765 0.7299349240780911
1766 0.7293926247288504
1767 0.7288503253796096
1768 0.7293926247288504
1769 0.7293926247288504
1770 0.7293926247288504
1771 0.7288503253796096
1772 0.7288503253796096
1773 0.7288503253796096
1774 0.7283080260303688
1775 0.7283080260303688
1776 0.7283080260303688
1777 0.7283080260303688
1778 0.7283080260303688
1779 0.7283080260303688
1780 0.7283080260303688
1781 0.7288503253796096
1782 0.7288503253796096
1783 0.7288503253796096
1784 0.7288503253796096
1785 0.7293926247288504
1786 0.7293926247288504
1787 0.7288503253796096
1788 0.7277657266811279
1789 0.7272234273318872
1790 0.7272234273318872
1791 0.7272234273318872
1792 0.7266811279826464
1793 0.7266811279826464
1794 0.7266811279826464
1795 0.7266811279826464
1796 0.7266811279826464
1797 0.7277657266811279
1798 0.7283080260303688
1799 0.7293926247288504
1800 0.7304772234273319
1801 0.7310195227765727
1802 0.7310195227765727
1803 0.7310195227765727
1804 0.732646420824295
1805 0.732646420824295
1806 0.7315618221258134
1807 0.7315618221258134
1808 0.7315618221258134
1809 0.7315618221258134
1810 0.7315618221258134
1811 0.7315618221258134
1812 0.7315618221258134
1813 0.7315618221258134
1814 0.7315618221258134
1815 0.7310195227765727
1816 0.7310195227765727
1817 0.7310195227765727
1818 0.7310195227765727
1819 0.7283080260303688
1820 0.7288503253796096
1821 0.7283080260303688
1822 0.7283080260303688
1823 0.7283080260303688
1824 0.7283080260303688
1825 0.7283080260303688
1826 0.7283080260303688
1827 0.7277657266811279
1828 0.7277657266811279
1829 0.7277657266811279
1830 0.7277657266811279
1831 0.7272234273318872
1832 0.7272234273318872
1833 0.7288503253796096
1834 0.7288503253796096
1835 0.7293926247288504
1836 0.7293926247288504
1837 0.7293926247288504
1838 0.7293926247288504
1839 0.7293926247288504
1840 0.7293926247288504
1841 0.7293926247288504
1842 0.7288503253796096
1843 0.7304772234273319
1844 0.7304772234273319
1845 0.7293926247288504
1846 0.7293926247288504
1847 0.7293926247288504
1848 0.7288503253796096
1849 0.7288503253796096
1850 0.7288503253796096
1851 0.7288503253796096
1852 0.7283080260303688
1853 0.7288503253796096
1854 0.7288503253796096
1855 0.7288503253796096
1856 0.7293926247288504
1857 0.7293926247288504
1858 0.7293926247288504
1859 0.7293926247288504
1860 0.7293926247288504
1861 0.7288503253796096
1862 0.7288503253796096
1863 0.7288503253796096
1864 0.7288503253796096
1865 0.7288503253796096
1866 0.7288503253796096
1867 0.7288503253796096
1868 0.7288503253796096
1869 0.7304772234273319
1870 0.7283080260303688
1871 0.7288503253796096
1872 0.7288503253796096
1873 0.7288503253796096
1874 0.7277657266811279
1875 0.7277657266811279
1876 0.7272234273318872
1877 0.7272234273318872
1878 0.7250542299349241
1879 0.7250542299349241
1880 0.7245119305856833
1881 0.7245119305856833
1882 0.7245119305856833
1883 0.7245119305856833
1884 0.7245119305856833
1885 0.7250542299349241
1886 0.7250542299349241
1887 0.7250542299349241
1888 0.7250542299349241
1889 0.7245119305856833
1890 0.7245119305856833
1891 0.7245119305856833
1892 0.7245119305856833
1893 0.7245119305856833
1894 0.7245119305856833
1895 0.7245119305856833
1896 0.7245119305856833
1897 0.7250542299349241
1898 0.7255965292841648
1899 0.7245119305856833
1900 0.7250542299349241
1901 0.7255965292841648
1902 0.7250542299349241
1903 0.7250542299349241
1904 0.7245119305856833
1905 0.7245119305856833
1906 0.7239696312364425
1907 0.7239696312364425
1908 0.7239696312364425
1909 0.7239696312364425
1910 0.7239696312364425
1911 0.7239696312364425
1912 0.7239696312364425
1913 0.722885032537961
1914 0.722885032537961
1915 0.7223427331887202
1916 0.7245119305856833
1917 0.7245119305856833
1918 0.7245119305856833
1919 0.7239696312364425
1920 0.7239696312364425
1921 0.7239696312364425
1922 0.7239696312364425
1923 0.7239696312364425
1924 0.7234273318872018
1925 0.7234273318872018
1926 0.7266811279826464
1927 0.7272234273318872
1928 0.7272234273318872
1929 0.7272234273318872
1930 0.7277657266811279
1931 0.7283080260303688
1932 0.7288503253796096
1933 0.7293926247288504
1934 0.7299349240780911
1935 0.7299349240780911
1936 0.7299349240780911
1937 0.7299349240780911
1938 0.7299349240780911
1939 0.7304772234273319
1940 0.7304772234273319
1941 0.7304772234273319
1942 0.7304772234273319
1943 0.7299349240780911
1944 0.7299349240780911
1945 0.7310195227765727
1946 0.7310195227765727
1947 0.7310195227765727
1948 0.7304772234273319
1949 0.7299349240780911
1950 0.7299349240780911
1951 0.7299349240780911
1952 0.7299349240780911
1953 0.7293926247288504
1954 0.7299349240780911
1955 0.7293926247288504
1956 0.7272234273318872
1957 0.7272234273318872
1958 0.7266811279826464
1959 0.7266811279826464
1960 0.7266811279826464
1961 0.7266811279826464
1962 0.7266811279826464
1963 0.7266811279826464
1964 0.7272234273318872
1965 0.7266811279826464
1966 0.7299349240780911
1967 0.7299349240780911
1968 0.7299349240780911
1969 0.7299349240780911
1970 0.7299349240780911
1971 0.7299349240780911
1972 0.7299349240780911
1973 0.7299349240780911
1974 0.7299349240780911
1975 0.7299349240780911
1976 0.7293926247288504
1977 0.7293926247288504
1978 0.7293926247288504
1979 0.7288503253796096
1980 0.7288503253796096
1981 0.7288503253796096
1982 0.7288503253796096
1983 0.7288503253796096
1984 0.7283080260303688
1985 0.7283080260303688
1986 0.7283080260303688
1987 0.7283080260303688
1988 0.7283080260303688
1989 0.7283080260303688
1990 0.7283080260303688
1991 0.7283080260303688
1992 0.7288503253796096
1993 0.7288503253796096
1994 0.7288503253796096
1995 0.7293926247288504
1996 0.7288503253796096
1997 0.7288503253796096
1998 0.7288503253796096
1999 0.7288503253796096
2000 0.7283080260303688
2001 0.7283080260303688
2002 0.7283080260303688
2003 0.7283080260303688
2004 0.7293926247288504
2005 0.7299349240780911
2006 0.7304772234273319
2007 0.7304772234273319
2008 0.7304772234273319
2009 0.7304772234273319
2010 0.7304772234273319
2011 0.7304772234273319
2012 0.7304772234273319
2013 0.7304772234273319
2014 0.7304772234273319
2015 0.7299349240780911
2016 0.7293926247288504
2017 0.7288503253796096
2018 0.7288503253796096
2019 0.7288503253796096
2020 0.7277657266811279
2021 0.7277657266811279
2022 0.7277657266811279
2023 0.7277657266811279
2024 0.7277657266811279
2025 0.7277657266811279
2026 0.7277657266811279
2027 0.7261388286334056
2028 0.7266811279826464
2029 0.7266811279826464
2030 0.7261388286334056
2031 0.7250542299349241
2032 0.7272234273318872
2033 0.7272234273318872
2034 0.7272234273318872
2035 0.7272234273318872
2036 0.7272234273318872
2037 0.7266811279826464
2038 0.7261388286334056
2039 0.7261388286334056
2040 0.7261388286334056
2041 0.7261388286334056
2042 0.7261388286334056
2043 0.7255965292841648
2044 0.7261388286334056
2045 0.7266811279826464
2046 0.7266811279826464
2047 0.7266811279826464
2048 0.7266811279826464
2049 0.7266811279826464
2050 0.7266811279826464
2051 0.7266811279826464
2052 0.7266811279826464
2053 0.7266811279826464
2054 0.7266811279826464
2055 0.7266811279826464
2056 0.7266811279826464
2057 0.7272234273318872
2058 0.7272234273318872
2059 0.7277657266811279
2060 0.7261388286334056
2061 0.7261388286334056
2062 0.7261388286334056
2063 0.7261388286334056
2064 0.7261388286334056
2065 0.7261388286334056
2066 0.7261388286334056
2067 0.7261388286334056
2068 0.7261388286334056
2069 0.7261388286334056
2070 0.7272234273318872
2071 0.7272234273318872
2072 0.7261388286334056
2073 0.7261388286334056
2074 0.7266811279826464
2075 0.7261388286334056
2076 0.7261388286334056
2077 0.7255965292841648
2078 0.7255965292841648
2079 0.7255965292841648
2080 0.7255965292841648
2081 0.7266811279826464
2082 0.7266811279826464
2083 0.7266811279826464
2084 0.7266811279826464
2085 0.7266811279826464
2086 0.7266811279826464
2087 0.7266811279826464
2088 0.7272234273318872
2089 0.7304772234273319
2090 0.7315618221258134
2091 0.732646420824295
2092 0.7321041214750542
2093 0.7304772234273319
2094 0.7321041214750542
2095 0.7315618221258134
2096 0.7321041214750542
2097 0.7321041214750542
2098 0.7310195227765727
2099 0.7310195227765727
2100 0.7310195227765727
2101 0.7310195227765727
2102 0.7310195227765727
2103 0.7310195227765727
2104 0.7304772234273319
2105 0.7304772234273319
2106 0.7304772234273319
2107 0.7304772234273319
2108 0.7299349240780911
2109 0.7299349240780911
2110 0.7299349240780911
2111 0.7299349240780911
2112 0.7293926247288504
2113 0.7299349240780911
2114 0.7293926247288504
2115 0.7293926247288504
2116 0.7293926247288504
2117 0.7299349240780911
2118 0.7299349240780911
2119 0.7299349240780911
2120 0.7293926247288504
2121 0.7293926247288504
2122 0.7293926247288504
2123 0.7304772234273319
2124 0.7299349240780911
2125 0.7299349240780911
2126 0.7304772234273319
2127 0.7304772234273319
2128 0.7304772234273319
2129 0.7304772234273319
2130 0.7299349240780911
2131 0.7299349240780911
2132 0.7299349240780911
2133 0.7299349240780911
2134 0.7299349240780911
2135 0.7299349240780911
2136 0.7293926247288504
2137 0.7315618221258134
2138 0.7315618221258134
2139 0.7299349240780911
2140 0.7310195227765727
2141 0.7310195227765727
2142 0.7310195227765727
2143 0.7310195227765727
2144 0.7310195227765727
2145 0.7304772234273319
2146 0.7299349240780911
2147 0.7299349240780911
2148 0.7288503253796096
2149 0.7293926247288504
2150 0.7299349240780911
2151 0.7299349240780911
2152 0.7304772234273319
2153 0.7310195227765727
2154 0.7310195227765727
2155 0.7315618221258134
2156 0.7315618221258134
2157 0.7315618221258134
2158 0.7310195227765727
2159 0.7310195227765727
2160 0.7293926247288504
2161 0.7293926247288504
2162 0.7293926247288504
2163 0.7293926247288504
2164 0.7293926247288504
2165 0.7293926247288504
2166 0.7293926247288504
2167 0.7293926247288504
2168 0.7293926247288504
2169 0.7299349240780911
2170 0.7299349240780911
2171 0.7299349240780911
2172 0.7299349240780911
2173 0.7304772234273319
2174 0.7304772234273319
2175 0.7299349240780911
2176 0.7299349240780911
2177 0.7277657266811279
2178 0.7288503253796096
2179 0.7288503253796096
2180 0.7288503253796096
2181 0.7288503253796096
2182 0.7288503253796096
2183 0.7283080260303688
2184 0.7283080260303688
2185 0.7283080260303688
2186 0.7283080260303688
2187 0.7293926247288504
2188 0.7293926247288504
2189 0.7288503253796096
2190 0.7288503253796096
2191 0.7288503253796096
2192 0.7299349240780911
2193 0.7299349240780911
2194 0.7299349240780911
2195 0.7299349240780911
2196 0.7299349240780911
2197 0.7299349240780911
2198 0.7310195227765727
2199 0.7310195227765727
2200 0.7283080260303688
2201 0.7272234273318872
2202 0.7272234273318872
2203 0.7288503253796096
2204 0.7288503253796096
2205 0.7288503253796096
2206 0.7288503253796096
2207 0.7288503253796096
2208 0.7283080260303688
2209 0.7283080260303688
2210 0.7277657266811279
2211 0.7277657266811279
2212 0.7266811279826464
2213 0.7266811279826464
2214 0.7266811279826464
2215 0.7266811279826464
2216 0.7266811279826464
2217 0.7266811279826464
2218 0.7266811279826464
2219 0.7266811279826464
2220 0.7266811279826464
2221 0.7266811279826464
2222 0.7266811279826464
2223 0.7266811279826464
2224 0.7266811279826464
2225 0.7255965292841648
2226 0.7255965292841648
2227 0.7261388286334056
2228 0.7261388286334056
2229 0.7261388286334056
2230 0.7261388286334056
2231 0.7261388286334056
2232 0.7261388286334056
2233 0.7261388286334056
2234 0.7261388286334056
2235 0.7261388286334056
2236 0.7261388286334056
2237 0.7255965292841648
2238 0.7255965292841648
2239 0.7261388286334056
2240 0.7261388286334056
2241 0.7261388286334056
2242 0.7261388286334056
2243 0.7261388286334056
2244 0.7261388286334056
2245 0.7261388286334056
2246 0.7266811279826464
2247 0.7266811279826464
2248 0.7261388286334056
2249 0.7261388286334056
2250 0.7239696312364425
2251 0.7239696312364425
2252 0.7239696312364425
2253 0.7239696312364425
2254 0.7239696312364425
2255 0.7239696312364425
2256 0.7234273318872018
2257 0.7234273318872018
2258 0.7234273318872018
2259 0.7234273318872018
2260 0.7245119305856833
2261 0.7245119305856833
2262 0.7245119305856833
2263 0.7245119305856833
2264 0.7234273318872018
2265 0.7218004338394793
2266 0.7218004338394793
2267 0.7218004338394793
2268 0.7218004338394793
2269 0.7218004338394793
2270 0.7218004338394793
2271 0.7218004338394793
2272 0.7218004338394793
2273 0.7218004338394793
2274 0.7218004338394793
2275 0.7218004338394793
2276 0.7218004338394793
2277 0.7218004338394793
2278 0.7218004338394793
2279 0.7218004338394793
2280 0.7218004338394793
2281 0.7218004338394793
2282 0.7223427331887202
2283 0.722885032537961
2284 0.722885032537961
2285 0.722885032537961
2286 0.722885032537961
2287 0.722885032537961
2288 0.7234273318872018
2289 0.7234273318872018
2290 0.7234273318872018
2291 0.7234273318872018
2292 0.7239696312364425
2293 0.7239696312364425
2294 0.7239696312364425
2295 0.7239696312364425
2296 0.7239696312364425
2297 0.7239696312364425
2298 0.7239696312364425
2299 0.7239696312364425
2300 0.7223427331887202
2301 0.7223427331887202
2302 0.7218004338394793
2303 0.7218004338394793
2304 0.7212581344902386
2305 0.7212581344902386
2306 0.7218004338394793
2307 0.7218004338394793
2308 0.7218004338394793
2309 0.7212581344902386
2310 0.7207158351409978
2311 0.7207158351409978
2312 0.7207158351409978
2313 0.7207158351409978
2314 0.7218004338394793
2315 0.7218004338394793
2316 0.7218004338394793
2317 0.7218004338394793
2318 0.7218004338394793
2319 0.7212581344902386
2320 0.7212581344902386
2321 0.7212581344902386
2322 0.7212581344902386
2323 0.7212581344902386
2324 0.7212581344902386
2325 0.7212581344902386
2326 0.7218004338394793
2327 0.7212581344902386
2328 0.7212581344902386
2329 0.7218004338394793
2330 0.7218004338394793
2331 0.7218004338394793
2332 0.7218004338394793
2333 0.7218004338394793
2334 0.7218004338394793
2335 0.7218004338394793
2336 0.7218004338394793
2337 0.7218004338394793
2338 0.7218004338394793
2339 0.7218004338394793
2340 0.7218004338394793
2341 0.7218004338394793
2342 0.7218004338394793
2343 0.7223427331887202
2344 0.7223427331887202
2345 0.7223427331887202
2346 0.7234273318872018
2347 0.7234273318872018
2348 0.7234273318872018
2349 0.7234273318872018
2350 0.7234273318872018
2351 0.7234273318872018
2352 0.7234273318872018
2353 0.7234273318872018
2354 0.7234273318872018
2355 0.7234273318872018
2356 0.7234273318872018
2357 0.7234273318872018
2358 0.7245119305856833
2359 0.7245119305856833
2360 0.7223427331887202
2361 0.7223427331887202
2362 0.7223427331887202
2363 0.7223427331887202
2364 0.7212581344902386
2365 0.7212581344902386
2366 0.7212581344902386
2367 0.7212581344902386
2368 0.7212581344902386
2369 0.7212581344902386
2370 0.7212581344902386
2371 0.7212581344902386
2372 0.7218004338394793
2373 0.722885032537961
2374 0.7239696312364425
2375 0.7239696312364425
2376 0.7239696312364425
2377 0.7239696312364425
2378 0.7245119305856833
2379 0.7239696312364425
2380 0.7239696312364425
2381 0.7239696312364425
2382 0.7250542299349241
2383 0.7250542299349241
2384 0.7250542299349241
2385 0.7255965292841648
2386 0.7261388286334056
2387 0.7261388286334056
2388 0.7266811279826464
2389 0.7255965292841648
2390 0.7255965292841648
2391 0.7255965292841648
2392 0.7261388286334056
2393 0.7261388286334056
2394 0.7261388286334056
2395 0.7261388286334056
2396 0.7261388286334056
2397 0.7261388286334056
2398 0.7261388286334056
2399 0.7266811279826464
2400 0.7261388286334056
2401 0.7261388286334056
2402 0.7266811279826464
2403 0.7266811279826464
2404 0.7261388286334056
2405 0.7261388286334056
2406 0.7250542299349241
2407 0.7250542299349241
2408 0.7250542299349241
2409 0.7255965292841648
2410 0.7255965292841648
2411 0.7255965292841648
2412 0.7255965292841648
2413 0.7261388286334056
2414 0.7261388286334056
2415 0.7261388286334056
2416 0.7255965292841648
2417 0.7255965292841648
2418 0.7255965292841648
2419 0.7255965292841648
2420 0.7255965292841648
2421 0.7255965292841648
2422 0.7255965292841648
2423 0.7255965292841648
2424 0.7255965292841648
2425 0.7255965292841648
2426 0.7255965292841648
2427 0.7255965292841648
2428 0.7261388286334056
2429 0.7261388286334056
2430 0.7261388286334056
2431 0.7261388286334056
2432 0.7266811279826464
2433 0.7266811279826464
2434 0.7266811279826464
2435 0.7266811279826464
2436 0.7266811279826464
2437 0.7266811279826464
2438 0.7255965292841648
2439 0.7255965292841648
2440 0.7255965292841648
2441 0.7255965292841648
2442 0.7255965292841648
2443 0.7261388286334056
2444 0.7261388286334056
2445 0.7261388286334056
2446 0.7261388286334056
2447 0.7261388286334056
2448 0.7261388286334056
2449 0.7255965292841648
2450 0.7272234273318872
2451 0.7277657266811279
2452 0.7277657266811279
2453 0.7272234273318872
2454 0.7272234273318872
2455 0.7272234273318872
2456 0.7272234273318872
2457 0.7234273318872018
