0 0.7337310195227765
1 0.7337310195227765
2 0.7337310195227765
3 0.7342733188720173
4 0.7342733188720173
5 0.7342733188720173
6 0.7342733188720173
7 0.7342733188720173
8 0.7342733188720173
9 0.7342733188720173
10 0.7342733188720173
11 0.7342733188720173
12 0.7342733188720173
13 0.7342733188720173
14 0.7342733188720173
15 0.7342733188720173
16 0.7342733188720173
17 0.7342733188720173
18 0.7348156182212582
19 0.7348156182212582
20 0.7348156182212582
21 0.7348156182212582
22 0.7348156182212582
23 0.7342733188720173
24 0.7342733188720173
25 0.7342733188720173
26 0.7342733188720173
27 0.7342733188720173
28 0.7342733188720173
29 0.7342733188720173
30 0.7342733188720173
31 0.7342733188720173
32 0.7342733188720173
33 0.7348156182212582
34 0.7348156182212582
35 0.7348156182212582
36 0.7348156182212582
37 0.7348156182212582
38 0.7348156182212582
39 0.7348156182212582
40 0.7348156182212582
41 0.7348156182212582
42 0.7348156182212582
43 0.7348156182212582
44 0.7348156182212582
45 0.7348156182212582
46 0.7348156182212582
47 0.7348156182212582
48 0.7348156182212582
49 0.7348156182212582
50 0.7348156182212582
51 0.7348156182212582
52 0.7348156182212582
53 0.7348156182212582
54 0.7348156182212582
55 0.7348156182212582
56 0.7348156182212582
57 0.7348156182212582
58 0.7348156182212582
59 0.7348156182212582
60 0.7348156182212582
61 0.7348156182212582
62 0.7348156182212582
63 0.7348156182212582
64 0.7348156182212582
65 0.7337310195227765
66 0.7337310195227765
67 0.7337310195227765
68 0.7337310195227765
69 0.7337310195227765
70 0.7337310195227765
71 0.7337310195227765
72 0.7337310195227765
73 0.7337310195227765
74 0.7337310195227765
75 0.7337310195227765
76 0.7337310195227765
77 0.7337310195227765
78 0.7337310195227765
79 0.7337310195227765
80 0.7337310195227765
81 0.7337310195227765
82 0.7337310195227765
83 0.7348156182212582
84 0.7348156182212582
85 0.7337310195227765
86 0.7337310195227765
87 0.7337310195227765
88 0.7337310195227765
89 0.7337310195227765
90 0.7337310195227765
91 0.7337310195227765
92 0.7337310195227765
93 0.7337310195227765
94 0.7337310195227765
95 0.732646420824295
96 0.732646420824295
97 0.7321041214750542
98 0.7321041214750542
99 0.7321041214750542
100 0.7321041214750542
101 0.7321041214750542
102 0.7321041214750542
103 0.732646420824295
104 0.732646420824295
105 0.732646420824295
106 0.7331887201735358
107 0.7342733188720173
108 0.7342733188720173
109 0.7342733188720173
110 0.7342733188720173
111 0.7342733188720173
112 0.7342733188720173
113 0.7342733188720173
114 0.7342733188720173
115 0.7342733188720173
116 0.7337310195227765
117 0.7337310195227765
118 0.7337310195227765
119 0.7337310195227765
120 0.7337310195227765
121 0.7337310195227765
122 0.7337310195227765
123 0.7331887201735358
124 0.7331887201735358
125 0.7331887201735358
126 0.7331887201735358
127 0.7331887201735358
128 0.7331887201735358
129 0.7331887201735358
130 0.7331887201735358
131 0.7331887201735358
132 0.7331887201735358
133 0.7331887201735358
134 0.7331887201735358
135 0.7331887201735358
136 0.7331887201735358
137 0.7331887201735358
138 0.7331887201735358
139 0.7331887201735358
140 0.7331887201735358
141 0.7331887201735358
142 0.7331887201735358
143 0.7331887201735358
144 0.7331887201735358
145 0.7331887201735358
146 0.7337310195227765
147 0.7337310195227765
148 0.7337310195227765
149 0.7337310195227765
150 0.7337310195227765
151 0.7337310195227765
152 0.7337310195227765
153 0.7337310195227765
154 0.7337310195227765
155 0.7331887201735358
156 0.7337310195227765
157 0.7337310195227765
158 0.7337310195227765
159 0.7337310195227765
160 0.7337310195227765
161 0.7337310195227765
162 0.7337310195227765
163 0.7337310195227765
164 0.7337310195227765
165 0.7337310195227765
166 0.7337310195227765
167 0.7337310195227765
168 0.7337310195227765
169 0.7337310195227765
170 0.7337310195227765
171 0.7337310195227765
172 0.7337310195227765
173 0.7337310195227765
174 0.7337310195227765
175 0.7337310195227765
176 0.7337310195227765
177 0.7337310195227765
178 0.7337310195227765
179 0.7337310195227765
180 0.7337310195227765
181 0.7337310195227765
182 0.7337310195227765
183 0.7337310195227765
184 0.7337310195227765
185 0.7337310195227765
186 0.7331887201735358
187 0.7331887201735358
188 0.7331887201735358
189 0.7331887201735358
190 0.7331887201735358
191 0.7331887201735358
192 0.7331887201735358
193 0.7331887201735358
194 0.7331887201735358
195 0.7331887201735358
196 0.7331887201735358
197 0.7331887201735358
198 0.7331887201735358
199 0.7331887201735358
200 0.7331887201735358
201 0.7331887201735358
202 0.7331887201735358
203 0.7331887201735358
204 0.7331887201735358
205 0.7331887201735358
206 0.7331887201735358
207 0.7331887201735358
208 0.7331887201735358
209 0.7331887201735358
210 0.7337310195227765
211 0.7337310195227765
212 0.7337310195227765
213 0.7337310195227765
214 0.7337310195227765
215 0.7337310195227765
216 0.7337310195227765
217 0.7337310195227765
218 0.7337310195227765
219 0.7337310195227765
220 0.7337310195227765
221 0.7337310195227765
222 0.7337310195227765
223 0.7337310195227765
224 0.7337310195227765
225 0.7337310195227765
226 0.7337310195227765
227 0.7337310195227765
228 0.7337310195227765
229 0.7337310195227765
230 0.7337310195227765
231 0.7337310195227765
232 0.7337310195227765
233 0.7337310195227765
234 0.7337310195227765
235 0.7337310195227765
236 0.7337310195227765
237 0.7337310195227765
238 0.7337310195227765
239 0.7337310195227765
240 0.7337310195227765
241 0.7337310195227765
242 0.7337310195227765
243 0.7337310195227765
244 0.7337310195227765
245 0.7337310195227765
246 0.7348156182212582
247 0.7348156182212582
248 0.7364425162689805
249 0.7364425162689805
250 0.7364425162689805
251 0.7364425162689805
252 0.7364425162689805
253 0.7364425162689805
254 0.7364425162689805
255 0.7364425162689805
256 0.7364425162689805
257 0.7364425162689805
258 0.7364425162689805
259 0.7364425162689805
260 0.7364425162689805
261 0.7364425162689805
262 0.7364425162689805
263 0.7364425162689805
264 0.7364425162689805
265 0.7359002169197397
266 0.7359002169197397
267 0.735357917570499
268 0.735357917570499
269 0.735357917570499
270 0.735357917570499
271 0.735357917570499
272 0.735357917570499
273 0.735357917570499
274 0.735357917570499
275 0.735357917570499
276 0.735357917570499
277 0.7342733188720173
278 0.7342733188720173
279 0.7348156182212582
280 0.7348156182212582
281 0.7348156182212582
282 0.7348156182212582
283 0.7348156182212582
284 0.7348156182212582
285 0.7342733188720173
286 0.7342733188720173
287 0.7342733188720173
288 0.7342733188720173
289 0.7342733188720173
290 0.7342733188720173
291 0.7342733188720173
292 0.7342733188720173
293 0.7348156182212582
294 0.7348156182212582
295 0.7348156182212582
296 0.7348156182212582
297 0.7348156182212582
298 0.7348156182212582
299 0.7348156182212582
300 0.7348156182212582
301 0.7348156182212582
302 0.7348156182212582
303 0.7348156182212582
304 0.7348156182212582
305 0.7348156182212582
306 0.7348156182212582
307 0.7348156182212582
308 0.7342733188720173
309 0.7342733188720173
310 0.7342733188720173
311 0.7342733188720173
312 0.7342733188720173
313 0.7342733188720173
314 0.7342733188720173
315 0.7342733188720173
316 0.7342733188720173
317 0.7342733188720173
318 0.7342733188720173
319 0.7342733188720173
320 0.7342733188720173
321 0.7342733188720173
322 0.7342733188720173
323 0.7342733188720173
324 0.7342733188720173
325 0.7342733188720173
326 0.7342733188720173
327 0.7342733188720173
328 0.7342733188720173
329 0.7342733188720173
330 0.7342733188720173
331 0.7342733188720173
332 0.7342733188720173
333 0.7342733188720173
334 0.7342733188720173
335 0.7342733188720173
336 0.7342733188720173
337 0.7342733188720173
338 0.7342733188720173
339 0.7342733188720173
340 0.7342733188720173
341 0.7342733188720173
342 0.7342733188720173
343 0.7342733188720173
344 0.7342733188720173
345 0.7342733188720173
346 0.7342733188720173
347 0.7342733188720173
348 0.7342733188720173
349 0.7342733188720173
350 0.7342733188720173
351 0.7342733188720173
352 0.7342733188720173
353 0.7342733188720173
354 0.7342733188720173
355 0.7342733188720173
356 0.7342733188720173
357 0.7342733188720173
358 0.7342733188720173
359 0.7342733188720173
360 0.7342733188720173
361 0.7342733188720173
362 0.7342733188720173
363 0.7342733188720173
364 0.7342733188720173
365 0.7342733188720173
366 0.7342733188720173
367 0.7342733188720173
368 0.7342733188720173
369 0.7342733188720173
370 0.7342733188720173
371 0.7342733188720173
372 0.7342733188720173
373 0.7342733188720173
374 0.7342733188720173
375 0.7342733188720173
376 0.7342733188720173
377 0.7342733188720173
378 0.7342733188720173
379 0.7342733188720173
380 0.7342733188720173
381 0.7342733188720173
382 0.7342733188720173
383 0.7342733188720173
384 0.7342733188720173
385 0.7342733188720173
386 0.7342733188720173
387 0.7342733188720173
388 0.7342733188720173
389 0.7342733188720173
390 0.7342733188720173
391 0.7342733188720173
392 0.7342733188720173
393 0.7342733188720173
394 0.7342733188720173
395 0.7342733188720173
396 0.7342733188720173
397 0.7342733188720173
398 0.7342733188720173
399 0.7342733188720173
400 0.7342733188720173
401 0.7342733188720173
402 0.7342733188720173
403 0.7342733188720173
404 0.7342733188720173
405 0.7342733188720173
406 0.7342733188720173
407 0.7342733188720173
408 0.7342733188720173
409 0.7342733188720173
410 0.7342733188720173
411 0.7342733188720173
412 0.7342733188720173
413 0.7342733188720173
414 0.7342733188720173
415 0.7342733188720173
416 0.7342733188720173
417 0.7342733188720173
418 0.7342733188720173
419 0.7342733188720173
420 0.7342733188720173
421 0.7342733188720173
422 0.7342733188720173
423 0.7342733188720173
424 0.7342733188720173
425 0.7342733188720173
426 0.7342733188720173
427 0.7342733188720173
428 0.7342733188720173
429 0.7342733188720173
430 0.7342733188720173
431 0.7342733188720173
432 0.7342733188720173
433 0.7342733188720173
434 0.7342733188720173
435 0.7342733188720173
436 0.7342733188720173
437 0.7342733188720173
438 0.7342733188720173
439 0.7342733188720173
440 0.7342733188720173
441 0.7342733188720173
442 0.7342733188720173
443 0.7342733188720173
444 0.7342733188720173
445 0.7342733188720173
446 0.7342733188720173
447 0.7342733188720173
448 0.7342733188720173
449 0.7342733188720173
450 0.7342733188720173
451 0.7342733188720173
452 0.7342733188720173
453 0.7342733188720173
454 0.7342733188720173
455 0.7342733188720173
456 0.7342733188720173
457 0.7342733188720173
458 0.7342733188720173
459 0.7342733188720173
460 0.7342733188720173
461 0.7342733188720173
462 0.7342733188720173
463 0.7342733188720173
464 0.7342733188720173
465 0.7342733188720173
466 0.7342733188720173
467 0.7342733188720173
468 0.7342733188720173
469 0.7342733188720173
470 0.7342733188720173
471 0.7342733188720173
472 0.7342733188720173
473 0.7342733188720173
474 0.7342733188720173
475 0.7342733188720173
476 0.7342733188720173
477 0.7342733188720173
478 0.7342733188720173
479 0.7342733188720173
480 0.7342733188720173
481 0.7342733188720173
482 0.7342733188720173
483 0.7342733188720173
484 0.7342733188720173
485 0.7342733188720173
486 0.7342733188720173
487 0.7342733188720173
488 0.7342733188720173
489 0.7342733188720173
490 0.7342733188720173
491 0.7342733188720173
492 0.7342733188720173
493 0.7342733188720173
494 0.7342733188720173
495 0.7348156182212582
496 0.7348156182212582
497 0.7348156182212582
498 0.7348156182212582
499 0.7348156182212582
500 0.7348156182212582
501 0.7348156182212582
502 0.735357917570499
503 0.735357917570499
504 0.735357917570499
505 0.735357917570499
506 0.735357917570499
507 0.735357917570499
508 0.735357917570499
509 0.735357917570499
510 0.735357917570499
511 0.735357917570499
512 0.7348156182212582
513 0.7348156182212582
514 0.7348156182212582
515 0.7348156182212582
516 0.7348156182212582
517 0.7348156182212582
518 0.735357917570499
519 0.735357917570499
520 0.735357917570499
521 0.735357917570499
522 0.735357917570499
523 0.735357917570499
524 0.735357917570499
525 0.735357917570499
526 0.735357917570499
527 0.735357917570499
528 0.735357917570499
529 0.735357917570499
530 0.735357917570499
531 0.7348156182212582
532 0.7348156182212582
533 0.7342733188720173
534 0.7342733188720173
535 0.7342733188720173
536 0.7342733188720173
537 0.7342733188720173
538 0.7342733188720173
539 0.7337310195227765
540 0.7337310195227765
541 0.7337310195227765
542 0.7337310195227765
543 0.7337310195227765
544 0.7337310195227765
545 0.7342733188720173
546 0.7342733188720173
547 0.7342733188720173
548 0.7342733188720173
549 0.7342733188720173
550 0.7342733188720173
551 0.7342733188720173
552 0.7342733188720173
553 0.7342733188720173
554 0.7342733188720173
555 0.7342733188720173
556 0.7342733188720173
557 0.7342733188720173
558 0.7342733188720173
559 0.7342733188720173
560 0.7342733188720173
561 0.7342733188720173
562 0.7342733188720173
563 0.7342733188720173
564 0.7342733188720173
565 0.7342733188720173
566 0.7342733188720173
567 0.7342733188720173
568 0.7342733188720173
569 0.7342733188720173
570 0.7342733188720173
571 0.7342733188720173
572 0.7342733188720173
573 0.7342733188720173
574 0.7342733188720173
575 0.7342733188720173
576 0.7342733188720173
577 0.7342733188720173
578 0.7342733188720173
579 0.7342733188720173
580 0.7342733188720173
581 0.7342733188720173
582 0.7342733188720173
583 0.7342733188720173
584 0.7342733188720173
585 0.7342733188720173
586 0.7342733188720173
587 0.7342733188720173
588 0.7342733188720173
589 0.7342733188720173
590 0.7342733188720173
591 0.7342733188720173
592 0.7342733188720173
593 0.7348156182212582
594 0.7348156182212582
595 0.7348156182212582
596 0.7342733188720173
597 0.7348156182212582
598 0.7342733188720173
599 0.7348156182212582
600 0.7348156182212582
601 0.7348156182212582
602 0.7348156182212582
603 0.7348156182212582
604 0.7348156182212582
605 0.7348156182212582
606 0.7348156182212582
607 0.7348156182212582
608 0.7348156182212582
609 0.7348156182212582
610 0.7359002169197397
611 0.7359002169197397
612 0.7359002169197397
613 0.7359002169197397
614 0.7359002169197397
615 0.7359002169197397
616 0.7359002169197397
617 0.7359002169197397
618 0.7359002169197397
619 0.7359002169197397
620 0.7359002169197397
621 0.7359002169197397
622 0.7359002169197397
623 0.7359002169197397
624 0.7359002169197397
625 0.7359002169197397
626 0.7359002169197397
627 0.7359002169197397
628 0.7359002169197397
629 0.7359002169197397
630 0.7359002169197397
631 0.7359002169197397
632 0.7359002169197397
633 0.7359002169197397
634 0.7359002169197397
635 0.7359002169197397
636 0.7359002169197397
637 0.7359002169197397
638 0.7359002169197397
639 0.7359002169197397
640 0.7359002169197397
641 0.7359002169197397
642 0.7359002169197397
643 0.7359002169197397
644 0.7359002169197397
645 0.7359002169197397
646 0.7359002169197397
647 0.7359002169197397
648 0.7359002169197397
649 0.7359002169197397
650 0.7359002169197397
651 0.7359002169197397
652 0.7359002169197397
653 0.735357917570499
654 0.735357917570499
655 0.735357917570499
656 0.735357917570499
657 0.735357917570499
658 0.735357917570499
659 0.735357917570499
660 0.735357917570499
661 0.735357917570499
662 0.735357917570499
663 0.735357917570499
664 0.735357917570499
665 0.735357917570499
666 0.735357917570499
667 0.7359002169197397
668 0.7359002169197397
669 0.7359002169197397
670 0.7359002169197397
671 0.7359002169197397
672 0.7359002169197397
673 0.7359002169197397
674 0.7359002169197397
675 0.7359002169197397
676 0.7359002169197397
677 0.735357917570499
678 0.735357917570499
679 0.735357917570499
680 0.735357917570499
681 0.735357917570499
682 0.7348156182212582
683 0.7348156182212582
684 0.735357917570499
685 0.735357917570499
686 0.735357917570499
687 0.735357917570499
688 0.735357917570499
689 0.735357917570499
690 0.735357917570499
691 0.735357917570499
692 0.735357917570499
693 0.735357917570499
694 0.735357917570499
695 0.735357917570499
696 0.735357917570499
697 0.735357917570499
698 0.735357917570499
699 0.735357917570499
700 0.735357917570499
701 0.735357917570499
702 0.735357917570499
703 0.735357917570499
704 0.7348156182212582
705 0.7342733188720173
706 0.7342733188720173
707 0.7342733188720173
708 0.7342733188720173
709 0.7342733188720173
710 0.7342733188720173
711 0.7342733188720173
712 0.7342733188720173
713 0.7342733188720173
714 0.7342733188720173
715 0.7342733188720173
716 0.7342733188720173
717 0.7342733188720173
718 0.7342733188720173
719 0.7342733188720173
720 0.7342733188720173
721 0.7342733188720173
722 0.7342733188720173
723 0.7342733188720173
724 0.7342733188720173
725 0.7337310195227765
726 0.7337310195227765
727 0.7337310195227765
728 0.7337310195227765
729 0.7337310195227765
730 0.7342733188720173
731 0.7342733188720173
732 0.7342733188720173
733 0.7342733188720173
734 0.7342733188720173
735 0.7342733188720173
736 0.7342733188720173
737 0.7364425162689805
738 0.7364425162689805
739 0.7364425162689805
740 0.7364425162689805
741 0.7364425162689805
742 0.7364425162689805
743 0.7364425162689805
744 0.7364425162689805
745 0.7364425162689805
746 0.7364425162689805
747 0.7364425162689805
748 0.7364425162689805
749 0.7364425162689805
750 0.7364425162689805
751 0.7364425162689805
752 0.7364425162689805
753 0.7364425162689805
754 0.7364425162689805
755 0.7364425162689805
756 0.7364425162689805
757 0.7364425162689805
758 0.7364425162689805
759 0.7364425162689805
760 0.7359002169197397
761 0.7359002169197397
762 0.7359002169197397
763 0.7359002169197397
764 0.7359002169197397
765 0.7359002169197397
766 0.7359002169197397
767 0.7359002169197397
768 0.735357917570499
769 0.735357917570499
770 0.735357917570499
771 0.735357917570499
772 0.7359002169197397
773 0.7359002169197397
774 0.7359002169197397
775 0.7359002169197397
776 0.7359002169197397
777 0.7359002169197397
778 0.7359002169197397
779 0.7364425162689805
780 0.7364425162689805
781 0.7364425162689805
782 0.7364425162689805
783 0.7364425162689805
784 0.7364425162689805
785 0.7364425162689805
786 0.735357917570499
787 0.735357917570499
788 0.735357917570499
789 0.735357917570499
790 0.735357917570499
791 0.735357917570499
792 0.735357917570499
793 0.735357917570499
794 0.735357917570499
795 0.735357917570499
796 0.735357917570499
797 0.735357917570499
798 0.735357917570499
799 0.735357917570499
800 0.735357917570499
801 0.735357917570499
802 0.735357917570499
803 0.735357917570499
804 0.735357917570499
805 0.735357917570499
806 0.735357917570499
807 0.735357917570499
808 0.735357917570499
809 0.735357917570499
810 0.735357917570499
811 0.735357917570499
812 0.735357917570499
813 0.735357917570499
814 0.735357917570499
815 0.735357917570499
816 0.735357917570499
817 0.7348156182212582
818 0.7348156182212582
819 0.7348156182212582
820 0.7348156182212582
821 0.7348156182212582
822 0.7348156182212582
823 0.7348156182212582
824 0.7348156182212582
825 0.7348156182212582
826 0.7348156182212582
827 0.735357917570499
828 0.735357917570499
829 0.7348156182212582
830 0.7348156182212582
831 0.7348156182212582
832 0.7348156182212582
833 0.7348156182212582
834 0.7348156182212582
835 0.7359002169197397
836 0.7359002169197397
837 0.7359002169197397
838 0.7359002169197397
839 0.7359002169197397
840 0.7359002169197397
841 0.7359002169197397
842 0.7359002169197397
843 0.7364425162689805
844 0.7364425162689805
845 0.7364425162689805
846 0.7359002169197397
847 0.7369848156182213
848 0.7369848156182213
849 0.7369848156182213
850 0.7369848156182213
851 0.7364425162689805
852 0.7364425162689805
853 0.7364425162689805
854 0.7364425162689805
855 0.7364425162689805
856 0.7364425162689805
857 0.7364425162689805
858 0.7364425162689805
859 0.7364425162689805
860 0.7348156182212582
861 0.7348156182212582
862 0.7348156182212582
863 0.7348156182212582
864 0.7348156182212582
865 0.7348156182212582
866 0.7348156182212582
867 0.7348156182212582
868 0.735357917570499
869 0.7348156182212582
870 0.7348156182212582
871 0.7348156182212582
872 0.7348156182212582
873 0.7348156182212582
874 0.7348156182212582
875 0.7348156182212582
876 0.7348156182212582
877 0.735357917570499
878 0.735357917570499
879 0.735357917570499
880 0.735357917570499
881 0.735357917570499
882 0.735357917570499
883 0.735357917570499
884 0.735357917570499
885 0.7348156182212582
886 0.7348156182212582
887 0.735357917570499
888 0.735357917570499
889 0.735357917570499
890 0.735357917570499
891 0.735357917570499
892 0.735357917570499
893 0.735357917570499
894 0.735357917570499
895 0.735357917570499
896 0.735357917570499
897 0.735357917570499
898 0.7348156182212582
899 0.7348156182212582
900 0.7348156182212582
901 0.7348156182212582
902 0.7348156182212582
903 0.7348156182212582
904 0.7348156182212582
905 0.7348156182212582
906 0.7348156182212582
907 0.7348156182212582
908 0.7348156182212582
909 0.7348156182212582
910 0.7348156182212582
911 0.7342733188720173
912 0.7348156182212582
913 0.735357917570499
914 0.735357917570499
915 0.735357917570499
916 0.735357917570499
917 0.735357917570499
918 0.735357917570499
919 0.7348156182212582
920 0.7348156182212582
921 0.7348156182212582
922 0.7348156182212582
923 0.7348156182212582
924 0.7348156182212582
925 0.7348156182212582
926 0.7348156182212582
927 0.7348156182212582
928 0.7348156182212582
929 0.7348156182212582
930 0.7348156182212582
931 0.7348156182212582
932 0.7348156182212582
933 0.7348156182212582
934 0.7348156182212582
935 0.7348156182212582
936 0.7348156182212582
937 0.7348156182212582
938 0.7348156182212582
939 0.7348156182212582
940 0.7348156182212582
941 0.7348156182212582
942 0.7348156182212582
943 0.7348156182212582
944 0.7348156182212582
945 0.7348156182212582
946 0.7348156182212582
947 0.735357917570499
948 0.735357917570499
949 0.735357917570499
950 0.735357917570499
951 0.735357917570499
952 0.735357917570499
953 0.735357917570499
954 0.7359002169197397
955 0.7359002169197397
956 0.7359002169197397
957 0.7359002169197397
958 0.7359002169197397
959 0.7359002169197397
960 0.7359002169197397
961 0.7359002169197397
962 0.7359002169197397
963 0.7337310195227765
964 0.7342733188720173
965 0.7348156182212582
966 0.735357917570499
967 0.7359002169197397
968 0.7359002169197397
969 0.7359002169197397
970 0.7359002169197397
971 0.7359002169197397
972 0.7359002169197397
973 0.7359002169197397
974 0.7359002169197397
975 0.7359002169197397
976 0.7359002169197397
977 0.7359002169197397
978 0.7359002169197397
979 0.7359002169197397
980 0.735357917570499
981 0.7348156182212582
982 0.7348156182212582
983 0.7348156182212582
984 0.7348156182212582
985 0.7348156182212582
986 0.7348156182212582
987 0.7348156182212582
988 0.7348156182212582
989 0.7348156182212582
990 0.735357917570499
991 0.735357917570499
992 0.7359002169197397
993 0.7359002169197397
994 0.7359002169197397
995 0.7359002169197397
996 0.735357917570499
997 0.735357917570499
998 0.735357917570499
999 0.735357917570499
1000 0.735357917570499
1001 0.735357917570499
1002 0.735357917570499
1003 0.7359002169197397
1004 0.7359002169197397
1005 0.7359002169197397
1006 0.7359002169197397
1007 0.7359002169197397
1008 0.7359002169197397
1009 0.7359002169197397
1010 0.7359002169197397
1011 0.7359002169197397
1012 0.735357917570499
1013 0.7342733188720173
1014 0.7342733188720173
1015 0.7342733188720173
1016 0.7342733188720173
1017 0.7342733188720173
1018 0.7342733188720173
1019 0.7342733188720173
1020 0.7342733188720173
1021 0.7348156182212582
1022 0.7342733188720173
1023 0.7342733188720173
1024 0.7342733188720173
1025 0.7342733188720173
1026 0.7342733188720173
1027 0.7348156182212582
1028 0.7348156182212582
1029 0.7348156182212582
1030 0.7348156182212582
1031 0.7348156182212582
1032 0.7348156182212582
1033 0.7348156182212582
1034 0.7348156182212582
1035 0.7348156182212582
1036 0.7348156182212582
1037 0.7348156182212582
1038 0.7348156182212582
1039 0.7348156182212582
1040 0.7348156182212582
1041 0.7348156182212582
1042 0.7348156182212582
1043 0.7342733188720173
1044 0.7348156182212582
1045 0.7348156182212582
1046 0.7342733188720173
1047 0.7342733188720173
1048 0.7342733188720173
1049 0.7342733188720173
1050 0.7342733188720173
1051 0.7342733188720173
1052 0.7342733188720173
1053 0.7342733188720173
1054 0.7342733188720173
1055 0.7337310195227765
1056 0.7337310195227765
1057 0.7337310195227765
1058 0.7342733188720173
1059 0.7342733188720173
1060 0.7337310195227765
1061 0.7342733188720173
1062 0.7342733188720173
1063 0.7342733188720173
1064 0.7342733188720173
1065 0.7342733188720173
1066 0.7342733188720173
1067 0.7342733188720173
1068 0.7342733188720173
1069 0.7342733188720173
1070 0.7337310195227765
1071 0.7337310195227765
1072 0.7337310195227765
1073 0.7337310195227765
1074 0.7337310195227765
1075 0.7348156182212582
1076 0.7348156182212582
1077 0.7348156182212582
1078 0.7348156182212582
1079 0.7348156182212582
1080 0.7348156182212582
1081 0.7348156182212582
1082 0.7348156182212582
1083 0.7348156182212582
1084 0.7342733188720173
1085 0.7342733188720173
1086 0.7342733188720173
1087 0.7342733188720173
1088 0.7342733188720173
1089 0.7342733188720173
1090 0.7342733188720173
1091 0.7342733188720173
1092 0.7342733188720173
1093 0.7342733188720173
1094 0.7342733188720173
1095 0.7342733188720173
1096 0.7342733188720173
1097 0.7342733188720173
1098 0.7342733188720173
1099 0.7342733188720173
1100 0.7342733188720173
1101 0.7342733188720173
1102 0.7342733188720173
1103 0.7342733188720173
1104 0.7342733188720173
1105 0.7342733188720173
1106 0.7380694143167028
1107 0.7380694143167028
1108 0.7380694143167028
1109 0.7380694143167028
1110 0.7380694143167028
1111 0.7380694143167028
1112 0.7380694143167028
1113 0.7380694143167028
1114 0.7380694143167028
1115 0.7380694143167028
1116 0.7380694143167028
1117 0.7380694143167028
1118 0.7380694143167028
1119 0.7380694143167028
1120 0.7380694143167028
1121 0.7380694143167028
1122 0.7380694143167028
1123 0.7380694143167028
1124 0.7380694143167028
1125 0.737527114967462
1126 0.737527114967462
1127 0.737527114967462
1128 0.737527114967462
1129 0.737527114967462
1130 0.737527114967462
1131 0.737527114967462
1132 0.7369848156182213
1133 0.7369848156182213
1134 0.7369848156182213
1135 0.7369848156182213
1136 0.7369848156182213
1137 0.737527114967462
1138 0.737527114967462
1139 0.737527114967462
1140 0.737527114967462
1141 0.737527114967462
1142 0.737527114967462
1143 0.737527114967462
1144 0.737527114967462
1145 0.737527114967462
1146 0.737527114967462
1147 0.737527114967462
1148 0.7369848156182213
1149 0.7369848156182213
1150 0.7369848156182213
1151 0.7369848156182213
1152 0.7369848156182213
1153 0.7369848156182213
1154 0.7369848156182213
1155 0.7369848156182213
1156 0.7369848156182213
1157 0.7369848156182213
1158 0.737527114967462
1159 0.737527114967462
1160 0.737527114967462
1161 0.737527114967462
1162 0.737527114967462
1163 0.737527114967462
1164 0.737527114967462
1165 0.737527114967462
1166 0.737527114967462
1167 0.737527114967462
1168 0.737527114967462
1169 0.737527114967462
1170 0.737527114967462
1171 0.737527114967462
1172 0.7369848156182213
1173 0.7369848156182213
1174 0.7369848156182213
1175 0.7369848156182213
1176 0.737527114967462
1177 0.737527114967462
1178 0.737527114967462
1179 0.737527114967462
1180 0.737527114967462
1181 0.737527114967462
1182 0.737527114967462
1183 0.737527114967462
1184 0.737527114967462
1185 0.737527114967462
1186 0.737527114967462
1187 0.737527114967462
1188 0.737527114967462
1189 0.737527114967462
1190 0.737527114967462
1191 0.737527114967462
1192 0.737527114967462
1193 0.737527114967462
1194 0.737527114967462
1195 0.737527114967462
1196 0.737527114967462
1197 0.737527114967462
1198 0.737527114967462
1199 0.737527114967462
1200 0.737527114967462
1201 0.737527114967462
1202 0.737527114967462
1203 0.737527114967462
1204 0.737527114967462
1205 0.737527114967462
1206 0.737527114967462
1207 0.737527114967462
1208 0.737527114967462
1209 0.737527114967462
1210 0.737527114967462
1211 0.737527114967462
1212 0.737527114967462
1213 0.737527114967462
1214 0.737527114967462
1215 0.7380694143167028
1216 0.737527114967462
1217 0.737527114967462
1218 0.737527114967462
1219 0.737527114967462
1220 0.737527114967462
1221 0.737527114967462
1222 0.737527114967462
1223 0.737527114967462
1224 0.737527114967462
1225 0.737527114967462
1226 0.737527114967462
1227 0.737527114967462
1228 0.737527114967462
1229 0.7369848156182213
1230 0.7369848156182213
1231 0.7369848156182213
1232 0.7369848156182213
1233 0.7369848156182213
1234 0.7369848156182213
1235 0.7364425162689805
1236 0.7364425162689805
1237 0.7364425162689805
1238 0.7364425162689805
1239 0.7364425162689805
1240 0.7364425162689805
1241 0.7364425162689805
1242 0.7364425162689805
1243 0.7364425162689805
1244 0.7364425162689805
1245 0.7364425162689805
1246 0.7364425162689805
1247 0.7364425162689805
1248 0.7364425162689805
1249 0.7364425162689805
1250 0.7364425162689805
1251 0.7364425162689805
1252 0.7364425162689805
1253 0.7364425162689805
1254 0.7364425162689805
1255 0.7364425162689805
1256 0.7364425162689805
1257 0.7364425162689805
1258 0.7364425162689805
1259 0.7364425162689805
1260 0.7364425162689805
1261 0.7364425162689805
1262 0.7364425162689805
1263 0.7364425162689805
1264 0.7364425162689805
1265 0.7364425162689805
1266 0.7364425162689805
1267 0.7364425162689805
1268 0.7364425162689805
1269 0.7364425162689805
1270 0.7364425162689805
1271 0.7364425162689805
1272 0.7364425162689805
1273 0.7364425162689805
1274 0.7364425162689805
1275 0.7364425162689805
1276 0.735357917570499
1277 0.735357917570499
1278 0.735357917570499
1279 0.735357917570499
1280 0.735357917570499
1281 0.735357917570499
1282 0.735357917570499
1283 0.735357917570499
1284 0.735357917570499
1285 0.735357917570499
1286 0.735357917570499
1287 0.735357917570499
1288 0.735357917570499
1289 0.735357917570499
1290 0.735357917570499
1291 0.735357917570499
1292 0.735357917570499
1293 0.735357917570499
1294 0.735357917570499
1295 0.7359002169197397
1296 0.7359002169197397
1297 0.7359002169197397
1298 0.7359002169197397
1299 0.7359002169197397
1300 0.7359002169197397
1301 0.7359002169197397
1302 0.7359002169197397
1303 0.7359002169197397
1304 0.7359002169197397
1305 0.7359002169197397
1306 0.7359002169197397
1307 0.7359002169197397
1308 0.7359002169197397
1309 0.7359002169197397
1310 0.7359002169197397
1311 0.7359002169197397
1312 0.7364425162689805
1313 0.7364425162689805
1314 0.7359002169197397
1315 0.7359002169197397
1316 0.7364425162689805
1317 0.7364425162689805
1318 0.7364425162689805
1319 0.7364425162689805
1320 0.7364425162689805
1321 0.7369848156182213
1322 0.7369848156182213
1323 0.7369848156182213
1324 0.7369848156182213
1325 0.7369848156182213
1326 0.7369848156182213
1327 0.737527114967462
1328 0.737527114967462
1329 0.737527114967462
1330 0.737527114967462
1331 0.737527114967462
1332 0.737527114967462
1333 0.737527114967462
1334 0.737527114967462
1335 0.737527114967462
1336 0.737527114967462
1337 0.737527114967462
1338 0.737527114967462
1339 0.737527114967462
1340 0.737527114967462
1341 0.737527114967462
1342 0.737527114967462
1343 0.737527114967462
1344 0.737527114967462
1345 0.737527114967462
1346 0.737527114967462
1347 0.737527114967462
1348 0.737527114967462
1349 0.737527114967462
1350 0.737527114967462
1351 0.737527114967462
1352 0.7364425162689805
1353 0.7364425162689805
1354 0.7364425162689805
1355 0.7364425162689805
1356 0.7364425162689805
1357 0.7364425162689805
1358 0.7364425162689805
1359 0.7364425162689805
1360 0.7364425162689805
1361 0.7364425162689805
1362 0.7364425162689805
1363 0.7364425162689805
1364 0.7364425162689805
1365 0.7364425162689805
1366 0.7364425162689805
1367 0.7364425162689805
1368 0.7364425162689805
1369 0.7364425162689805
1370 0.7364425162689805
1371 0.7364425162689805
1372 0.7364425162689805
1373 0.7364425162689805
1374 0.7364425162689805
1375 0.735357917570499
1376 0.735357917570499
1377 0.735357917570499
1378 0.735357917570499
1379 0.735357917570499
1380 0.735357917570499
1381 0.735357917570499
1382 0.735357917570499
1383 0.735357917570499
1384 0.735357917570499
1385 0.735357917570499
1386 0.7359002169197397
1387 0.7359002169197397
1388 0.7359002169197397
1389 0.7359002169197397
1390 0.7364425162689805
1391 0.7359002169197397
1392 0.7359002169197397
1393 0.7359002169197397
1394 0.7359002169197397
1395 0.7359002169197397
1396 0.7359002169197397
1397 0.7359002169197397
1398 0.7359002169197397
1399 0.7359002169197397
1400 0.7359002169197397
1401 0.7359002169197397
1402 0.7359002169197397
1403 0.7359002169197397
1404 0.7359002169197397
1405 0.7359002169197397
1406 0.7359002169197397
1407 0.7359002169197397
1408 0.7359002169197397
1409 0.7359002169197397
1410 0.7359002169197397
1411 0.7359002169197397
1412 0.7359002169197397
1413 0.7359002169197397
1414 0.7359002169197397
1415 0.7359002169197397
1416 0.7364425162689805
1417 0.7364425162689805
1418 0.7364425162689805
1419 0.7364425162689805
1420 0.7364425162689805
1421 0.7364425162689805
1422 0.7364425162689805
1423 0.7364425162689805
1424 0.7364425162689805
1425 0.7364425162689805
1426 0.7364425162689805
1427 0.7364425162689805
1428 0.7364425162689805
1429 0.7364425162689805
1430 0.7364425162689805
1431 0.7364425162689805
1432 0.7364425162689805
1433 0.7364425162689805
1434 0.7364425162689805
1435 0.7364425162689805
1436 0.7364425162689805
1437 0.7364425162689805
1438 0.7364425162689805
1439 0.7359002169197397
1440 0.7359002169197397
1441 0.7359002169197397
1442 0.7359002169197397
1443 0.7359002169197397
1444 0.7359002169197397
1445 0.7359002169197397
1446 0.7364425162689805
1447 0.7364425162689805
1448 0.7364425162689805
1449 0.7364425162689805
1450 0.7364425162689805
1451 0.7359002169197397
1452 0.7359002169197397
1453 0.7359002169197397
1454 0.7359002169197397
1455 0.7359002169197397
1456 0.7359002169197397
1457 0.7359002169197397
1458 0.7359002169197397
1459 0.7359002169197397
1460 0.7359002169197397
1461 0.7359002169197397
1462 0.7359002169197397
1463 0.7359002169197397
1464 0.7359002169197397
1465 0.7359002169197397
1466 0.7359002169197397
1467 0.7359002169197397
1468 0.7359002169197397
1469 0.7359002169197397
1470 0.7359002169197397
1471 0.7359002169197397
1472 0.7359002169197397
1473 0.7359002169197397
1474 0.735357917570499
1475 0.7342733188720173
1476 0.7342733188720173
1477 0.7342733188720173
1478 0.7342733188720173
1479 0.7342733188720173
1480 0.7342733188720173
1481 0.7342733188720173
1482 0.7342733188720173
1483 0.7342733188720173
1484 0.7337310195227765
1485 0.7337310195227765
1486 0.7337310195227765
1487 0.7337310195227765
1488 0.7337310195227765
1489 0.7337310195227765
1490 0.7331887201735358
1491 0.7331887201735358
1492 0.7331887201735358
1493 0.7331887201735358
1494 0.7331887201735358
1495 0.7331887201735358
1496 0.7331887201735358
1497 0.7331887201735358
1498 0.7331887201735358
1499 0.7331887201735358
1500 0.7331887201735358
1501 0.7331887201735358
1502 0.7331887201735358
1503 0.7331887201735358
1504 0.7331887201735358
1505 0.7331887201735358
1506 0.7342733188720173
1507 0.7342733188720173
1508 0.7342733188720173
1509 0.7342733188720173
1510 0.7342733188720173
1511 0.7342733188720173
1512 0.7342733188720173
1513 0.7342733188720173
1514 0.7342733188720173
1515 0.7342733188720173
1516 0.7342733188720173
1517 0.7342733188720173
1518 0.7342733188720173
1519 0.7342733188720173
1520 0.7342733188720173
1521 0.7342733188720173
1522 0.7342733188720173
1523 0.7337310195227765
1524 0.7337310195227765
1525 0.7337310195227765
1526 0.7337310195227765
1527 0.7337310195227765
1528 0.7337310195227765
1529 0.7337310195227765
1530 0.7337310195227765
1531 0.7337310195227765
1532 0.7337310195227765
1533 0.7337310195227765
1534 0.7337310195227765
1535 0.7337310195227765
1536 0.7337310195227765
1537 0.7337310195227765
1538 0.7337310195227765
1539 0.7337310195227765
1540 0.7337310195227765
1541 0.7337310195227765
1542 0.7359002169197397
1543 0.7359002169197397
1544 0.7359002169197397
1545 0.7359002169197397
1546 0.7359002169197397
1547 0.7359002169197397
1548 0.7348156182212582
1549 0.7348156182212582
1550 0.7348156182212582
1551 0.7348156182212582
1552 0.7348156182212582
1553 0.7348156182212582
1554 0.7348156182212582
1555 0.7348156182212582
1556 0.7337310195227765
1557 0.7337310195227765
1558 0.7337310195227765
1559 0.7337310195227765
1560 0.7337310195227765
1561 0.7337310195227765
1562 0.7337310195227765
1563 0.7337310195227765
1564 0.7337310195227765
1565 0.7337310195227765
1566 0.7337310195227765
1567 0.7337310195227765
1568 0.732646420824295
1569 0.732646420824295
1570 0.732646420824295
1571 0.7337310195227765
1572 0.7337310195227765
1573 0.7337310195227765
1574 0.7337310195227765
1575 0.7337310195227765
1576 0.7337310195227765
1577 0.7337310195227765
1578 0.7337310195227765
1579 0.7337310195227765
1580 0.7337310195227765
1581 0.7337310195227765
1582 0.7337310195227765
1583 0.7337310195227765
1584 0.7348156182212582
1585 0.7348156182212582
1586 0.7348156182212582
1587 0.7348156182212582
1588 0.7348156182212582
1589 0.7348156182212582
1590 0.7348156182212582
1591 0.7348156182212582
1592 0.7348156182212582
1593 0.7348156182212582
1594 0.7348156182212582
1595 0.7348156182212582
1596 0.7348156182212582
1597 0.7348156182212582
1598 0.7348156182212582
1599 0.7348156182212582
1600 0.7348156182212582
1601 0.7348156182212582
1602 0.7348156182212582
1603 0.7348156182212582
1604 0.7348156182212582
1605 0.7348156182212582
1606 0.7348156182212582
1607 0.7348156182212582
1608 0.7348156182212582
1609 0.7348156182212582
1610 0.7348156182212582
1611 0.7348156182212582
1612 0.7348156182212582
1613 0.7348156182212582
1614 0.7348156182212582
1615 0.7348156182212582
1616 0.7342733188720173
1617 0.7342733188720173
1618 0.7342733188720173
1619 0.7342733188720173
1620 0.7342733188720173
1621 0.7342733188720173
1622 0.7342733188720173
1623 0.7342733188720173
1624 0.7342733188720173
1625 0.7342733188720173
1626 0.7342733188720173
1627 0.7342733188720173
1628 0.7342733188720173
1629 0.7348156182212582
1630 0.7348156182212582
1631 0.7348156182212582
1632 0.7348156182212582
1633 0.7348156182212582
1634 0.7348156182212582
1635 0.7348156182212582
1636 0.7348156182212582
1637 0.7342733188720173
1638 0.7337310195227765
1639 0.7337310195227765
1640 0.7337310195227765
1641 0.7337310195227765
1642 0.7337310195227765
1643 0.7337310195227765
1644 0.7337310195227765
1645 0.7342733188720173
1646 0.7342733188720173
1647 0.7342733188720173
1648 0.7342733188720173
1649 0.7348156182212582
1650 0.7348156182212582
1651 0.7348156182212582
1652 0.7348156182212582
1653 0.7348156182212582
1654 0.7348156182212582
1655 0.7348156182212582
1656 0.7342733188720173
1657 0.7342733188720173
1658 0.7342733188720173
1659 0.7342733188720173
1660 0.7342733188720173
1661 0.7342733188720173
1662 0.7342733188720173
1663 0.7342733188720173
1664 0.7342733188720173
1665 0.7342733188720173
1666 0.7342733188720173
1667 0.7337310195227765
1668 0.7337310195227765
1669 0.7337310195227765
1670 0.7337310195227765
1671 0.7337310195227765
1672 0.7342733188720173
1673 0.7342733188720173
1674 0.7342733188720173
1675 0.7342733188720173
1676 0.7342733188720173
1677 0.7342733188720173
1678 0.7342733188720173
1679 0.7342733188720173
1680 0.7342733188720173
1681 0.7342733188720173
1682 0.7348156182212582
1683 0.7348156182212582
1684 0.7348156182212582
1685 0.7348156182212582
1686 0.7348156182212582
1687 0.7348156182212582
1688 0.7348156182212582
1689 0.7348156182212582
1690 0.7348156182212582
1691 0.7348156182212582
1692 0.7348156182212582
1693 0.7348156182212582
1694 0.7348156182212582
1695 0.7348156182212582
1696 0.7342733188720173
1697 0.7342733188720173
1698 0.7342733188720173
1699 0.7342733188720173
1700 0.7342733188720173
1701 0.7342733188720173
1702 0.7342733188720173
1703 0.7348156182212582
1704 0.7348156182212582
1705 0.7348156182212582
1706 0.7348156182212582
1707 0.7348156182212582
1708 0.7348156182212582
1709 0.7348156182212582
1710 0.7348156182212582
1711 0.735357917570499
1712 0.735357917570499
1713 0.735357917570499
1714 0.735357917570499
1715 0.735357917570499
1716 0.7348156182212582
1717 0.7348156182212582
1718 0.7348156182212582
1719 0.7348156182212582
1720 0.7348156182212582
1721 0.7342733188720173
1722 0.7342733188720173
1723 0.7342733188720173
1724 0.7342733188720173
1725 0.7342733188720173
1726 0.7342733188720173
1727 0.7342733188720173
1728 0.7342733188720173
1729 0.7342733188720173
1730 0.7342733188720173
1731 0.7342733188720173
1732 0.7342733188720173
1733 0.7342733188720173
1734 0.7342733188720173
1735 0.7342733188720173
1736 0.7342733188720173
1737 0.7342733188720173
1738 0.7342733188720173
1739 0.7342733188720173
1740 0.7342733188720173
1741 0.7342733188720173
1742 0.7342733188720173
1743 0.7342733188720173
1744 0.7342733188720173
1745 0.7342733188720173
1746 0.7342733188720173
1747 0.7342733188720173
1748 0.7342733188720173
1749 0.7342733188720173
1750 0.7342733188720173
1751 0.7342733188720173
1752 0.7342733188720173
1753 0.7342733188720173
1754 0.7342733188720173
1755 0.7342733188720173
1756 0.7337310195227765
1757 0.7337310195227765
1758 0.7337310195227765
1759 0.7342733188720173
1760 0.7342733188720173
1761 0.7342733188720173
1762 0.7342733188720173
1763 0.7342733188720173
1764 0.7342733188720173
1765 0.7342733188720173
1766 0.7342733188720173
1767 0.7342733188720173
1768 0.7342733188720173
1769 0.7342733188720173
1770 0.7342733188720173
1771 0.7342733188720173
1772 0.7342733188720173
1773 0.7342733188720173
1774 0.7342733188720173
1775 0.7342733188720173
1776 0.7342733188720173
1777 0.7342733188720173
1778 0.7342733188720173
1779 0.7342733188720173
1780 0.7342733188720173
1781 0.7342733188720173
1782 0.7342733188720173
1783 0.7342733188720173
1784 0.7342733188720173
1785 0.7342733188720173
1786 0.7342733188720173
1787 0.7342733188720173
1788 0.7342733188720173
1789 0.7342733188720173
1790 0.7342733188720173
1791 0.7342733188720173
1792 0.7342733188720173
1793 0.7342733188720173
1794 0.7342733188720173
1795 0.7342733188720173
1796 0.7342733188720173
1797 0.7342733188720173
1798 0.7342733188720173
1799 0.7342733188720173
1800 0.7342733188720173
1801 0.7342733188720173
1802 0.7342733188720173
1803 0.7342733188720173
1804 0.7342733188720173
1805 0.7342733188720173
1806 0.7342733188720173
1807 0.7342733188720173
1808 0.7342733188720173
1809 0.7342733188720173
1810 0.7342733188720173
1811 0.7342733188720173
1812 0.7342733188720173
1813 0.7342733188720173
1814 0.7342733188720173
1815 0.7342733188720173
1816 0.7342733188720173
1817 0.7342733188720173
1818 0.7342733188720173
1819 0.7342733188720173
1820 0.7342733188720173
1821 0.7342733188720173
1822 0.7342733188720173
1823 0.7342733188720173
1824 0.7342733188720173
1825 0.7342733188720173
1826 0.7342733188720173
1827 0.7342733188720173
1828 0.7342733188720173
1829 0.7342733188720173
1830 0.7342733188720173
1831 0.7342733188720173
1832 0.7342733188720173
1833 0.7342733188720173
1834 0.7342733188720173
1835 0.7342733188720173
1836 0.7342733188720173
1837 0.7342733188720173
1838 0.7342733188720173
1839 0.7342733188720173
1840 0.7342733188720173
1841 0.7342733188720173
1842 0.7342733188720173
1843 0.7342733188720173
1844 0.7337310195227765
1845 0.7337310195227765
1846 0.7337310195227765
1847 0.7337310195227765
1848 0.7337310195227765
1849 0.7337310195227765
1850 0.7337310195227765
1851 0.7337310195227765
1852 0.7337310195227765
1853 0.7337310195227765
1854 0.7337310195227765
1855 0.7337310195227765
1856 0.7337310195227765
1857 0.7337310195227765
1858 0.7337310195227765
1859 0.7337310195227765
1860 0.7337310195227765
1861 0.7337310195227765
1862 0.7337310195227765
1863 0.7337310195227765
1864 0.7337310195227765
1865 0.7337310195227765
1866 0.7337310195227765
1867 0.7337310195227765
1868 0.7337310195227765
1869 0.7337310195227765
1870 0.7337310195227765
1871 0.7337310195227765
1872 0.7337310195227765
1873 0.7337310195227765
1874 0.7337310195227765
1875 0.7337310195227765
1876 0.7337310195227765
1877 0.7337310195227765
1878 0.7337310195227765
1879 0.7337310195227765
1880 0.7337310195227765
1881 0.7337310195227765
1882 0.7337310195227765
1883 0.7337310195227765
1884 0.7337310195227765
1885 0.7337310195227765
1886 0.7337310195227765
1887 0.7337310195227765
1888 0.7337310195227765
1889 0.7337310195227765
1890 0.7337310195227765
1891 0.7337310195227765
1892 0.7337310195227765
1893 0.7337310195227765
1894 0.7337310195227765
1895 0.7337310195227765
1896 0.7337310195227765
1897 0.7337310195227765
1898 0.7337310195227765
1899 0.7337310195227765
1900 0.7337310195227765
1901 0.7337310195227765
1902 0.7342733188720173
1903 0.7342733188720173
1904 0.7342733188720173
1905 0.7342733188720173
1906 0.7342733188720173
1907 0.7342733188720173
1908 0.7337310195227765
1909 0.7337310195227765
1910 0.7337310195227765
1911 0.7337310195227765
1912 0.7337310195227765
1913 0.7337310195227765
1914 0.7337310195227765
1915 0.7337310195227765
1916 0.7337310195227765
1917 0.7337310195227765
1918 0.7337310195227765
1919 0.7337310195227765
1920 0.7337310195227765
1921 0.7337310195227765
1922 0.7337310195227765
1923 0.7337310195227765
1924 0.7337310195227765
1925 0.7337310195227765
1926 0.7337310195227765
1927 0.7337310195227765
1928 0.7337310195227765
1929 0.7337310195227765
1930 0.7337310195227765
1931 0.7337310195227765
1932 0.7337310195227765
1933 0.7331887201735358
1934 0.7331887201735358
1935 0.7331887201735358
1936 0.7331887201735358
1937 0.7331887201735358
1938 0.7331887201735358
1939 0.7331887201735358
1940 0.7331887201735358
1941 0.7331887201735358
1942 0.7331887201735358
1943 0.7331887201735358
1944 0.7331887201735358
1945 0.7331887201735358
1946 0.7331887201735358
1947 0.732646420824295
1948 0.732646420824295
1949 0.732646420824295
1950 0.7321041214750542
1951 0.7321041214750542
1952 0.7321041214750542
1953 0.7321041214750542
1954 0.732646420824295
1955 0.732646420824295
1956 0.7321041214750542
1957 0.7321041214750542
1958 0.7321041214750542
1959 0.7321041214750542
1960 0.7321041214750542
1961 0.7321041214750542
1962 0.7321041214750542
1963 0.7321041214750542
1964 0.7321041214750542
1965 0.7321041214750542
1966 0.735357917570499
1967 0.735357917570499
1968 0.735357917570499
1969 0.735357917570499
1970 0.735357917570499
1971 0.735357917570499
1972 0.735357917570499
1973 0.735357917570499
1974 0.735357917570499
1975 0.735357917570499
1976 0.735357917570499
1977 0.735357917570499
1978 0.735357917570499
1979 0.7348156182212582
1980 0.7348156182212582
1981 0.7348156182212582
1982 0.7348156182212582
1983 0.7348156182212582
1984 0.7348156182212582
1985 0.7348156182212582
1986 0.7348156182212582
1987 0.7348156182212582
1988 0.7348156182212582
1989 0.7348156182212582
1990 0.7348156182212582
1991 0.7348156182212582
1992 0.7348156182212582
1993 0.7348156182212582
1994 0.7342733188720173
1995 0.7342733188720173
1996 0.7342733188720173
1997 0.7342733188720173
1998 0.7342733188720173
1999 0.7342733188720173
2000 0.7342733188720173
2001 0.7342733188720173
2002 0.7342733188720173
2003 0.7342733188720173
2004 0.7342733188720173
2005 0.7348156182212582
2006 0.7342733188720173
2007 0.7342733188720173
2008 0.7342733188720173
2009 0.7342733188720173
2010 0.7342733188720173
2011 0.7342733188720173
2012 0.7342733188720173
2013 0.7342733188720173
2014 0.7342733188720173
2015 0.7348156182212582
2016 0.7348156182212582
2017 0.7348156182212582
2018 0.7348156182212582
2019 0.7348156182212582
2020 0.7348156182212582
2021 0.7348156182212582
2022 0.7348156182212582
2023 0.7348156182212582
2024 0.7348156182212582
2025 0.7348156182212582
2026 0.7348156182212582
2027 0.7348156182212582
2028 0.7348156182212582
2029 0.7348156182212582
2030 0.7348156182212582
2031 0.7348156182212582
2032 0.7348156182212582
2033 0.7348156182212582
2034 0.7331887201735358
2035 0.7331887201735358
2036 0.7331887201735358
2037 0.7331887201735358
2038 0.7331887201735358
2039 0.7331887201735358
2040 0.7331887201735358
2041 0.7331887201735358
2042 0.7331887201735358
2043 0.7331887201735358
2044 0.7331887201735358
2045 0.7331887201735358
2046 0.7331887201735358
2047 0.7331887201735358
2048 0.7331887201735358
2049 0.7331887201735358
2050 0.7331887201735358
2051 0.7331887201735358
2052 0.7331887201735358
2053 0.7331887201735358
2054 0.7331887201735358
2055 0.7331887201735358
2056 0.7331887201735358
2057 0.7331887201735358
2058 0.7331887201735358
2059 0.7331887201735358
2060 0.7331887201735358
2061 0.7331887201735358
2062 0.7331887201735358
2063 0.7331887201735358
2064 0.7331887201735358
2065 0.7331887201735358
2066 0.7331887201735358
2067 0.7331887201735358
2068 0.7331887201735358
2069 0.7331887201735358
2070 0.7331887201735358
2071 0.7331887201735358
2072 0.7331887201735358
2073 0.7331887201735358
2074 0.7331887201735358
2075 0.7331887201735358
2076 0.7331887201735358
2077 0.7331887201735358
2078 0.7331887201735358
2079 0.7331887201735358
2080 0.7331887201735358
2081 0.7331887201735358
2082 0.7331887201735358
2083 0.7331887201735358
2084 0.7331887201735358
2085 0.7331887201735358
2086 0.7331887201735358
2087 0.7331887201735358
2088 0.7331887201735358
2089 0.7331887201735358
2090 0.7331887201735358
2091 0.7331887201735358
2092 0.7331887201735358
2093 0.7331887201735358
2094 0.7331887201735358
2095 0.7331887201735358
2096 0.7331887201735358
2097 0.7331887201735358
2098 0.7331887201735358
2099 0.7331887201735358
2100 0.7331887201735358
2101 0.7331887201735358
2102 0.7331887201735358
2103 0.7331887201735358
2104 0.7331887201735358
2105 0.7331887201735358
2106 0.7331887201735358
2107 0.7331887201735358
2108 0.7331887201735358
2109 0.7331887201735358
2110 0.7331887201735358
2111 0.7331887201735358
2112 0.7331887201735358
2113 0.7331887201735358
2114 0.7331887201735358
2115 0.7331887201735358
2116 0.7331887201735358
2117 0.7331887201735358
2118 0.7331887201735358
2119 0.7331887201735358
2120 0.7331887201735358
2121 0.7331887201735358
2122 0.7331887201735358
2123 0.7331887201735358
2124 0.7331887201735358
2125 0.7331887201735358
2126 0.7331887201735358
2127 0.7331887201735358
2128 0.7331887201735358
2129 0.7331887201735358
2130 0.7331887201735358
2131 0.7331887201735358
2132 0.7331887201735358
2133 0.7331887201735358
2134 0.7331887201735358
2135 0.7331887201735358
2136 0.7331887201735358
2137 0.7331887201735358
2138 0.7331887201735358
2139 0.7331887201735358
2140 0.7331887201735358
2141 0.7331887201735358
2142 0.7331887201735358
2143 0.7331887201735358
2144 0.7331887201735358
2145 0.7331887201735358
2146 0.7331887201735358
2147 0.7331887201735358
2148 0.7331887201735358
2149 0.7331887201735358
2150 0.7331887201735358
2151 0.7331887201735358
2152 0.7331887201735358
2153 0.7331887201735358
2154 0.7331887201735358
2155 0.7331887201735358
2156 0.7331887201735358
2157 0.7331887201735358
2158 0.7331887201735358
2159 0.7331887201735358
2160 0.7331887201735358
2161 0.7331887201735358
2162 0.7331887201735358
2163 0.7331887201735358
2164 0.7331887201735358
2165 0.7331887201735358
2166 0.7331887201735358
2167 0.7331887201735358
2168 0.7331887201735358
2169 0.7331887201735358
2170 0.7331887201735358
2171 0.7331887201735358
2172 0.7331887201735358
2173 0.7331887201735358
2174 0.7331887201735358
2175 0.7331887201735358
2176 0.7331887201735358
2177 0.7331887201735358
2178 0.7331887201735358
2179 0.7331887201735358
2180 0.7331887201735358
2181 0.7331887201735358
2182 0.7331887201735358
2183 0.7331887201735358
2184 0.7331887201735358
2185 0.7331887201735358
2186 0.7331887201735358
2187 0.7331887201735358
2188 0.7331887201735358
2189 0.7331887201735358
2190 0.7331887201735358
2191 0.7331887201735358
2192 0.7331887201735358
2193 0.7331887201735358
2194 0.7331887201735358
2195 0.7331887201735358
2196 0.7342733188720173
2197 0.7342733188720173
2198 0.7342733188720173
2199 0.7342733188720173
2200 0.7342733188720173
2201 0.7342733188720173
2202 0.7342733188720173
2203 0.7342733188720173
2204 0.7342733188720173
2205 0.7342733188720173
2206 0.7342733188720173
2207 0.7342733188720173
2208 0.7342733188720173
2209 0.7342733188720173
2210 0.7342733188720173
2211 0.7342733188720173
2212 0.7342733188720173
2213 0.7342733188720173
2214 0.7342733188720173
2215 0.7342733188720173
2216 0.7342733188720173
2217 0.7342733188720173
2218 0.7342733188720173
2219 0.7342733188720173
2220 0.7342733188720173
2221 0.7342733188720173
2222 0.7342733188720173
2223 0.7342733188720173
2224 0.7342733188720173
2225 0.7342733188720173
2226 0.7342733188720173
2227 0.7342733188720173
2228 0.7342733188720173
2229 0.7342733188720173
2230 0.7342733188720173
2231 0.7342733188720173
2232 0.7342733188720173
2233 0.7342733188720173
2234 0.7342733188720173
2235 0.7342733188720173
2236 0.7342733188720173
2237 0.7342733188720173
2238 0.7342733188720173
2239 0.7342733188720173
2240 0.7342733188720173
2241 0.7342733188720173
2242 0.7342733188720173
2243 0.7342733188720173
2244 0.7342733188720173
2245 0.7342733188720173
2246 0.7342733188720173
2247 0.7342733188720173
2248 0.7342733188720173
2249 0.7342733188720173
2250 0.7342733188720173
2251 0.7342733188720173
2252 0.7342733188720173
2253 0.7342733188720173
2254 0.7342733188720173
2255 0.7331887201735358
2256 0.7331887201735358
2257 0.7331887201735358
2258 0.7331887201735358
2259 0.7331887201735358
2260 0.7331887201735358
2261 0.7331887201735358
2262 0.7331887201735358
2263 0.732646420824295
2264 0.732646420824295
2265 0.732646420824295
2266 0.732646420824295
2267 0.732646420824295
2268 0.732646420824295
2269 0.732646420824295
2270 0.732646420824295
2271 0.732646420824295
2272 0.732646420824295
2273 0.7331887201735358
2274 0.7331887201735358
2275 0.7331887201735358
2276 0.7331887201735358
2277 0.7331887201735358
2278 0.7331887201735358
2279 0.7331887201735358
2280 0.7331887201735358
2281 0.7331887201735358
2282 0.7331887201735358
2283 0.7331887201735358
2284 0.7331887201735358
2285 0.7331887201735358
2286 0.732646420824295
2287 0.732646420824295
2288 0.732646420824295
2289 0.732646420824295
2290 0.732646420824295
2291 0.732646420824295
2292 0.732646420824295
2293 0.732646420824295
2294 0.732646420824295
2295 0.732646420824295
2296 0.732646420824295
2297 0.732646420824295
2298 0.732646420824295
2299 0.732646420824295
2300 0.732646420824295
2301 0.732646420824295
2302 0.732646420824295
2303 0.732646420824295
2304 0.732646420824295
2305 0.732646420824295
2306 0.732646420824295
2307 0.732646420824295
2308 0.732646420824295
2309 0.732646420824295
2310 0.732646420824295
2311 0.732646420824295
2312 0.732646420824295
2313 0.732646420824295
2314 0.732646420824295
2315 0.7331887201735358
2316 0.7331887201735358
2317 0.732646420824295
2318 0.732646420824295
2319 0.732646420824295
2320 0.732646420824295
2321 0.732646420824295
2322 0.732646420824295
2323 0.732646420824295
2324 0.732646420824295
2325 0.732646420824295
2326 0.732646420824295
2327 0.732646420824295
2328 0.732646420824295
2329 0.732646420824295
2330 0.732646420824295
2331 0.732646420824295
2332 0.732646420824295
2333 0.732646420824295
2334 0.732646420824295
2335 0.7331887201735358
2336 0.7331887201735358
2337 0.7331887201735358
2338 0.732646420824295
2339 0.7337310195227765
2340 0.7337310195227765
2341 0.7337310195227765
2342 0.7337310195227765
2343 0.7337310195227765
2344 0.7337310195227765
2345 0.7337310195227765
2346 0.7337310195227765
2347 0.7337310195227765
2348 0.7337310195227765
2349 0.7337310195227765
2350 0.7337310195227765
2351 0.7337310195227765
2352 0.7337310195227765
2353 0.7337310195227765
2354 0.7337310195227765
2355 0.7337310195227765
2356 0.7337310195227765
2357 0.7337310195227765
2358 0.7337310195227765
2359 0.7337310195227765
2360 0.7337310195227765
2361 0.7337310195227765
2362 0.7337310195227765
2363 0.7337310195227765
2364 0.7337310195227765
2365 0.7337310195227765
2366 0.7337310195227765
2367 0.7337310195227765
2368 0.7337310195227765
2369 0.7337310195227765
2370 0.7337310195227765
2371 0.7337310195227765
2372 0.7337310195227765
2373 0.7337310195227765
2374 0.7337310195227765
2375 0.7337310195227765
2376 0.7337310195227765
2377 0.7337310195227765
2378 0.7337310195227765
2379 0.7337310195227765
2380 0.7337310195227765
2381 0.7337310195227765
2382 0.7337310195227765
2383 0.7337310195227765
2384 0.7337310195227765
2385 0.7337310195227765
2386 0.7337310195227765
2387 0.7337310195227765
2388 0.7337310195227765
2389 0.7337310195227765
2390 0.7337310195227765
2391 0.7337310195227765
2392 0.7337310195227765
2393 0.7337310195227765
2394 0.7337310195227765
2395 0.7337310195227765
2396 0.7337310195227765
2397 0.7337310195227765
2398 0.7337310195227765
2399 0.7337310195227765
2400 0.7337310195227765
2401 0.7337310195227765
2402 0.7337310195227765
2403 0.7337310195227765
2404 0.7337310195227765
2405 0.7337310195227765
2406 0.7337310195227765
2407 0.7337310195227765
2408 0.7337310195227765
2409 0.7337310195227765
2410 0.7337310195227765
2411 0.7337310195227765
2412 0.7337310195227765
2413 0.7337310195227765
2414 0.7337310195227765
2415 0.7337310195227765
2416 0.7337310195227765
2417 0.7337310195227765
2418 0.7337310195227765
2419 0.7337310195227765
2420 0.7337310195227765
2421 0.7337310195227765
2422 0.7337310195227765
2423 0.7337310195227765
2424 0.7331887201735358
2425 0.7331887201735358
2426 0.7331887201735358
2427 0.7331887201735358
2428 0.7331887201735358
2429 0.7331887201735358
2430 0.7331887201735358
2431 0.7331887201735358
2432 0.7331887201735358
2433 0.7331887201735358
2434 0.7331887201735358
2435 0.7331887201735358
2436 0.7331887201735358
2437 0.7331887201735358
2438 0.732646420824295
2439 0.732646420824295
2440 0.732646420824295
2441 0.732646420824295
2442 0.732646420824295
2443 0.732646420824295
2444 0.7337310195227765
2445 0.7337310195227765
2446 0.7337310195227765
2447 0.7331887201735358
2448 0.7331887201735358
2449 0.7331887201735358
2450 0.7331887201735358
2451 0.7337310195227765
2452 0.7337310195227765
2453 0.7337310195227765
2454 0.7337310195227765
2455 0.7337310195227765
2456 0.7337310195227765
2457 0.7337310195227765
