0 0.0
1 0.5025125628140703
2 0.6700111107370122
3 0.7537561551507855
4 0.8039997984001211
5 0.8374927413235312
6 0.8614138557577345
7 0.749911629550885
8 0.6631993536656983
9 0.6984229423772619
10 0.7272373917720021
11 0.7512449876219573
12 0.6899083398137684
13 0.7135336173556145
14 0.7340040342861921
15 0.7519111282940316
16 0.7040360221783135
17 0.7219205290965379
18 0.7379176106959179
19 0.7523103824932522
20 0.7127717293305244
21 0.6768401949435316
22 0.6924982458378339
23 0.7068459075891987
24 0.7200404294216307
25 0.7322148684727562
26 0.7014051726344316
27 0.7135787685100055
28 0.7249074717531377
29 0.7354757745904372
30 0.7080015484994728
31 0.7186189148073518
32 0.7285874419662666
33 0.7379643838984905
34 0.746800451320092
35 0.7551407205193371
36 0.7630253947656166
37 0.7704904454959032
38 0.777568154857133
39 0.754078673974856
40 0.7613605291282409
41 0.7682908576031215
42 0.7748941884094904
43 0.7811928207350946
44 0.7872070717031942
45 0.7929554918140854
46 0.7984550528834458
47 0.7775918575936939
48 0.7575963232928256
49 0.7637332194965346
50 0.7696245128287593
51 0.7752843776024257
52 0.7565106867822166
53 0.762324196525116
54 0.7679212402566064
55 0.773313419813778
56 0.7555807295160883
57 0.7384758436232064
58 0.7443223559478078
59 0.7278857152542705
60 0.733822992669353
61 0.7395628841712792
62 0.745114796199176
63 0.7504875473930145
64 0.7556894138084482
65 0.7401037824688561
66 0.74540763262305
67 0.7505497273767877
68 0.7555371072416532
69 0.7603764105138491
70 0.7454702762005131
71 0.7504125181185755
72 0.7359775813919528
73 0.7219498750618281
74 0.7083130851397879
75 0.7137741676341118
76 0.7190866676815665
77 0.7242563101466662
78 0.7292885301398725
79 0.7341884911265482
80 0.7389611016945027
81 0.725797864435113
82 0.7306444059378446
83 0.7353690227309196
84 0.7399760287738909
85 0.744469537482741
86 0.7488534732546723
87 0.7360972675865639
88 0.7405612685723159
89 0.7449196200966701
90 0.7491758164573934
91 0.7533332001275532
92 0.7409283445265955
93 0.7451669708182523
94 0.7493098972480389
95 0.7533601264348593
96 0.7412630734738396
97 0.7453927171390683
98 0.7335661620340574
99 0.737768802883293
100 0.726198281771472
101 0.7304680828065219
102 0.7346479143573945
103 0.7387403858780648
104 0.7427480075174423
105 0.7466731948026825
106 0.7505182730598754
107 0.7391853434929806
108 0.7431036966813684
109 0.7469438911488925
110 0.7507080540987888
111 0.7543982368586012
112 0.7580164182365982
113 0.7615645077015334
114 0.7650443483965028
115 0.7684577199969079
116 0.7718063414218549
117 0.7750918734076839
118 0.7783159209517365
119 0.7672069552405197
120 0.7705154914422246
121 0.773763324560396
122 0.7769519504477179
123 0.780082816784946
124 0.7831573250068709
125 0.786176832136568
126 0.7752722173221799
127 0.7783772715606251
128 0.7814277797361217
129 0.7844250165813805
130 0.7873702179815378
131 0.7902645824447202
132 0.7795460408179568
133 0.7825254924664204
134 0.7719866470822729
135 0.7750468583277029
136 0.7780557040447011
137 0.7676838813528006
138 0.7707704770671441
139 0.7738060880997174
140 0.7767918177982293
141 0.7797287385023776
142 0.782617892627
143 0.7723846955865139
144 0.7753517762837292
145 0.765275260771475
146 0.755359408677783
147 0.7585199281322774
148 0.761630536773083
149 0.764692254202008
150 0.7548980846777849
151 0.7452564324110096
152 0.7485010544570595
153 0.7516956074429053
154 0.7548410838023168
155 0.7453043321314899
156 0.7485137334272554
157 0.7391062353745148
158 0.742376810446574
159 0.7455982158357565
160 0.7362982997240013
161 0.7271370389861734
162 0.7305238162831638
163 0.733860508743308
164 0.7371480544008556
165 0.7403873687512659
166 0.7435793454246138
167 0.734457859796256
168 0.737707896619929
169 0.7409109829149456
170 0.7440679704667476
171 0.7471796913084707
172 0.7502469582904158
173 0.7532705656298856
174 0.7562512894421735
175 0.7591898882534547
176 0.7620871034962948
177 0.7529369275492186
178 0.7558974068658716
179 0.7588166237956109
180 0.7497596966841518
181 0.7408281572110716
182 0.7439096576703609
183 0.7350814068521393
184 0.738219433841234
185 0.7413145787993466
186 0.7443675616094414
187 0.747379086876086
188 0.7385900995970592
189 0.7299197262087656
190 0.7330847178265829
191 0.7362072531111918
192 0.7276092630372543
193 0.7307851184059617
194 0.7339187465886854
195 0.737010829088105
196 0.72846001782553
197 0.7316053900453089
198 0.7347094128827463
199 0.7377727426847778
200 0.7407960227583836
201 0.743779883691798
202 0.7467249436662329
203 0.7381547010863139
204 0.7411554952792613
205 0.7441175746630144
206 0.73561456119716
207 0.7386313822592576
208 0.7416095779828319
209 0.7445497379000764
210 0.7360893575964249
211 0.7390841139710573
212 0.7307085589882903
213 0.7337562015666759
214 0.7367653892692274
215 0.7397366962378701
216 0.7426706860285731
217 0.7455679118525714
218 0.7371842464580878
219 0.7401358491977924
220 0.7430507160937682
221 0.7459293842414977
222 0.7375825910381775
223 0.7405154972078799
224 0.732248857040639
225 0.7352343858684132
226 0.7270456582336136
227 0.7189573342315425
228 0.722080397909037
229 0.7251653250668066
230 0.7171247840448302
231 0.7202578601228599
232 0.7122889840078315
233 0.7154688128930183
234 0.7186101925511339
235 0.7217136603616487
236 0.7247797445947403
237 0.7278089646009981
238 0.7308018309963807
239 0.7227743177637628
240 0.7258165159249402
241 0.7288224029379755
242 0.7317924759376478
243 0.7347272238573879
244 0.7376271275950653
245 0.7404926601747475
246 0.7433242869045424
247 0.73522085511978
248 0.7381047740308699
249 0.7409547403298704
250 0.7437712086847819
251 0.7465546264820844
252 0.7493054339691542
253 0.741179671284931
254 0.7439840526736451
255 0.7467557328770237
256 0.7386778788620958
257 0.7415023609256667
258 0.7442940578764922
259 0.736262328319141
260 0.7391060904784785
261 0.741916990013724
262 0.7446954537746867
263 0.7474419020554356
264 0.7394073540892294
265 0.7422064696349566
266 0.7342400796379104
267 0.737090493512421
268 0.7399082908362199
269 0.742693888372272
270 0.7454476966283351
271 0.73747517317116
272 0.7402809123881272
273 0.7430547581392235
274 0.7457971134413155
275 0.7485083753573294
276 0.7511889351023909
277 0.7538391781476899
278 0.7564594843221291
279 0.7590502279118115
280 0.7616117777574203
281 0.7641444973495422
282 0.7560310254102335
283 0.7480086556145962
284 0.7506809440864575
285 0.7533232959978322
286 0.755936080373556
287 0.7585196609791883
288 0.7610743964108198
289 0.7636006401830403
290 0.7660987408151101
291 0.7685690419153773
292 0.7710118822639836
293 0.7628780806884842
294 0.7653782281127728
295 0.7678506703600458
296 0.7702957426036516
297 0.7727137753712878
298 0.7645839147556923
299 0.76705947951738
300 0.769507749413388
301 0.7614241330585748
302 0.7639290883483254
303 0.7664065048062703
304 0.7688567110106806
305 0.7712800310800195
306 0.7736767847446289
307 0.7760472874170372
308 0.7783918502609204
309 0.7702466795451484
310 0.7726497261740156
311 0.7645721017971615
312 0.7670322519010365
313 0.7694655999144805
314 0.7718724605573367
315 0.7742531443815516
316 0.7766079578360897
317 0.7789372033306411
318 0.7812411792981481
319 0.7835201802561766
320 0.7857744968671584
321 0.7880044159975266
322 0.7902102207757705
323 0.7819914462388603
324 0.7842579891814329
325 0.7865000786699667
326 0.7887179969040595
327 0.7909120224467128
328 0.7827020733705663
329 0.7849568457861713
330 0.7871873821617797
331 0.7893939603224994
332 0.7812120320033838
333 0.7731178608555366
334 0.7754677479563729
335 0.7777924659349491
336 0.7800923014740304
337 0.7823675376387229
338 0.7846184539293108
339 0.7868453263331769
340 0.7890484273758277
341 0.7912280261710398
342 0.7830555964414191
343 0.7852956335612227
344 0.7875118202674273
345 0.7897044253065115
346 0.781558286440995
347 0.7838108955981206
348 0.7757306230073281
349 0.7780418922237775
350 0.7803286427992674
351 0.7825911491618992
352 0.7848296823745717
353 0.787044510182209
354 0.7789455454083243
355 0.7812196132005103
356 0.7834696402496331
357 0.7856958939323038
358 0.787898638380855
359 0.7900781345281911
360 0.7922346401519101
361 0.7943684099177096
362 0.7862123746104493
363 0.7884068141265308
364 0.7803162923378618
365 0.7825700660138656
366 0.7848001398504106
367 0.7870067748568927
368 0.7891902289276194
369 0.7913507568838531
370 0.7934886105151916
371 0.795604038620295
372 0.7874561432760748
373 0.7896323107011874
374 0.7917856831000915
375 0.7939165097116142
376 0.7960250368363552
377 0.7981115078756276
378 0.8001761633697974
379 0.8022192410360331
380 0.8042409758054759
381 0.8062415998598401
382 0.8082213426674553
383 0.8101804310187601
384 0.8019059268836118
385 0.793717677026306
386 0.7958235785370992
387 0.7979075460554571
388 0.7897652259779792
389 0.7919101470069286
390 0.7940327546358724
391 0.7961332897105527
392 0.7982119903001116
393 0.8002690917326647
394 0.802304826630349
395 0.8043194249438542
396 0.8063131139864452
397 0.8082861184674855
398 0.810238660525471
399 0.8121709597605794
400 0.803902307549771
401 0.8058984024449773
402 0.8078738251557387
403 0.8098287969318739
404 0.8015898638030458
405 0.8036080730826298
406 0.8056054099724377
407 0.8075820972820836
408 0.809538355302189
409 0.8013093812796177
410 0.803328742267135
411 0.7951655698003172
412 0.7972466959766057
413 0.7891479331186557
414 0.7811327105875507
415 0.7833553546809039
416 0.7855550859201376
417 0.7877321474065905
418 0.7898867795230404
419 0.7818702134502237
420 0.7840836842538246
421 0.7761283727652876
422 0.778399442274806
423 0.7705040969761173
424 0.7728315526966408
425 0.7751350781116092
426 0.7774149258464218
427 0.7796713457268529
428 0.7819045848127396
429 0.7841148874312114
430 0.7761692917095709
431 0.7784371117446385
432 0.780681658606175
433 0.7829031770964945
434 0.7851019093227167
435 0.7872780947288488
436 0.789431970127439
437 0.7915637697308062
438 0.7936737251818539
439 0.7957620655844749
440 0.7877087039150668
441 0.7898568999526825
442 0.7919831049651986
443 0.7940875491714817
444 0.7961704602776923
445 0.7982320635067649
446 0.8002725816275003
447 0.8022922349832783
448 0.8042912415203954
449 0.8062698168160333
450 0.8082281741058627
451 0.8000589384008424
452 0.8020796424586965
453 0.8040797112693162
454 0.8060593598405503
455 0.8080188008538901
456 0.79985598548005
457 0.8018776854568781
458 0.803878761223363
459 0.8058594272462786
460 0.7977217054550155
461 0.7997641496037484
462 0.7916895568493005
463 0.7937925020381978
464 0.7857797345622966
465 0.7879419310394332
466 0.7900821039986973
467 0.7922004817763543
468 0.7842067544291625
469 0.7863840267846535
470 0.778450419953596
471 0.7806853729496159
472 0.782897585851286
473 0.7850872939326207
474 0.7872547299551914
475 0.7894001241965196
476 0.7915237044781195
477 0.7936256961931928
478 0.7856245141708045
479 0.7777046464404762
480 0.7799454207565037
481 0.7821634298815007
482 0.7843589086648353
483 0.7865320894616247
484 0.7786062182542495
485 0.7707608198928886
486 0.7730705055823776
487 0.7753567476964806
488 0.7776197876475488
489 0.779859864292669
490 0.772004767780025
491 0.7743010711279187
492 0.7665030894789207
493 0.7688544685919241
494 0.7711820050827164
495 0.7734859439892015
496 0.7656983500271998
497 0.7579896885044659
498 0.7604259607969815
499 0.7628375464717934
500 0.7652246989042065
501 0.7675876688043352
502 0.7699267042464277
503 0.772242050697843
504 0.7745339510476837
505 0.7768026456350907
506 0.7790483722772017
507 0.7712103676859512
508 0.7735120794576146
509 0.7757904975406887
510 0.7780458604249209
511 0.7702198231614585
512 0.7624729585458884
513 0.7648618650288653
514 0.7571697784060349
515 0.7495554825286159
516 0.7520738759359192
517 0.7545668063089704
518 0.7570345338779066
519 0.7594773161577605
520 0.7618954079778971
521 0.7642890615111093
522 0.7666585263023774
523 0.7589521585735859
524 0.7613750194107879
525 0.7537225511292222
526 0.7561977236578146
527 0.7586478965105727
528 0.7610733246551701
529 0.7634742604095851
530 0.7658509534706209
531 0.7682036509421001
532 0.7604852155549515
533 0.7628915980241283
534 0.755227257529943
535 0.7576862366807208
536 0.7601204011117136
537 0.7625300034765918
538 0.7649152938119014
539 0.7672765195650662
540 0.769613925622071
541 0.7618844879655048
542 0.7642758420143284
543 0.7666430787034075
544 0.7589444673672525
545 0.7613650396157671
546 0.7637612059850301
547 0.766133214541408
548 0.7684813107901233
549 0.7708057377024878
550 0.7731067357428335
551 0.7753845428951402
552 0.7776393946893654
553 0.7798715242274803
554 0.7820811622092148
555 0.7842685369575152
556 0.7763966853584284
557 0.7786409506454105
558 0.7808626088628632
559 0.7730258088241899
560 0.7753036579028755
561 0.7675232065824429
562 0.7698561124056892
563 0.7721655266655113
564 0.7744516875281223
565 0.7767148307128872
566 0.7789551895181044
567 0.77113971099079
568 0.7734358548092
569 0.7757088866354518
570 0.7779590406000768
571 0.7801865484319547
572 0.7823916394835441
573 0.7745432107687378
574 0.776804771364684
575 0.7790435767725991
576 0.7712294607081273
577 0.7735240502059367
578 0.7757955564069775
579 0.7780442128906697
580 0.7802702508456224
581 0.7824738990946475
582 0.7846553841195004
583 0.7868149300853531
584 0.7789247171240747
585 0.7811416071231863
586 0.7833362057569775
587 0.7855087383861578
588 0.7876594280688349
589 0.7797618318323886
590 0.7819700270112229
591 0.7741298924904653
592 0.7763944367717793
593 0.7786362190326793
594 0.7808554692221308
595 0.7830524149430033
596 0.7852272814764663
597 0.7873802918061227
598 0.789511666641883
599 0.7916216244435814
600 0.7836865150273908
601 0.7758311335678012
602 0.778078065623584
603 0.7702792678546251
604 0.7625588174258111
605 0.7649386177584989
606 0.7672945126156594
607 0.7696267431979155
608 0.7619135297011498
609 0.764299584185486
610 0.766661674625465
611 0.758978679548028
612 0.7613939901356321
613 0.753764108804652
614 0.7562315715357809
615 0.7586742578651868
616 0.751072103543897
617 0.7535663885718077
618 0.756035630930444
619 0.758480083038799
620 0.7608999947518534
621 0.763295613387013
622 0.7556480607539062
623 0.7580962060717381
624 0.7605197777079481
625 0.762919023239832
626 0.7652941877321346
627 0.7676455137629115
628 0.7699732414491167
629 0.7722776084719218
630 0.7645412070648332
631 0.7668999075877245
632 0.7692349391232622
633 0.7715465399969744
634 0.773834946118459
635 0.7761003910061971
636 0.7783431058121048
637 0.7705468768532228
638 0.7728451430767456
639 0.7751203521919161
640 0.7673567828998229
641 0.7696868893376485
642 0.7719936214788633
643 0.7742772145271557
644 0.7765379013050073
645 0.7787759122780894
646 0.7809914755794016
647 0.7731699490751162
648 0.7754415883094085
649 0.7776904446139143
650 0.7799167471449067
651 0.7821207227406028
652 0.7843025959448752
653 0.7864625890307141
654 0.7886009220234449
655 0.7907178127237032
656 0.7827998963402594
657 0.7749613730992435
658 0.7772147545829692
659 0.7794455425685466
660 0.7716409196106702
661 0.7639145454775563
662 0.7662784182930407
663 0.7686185922407714
664 0.7709353055084653
665 0.7732287938780331
666 0.7754992907501166
667 0.7777470271683701
668 0.7799722318434889
669 0.7821751311769892
670 0.7843559492847413
671 0.7865149080202576
672 0.78865222699774
673 0.7807566785587561
674 0.7829515959043367
675 0.7851245145868008
676 0.7872756555792723
677 0.7894052376254641
678 0.7815025937383431
679 0.7836899220168895
680 0.7758446634029094
681 0.7680780239026724
682 0.7703996682273351
683 0.7726980478099983
684 0.7749733962607118
685 0.7672158014285922
686 0.7695459810029007
687 0.7718528122172078
688 0.7741365294831172
689 0.7763973648496083
690 0.7686259022287234
691 0.7709418526551265
692 0.7732345995676706
693 0.7755043758785211
694 0.777751412153232
695 0.7699667640099729
696 0.772269185259144
697 0.7745485406895568
698 0.7768050617884744
699 0.7690301668436333
700 0.7613331571691518
701 0.7537132511960085
702 0.7461696752250321
703 0.7487101267380498
704 0.7412167522635323
705 0.7438067313038781
706 0.746370767802139
707 0.7489091220355371
708 0.7514220516615402
709 0.7539098117443989
710 0.7563726547814097
711 0.7488030216904229
712 0.7513169334491567
713 0.7538056674154108
714 0.7562694761376193
715 0.758708609623373
716 0.7611233153651338
717 0.7535064866469254
718 0.7559732157967438
719 0.7584152419284163
720 0.750825679574243
721 0.7533191824044781
722 0.7457807240058786
723 0.7483246762681488
724 0.7508431539697087
725 0.7533364125541363
726 0.7558047048966627
727 0.7582482813301343
728 0.7606673896707067
729 0.7630622752432793
730 0.7554267301997424
731 0.7578740247814504
732 0.7502904930595047
733 0.7427828920647934
734 0.7453566569554451
735 0.7479046524608888
736 0.7404210639238387
737 0.7330124017125487
738 0.7256779147623824
739 0.7284227520585533
740 0.7311401087957661
741 0.7338302604206692
742 0.7264877622226662
743 0.719218772546218
744 0.7120225546422669
745 0.7149039266460001
746 0.717756453120988
747 0.7205804231560304
748 0.7233761229364165
749 0.7261438357732122
750 0.7288838421322484
751 0.7215911969866733
752 0.7243767245079117
753 0.7171292494017142
754 0.7199593903492378
755 0.722761201347489
756 0.7255349662643277
757 0.7182760492219725
758 0.7110897923754534
759 0.7139802867106437
760 0.70683707759406
761 0.7097700914438475
762 0.7126737475882012
763 0.7155483401531405
764 0.7183941603124888
765 0.721211496317613
766 0.7240006335268626
767 0.7167574078914788
768 0.7095866786047224
769 0.7124920774452899
770 0.7153683971006158
771 0.7182159288642925
772 0.7210349611069822
773 0.7138215930825913
774 0.7166845631734352
775 0.7195188799518559
776 0.7123207685834002
777 0.7151987177141613
778 0.7080438833488153
779 0.7109645951580436
780 0.7138560769424555
781 0.7067147587680335
782 0.7096487327173985
783 0.7125533446002333
784 0.7054251405601527
785 0.7083719821535013
786 0.7112893335722476
787 0.7141774901513724
788 0.7170367442638786
789 0.7098638211798922
790 0.7127662067183606
791 0.7056360548027802
792 0.698577253971474
793 0.7015925134068046
794 0.7045775997045179
795 0.7075328150050079
796 0.7004551364595595
797 0.6934482814878163
798 0.696514796753539
799 0.6895474037361623
800 0.6926529203590359
801 0.695727362095314
802 0.6987710400864832
803 0.7017842623547962
804 0.6947642685927278
805 0.6978175521690988
806 0.6908372802462953
807 0.6939298269475755
808 0.6969914298783307
809 0.6900194838699167
810 0.6931201835769059
811 0.6861870015340213
812 0.6893260190975486
813 0.6924336288176755
814 0.6955101451245713
815 0.6885531349568175
816 0.6916684497739429
817 0.694752594599651
818 0.6978058814691706
819 0.7008286192907023
820 0.7038211138768206
821 0.6967810842751551
822 0.6998140490229668
823 0.6928141364133922
824 0.685884258203929
825 0.6790237133483606
826 0.6722318078249147
827 0.6655078545657392
828 0.6688535815224413
829 0.6721658351762578
830 0.6654425903772492
831 0.6687889461985163
832 0.6620995096783863
833 0.6654792884026927
834 0.668825253937225
835 0.6721377447204953
836 0.6754170958005251
837 0.6686614390415121
838 0.6719755462482655
839 0.6652543419787131
840 0.668602513065614
841 0.6619150750928889
842 0.665296631612708
843 0.6586422874225946
844 0.6620565644519102
845 0.665436684780025
846 0.6687829902512602
847 0.6620938298433849
848 0.6654735570661033
849 0.6688194737701412
850 0.6721319183243666
851 0.6754112257087092
852 0.6786577275481543
853 0.6818717521463952
854 0.6750517702537091
855 0.6783018490649343
856 0.6715175978564176
857 0.6748030128774756
858 0.6780555619853355
859 0.6812755740732751
860 0.6844633747409781
861 0.6876192863275625
862 0.6907436279442778
863 0.6938367155068725
864 0.6968988617676367
865 0.699930376347122
866 0.702931565765543
867 0.7059027334738632
868 0.708844179884568
869 0.7017546076670291
870 0.7047375324557792
871 0.7076906186249553
872 0.7106141647472933
873 0.7035069345195415
874 0.7064723148254581
875 0.709408032378915
876 0.7123143839855698
877 0.7151916634794772
878 0.7180401617528764
879 0.7208601667856778
880 0.7136505358711459
881 0.7165144352741183
882 0.7093482882409339
883 0.7122552080246277
884 0.7151330505963301
885 0.7179821068876754
886 0.7108013206803775
887 0.7136936923372286
888 0.7065558151341359
889 0.7094906397241063
890 0.7123961084506414
891 0.7052712366759963
892 0.6982176317441251
893 0.7012358335315286
894 0.7042238457758384
895 0.7071819705222651
896 0.7101105067925855
897 0.7130097506154368
898 0.7158799950563058
899 0.7187215302472177
900 0.7215346434161264
901 0.7243196189160098
902 0.7270767382536737
903 0.7198051470263969
904 0.7126062881077423
905 0.7054794338482816
906 0.708424963315784
907 0.7113410310441708
908 0.7042268542259897
909 0.7071849012075498
910 0.70011230533217
911 0.7031114958250353
912 0.7060806881727569
913 0.6990191577441129
914 0.7020292715082643
915 0.6950082737153053
916 0.6880574999327206
917 0.6911772319952962
918 0.684264786116443
919 0.6774214781014937
920 0.6706466163050088
921 0.6739404615663412
922 0.6672004260706234
923 0.6705287302301182
924 0.6638228277336099
925 0.6671849048062302
926 0.6705133550311138
927 0.6738085147976868
928 0.667069835808203
929 0.6603985554270914
930 0.6637948632141196
931 0.6571563469427658
932 0.6605850737214738
933 0.6539786693322144
934 0.6574391697472627
935 0.6508642380005091
936 0.6443550663190777
937 0.6479118019840864
938 0.6514329645940599
939 0.6549189099929594
940 0.6483692092823856
941 0.6518857891300004
942 0.6553671977671102
943 0.6588137870135313
944 0.6522251547710585
945 0.6557031615828968
946 0.6591463831848836
947 0.662555167531449
948 0.6659298590954424
949 0.6592700852848853
950 0.6626776251513896
951 0.6660510848285789
952 0.6693908052136899
953 0.6726971237930897
954 0.6759703746764218
955 0.6792108886304107
956 0.6724183279768454
957 0.6756943604042646
958 0.6689369763161346
959 0.672247820214102
960 0.6655249124961473
961 0.6688698749384395
962 0.672181383545857
963 0.6654591529936118
964 0.6588041530400622
965 0.6622163188234103
966 0.6655943588231331
967 0.6689386143791777
968 0.672249423416457
969 0.6755271204790336
970 0.66877145893534
971 0.6620833617752716
972 0.6654627195295711
973 0.6588077192322409
974 0.662219831421629
975 0.6555972692125087
976 0.6490409398673821
977 0.6425501809134837
978 0.6461248696915568
979 0.6396632799351916
980 0.6332663128638277
981 0.6369338394644731
982 0.6305641748481219
983 0.6342587204232479
984 0.6379163168146957
985 0.6315368366261805
986 0.6252211575485661
987 0.6189686414451849
988 0.6227791387645586
989 0.6265515274542607
990 0.6302861886733574
991 0.6339834997678753
992 0.6376438343089617
993 0.6312671035630838
994 0.6349545999254377
995 0.6386052179927983
996 0.632218881667359
997 0.6358968548573077
998 0.6395380450912846
999 0.6431428202630125
1000 0.6467115445860002
1001 0.6502445786303699
1002 0.6537422793593156
1003 0.6572050001651977
1004 0.6506326803341503
1005 0.6541264955364822
1006 0.6575853697607641
1007 0.6610096524730179
1008 0.6543992952511408
1009 0.6578554372378259
1010 0.6612770151192503
1011 0.6546639919118593
1012 0.6581174828236757
1013 0.6615364362227406
1014 0.6549208262242898
1015 0.6483713772141642
1016 0.641887427485197
1017 0.6354683219492294
1018 0.6391137687509042
1019 0.6427227584970497
1020 0.6462956558097153
1021 0.6498328216637052
1022 0.6533346134230712
1023 0.646801045678681
1024 0.6503331538283846
1025 0.6538299385362436
1026 0.6472914239599584
1027 0.6508186246442221
1028 0.6543105510345844
1029 0.6477672365714228
1030 0.6512896755656798
1031 0.6547768879538616
1032 0.6482289161833065
1033 0.651746734932214
1034 0.6552293733461435
1035 0.6486768826118692
1036 0.6421899207053703
1037 0.6357678322603492
1038 0.6394102601948937
1039 0.6430162617355143
1040 0.636585915264639
1041 0.6402201589815377
1042 0.6338177779805515
1043 0.6374797017910977
1044 0.6311047296850814
1045 0.6347937826945845
1046 0.6284456739869054
1047 0.6321613162658765
1048 0.6358398001515307
1049 0.6394814972670166
1050 0.6430867755184704
1051 0.646655999132202
1052 0.6501895286915088
1053 0.6536877211731202
1054 0.6471506815892861
1055 0.6406790156325747
1056 0.6442723129532415
1057 0.6478296755598674
1058 0.6513514628342368
1059 0.6548380305636268
1060 0.6582897309767656
1061 0.6617069127794322
1062 0.6650899211896986
1063 0.66843909797282
1064 0.6717547814757753
1065 0.6750373066614626
1066 0.6782870051425521
1067 0.6815042052150005
1068 0.6846892318912291
1069 0.6778421933003856
1070 0.6810638395025385
1071 0.6742530585055434
1072 0.6775105954437092
1073 0.6807355556687535
1074 0.6839282649745491
1075 0.6870890458964972
1076 0.690218217744124
1077 0.6933160966333489
1078 0.68638280036174
1079 0.6895190329505608
1080 0.6826237107346821
1081 0.6857975337257831
1082 0.6889396172909917
1083 0.6920502788483673
1084 0.6851296489053745
1085 0.6882784096907806
1086 0.6813955016490204
1087 0.6745814251542243
1088 0.667835491841837
1089 0.6611570202319258
1090 0.6545453356603148
1091 0.6579999414640976
1092 0.6614200000325309
1093 0.6648058568613973
1094 0.6681578539910554
1095 0.6714763300410032
1096 0.6747616202440955
1097 0.668013895248632
1098 0.6613336496681389
1099 0.6547202086653816
1100 0.6481729041523553
1101 0.6416910747227755
1102 0.6452742189149495
1103 0.6488215305718911
1104 0.65233336804071
1105 0.6558100860846117
1106 0.6592520359187456
1107 0.6626595652456932
1108 0.666033018290603
1109 0.6693727358359723
1110 0.6726790552560818
1111 0.6659521704819413
1112 0.6592925564305777
1113 0.6626996776391793
1114 0.6660727267049011
1115 0.6694120443676956
1116 0.6727179679597463
1117 0.6659906995673431
1118 0.6693308361777434
1119 0.6726375705542675
1120 0.6759112367365234
1121 0.6791521654233791
1122 0.6723605585972975
1123 0.6656368695344175
1124 0.6589804190233772
1125 0.6623906563298584
1126 0.6657667904374802
1127 0.6691091623946648
1128 0.6724181098390232
1129 0.6756939670314697
1130 0.6789370648899952
1131 0.682147731023103
1132 0.6853262897629095
1133 0.6884730621979142
1134 0.6915883662054414
1135 0.6946725164837588
1136 0.6977258245838722
1137 0.7007485989410048
1138 0.70374114490576
1139 0.706703764774973
1140 0.7096367578222538
1141 0.7025403167194036
1142 0.705514944063459
1143 0.6984597229799095
1144 0.701475156064408
1145 0.6944603346886221
1146 0.687515662915929
1147 0.6906405367682383
1148 0.6937341612754376
1149 0.696796848943049
1150 0.6898288145029396
1151 0.6929305554215295
1152 0.696001278352562
1153 0.6990412934874226
1154 0.6920508169965508
1155 0.6851302465353635
1156 0.688278972127897
1157 0.6913962099061484
1158 0.6944822747593716
1159 0.6975374784277076
1160 0.7005621295336787
1161 0.7035565336133699
1162 0.7065209931472969
1163 0.7094558075909663
1164 0.7123612734051296
1165 0.715237684085735
1166 0.7080852496046106
1167 0.701004340615348
1168 0.7039943208254369
1169 0.7069544007634581
1170 0.7098848794414846
1171 0.7127860528812827
1172 0.7156582141442186
1173 0.7085015782467227
1174 0.7114165841409515
1175 0.7143024395448687
1176 0.7171594359719615
1177 0.7099877898660868
1178 0.7128879326838035
1179 0.715759073661084
1180 0.718601502824537
1181 0.7214155073003415
1182 0.7142013027252336
1183 0.7170593091128116
1184 0.7098886677976428
1185 0.7027897338552905
1186 0.7057618561071085
1187 0.7087042567465573
1188 0.7016171683950401
1189 0.7046010157945963
1190 0.7075550243403926
1191 0.7104794924285244
1192 0.7133747154709749
1193 0.7062409244891656
1194 0.7091785331112676
1195 0.7120867652915929
1196 0.7049658551900707
1197 0.7079162140497415
1198 0.7108370689743232
1199 0.7137287150100621
1200 0.7165914442526048
1201 0.7194255458765065
1202 0.7222313061644455
1203 0.725009008536144
1204 0.7277589335770003
1205 0.7304813590664346
1206 0.7331765600059514
1207 0.7358448086469209
1208 0.7384863745180827
1209 0.7411015244527746
1210 0.7336904708286318
1211 0.7363535797738704
1212 0.73899005735795
1213 0.7416001698998893
1214 0.734184131308787
1215 0.7368423030869057
1216 0.7394738928867268
1217 0.7420791665332178
1218 0.744658387192993
1219 0.7472118154008998
1220 0.7497397090863375
1221 0.7422422772322279
1222 0.7448198662918651
1223 0.7373716337810711
1224 0.7399979292588926
1225 0.7325979170067732
1226 0.7352719496277009
1227 0.7279191980340974
1228 0.7306400178123109
1229 0.7233335863737778
1230 0.7161002198717149
1231 0.7089391876443779
1232 0.7118498078510929
1233 0.7147313216152847
1234 0.717584020006164
1235 0.7204081911821535
1236 0.7232041204199989
1237 0.7259720901435867
1238 0.7287123799524746
1239 0.7314252666501375
1240 0.7341110242719289
1241 0.7367699241127644
1242 0.7394022347545283
1243 0.7420082220932043
1244 0.7445881493657369
1245 0.7471422771766235
1246 0.7496708635242402
1247 0.7521741638269044
1248 0.7546524309486768
1249 0.7571059152249062
1250 0.7495348298433642
1251 0.7520394901353125
1252 0.7545191036533919
1253 0.7569739208687434
1254 0.7494041564686977
1255 0.7519101231602013
1256 0.7443909974037155
1257 0.7469470956834482
1258 0.7394776008484333
1259 0.7320828014369458
1260 0.7247619504852945
1261 0.727514339517837
1262 0.7202391737821184
1263 0.7230367905492949
1264 0.7258064309795496
1265 0.7285483748396199
1266 0.7212628696004907
1267 0.7240502490444566
1268 0.716809725620991
1269 0.7196416364702234
1270 0.7224452280496646
1271 0.7252207835552226
1272 0.7279685833507821
1273 0.7306889049965265
1274 0.7333820232769759
1275 0.7260481832818038
1276 0.7287877087573273
1277 0.7214998124219636
1278 0.7142847954329855
1279 0.707141928989307
1280 0.7100705172042738
1281 0.712969819387744
1282 0.7158401284030043
1283 0.7186817341846498
1284 0.7214949237678716
1285 0.7242799813174519
1286 0.7270371881564696
1287 0.7297668227947183
1288 0.7324691609568399
1289 0.7351444756101777
1290 0.7377930369923499
1291 0.730415089694375
1292 0.73311094492098
1293 0.73577984147346
1294 0.7384220489409813
1295 0.7410378342167703
1296 0.7436274615250736
1297 0.7461911924478495
1298 0.7487292859511904
1299 0.7512419984114842
1300 0.7537295836413107
1301 0.7461922721647867
1302 0.748730354657058
1303 0.7512430562206494
1304 0.7537306306669124
1305 0.7461933093363954
1306 0.7487313812514806
1307 0.7512440723477465
1308 0.753731636435365
1309 0.7561943247863662
1310 0.7586323861600216
1311 0.761046066827972
1312 0.7634356105991047
1313 0.7658012588441817
1314 0.7681432505202214
1315 0.7704618221946374
1316 0.7627571902226756
1317 0.7651296225120534
1318 0.7674783303951245
1319 0.7698035511176116
1320 0.7721055195527475
1321 0.7743844682250005
1322 0.7666406105314766
1323 0.7689742083078769
1324 0.7712844700292668
1325 0.7735716290577339
1326 0.7758359164217138
1327 0.7780775608393281
1328 0.7702967729226596
1329 0.7725938087907325
1330 0.7748678742285382
1331 0.777119198941804
1332 0.7793480103391718
1333 0.7715545185116217
1334 0.7738389767287694
1335 0.7661005755518606
1336 0.7584395586137727
1337 0.7608551665183694
1338 0.7632466182744544
1339 0.7656141554448953
1340 0.7679580171769032
1341 0.7702784402261905
1342 0.7725756589808858
1343 0.7648498918800983
1344 0.7672013961285485
1345 0.7695293852714858
1346 0.7718340944612196
1347 0.7641157434294954
1348 0.7664745890471478
1349 0.7688098461478899
1350 0.7711217506180992
1351 0.7734105359852659
1352 0.7756764334415811
1353 0.7679196595630732
1354 0.7702404657944539
1355 0.7625380518478994
1356 0.764912674164424
1357 0.7672635502013667
1358 0.7595909057214578
1359 0.7619949994491845
1360 0.7643750521842135
1361 0.7667313043375747
1362 0.7690639939161658
1363 0.7613733454190806
1364 0.7637596145937051
1365 0.7661220210242699
1366 0.7684608033392564
1367 0.7707761977808408
1368 0.7730684382287576
1369 0.7753377562239231
1370 0.7675843706200706
1371 0.759908519032285
1372 0.7623094362825776
1373 0.764686344311799
1374 0.7670394832131265
1375 0.759369080815351
1376 0.7517753825921099
1377 0.7442576214986614
1378 0.7468150477312524
1379 0.7393468901780343
1380 0.7419534237211876
1381 0.7445338918802551
1382 0.7470885553100458
1383 0.7496176720588017
1384 0.7521214975942629
1385 0.7546002848294742
1386 0.7570542841483314
1387 0.7594837434308735
1388 0.7618889080783222
1389 0.7542700124690525
1390 0.7467273059457923
1391 0.7492600350133938
1392 0.7417674284336764
1393 0.7443497562748962
1394 0.7469062607954051
1395 0.749437200229252
1396 0.7519428302281285
1397 0.754423403887193
1398 0.7568791717706361
1399 0.7593103819369906
1400 0.7617172799641888
1401 0.7641001089743683
1402 0.7664591096584306
1403 0.7687945203003533
1404 0.7711065768012605
1405 0.7733955127032509
1406 0.7756615592129884
1407 0.7679049380742621
1408 0.7602258832573002
1409 0.7626236261051826
1410 0.7649973914911452
1411 0.7573474123214479
1412 0.7597739398483521
1413 0.7621762020671499
1414 0.7545544349665682
1415 0.7470088856380827
1416 0.7495387984343344
1417 0.7520434120697361
1418 0.7545229795365509
1419 0.7569777512971061
1420 0.7594079753090929
1421 0.7518138908383908
1422 0.7542957534563762
1423 0.756752797417807
1424 0.7591852709098532
1425 0.7515934136703654
1426 0.7540774810011885
1427 0.7565367076294996
1428 0.7589713419629052
1429 0.7613816299249234
1430 0.7537678093048549
1431 0.7562301325951936
1432 0.7586678326250992
1433 0.7610811556277244
1434 0.7534703399225234
1435 0.7459356324569381
1436 0.7484762774898024
1437 0.7409915107558805
1438 0.7335815917680827
1439 0.7362457772315641
1440 0.728883315680583
1441 0.7315944839013262
1442 0.7342785404124487
1443 0.7369357563315923
1444 0.7395664000652113
1445 0.7421707373356853
1446 0.7347490263761606
1447 0.7374015373812743
1448 0.7400275232510864
1449 0.7426272492374522
1450 0.7452009779396986
1451 0.7477489693311496
1452 0.7502714807853863
1453 0.7527687671022443
1454 0.755241080533552
1455 0.7576886708086101
1456 0.7601117851594179
1457 0.7625106683456457
1458 0.7548855583963483
1459 0.7473366996115341
1460 0.7498633336760433
1461 0.7523647013788008
1462 0.7548410553838445
1463 0.757292645828563
1464 0.759719720348963
1465 0.7521225201126379
1466 0.7446012919390295
1467 0.7371552761063095
1468 0.7397837243633695
1469 0.7423858881175982
1470 0.7449620302144272
1471 0.7475124108708255
1472 0.750037287701585
1473 0.7525369157453414
1474 0.7550115474903368
1475 0.7474614292895896
1476 0.7499868158993248
1477 0.7524869486250003
1478 0.7449620765027106
1479 0.7475124566221736
1480 0.7500373329228405
1481 0.7525369604432496
1482 0.7550115916715469
1483 0.7574614765709897
1484 0.7598868626051968
1485 0.7622879947631435
1486 0.7646651155839088
1487 0.7670184651811757
1488 0.769348281267483
1489 0.7716547991782386
1490 0.7639382487903926
1491 0.7662988670281536
1492 0.7686358790690963
1493 0.770949520975476
1494 0.7732400264489203
1495 0.7755076268540344
1496 0.7677525483183846
1497 0.7700750235073606
1498 0.7723742739310709
1499 0.7746505318374343
1500 0.7769040271518851
1501 0.7691349847204855
1502 0.771443635508693
1503 0.7737291997763738
1504 0.7659919056914442
1505 0.7583319845888985
1506 0.7607486653819457
1507 0.7631411793543478
1508 0.7555097655833173
1509 0.7579546685546833
1510 0.7603751224838543
1511 0.7627713718615008
1512 0.7651436587333813
1513 0.7674922227247921
1514 0.7698173010647719
1515 0.7721191286100639
1516 0.7743979378688398
1517 0.776653959024185
1518 0.7788874199573494
1519 0.7810985462707666
1520 0.7732875590139991
1521 0.7755546839393744
1522 0.7777991376052373
1523 0.7700211444957638
1524 0.7623209313518798
1525 0.7546977203732436
1526 0.7571507436999603
1527 0.7595792367828539
1528 0.7519834428051742
1529 0.754463608897512
1530 0.7569189733185705
1531 0.7493497820288184
1532 0.7518562847188255
1533 0.7443377203562507
1534 0.7468943436628294
1535 0.7494254007261906
1536 0.7519311472089684
1537 0.7544118362171666
1538 0.7468677164089791
1539 0.7493990397252277
1540 0.751905049798755
1541 0.7543859997621786
1542 0.7468421383755673
1543 0.7493737174532695
1544 0.7518799807310116
1545 0.7443611795804433
1546 0.7369175664681118
1547 0.7395483912640828
1548 0.7321529060694565
1549 0.734831377468424
1550 0.7274830624452799
1551 0.7302082322791965
1552 0.7329061504056524
1553 0.7255770876933902
1554 0.718321315632294
1555 0.7211381029310815
1556 0.7239267223478246
1557 0.7266874555615236
1558 0.7294205814343859
1559 0.7321263760399928
1560 0.7248051111546645
1561 0.7275570604617324
1562 0.7302814902673993
1563 0.7329786757668447
1564 0.7356488894032938
1565 0.7382924008955352
1566 0.7309094758185621
1567 0.7236003800136125
1568 0.7263643766053606
1569 0.7291007332233929
1570 0.7218097248779983
1571 0.7245916280119267
1572 0.7273457121068998
1573 0.7300722553534588
1574 0.7327715331602366
1575 0.7354438181817763
1576 0.738089380346073
1577 0.7407084868818391
1578 0.733301401063248
1579 0.7359683873911698
1580 0.7386087038490751
1581 0.7412226171357982
1582 0.7338103900514592
1583 0.7364722864755378
1584 0.7291075627217044
1585 0.7318164874182417
1586 0.7244983216781825
1587 0.7272533387841112
1588 0.729980805712559
1589 0.732680997965428
1590 0.7253541871530332
1591 0.7281006455905346
1592 0.730819639437511
1593 0.7235114422371814
1594 0.7262763281166746
1595 0.7290135651313657
1596 0.7317234297700221
1597 0.7344061957565218
1598 0.7370621340775008
1599 0.7296915119714543
1600 0.7323945971295872
1601 0.7350706514306096
1602 0.7377199451832026
1603 0.7303427449955977
1604 0.7230393168245108
1605 0.7158089229494854
1606 0.708650833027275
1607 0.7115643249761324
1608 0.7144486819999465
1609 0.7173041954480783
1610 0.7201311537563929
1611 0.722929842476395
1612 0.7257005443040714
1613 0.7284435391084474
1614 0.731159103959856
1615 0.733847513157925
1616 0.7265090373840788
1617 0.729243947247205
1618 0.7319515080069844
1619 0.7346319931545441
1620 0.7272856726053801
1621 0.7300128161063094
1622 0.7327126881677126
1623 0.7353855615040745
1624 0.738031706102734
1625 0.7406513892511543
1626 0.7432448755639222
1627 0.7458124270094774
1628 0.7483543029365732
1629 0.750870760100474
1630 0.7433620519285593
1631 0.745928431602452
1632 0.7484691474757617
1633 0.7509844561865705
1634 0.7434746110762079
1635 0.7460398651509307
1636 0.7485794666812152
1637 0.7510936721925793
1638 0.7435827349436929
1639 0.746146907772357
1640 0.7486854388691903
1641 0.7411985839708284
1642 0.7437865983055382
1643 0.7363487318262241
1644 0.7389852446821124
1645 0.7415953924059763
1646 0.7341794380018156
1647 0.736837643792166
1648 0.7294692668867161
1649 0.7321745743877859
1650 0.7248528281885837
1651 0.7276043000760952
1652 0.7203282566318564
1653 0.7231249742342943
1654 0.7258937246573496
1655 0.7186347869814816
1656 0.7214484392764025
1657 0.724233955045096
1658 0.7169916150790536
1659 0.7198216990890395
1660 0.7126234816933092
1661 0.7054972464795928
1662 0.708442274177134
1663 0.7113578515944692
1664 0.7042442726942095
1665 0.6972018295906006
1666 0.7002298114550275
1667 0.6932275129734105
1668 0.686295237483914
1669 0.6894322852702494
1670 0.6925379625755138
1671 0.6956125831045823
1672 0.698656457425279
1673 0.7016698929997491
1674 0.704653194215515
1675 0.7076066624162224
1676 0.7105305959320797
1677 0.7134252901099921
1678 0.7162910373433944
1679 0.7191281271017862
1680 0.7219368459599708
1681 0.7247174776270023
1682 0.7274703029748437
1683 0.7201955996203947
1684 0.7229936437478304
1685 0.7157637069940714
1686 0.7186060700472292
1687 0.7214200094674057
1688 0.7242058094909796
1689 0.7269637515119646
1690 0.7296941141104334
1691 0.7323971730806571
1692 0.7350732014589632
1693 0.7377224695513148
1694 0.7403452449606148
1695 0.7429417926137362
1696 0.7355123743966074
1697 0.7281572503674408
1698 0.7308756779681215
1699 0.7335669212907188
1700 0.7262312518018136
1701 0.7289689393857685
1702 0.7316792500918545
1703 0.7343624576888907
1704 0.7270188328465917
1705 0.7297486446157989
1706 0.7324511582653703
1707 0.7351266467765409
1708 0.7377753804007328
1709 0.7403976266868528
1710 0.742993650508318
1711 0.7355637137529478
1712 0.7382080767036063
1713 0.730825995692844
1714 0.7335177358238971
1715 0.7261825582282998
1716 0.7289207327337351
1717 0.7316315254923704
1718 0.7243152100077304
1719 0.7270720579933465
1720 0.7198013371896711
1721 0.7226033239031378
1722 0.7253772907477709
1723 0.728123517922293
1724 0.730842282823438
1725 0.7235338597813239
1726 0.7162985209738871
1727 0.7091355355586964
1728 0.7120441802857023
1729 0.7149237385637943
1730 0.7177745012574946
1731 0.7205967563226792
1732 0.7233907888356644
1733 0.7161568807519636
1734 0.7189953120203263
1735 0.7218053589744954
1736 0.7245873054576428
1737 0.7273414324745081
1738 0.7300680182197831
1739 0.732767338106212
1740 0.7254396645407163
1741 0.7281852679637233
1742 0.730903415351139
1743 0.7235943810191271
1744 0.7263584372757643
1745 0.7190948527291462
1746 0.7119039040314541
1747 0.7147848650587256
1748 0.7076370162421296
1749 0.7105606461469305
1750 0.7034550395237177
1751 0.7064204891953074
1752 0.7093562843688515
1753 0.7022627213684894
1754 0.7052400942199074
1755 0.6981876931250436
1756 0.7012058162584738
1757 0.7041937581592824
1758 0.7071518206398215
1759 0.7100803024943189
1760 0.7029794993231966
1761 0.7059497043904986
1762 0.708890207405923
1763 0.7018013051902641
1764 0.7047832921973306
1765 0.7077354593331528
1766 0.7106581047964666
1767 0.7035515236121428
1768 0.7065160084323343
1769 0.7094508484032033
1770 0.7023563397870867
1771 0.6953327762597599
1772 0.6983794485527559
1773 0.7013956541217158
1774 0.7043816976339017
1775 0.7073378807099032
1776 0.7102645019541031
1777 0.7131618569848401
1778 0.716030238464269
1779 0.7088699359578459
1780 0.7117812366472869
1781 0.7146634243288579
1782 0.7175167901326573
1783 0.7203416222774816
1784 0.7231382060999392
1785 0.7159068239231476
1786 0.7187477557289516
1787 0.7215602782158012
1788 0.7143446753215353
1789 0.7072012284584431
1790 0.7101292162184452
1791 0.71302792409996
1792 0.7158976449017899
1793 0.7187386684947492
1794 0.7215512818509436
1795 0.7243357690727573
1796 0.7270924114215505
1797 0.7198214872041374
1798 0.7226232723714646
1799 0.7253970396863353
1800 0.7181430691895728
1801 0.7209616385361053
1802 0.7237520221884076
1803 0.7265145020034374
1804 0.7192493568872926
1805 0.7220568633551888
1806 0.7148362946280171
1807 0.7176879317183408
1808 0.7205110524370326
1809 0.7233059419478237
1810 0.7260728825628073
1811 0.7288121537709552
1812 0.7315240322663495
1813 0.734208791976131
1814 0.736866704088169
1815 0.7294980369600099
1816 0.7322030566221288
1817 0.7248810259709082
1818 0.7276322157428176
1819 0.7203558935026017
1820 0.7231523345990745
1821 0.7259208112839557
1822 0.728661603201374
1823 0.7313749871990158
1824 0.7240612372478903
1825 0.7168206247978508
1826 0.7196524185799027
1827 0.7224558944235365
1828 0.7252313355081482
1829 0.7279790221813399
1830 0.7306992319872371
1831 0.7333922396945238
1832 0.736058317324197
1833 0.7286977340782007
1834 0.7214107566661121
1835 0.7141966490295635
1836 0.707054682470771
1837 0.709984135673878
1838 0.7028842942504014
1839 0.7058554513355466
1840 0.698796896757162
1841 0.7018089278170622
1842 0.6947908384755216
1843 0.6878429300286577
1844 0.6909645007559965
1845 0.6940548557755121
1846 0.6971143072442937
1847 0.6901431641119898
1848 0.6832417324122001
1849 0.676409315030576
1850 0.6796452219072316
1851 0.672848769632098
1852 0.6761202819624926
1853 0.6793590791690517
1854 0.682565488403024
1855 0.6857398335441459
1856 0.6788824351549126
1857 0.6720936107506422
1858 0.675372674668346
1859 0.6786189479463711
1860 0.6818327584911243
1861 0.6850144309299481
1862 0.6881642866439113
1863 0.6912826438002718
1864 0.6843698173122318
1865 0.6875261191617273
1866 0.6906508579922779
1867 0.6837443493638483
1868 0.6869069058921995
1869 0.6900378368548296
1870 0.6931374585074044
1871 0.6962060839430333
1872 0.6992440231238938
1873 0.6922515828464184
1874 0.6953290670381
1875 0.6983757763874638
1876 0.7013920186429413
1877 0.7043780984754788
1878 0.6973343174464308
1879 0.7003609742908087
1880 0.7033573645663677
1881 0.7063237909388036
1882 0.7092605530471551
1883 0.7121679475340699
1884 0.7150462680757697
1885 0.7178958054117134
1886 0.7207168473739652
1887 0.7235096789162688
1888 0.7262745821428301
1889 0.729011836336813
1890 0.7317217179885492
1891 0.7344045008234675
1892 0.737060455829742
1893 0.739689851285665
1894 0.7422929527867459
1895 0.7348700232195321
1896 0.7375213230012498
1897 0.7401461097848735
1898 0.7427446487003897
1899 0.7453172022264848
1900 0.7378640301666495
1901 0.7404853898780648
1902 0.7430805359921056
1903 0.7456497306447508
1904 0.7381932333021972
1905 0.7308113009337875
1906 0.7235031878897663
1907 0.7262681560238596
1908 0.7190054744298392
1909 0.7218154196984803
1910 0.7245972655141776
1911 0.7273512928714655
1912 0.7300777799549332
1913 0.7327770021673238
1914 0.7254492321135604
1915 0.7181947397609734
1916 0.7110127923325381
1917 0.7139026644214923
1918 0.7167636377893125
1919 0.7195960014232151
1920 0.7124000413793142
1921 0.705276040936443
1922 0.698223280498579
1923 0.6912410476656607
1924 0.6943286372012325
1925 0.6873853508019963
1926 0.690511497306111
1927 0.6936063823449432
1928 0.686670318495106
1929 0.6898036153219561
1930 0.692905579180303
1931 0.6959765233998363
1932 0.6990167581769485
1933 0.7020265906060686
1934 0.7050063247106808
1935 0.6979562614385746
1936 0.7009766988347923
1937 0.7039669318568367
1938 0.7069272625484538
1939 0.6998579898988895
1940 0.6928594099763
1941 0.6959308158867908
1942 0.6989715077379727
1943 0.7019817926704427
1944 0.704961974753392
1945 0.6979123549832505
1946 0.6909332314112604
1947 0.694023899106862
1948 0.6970836601253144
1949 0.6901128235025872
1950 0.6932116952770121
1951 0.6962795783335046
1952 0.6893167825293574
1953 0.6924236147132574
1954 0.6954993785751356
1955 0.6885443847692128
1956 0.6916589409304634
1957 0.6947423515299236
1958 0.6977949280232147
1959 0.7008169787514021
1960 0.6938088089445587
1961 0.6868707208361682
1962 0.6800020136092387
1963 0.6732019934549479
1964 0.6764699735290568
1965 0.6797052738022523
1966 0.682908221072547
1967 0.6860791388699733
1968 0.689218347489263
1969 0.6923261640222009
1970 0.6954029023896536
1971 0.6884488733485843
1972 0.6915643846227152
1973 0.6946487407839531
1974 0.6977022533834303
1975 0.700725230856767
1976 0.7037179785552277
1977 0.7066807987765639
1978 0.7096139907955497
1979 0.7125178508942112
1980 0.7053926723691953
1981 0.6983387456297496
1982 0.7013553581801218
1983 0.7043418046048576
1984 0.707298386565216
1985 0.7102254027058433
1986 0.7131231486849393
1987 0.7159919172041219
1988 0.7188319980379927
1989 0.7216436780634072
1990 0.7244272412884523
1991 0.7171829688609357
1992 0.7200111391779815
1993 0.7228110277917443
1994 0.7255829175192594
1995 0.7283270883493911
1996 0.7310438174711155
1997 0.7337333793015188
1998 0.7363960455135163
1999 0.7390320850632942
2000 0.7416417642174765
2001 0.7342253465617543
2002 0.7368830931009431
2003 0.7395142621746443
2004 0.7321191195397906
2005 0.7347979283490932
2006 0.7274499490528379
2007 0.7301754495669966
2008 0.7328736950759207
2009 0.7255449581128085
2010 0.7282895085362603
2011 0.7310066134553864
2012 0.723696547308877
2013 0.7264595818402619
2014 0.7191949860102147
2015 0.7120030361386996
2016 0.714883005781837
2017 0.7177341757284532
2018 0.720556833975515
2019 0.7233512656400196
2020 0.7261177529877944
2021 0.7188565754470678
2022 0.7216680096967556
2023 0.7144513295892204
2024 0.7173068162974678
2025 0.7101337481241985
2026 0.7130324106470751
2027 0.7159020865446409
2028 0.7187430656831506
2029 0.7215556350301965
2030 0.7143400786700465
2031 0.7171966778872059
2032 0.7200247111121169
2033 0.7228244640047033
2034 0.7255962193682902
2035 0.7283402571781689
2036 0.7310568546098779
2037 0.7237462860544792
2038 0.7165088231848197
2039 0.7093437349440381
2040 0.702250297585842
2041 0.7052277946136222
2042 0.7081755166710519
2043 0.7110937615078365
2044 0.7039828238843266
2045 0.6969429956372198
2046 0.6999735656843694
2047 0.7029738300309774
2048 0.6959440917226609
2049 0.6989846508088629
2050 0.6919948042929712
2051 0.6850748562423941
2052 0.6882241076834157
2053 0.6913418666099586
2054 0.6844284479364455
2055 0.6775841634498152
2056 0.6708083218081957
2057 0.6641002385831342
2058 0.6674592362007628
2059 0.6707846438421462
2060 0.6740767974070484
2061 0.6773360294362355
2062 0.6805626691450658
2063 0.6737570424469485
2064 0.6770194720256428
2065 0.6702492772988864
2066 0.6735467845290318
2067 0.6768113166868134
2068 0.6800432035229559
2069 0.683242771490677
2070 0.6864103437786625
2071 0.6895462403437104
2072 0.6926507779430514
2073 0.6957242701663438
2074 0.6887670274585784
2075 0.6918793571866949
2076 0.6849605636088806
2077 0.6781109579669627
2078 0.681329848390005
2079 0.6745165499004221
2080 0.6777713844041054
2081 0.6809936705626985
2082 0.6841837338596533
2083 0.677341896515575
2084 0.6805684775529784
2085 0.6837627927799571
2086 0.6869251648546161
2087 0.6900559132084795
2088 0.6931553540787564
2089 0.6962238005402834
2090 0.6992615625371491
2091 0.702268946914001
2092 0.695246257439721
2093 0.6982937948675321
2094 0.701310856921021
2095 0.7042977483539321
2096 0.7072547708724718
2097 0.7101822231657847
2098 0.713080400936124
2099 0.7059495969218981
2100 0.7088901009546651
2101 0.7118011999470648
2102 0.7146831879495019
2103 0.7075363560653235
2104 0.7104609925065677
2105 0.7133563825833616
2106 0.7162228187593506
2107 0.7090605905672486
2108 0.7119699846633892
2109 0.7048502848123627
2110 0.7078017819660417
2111 0.7107237641481482
2112 0.7036165265024121
2113 0.7065803612391445
2114 0.6995145576226074
2115 0.692519412042318
2116 0.6855942179179125
2117 0.6887382757405234
2118 0.6918508929848723
2119 0.6949323840567431
2120 0.6879830602123369
2121 0.6811032296064511
2122 0.6842921973121131
2123 0.6874492753406841
2124 0.6905747825889357
2125 0.6936690347646718
2126 0.6967323444186183
2127 0.6997650209759936
2128 0.702767370767764
2129 0.7057396970615862
2130 0.7086823000924405
2131 0.7115954770929569
2132 0.7144795223234395
2133 0.7173347271015892
2134 0.7201613798319297
2135 0.72295976603494
2136 0.7257301683758937
2137 0.7184728666887554
2138 0.7212881380231657
2139 0.724075256644206
2140 0.7268345040790107
2141 0.7295661590394424
2142 0.7322704974502455
2143 0.7349477924769169
2144 0.737598314553298
2145 0.7402223314088925
2146 0.7428201080959085
2147 0.7453919070160324
2148 0.7379379879427646
2149 0.7305586080602912
2150 0.7232530219767032
2151 0.7260204917580557
2152 0.7287602868415722
2153 0.7314726839742318
2154 0.7341579571355434
2155 0.736816377565221
2156 0.7394482137905812
2157 0.7420537316536677
2158 0.7446331943381036
2159 0.7471868623956758
2160 0.7497149937726533
2161 0.7522178438358424
2162 0.7546956653983813
2163 0.7471487087416916
2164 0.7496772216551723
2165 0.742180449435986
2166 0.7347586449390442
2167 0.727411058487123
2168 0.7301369479031813
2169 0.7228355784216846
2170 0.7256072226383941
2171 0.7283511504129181
2172 0.7310676389096787
2173 0.7337569625214542
2174 0.7364193928970942
2175 0.739055198968961
2176 0.7416646469800924
2177 0.7342480005079812
2178 0.7369055205037208
2179 0.729536465296434
2180 0.7322411006442872
2181 0.7349186896386455
2182 0.7375695027430443
2183 0.7401938077163837
2184 0.7427918696399741
2185 0.7353639509414394
2186 0.7280103114299323
2187 0.7307302083163992
2188 0.7334229062339862
2189 0.7260886771696213
2190 0.7288277903986738
2191 0.7215395124927149
2192 0.7243241173685337
2193 0.7270808761955796
2194 0.7298100674343403
2195 0.7325119667606993
2196 0.7351868470937807
2197 0.7378349786235175
2198 0.7304566288354214
2199 0.7331520625477402
2200 0.7258205419204504
2201 0.728562336501917
2202 0.7312767131375556
2203 0.7339639460068245
2204 0.7366243065473881
2205 0.7292580634801824
2206 0.7219654828436834
2207 0.714745828013583
2208 0.7175983697340977
2209 0.7204223860373945
2210 0.7132181621754099
2211 0.7160859805542907
2212 0.71892512074937
2213 0.7217358695424861
2214 0.7245185108476588
2215 0.7172733257376417
2216 0.7101005924787556
2217 0.7029995865524883
2218 0.705969590687576
2219 0.6989098947792585
2220 0.7019207958320747
2221 0.7049015878743505
2222 0.7078525719961918
2223 0.710774046276803
2224 0.7136663058145967
2225 0.7165296427570013
2226 0.7193643463299709
2227 0.7221707028672001
2228 0.7149489958371806
2229 0.7177995058793353
2230 0.720621510821058
2231 0.7234152957133531
2232 0.716181142754923
2233 0.7190193313278773
2234 0.7218291380150922
2235 0.724610846635425
2236 0.7273647381695448
2237 0.730091090788314
2238 0.7327901798808865
2239 0.7354622780825238
2240 0.7381076553021361
2241 0.7407265787495435
2242 0.7333193129608474
2243 0.7359861198316668
2244 0.7386262586337695
2245 0.7312399960462701
2246 0.7339275960862259
2247 0.7365883201257739
2248 0.7292224369233922
2249 0.7219302125530567
2250 0.7247109104279419
2251 0.7174638013225894
2252 0.7202891633097777
2253 0.7130862716756345
2254 0.7059554089578537
2255 0.7088958548686934
2256 0.7018068963190083
2257 0.7047888273562338
2258 0.7077409390830789
2259 0.7006635296912811
2260 0.7036568943947733
2261 0.7066203254512223
2262 0.7095541221970991
2263 0.7024585809741969
2264 0.7054339951648415
2265 0.708379655213572
2266 0.7112958586618077
2267 0.7141829000755535
2268 0.7170410710751546
2269 0.7198706603647527
2270 0.7126719537602245
2271 0.7155452342229703
2272 0.7183897818810817
2273 0.7112058840614182
2274 0.7040938252199683
2275 0.7070528869681127
2276 0.7099823580987691
2277 0.7028825345169719
2278 0.7058537091721376
2279 0.6987951720796274
2280 0.691807220358058
2281 0.6948891481548151
2282 0.6979402566735978
2283 0.6909608541061126
2284 0.6940512455653799
2285 0.687110733108996
2286 0.690239625778232
2287 0.693337229520769
2288 0.6864038572248536
2289 0.6795398186519113
2290 0.6827444204657127
2291 0.6859169762613698
2292 0.6890578064990642
2293 0.6921672284343754
2294 0.6952455561503276
2295 0.6882931005881627
2296 0.6914101695825747
2297 0.6944960678870368
2298 0.6975511072084485
2299 0.7005755961366403
2300 0.7035698401755448
2301 0.7065341417740549
2302 0.7094688003565747
2303 0.7123741123532641
2304 0.7152503712299815
2305 0.7180978675179267
2306 0.7209168888429875
2307 0.7237077199547931
2308 0.7264706427554758
2309 0.7292059363281472
2310 0.7319138769650873
2311 0.7345947381956536
2312 0.7372487908139098
2313 0.7398763029059794
2314 0.7424775398771241
2315 0.7450527644785531
2316 0.7476022368339641
2317 0.7401262144650542
2318 0.7427249523205999
2319 0.7352977027968387
2320 0.7379447257690661
2321 0.7405652785115674
2322 0.7431596257266398
2323 0.7357280294688399
2324 0.7383707491743393
2325 0.7309870416820763
2326 0.7236771712647462
2327 0.7264403995522893
2328 0.7291759955569532
2329 0.7318842356015667
2330 0.7345653932457304
2331 0.7372197393134491
2332 0.7398475419204869
2333 0.742449066501451
2334 0.7450245758366021
2335 0.7475743300783984
2336 0.7500985867777734
2337 0.7525976009101517
2338 0.7450716249005854
2339 0.7476209086517354
2340 0.7501446995653707
2341 0.7526432525698666
2342 0.7551168200443148
2343 0.7575656518440155
2344 0.7499899953251348
2345 0.7424900953714516
2346 0.735065194417314
2347 0.7277145424727262
2348 0.7204373970475925
2349 0.7232330230772711
2350 0.7260006928466499
2351 0.728740685918332
2352 0.7314532790592941
2353 0.7341387462688439
2354 0.7267973588057693
2355 0.7295293852178539
2356 0.7322340913658149
2357 0.7349117504522933
2358 0.7375626329479041
2359 0.7401870066185563
2360 0.7427851365524994
2361 0.7453572851871005
2362 0.7379037123348678
2363 0.7305246752111647
2364 0.7332194284591813
2365 0.7258872341742443
2366 0.7286283618326297
2367 0.7313420782144285
2368 0.7340286574324071
2369 0.7266883708577511
2370 0.7294214871492959
2371 0.7321272722779228
2372 0.7348059995552612
2373 0.7374579395598237
2374 0.7400833601643385
2375 0.7426825265628058
2376 0.7452557012972862
2377 0.7478031442844196
2378 0.7503251128416797
2379 0.752821861713365
2380 0.7552936430963314
2381 0.7477407066650653
2382 0.7402632995981179
2383 0.7428606666022387
2384 0.7454320599363163
2385 0.7479777393370513
2386 0.7504979619437769
2387 0.7529929823244333
2388 0.7554630525012814
2389 0.7579084219763591
2390 0.7603293377566841
2391 0.7627260443792042
2392 0.7650987839354975
2393 0.7674477960962259
2394 0.7697733181353454
2395 0.7720755849540721
2396 0.7743548291046101
2397 0.7766112808136411
2398 0.7788451680055801
2399 0.7710567163252637
2400 0.773346149162087
2401 0.7756126876705404
2402 0.7778565607939079
2403 0.7800779951860403
2404 0.7822772152342499
2405 0.784454443081976
2406 0.7866098986512234
2407 0.7887437996647771
2408 0.790856361668194
2409 0.7929477980515753
2410 0.7950183200711216
