0 1.0
1 0.49748743718592964
2 0.49748743718592964
3 0.32998888926298775
4 0.2462438448492145
5 0.4000404011837588
6 0.4000404011837588
7 0.33168062290527583
8 0.43005742421423393
9 0.43005742421423393
10 0.43005742421423393
11 0.5038313315938383
12 0.5038313315938383
13 0.4455733186451254
14 0.5035568694705512
15 0.4554440785072409
16 0.41535750857710796
17 0.46309161819642375
18 0.5039976184643282
19 0.46798277690859014
20 0.5037986675824278
21 0.5353924165646378
22 0.5353924165646378
23 0.5030397314558298
24 0.5030397314558298
25 0.47410135781147444
26 0.4480651458023197
27 0.47707280178630274
28 0.45302308561899035
29 0.431072773668293
30 0.431072773668293
31 0.431072773668293
32 0.4576182333089711
33 0.4820302004190511
34 0.4820302004190511
35 0.4610684333907622
36 0.4416678737940258
37 0.4416678737940258
38 0.4416678737940258
39 0.4416678737940258
40 0.46443085910341303
41 0.44606141298251933
42 0.44606141298251933
43 0.42892495301948247
44 0.41290215316332696
45 0.39788860296496553
46 0.41921968785265945
47 0.4047362066964527
48 0.39108815204060154
49 0.41114541026664747
50 0.43010702212927115
51 0.4165580144772831
52 0.4165580144772831
53 0.4037120283268084
54 0.4217252337589712
55 0.438848242790706
56 0.438848242790706
57 0.42610365170502545
58 0.442458757063224
59 0.442458757063224
60 0.43007842352010467
61 0.41825705831762655
62 0.41825705831762655
63 0.406958199352719
64 0.406958199352719
65 0.39614848752009457
66 0.41192679837852597
67 0.4270489190123917
68 0.4162373879106952
69 0.4307934620946126
70 0.4307934620946126
71 0.4202097286828077
72 0.43424948442757777
73 0.44775724824220087
74 0.4372129822173749
75 0.45028892529671766
76 0.45028892529671766
77 0.46289423640494964
78 0.4750532717532789
79 0.48678873649570886
80 0.48678873649570886
81 0.49812182231623986
82 0.48725327328596185
83 0.48725327328596185
84 0.48725327328596185
85 0.49831024101139154
86 0.48768742862195186
87 0.47740741559932004
88 0.4883024903154125
89 0.49885593806471873
90 0.509083070400149
91 0.49880093424464744
92 0.5088216494058346
93 0.5088216494058346
94 0.5185448469530863
95 0.5083794880212549
96 0.5179253574223259
97 0.5079625441922788
98 0.517340760469517
99 0.5264576297713439
100 0.5264576297713439
101 0.5353234849627423
102 0.525387603160038
103 0.525387603160038
104 0.5341218856553428
105 0.5341218856553428
106 0.5426239883241268
107 0.5509026350124665
108 0.5589661189423533
109 0.5490091623086057
110 0.5569804562145418
111 0.5647512158437114
112 0.5549193651245806
113 0.5549193651245806
114 0.5549193651245806
115 0.54532973003002
116 0.5531301513235104
117 0.5437079582997558
118 0.5345109604528033
119 0.5423307830903737
120 0.5499673173317139
121 0.5408516686255034
122 0.548412292197061
123 0.5558006401341786
124 0.5630221736771084
125 0.5630221736771084
126 0.5700821266897628
127 0.5769855173788008
128 0.5837371592952091
129 0.590341671669114
130 0.590341671669114
131 0.5810298138236408
132 0.5719174500300374
133 0.5785931835746416
134 0.5851282519457212
135 0.5851282519457212
136 0.5761039373215179
137 0.5826063393071702
138 0.5826063393071702
139 0.5737168493822135
140 0.5737168493822135
141 0.5650087847870493
142 0.5650087847870493
143 0.5650087847870493
144 0.5715772122073807
145 0.5715772122073807
146 0.5629901127634412
147 0.5629901127634412
148 0.5629901127634412
149 0.5695227211721253
150 0.5610511757275474
151 0.5610511757275474
152 0.5610511757275474
153 0.567548783895009
154 0.5591877102010409
155 0.5591877102010409
156 0.5656511298679957
157 0.5573957489182244
158 0.5638257827163072
159 0.5701338415683933
160 0.5763230539328064
161 0.5823964432679797
162 0.5823964432679797
163 0.5883569324057907
164 0.5799949978282358
165 0.5799949978282358
166 0.5859392167405448
167 0.5859392167405448
168 0.5859392167405448
169 0.5859392167405448
170 0.5859392167405448
171 0.5776808698068938
172 0.5836088514724725
173 0.5754498245787639
174 0.5813616326748373
175 0.5871683290255791
176 0.5790554491359776
177 0.5848495064643202
178 0.5768295829461801
179 0.5689488944339781
180 0.574816459127514
181 0.5670200903141134
182 0.5670200903141134
183 0.5593567716372037
184 0.5593567716372037
185 0.5593567716372037
186 0.5518235032803094
187 0.5518235032803094
188 0.5518235032803094
189 0.5444173734698315
190 0.5371355552642856
191 0.5433057406716121
192 0.5433057406716121
193 0.5433057406716121
194 0.5433057406716121
195 0.5493734666297445
196 0.542098294850092
197 0.5481425367511206
198 0.5481425367511206
199 0.5481425367511206
200 0.5540879708568468
201 0.5599367074076728
202 0.565690798166148
203 0.5713522384313565
204 0.5769229689705213
205 0.5694476419568161
206 0.5750099613430608
207 0.5804844407743355
208 0.5858728746869617
209 0.5783690217019253
210 0.5783690217019253
211 0.5783690217019253
212 0.5709820205923581
213 0.5637095274360202
214 0.5692513122288609
215 0.5692513122288609
216 0.5747079608216566
217 0.5674470323650401
218 0.5728976003563714
219 0.5728976003563714
220 0.5728976003563714
221 0.5728976003563714
222 0.5728976003563714
223 0.5782655245687582
224 0.5710163639289834
225 0.5710163639289834
226 0.5763805168979211
227 0.5816643622351023
228 0.5816643622351023
229 0.5868694290604995
230 0.5919972090756102
231 0.5919972090756102
232 0.5846670153764719
233 0.57744478954882
234 0.5703285203917041
235 0.5756113963962947
236 0.5756113963962947
237 0.5808173701399568
238 0.5808173701399568
239 0.585947851433223
240 0.5910042170096379
241 0.5959878114906659
242 0.588741560609873
243 0.5815988292402945
244 0.5815988292402945
245 0.5815988292402945
246 0.5866641563413868
247 0.5795767011089503
248 0.5725894091514776
249 0.5657005175179379
250 0.5657005175179379
251 0.570915035202601
252 0.5760566257720396
253 0.5811265541960161
254 0.5861260575656132
255 0.5791438097300731
256 0.5841477041719073
257 0.5841477041719073
258 0.589082777044063
259 0.589082777044063
260 0.5821049442267817
261 0.5752224654788243
262 0.5684337400418195
263 0.5617372011310036
264 0.5668910597708412
265 0.5668910597708412
266 0.5668910597708412
267 0.571975363272396
268 0.576991258615087
269 0.576991258615087
270 0.576991258615087
