0 1.0
1 0.5
2 0.6666666666666666
3 0.5
4 0.4
5 0.5
6 0.42857142857142855
7 0.375
8 0.4444444444444444
9 0.4
10 0.36363636363636365
11 0.4166666666666667
12 0.46153846153846156
13 0.42857142857142855
14 0.4666666666666667
15 0.4375
16 0.4117647058823529
17 0.3888888888888889
18 0.42105263157894735
19 0.4
20 0.42857142857142855
21 0.45454545454545453
22 0.4782608695652174
23 0.4583333333333333
24 0.44
25 0.46153846153846156
26 0.4444444444444444
27 0.4642857142857143
28 0.4482758620689655
29 0.43333333333333335
30 0.45161290322580644
31 0.46875
32 0.45454545454545453
33 0.47058823529411764
34 0.4857142857142857
35 0.4722222222222222
36 0.4864864864864865
37 0.47368421052631576
38 0.46153846153846156
39 0.45
40 0.4634146341463415
41 0.4523809523809524
42 0.4418604651162791
43 0.4318181818181818
44 0.4222222222222222
45 0.41304347826086957
46 0.425531914893617
47 0.4166666666666667
48 0.40816326530612246
49 0.42
50 0.43137254901960786
51 0.4230769230769231
52 0.41509433962264153
53 0.4074074074074074
54 0.41818181818181815
55 0.42857142857142855
56 0.43859649122807015
57 0.43103448275862066
58 0.4406779661016949
59 0.45
60 0.4426229508196721
61 0.43548387096774194
62 0.42857142857142855
63 0.421875
64 0.4307692307692308
65 0.42424242424242425
66 0.43283582089552236
67 0.4411764705882353
68 0.43478260869565216
69 0.44285714285714284
70 0.43661971830985913
71 0.4305555555555556
72 0.4383561643835616
73 0.44594594594594594
74 0.44
75 0.4473684210526316
76 0.44155844155844154
77 0.44871794871794873
78 0.45569620253164556
79 0.4625
80 0.4567901234567901
81 0.4634146341463415
82 0.4578313253012048
83 0.4642857142857143
84 0.47058823529411764
85 0.47674418604651164
86 0.47126436781609193
87 0.4659090909090909
88 0.47191011235955055
89 0.4777777777777778
90 0.4835164835164835
91 0.4782608695652174
92 0.4731182795698925
93 0.46808510638297873
94 0.47368421052631576
95 0.46875
96 0.4742268041237113
97 0.46938775510204084
98 0.47474747474747475
99 0.48
100 0.4752475247524752
101 0.4803921568627451
102 0.47572815533980584
103 0.47115384615384615
104 0.47619047619047616
105 0.4811320754716981
106 0.48598130841121495
107 0.49074074074074076
108 0.4954128440366973
109 0.5
110 0.5045045045045045
111 0.5089285714285714
112 0.504424778761062
113 0.5
114 0.4956521739130435
115 0.49137931034482757
116 0.49572649572649574
117 0.4915254237288136
118 0.48739495798319327
119 0.49166666666666664
120 0.49586776859504134
121 0.4918032786885246
122 0.4959349593495935
123 0.5
124 0.504
125 0.5079365079365079
126 0.5118110236220472
127 0.515625
128 0.5193798449612403
129 0.5230769230769231
130 0.5190839694656488
131 0.5227272727272727
132 0.518796992481203
133 0.5223880597014925
134 0.5259259259259259
135 0.5294117647058824
136 0.5255474452554745
137 0.5289855072463768
138 0.5323741007194245
139 0.5285714285714286
140 0.5319148936170213
141 0.528169014084507
142 0.5244755244755245
143 0.5208333333333334
144 0.5241379310344828
145 0.5273972602739726
146 0.5238095238095238
147 0.527027027027027
148 0.5302013422818792
149 0.5266666666666666
150 0.5231788079470199
151 0.5263157894736842
152 0.5228758169934641
153 0.525974025974026
154 0.5225806451612903
155 0.5192307692307693
156 0.5222929936305732
157 0.5189873417721519
158 0.5220125786163522
159 0.525
160 0.5217391304347826
161 0.5246913580246914
162 0.5214723926380368
163 0.524390243902439
164 0.5212121212121212
165 0.5240963855421686
166 0.5269461077844312
167 0.5297619047619048
168 0.5325443786982249
169 0.5352941176470588
170 0.5321637426900585
171 0.5290697674418605
172 0.5317919075144508
173 0.5287356321839081
174 0.5257142857142857
175 0.5227272727272727
176 0.519774011299435
177 0.5168539325842697
178 0.5139664804469274
179 0.5111111111111111
180 0.5138121546961326
181 0.510989010989011
182 0.5136612021857924
183 0.5108695652173914
184 0.5135135135135135
185 0.5161290322580645
186 0.5133689839572193
187 0.5106382978723404
188 0.5079365079365079
189 0.5052631578947369
190 0.5026178010471204
191 0.5052083333333334
192 0.5025906735751295
193 0.5
194 0.49743589743589745
195 0.5
196 0.49746192893401014
197 0.5
198 0.5025125628140703
199 0.5
200 0.5024875621890548
201 0.504950495049505
202 0.5073891625615764
203 0.5098039215686274
204 0.5073170731707317
205 0.5048543689320388
206 0.5072463768115942
207 0.5096153846153846
208 0.5119617224880383
209 0.5142857142857142
210 0.5165876777251185
211 0.5141509433962265
212 0.5117370892018779
213 0.5093457943925234
214 0.5116279069767442
215 0.5138888888888888
216 0.5161290322580645
217 0.5137614678899083
218 0.5159817351598174
219 0.5136363636363637
220 0.5158371040723982
221 0.5180180180180181
222 0.515695067264574
223 0.5178571428571429
224 0.5155555555555555
225 0.5132743362831859
226 0.5154185022026432
227 0.5131578947368421
228 0.5152838427947598
229 0.5173913043478261
230 0.5194805194805194
231 0.521551724137931
232 0.51931330472103
233 0.5170940170940171
234 0.5148936170212766
235 0.5169491525423728
236 0.5147679324894515
237 0.5168067226890757
238 0.5188284518828452
239 0.5208333333333334
240 0.5228215767634855
241 0.5247933884297521
242 0.522633744855967
243 0.5204918032786885
244 0.5183673469387755
245 0.516260162601626
246 0.5182186234817814
247 0.5161290322580645
248 0.5140562248995983
249 0.512
250 0.5139442231075697
251 0.5158730158730159
252 0.5177865612648221
253 0.5196850393700787
254 0.5215686274509804
255 0.51953125
256 0.5175097276264592
257 0.5193798449612403
258 0.5212355212355212
259 0.5230769230769231
260 0.5210727969348659
261 0.5190839694656488
262 0.5171102661596958
263 0.5189393939393939
264 0.5207547169811321
265 0.5225563909774437
266 0.5243445692883895
267 0.5261194029850746
268 0.5278810408921933
269 0.5296296296296297
270 0.5276752767527675
