0 0.0
1 0.0
2 0.3333333333333333
3 0.5
4 0.6
5 0.5
6 0.42857142857142855
7 0.5
8 0.4444444444444444
9 0.5
10 0.5454545454545454
11 0.5
12 0.5384615384615384
13 0.5
14 0.5333333333333333
15 0.5625
16 0.5882352941176471
17 0.5555555555555556
18 0.5789473684210527
19 0.55
20 0.5714285714285714
21 0.5909090909090909
22 0.6086956521739131
23 0.5833333333333334
24 0.56
25 0.5769230769230769
26 0.5925925925925926
27 0.6071428571428571
28 0.6206896551724138
29 0.6333333333333333
30 0.6129032258064516
31 0.625
32 0.6363636363636364
33 0.6470588235294118
34 0.6571428571428571
35 0.6666666666666666
36 0.6756756756756757
37 0.6842105263157895
38 0.6923076923076923
39 0.675
40 0.6829268292682927
41 0.6904761904761905
42 0.6744186046511628
43 0.6590909090909091
44 0.6444444444444445
45 0.6521739130434783
46 0.6382978723404256
47 0.6458333333333334
48 0.6530612244897959
49 0.66
50 0.6666666666666666
51 0.6538461538461539
52 0.660377358490566
53 0.6481481481481481
54 0.6545454545454545
55 0.6607142857142857
56 0.6666666666666666
57 0.6551724137931034
58 0.6440677966101694
59 0.65
60 0.6557377049180327
61 0.6612903225806451
62 0.6507936507936508
63 0.65625
64 0.6615384615384615
65 0.6666666666666666
66 0.6716417910447762
67 0.6764705882352942
68 0.6666666666666666
69 0.6714285714285714
70 0.676056338028169
71 0.6805555555555556
72 0.684931506849315
73 0.6891891891891891
74 0.6933333333333334
75 0.6842105263157895
76 0.6883116883116883
77 0.6923076923076923
78 0.6962025316455697
79 0.7
80 0.7037037037037037
81 0.7073170731707317
82 0.7108433734939759
83 0.7142857142857143
84 0.7176470588235294
85 0.7209302325581395
86 0.7241379310344828
87 0.7272727272727273
88 0.7303370786516854
89 0.7222222222222222
90 0.7252747252747253
91 0.7282608695652174
92 0.7204301075268817
93 0.7127659574468085
94 0.7157894736842105
95 0.7083333333333334
96 0.711340206185567
97 0.7040816326530612
98 0.7070707070707071
99 0.71
100 0.7029702970297029
101 0.7058823529411765
102 0.7087378640776699
103 0.7115384615384616
104 0.7142857142857143
105 0.7169811320754716
106 0.7102803738317757
107 0.7129629629629629
108 0.7155963302752294
109 0.7181818181818181
110 0.7207207207207207
111 0.7232142857142857
112 0.7256637168141593
113 0.7280701754385965
114 0.7304347826086957
115 0.7241379310344828
116 0.7264957264957265
117 0.7288135593220338
118 0.7310924369747899
119 0.7333333333333333
120 0.7355371900826446
121 0.7377049180327869
122 0.7398373983739838
123 0.7419354838709677
124 0.744
125 0.746031746031746
126 0.7480314960629921
127 0.75
128 0.751937984496124
129 0.7461538461538462
130 0.7404580152671756
131 0.7424242424242424
132 0.7443609022556391
133 0.7388059701492538
134 0.7407407407407407
135 0.7426470588235294
136 0.7445255474452555
137 0.7463768115942029
138 0.7410071942446043
139 0.7428571428571429
140 0.7446808510638298
141 0.7464788732394366
142 0.7412587412587412
143 0.7361111111111112
144 0.7379310344827587
145 0.7397260273972602
146 0.7414965986394558
147 0.7432432432432432
148 0.7449664429530202
149 0.74
150 0.7417218543046358
151 0.743421052631579
152 0.738562091503268
153 0.7402597402597403
154 0.7354838709677419
155 0.7371794871794872
156 0.7388535031847133
157 0.740506329113924
158 0.7421383647798742
159 0.74375
160 0.7453416149068323
161 0.7469135802469136
162 0.7484662576687117
163 0.75
164 0.7515151515151515
165 0.7530120481927711
166 0.7544910179640718
167 0.7559523809523809
168 0.757396449704142
169 0.7588235294117647
170 0.7602339181286549
171 0.7616279069767442
172 0.7630057803468208
173 0.764367816091954
174 0.76
175 0.7556818181818182
176 0.7570621468926554
177 0.7584269662921348
178 0.7597765363128491
179 0.7611111111111111
180 0.7624309392265194
181 0.7637362637362637
182 0.7650273224043715
183 0.7663043478260869
184 0.7675675675675676
185 0.7688172043010753
186 0.7700534759358288
187 0.7712765957446809
188 0.7724867724867724
189 0.7736842105263158
190 0.774869109947644
191 0.7760416666666666
192 0.7772020725388601
193 0.7783505154639175
194 0.7794871794871795
195 0.7806122448979592
196 0.7817258883248731
197 0.7777777777777778
198 0.7788944723618091
199 0.78
200 0.7810945273631841
201 0.7821782178217822
202 0.7783251231527094
203 0.7794117647058824
204 0.7804878048780488
205 0.7815533980582524
206 0.782608695652174
207 0.7788461538461539
208 0.7799043062200957
209 0.780952380952381
210 0.7819905213270142
211 0.7830188679245284
212 0.784037558685446
213 0.780373831775701
214 0.7813953488372093
215 0.7824074074074074
216 0.7788018433179723
217 0.7798165137614679
218 0.7808219178082192
219 0.7772727272727272
220 0.7782805429864253
221 0.7792792792792793
222 0.7802690582959642
223 0.78125
224 0.7777777777777778
225 0.7743362831858407
226 0.775330396475771
227 0.7719298245614035
228 0.7729257641921398
229 0.7695652173913043
230 0.7662337662337663
231 0.7672413793103449
232 0.7639484978540773
233 0.7649572649572649
234 0.7617021276595745
235 0.7627118644067796
236 0.7637130801687764
237 0.7647058823529411
238 0.7656903765690377
239 0.7666666666666667
240 0.7676348547717843
241 0.768595041322314
242 0.7695473251028807
243 0.7663934426229508
244 0.7673469387755102
245 0.7682926829268293
246 0.7692307692307693
247 0.7661290322580645
248 0.7670682730923695
249 0.768
250 0.7689243027888446
251 0.7698412698412699
252 0.7707509881422925
253 0.7677165354330708
254 0.7686274509803922
255 0.76953125
256 0.7704280155642024
257 0.7713178294573644
258 0.7683397683397684
259 0.7692307692307693
260 0.7701149425287356
261 0.7709923664122137
262 0.7718631178707225
263 0.7727272727272727
264 0.7735849056603774
265 0.7744360902255639
266 0.7715355805243446
267 0.7723880597014925
268 0.7732342007434945
269 0.7703703703703704
270 0.7675276752767528
271 0.7647058823529411
272 0.7655677655677655
273 0.7664233576642335
274 0.7636363636363637
275 0.7644927536231884
276 0.7617328519855595
277 0.7589928057553957
278 0.7598566308243727
279 0.7607142857142857
280 0.7615658362989324
281 0.7624113475177305
282 0.7632508833922261
283 0.7605633802816901
284 0.7614035087719299
285 0.7587412587412588
286 0.759581881533101
287 0.7569444444444444
288 0.7577854671280276
289 0.7586206896551724
290 0.7560137457044673
291 0.7568493150684932
292 0.7542662116040956
293 0.7551020408163265
294 0.7559322033898305
295 0.7533783783783784
296 0.7508417508417509
297 0.7516778523489933
298 0.7525083612040134
299 0.7533333333333333
300 0.7541528239202658
301 0.7516556291390728
302 0.7524752475247525
303 0.7532894736842105
304 0.7508196721311475
305 0.7516339869281046
306 0.752442996742671
307 0.7532467532467533
308 0.7540453074433657
309 0.7516129032258064
310 0.752411575562701
311 0.7532051282051282
312 0.7539936102236422
313 0.7515923566878981
314 0.7523809523809524
315 0.7531645569620253
316 0.750788643533123
317 0.7515723270440252
318 0.7523510971786834
319 0.753125
320 0.7538940809968847
321 0.7546583850931677
322 0.7554179566563467
323 0.7561728395061729
324 0.7569230769230769
325 0.7576687116564417
326 0.7553516819571865
327 0.7560975609756098
328 0.7537993920972644
329 0.7515151515151515
330 0.7522658610271903
331 0.7530120481927711
332 0.7507507507507507
333 0.7514970059880239
334 0.7522388059701492
335 0.7529761904761905
336 0.7507418397626113
337 0.7514792899408284
338 0.7522123893805309
339 0.75
340 0.750733137829912
341 0.7514619883040936
342 0.7521865889212828
343 0.752906976744186
344 0.7536231884057971
345 0.7543352601156069
346 0.7521613832853026
347 0.7528735632183908
348 0.7535816618911175
349 0.7542857142857143
350 0.7549857549857549
351 0.7556818181818182
352 0.7563739376770539
353 0.7570621468926554
354 0.7577464788732394
355 0.7584269662921348
356 0.7563025210084033
357 0.7569832402234636
358 0.7576601671309192
359 0.7555555555555555
360 0.7562326869806094
361 0.7569060773480663
362 0.7575757575757576
363 0.7582417582417582
364 0.7589041095890411
365 0.7568306010928961
366 0.7574931880108992
367 0.7581521739130435
368 0.7588075880758808
369 0.7567567567567568
370 0.7574123989218329
371 0.7553763440860215
372 0.7560321715817694
373 0.7566844919786097
374 0.7573333333333333
375 0.7579787234042553
376 0.7586206896551724
377 0.7566137566137566
378 0.7572559366754618
379 0.7578947368421053
380 0.7585301837270341
381 0.7591623036649214
382 0.7597911227154047
383 0.7604166666666666
384 0.7610389610389611
385 0.7590673575129534
386 0.7571059431524548
387 0.7577319587628866
388 0.7583547557840618
389 0.7589743589743589
390 0.7595907928388747
391 0.7602040816326531
392 0.7608142493638677
393 0.7614213197969543
394 0.759493670886076
395 0.76010101010101
396 0.760705289672544
397 0.7613065326633166
398 0.7619047619047619
399 0.7625
400 0.7630922693266833
401 0.763681592039801
402 0.7642679900744417
403 0.7648514851485149
404 0.7654320987654321
405 0.7660098522167488
406 0.7665847665847666
407 0.7647058823529411
408 0.7628361858190709
409 0.7634146341463415
410 0.7639902676399026
411 0.7645631067961165
412 0.7651331719128329
413 0.7632850241545893
414 0.763855421686747
415 0.7620192307692307
416 0.762589928057554
417 0.7631578947368421
418 0.7637231503579952
419 0.7642857142857142
420 0.7648456057007126
421 0.7630331753554502
422 0.7612293144208038
423 0.7594339622641509
424 0.76
425 0.7605633802816901
426 0.7611241217798594
427 0.7616822429906542
428 0.7622377622377622
429 0.7627906976744186
430 0.7633410672853829
431 0.7638888888888888
432 0.7644341801385681
433 0.7649769585253456
434 0.7632183908045977
435 0.7614678899082569
436 0.7597254004576659
437 0.7602739726027398
438 0.7608200455580866
439 0.7613636363636364
440 0.7596371882086168
441 0.7579185520361991
442 0.7562076749435666
443 0.7567567567567568
444 0.7573033707865169
445 0.7556053811659192
446 0.756152125279642
447 0.7566964285714286
448 0.7572383073496659
449 0.7555555555555555
450 0.7560975609756098
451 0.7566371681415929
452 0.7571743929359823
453 0.7555066079295154
454 0.756043956043956
455 0.756578947368421
456 0.7571115973741794
457 0.7554585152838428
458 0.7538126361655774
459 0.7543478260869565
460 0.754880694143167
461 0.7532467532467533
462 0.7537796976241901
463 0.7543103448275862
464 0.7526881720430108
465 0.7532188841201717
466 0.7537473233404711
467 0.7542735042735043
468 0.7547974413646056
469 0.7553191489361702
470 0.7537154989384289
471 0.7542372881355932
472 0.7526427061310782
473 0.7531645569620253
474 0.7536842105263157
475 0.7542016806722689
476 0.7547169811320755
477 0.7531380753138075
478 0.7515657620041754
479 0.75
480 0.7484407484407485
481 0.7489626556016598
482 0.7474120082815735
483 0.7479338842975206
484 0.7484536082474227
485 0.7469135802469136
486 0.7474332648870636
487 0.7459016393442623
488 0.7464212678936605
489 0.746938775510204
490 0.745417515274949
491 0.7459349593495935
492 0.7464503042596349
493 0.7469635627530364
494 0.7474747474747475
495 0.7459677419354839
496 0.7464788732394366
497 0.7469879518072289
498 0.7474949899799599
499 0.748
500 0.7485029940119761
501 0.7470119521912351
502 0.7455268389662028
503 0.7440476190476191
504 0.7425742574257426
505 0.7430830039525692
506 0.7435897435897436
507 0.7421259842519685
508 0.7426326129666012
509 0.7431372549019608
510 0.7436399217221135
511 0.7421875
512 0.7407407407407407
513 0.7412451361867705
514 0.7417475728155339
515 0.7422480620155039
516 0.7427466150870407
517 0.7432432432432432
518 0.74373795761079
519 0.7442307692307693
520 0.744721689059501
521 0.7432950191570882
522 0.7437858508604207
523 0.7442748091603053
524 0.7428571428571429
525 0.7433460076045627
526 0.7438330170777988
527 0.7424242424242424
528 0.7429111531190926
529 0.7433962264150943
530 0.743879472693032
531 0.7424812030075187
532 0.7429643527204502
533 0.7434456928838952
534 0.7439252336448599
535 0.7444029850746269
536 0.7430167597765364
537 0.741635687732342
538 0.7421150278293135
539 0.7425925925925926
540 0.7430683918669131
541 0.7435424354243543
542 0.7421731123388582
543 0.7426470588235294
544 0.7412844036697248
545 0.7417582417582418
546 0.7422303473491774
547 0.7427007299270073
548 0.7431693989071039
549 0.7436363636363637
550 0.7422867513611615
551 0.7427536231884058
552 0.7432188065099458
553 0.7418772563176895
554 0.7423423423423423
555 0.7428057553956835
556 0.7432675044883303
557 0.7419354838709677
558 0.7423971377459749
559 0.7428571428571429
560 0.7433155080213903
561 0.7419928825622776
562 0.7424511545293073
563 0.7429078014184397
564 0.7415929203539823
565 0.7402826855123675
566 0.7407407407407407
567 0.7394366197183099
568 0.7398945518453427
569 0.7403508771929824
570 0.7408056042031523
571 0.7412587412587412
572 0.7399650959860384
573 0.740418118466899
574 0.7408695652173913
575 0.7395833333333334
576 0.7400346620450606
577 0.740484429065744
578 0.7409326424870466
579 0.7413793103448276
580 0.7401032702237521
581 0.738831615120275
582 0.7392795883361921
583 0.7397260273972602
584 0.7384615384615385
585 0.7389078498293515
586 0.737649063032368
587 0.7380952380952381
588 0.7385398981324278
589 0.7389830508474576
590 0.739424703891709
591 0.7398648648648649
592 0.7403035413153457
593 0.7407407407407407
594 0.7394957983193278
595 0.738255033557047
596 0.7370184254606366
597 0.7374581939799331
598 0.7378964941569283
599 0.7383333333333333
600 0.7387687188019967
601 0.739202657807309
602 0.7379767827529021
603 0.7384105960264901
604 0.7388429752066116
605 0.7392739273927392
606 0.7397034596375618
607 0.7384868421052632
608 0.7389162561576355
609 0.7377049180327869
610 0.7381342062193126
611 0.738562091503268
612 0.7389885807504079
613 0.739413680781759
614 0.7398373983739838
615 0.7402597402597403
616 0.7406807131280388
617 0.7411003236245954
618 0.7415185783521809
619 0.7419354838709677
620 0.7423510466988728
621 0.7427652733118971
622 0.7431781701444623
623 0.7435897435897436
624 0.7424
625 0.7428115015974441
626 0.7432216905901117
627 0.7420382165605095
628 0.7424483306836248
629 0.7428571428571429
630 0.7416798732171157
631 0.7420886075949367
632 0.7424960505529226
633 0.7429022082018928
634 0.7433070866141732
635 0.7421383647798742
636 0.7409733124018838
637 0.7413793103448276
638 0.7417840375586855
639 0.7421875
640 0.7425897035881436
641 0.7429906542056075
642 0.7433903576982893
643 0.7437888198757764
644 0.7441860465116279
645 0.7445820433436533
646 0.7449768160741885
647 0.7453703703703703
648 0.7457627118644068
649 0.7461538461538462
650 0.7465437788018433
651 0.7469325153374233
652 0.7473200612557427
653 0.7477064220183486
654 0.7480916030534351
655 0.7484756097560976
656 0.7488584474885844
657 0.7492401215805471
658 0.7496206373292867
659 0.75
660 0.7503782148260212
661 0.7492447129909365
662 0.7496229260935143
663 0.7484939759036144
664 0.7488721804511278
665 0.7492492492492493
666 0.7481259370314842
667 0.7485029940119761
668 0.7488789237668162
669 0.7492537313432835
670 0.7496274217585693
671 0.75
672 0.75037147102526
673 0.7507418397626113
674 0.7511111111111111
675 0.7514792899408284
676 0.7518463810930576
677 0.7522123893805309
678 0.7511045655375552
679 0.75
680 0.750367107195301
681 0.750733137829912
682 0.7510980966325037
683 0.7514619883040936
684 0.7518248175182481
685 0.7521865889212828
686 0.75254730713246
687 0.752906976744186
688 0.7532656023222061
689 0.7536231884057971
690 0.7539797395079595
691 0.7543352601156069
692 0.7546897546897547
693 0.7550432276657061
694 0.7553956834532374
695 0.7543103448275862
696 0.7532281205164992
697 0.7521489971346705
698 0.7525035765379113
699 0.7528571428571429
700 0.7532097004279601
701 0.7521367521367521
702 0.7524893314366998
703 0.7528409090909091
704 0.7531914893617021
705 0.7535410764872521
706 0.7538896746817539
707 0.7542372881355932
708 0.7531734837799718
709 0.7535211267605634
710 0.7538677918424754
711 0.7542134831460674
712 0.7545582047685835
713 0.7535014005602241
714 0.7524475524475525
715 0.7513966480446927
716 0.7517433751743375
717 0.7520891364902507
718 0.7510431154381085
719 0.7513888888888889
720 0.7517337031900139
721 0.7520775623268698
722 0.7524204702627939
723 0.7527624309392266
724 0.7531034482758621
725 0.7534435261707989
726 0.7537826685006878
727 0.7541208791208791
728 0.7530864197530864
729 0.7520547945205479
730 0.7510259917920656
731 0.7513661202185792
732 0.7503410641200545
733 0.7506811989100818
734 0.7510204081632653
735 0.751358695652174
736 0.751696065128901
737 0.7520325203252033
738 0.7523680649526387
739 0.7527027027027027
740 0.7530364372469636
741 0.7533692722371967
742 0.7523553162853297
743 0.7526881720430108
744 0.7516778523489933
745 0.7520107238605898
746 0.751004016064257
747 0.7513368983957219
748 0.7503337783711616
749 0.7506666666666667
750 0.7496671105193076
751 0.7486702127659575
752 0.749003984063745
753 0.7480106100795756
754 0.7483443708609272
755 0.7486772486772487
756 0.7476882430647291
757 0.7467018469656992
758 0.7470355731225297
759 0.7473684210526316
760 0.7463863337713534
761 0.7467191601049868
762 0.747051114023591
763 0.7473821989528796
764 0.74640522875817
765 0.7454308093994778
766 0.7444589308996089
767 0.7447916666666666
768 0.7451235370611183
769 0.7454545454545455
770 0.7457846952010376
771 0.7461139896373057
772 0.7464424320827943
773 0.7467700258397932
774 0.7470967741935484
775 0.7474226804123711
776 0.7477477477477478
777 0.7480719794344473
778 0.748395378690629
779 0.7487179487179487
780 0.7477592829705506
781 0.7480818414322251
782 0.7484035759897829
783 0.7487244897959183
784 0.7477707006369426
785 0.7468193384223919
786 0.7458703939008895
787 0.7449238578680203
788 0.7452471482889734
789 0.7455696202531645
790 0.7458912768647282
791 0.7462121212121212
792 0.7465321563682219
793 0.7455919395465995
794 0.7459119496855345
795 0.7462311557788944
796 0.7465495608531995
797 0.7468671679197995
798 0.7471839799749687
799 0.7475
800 0.7478152309612984
801 0.7481296758104738
802 0.7484433374844334
803 0.7487562189054726
804 0.7490683229813665
805 0.7481389578163772
806 0.748451053283767
807 0.7487623762376238
808 0.7490729295426453
809 0.7493827160493827
810 0.749691738594328
811 0.75
812 0.7490774907749077
813 0.7493857493857494
814 0.7496932515337423
815 0.75
816 0.7503059975520195
817 0.7493887530562348
818 0.7484737484737485
819 0.748780487804878
820 0.7478684531059683
821 0.7481751824817519
822 0.7484811664641555
823 0.7475728155339806
824 0.7478787878787879
825 0.7481840193704601
826 0.7484885126964933
827 0.748792270531401
828 0.7478890229191797
829 0.7481927710843373
830 0.7484957882069796
831 0.7475961538461539
832 0.7478991596638656
833 0.7482014388489209
834 0.7485029940119761
835 0.7476076555023924
836 0.7467144563918757
837 0.747016706443914
838 0.7461263408820024
839 0.7452380952380953
840 0.7455410225921522
841 0.7458432304038005
842 0.7449584816132859
843 0.745260663507109
844 0.7455621301775148
845 0.7458628841607565
846 0.7461629279811098
847 0.7464622641509434
848 0.7467608951707891
849 0.7458823529411764
850 0.745005875440658
851 0.744131455399061
852 0.7444314185228605
853 0.7447306791569087
854 0.7450292397660818
855 0.7453271028037384
856 0.7456242707117853
857 0.7447552447552448
858 0.7450523864959255
859 0.7441860465116279
860 0.7444831591173054
861 0.7436194895591647
862 0.7439165701042874
863 0.7442129629629629
864 0.7445086705202312
865 0.7448036951501155
866 0.7450980392156863
867 0.7453917050691244
868 0.7445339470655926
869 0.7436781609195402
870 0.7439724454649828
871 0.7442660550458715
872 0.7445589919816724
873 0.7448512585812357
874 0.7451428571428571
875 0.7454337899543378
876 0.7457240592930444
877 0.7460136674259681
878 0.7463026166097838
879 0.7454545454545455
880 0.7457434733257662
881 0.7448979591836735
882 0.7451868629671574
883 0.744343891402715
884 0.7446327683615819
885 0.744920993227991
886 0.7452085682074409
887 0.7454954954954955
888 0.7457817772778402
889 0.7460674157303371
890 0.7463524130190797
891 0.7466367713004485
892 0.7458006718924972
893 0.7449664429530202
894 0.7452513966480447
895 0.7455357142857143
896 0.745819397993311
897 0.7461024498886414
898 0.746384872080089
899 0.7466666666666667
900 0.7469478357380688
901 0.746119733924612
902 0.7464008859357697
903 0.7466814159292036
904 0.7469613259668508
905 0.7472406181015453
906 0.7475192943770672
907 0.7466960352422908
908 0.7458745874587459
909 0.7461538461538462
910 0.7464324917672887
911 0.7467105263157895
912 0.7469879518072289
913 0.7461706783369803
914 0.7453551912568306
915 0.7445414847161572
916 0.7437295528898582
917 0.7440087145969498
918 0.7442872687704026
919 0.7445652173913043
920 0.744842562432139
921 0.745119305856833
922 0.7453954496208017
923 0.7445887445887446
924 0.7448648648648649
925 0.7451403887688985
926 0.7454153182308522
927 0.7456896551724138
928 0.7448869752421959
929 0.7451612903225806
930 0.7454350161117078
931 0.7457081545064378
932 0.7459807073954984
933 0.7451820128479657
934 0.7454545454545455
935 0.7446581196581197
936 0.7449306296691569
937 0.7452025586353944
938 0.7454739084132055
939 0.7457446808510638
940 0.7449521785334751
941 0.7452229299363057
942 0.7454931071049841
943 0.7457627118644068
944 0.744973544973545
945 0.7452431289640592
946 0.7455121436114044
947 0.7447257383966245
948 0.743940990516333
949 0.7442105263157894
950 0.7444794952681388
951 0.7447478991596639
952 0.74501573976915
953 0.7452830188679245
954 0.7445026178010471
955 0.7437238493723849
956 0.7439916405433646
957 0.744258872651357
958 0.7445255474452555
959 0.7447916666666666
960 0.745057232049948
961 0.7453222453222453
962 0.7455867082035307
963 0.745850622406639
964 0.7450777202072539
965 0.7453416149068323
966 0.7456049638055843
967 0.7458677685950413
968 0.7450980392156863
969 0.7453608247422681
970 0.7445932028836252
971 0.7448559670781894
972 0.7451181911613566
973 0.74435318275154
974 0.7446153846153846
975 0.7448770491803278
976 0.7451381780962129
977 0.745398773006135
978 0.745658835546476
979 0.7459183673469387
980 0.746177370030581
981 0.7464358452138493
982 0.7466937945066124
983 0.7469512195121951
984 0.7472081218274111
985 0.7474645030425964
986 0.7477203647416414
987 0.7479757085020243
988 0.7472194135490394
989 0.7474747474747475
990 0.7477295660948536
991 0.7479838709677419
992 0.7482376636455186
993 0.7484909456740443
994 0.7487437185929648
995 0.7479919678714859
996 0.7472417251755266
997 0.7474949899799599
998 0.7477477477477478
999 0.748
1000 0.7482517482517482
1001 0.7485029940119761
1002 0.748753738783649
1003 0.749003984063745
1004 0.7492537313432835
1005 0.7495029821073559
1006 0.7497517378351539
1007 0.75
1008 0.7502477700693756
1009 0.7495049504950495
1010 0.7497527200791295
1011 0.75
1012 0.7502467917077986
1013 0.7504930966469427
1014 0.7507389162561576
1015 0.7509842519685039
1016 0.7512291052114061
1017 0.7514734774066798
1018 0.7517173699705594
1019 0.7519607843137255
1020 0.7512242899118511
1021 0.7514677103718199
1022 0.750733137829912
1023 0.7509765625
1024 0.7502439024390244
1025 0.7504873294346979
1026 0.750730282375852
1027 0.75
1028 0.749271137026239
1029 0.7495145631067961
1030 0.7487875848690592
1031 0.749031007751938
1032 0.7492739593417231
1033 0.7495164410058027
1034 0.7497584541062802
1035 0.75
1036 0.7492767598842816
1037 0.7485549132947977
1038 0.7487969201154957
1039 0.7490384615384615
1040 0.7492795389048992
1041 0.7485604606525912
1042 0.7488015340364333
1043 0.7490421455938697
1044 0.7483253588516746
1045 0.748565965583174
1046 0.7488061127029608
1047 0.7480916030534351
1048 0.7483317445185891
1049 0.7485714285714286
1050 0.7488106565176023
1051 0.7480988593155894
1052 0.7473884140550807
1053 0.7476280834914611
1054 0.747867298578199
1055 0.7481060606060606
1056 0.7473982970671712
1057 0.7476370510396976
1058 0.7478753541076487
1059 0.7481132075471698
1060 0.7483506126295947
1061 0.7476459510357816
1062 0.7478833490122295
1063 0.7481203007518797
1064 0.748356807511737
1065 0.7485928705440901
1066 0.7478912839737581
1067 0.74812734082397
1068 0.7483629560336763
1069 0.7476635514018691
1070 0.7469654528478058
1071 0.7472014925373134
1072 0.7474370922646785
1073 0.7467411545623837
1074 0.7469767441860465
1075 0.7472118959107806
1076 0.7474466109563602
1077 0.7467532467532467
1078 0.7469879518072289
1079 0.7472222222222222
1080 0.7465309898242368
1081 0.7467652495378928
1082 0.7460757156048015
1083 0.746309963099631
1084 0.7465437788018433
1085 0.7467771639042358
1086 0.7470101195952162
1087 0.7472426470588235
1088 0.7474747474747475
1089 0.7467889908256881
1090 0.7461044912923923
1091 0.7454212454212454
1092 0.7456541628545288
1093 0.7458866544789763
1094 0.7452054794520548
1095 0.7454379562043796
1096 0.7456700091157703
1097 0.7449908925318761
1098 0.7452229299363057
1099 0.7454545454545455
1100 0.745685740236149
1101 0.7459165154264973
1102 0.7452402538531279
1103 0.7445652173913043
1104 0.7447963800904978
1105 0.744122965641953
1106 0.7443541102077688
1107 0.7445848375451264
1108 0.7448151487826871
1109 0.7450450450450451
1110 0.7452745274527453
1111 0.7455035971223022
1112 0.7457322551662174
1113 0.7450628366247756
1114 0.7452914798206278
1115 0.7446236559139785
1116 0.7448522829006267
1117 0.7450805008944544
1118 0.7453083109919572
1119 0.7455357142857143
1120 0.7457627118644068
1121 0.7459893048128342
1122 0.7453250222617988
1123 0.7455516014234875
1124 0.7448888888888889
1125 0.7451154529307282
1126 0.7453416149068323
1127 0.7455673758865248
1128 0.745792736935341
1129 0.7460176991150442
1130 0.7462422634836428
1131 0.7464664310954063
1132 0.7466902030008826
1133 0.7469135802469136
1134 0.7462555066079295
1135 0.7464788732394366
1136 0.7467018469656992
1137 0.7469244288224957
1138 0.7471466198419666
1139 0.7464912280701754
1140 0.7458369851007888
1141 0.7460595446584939
1142 0.7462817147856518
1143 0.7465034965034965
1144 0.7458515283842795
1145 0.7460732984293194
1146 0.7462946817785527
1147 0.7465156794425087
1148 0.7467362924281984
1149 0.7469565217391304
1150 0.7471763683753258
1151 0.7473958333333334
1152 0.7476149176062445
1153 0.7469670710571924
1154 0.7471861471861472
1155 0.7474048442906575
1156 0.7476231633535004
1157 0.7478411053540587
1158 0.7480586712683348
1159 0.7482758620689656
1160 0.7476313522825151
1161 0.7478485370051635
1162 0.7472055030094583
1163 0.7465635738831615
1164 0.7467811158798283
1165 0.7461406518010292
1166 0.7455012853470437
1167 0.7457191780821918
1168 0.7450812660393499
1169 0.7452991452991453
1170 0.7455166524338173
1171 0.7448805460750854
1172 0.7450980392156863
1173 0.7453151618398637
1174 0.745531914893617
1175 0.7457482993197279
1176 0.745964316057774
1177 0.7461799660441426
1178 0.7463952502120441
1179 0.7466101694915255
1180 0.745977984758679
1181 0.7461928934010152
1182 0.7455621301775148
1183 0.7449324324324325
1184 0.7443037974683544
1185 0.7436762225969646
1186 0.7430497051390059
1187 0.7432659932659933
1188 0.7434819175777965
1189 0.7436974789915967
1190 0.743073047858942
1191 0.7432885906040269
1192 0.7435037720033529
1193 0.7428810720268006
1194 0.7422594142259414
1195 0.7424749163879598
1196 0.7426900584795322
1197 0.7429048414023373
1198 0.7431192660550459
1199 0.7433333333333333
1200 0.7435470441298918
1201 0.742928452579035
1202 0.743142144638404
1203 0.7425249169435216
1204 0.7427385892116183
1205 0.7429519071310116
1206 0.7431648715824358
1207 0.7433774834437086
1208 0.7435897435897436
1209 0.743801652892562
1210 0.7431874483897605
1211 0.7433993399339934
1212 0.7436108821104699
1213 0.7438220757825371
1214 0.7440329218106996
1215 0.743421052631579
1216 0.743631881676253
1217 0.7430213464696224
1218 0.7432321575061526
1219 0.7434426229508196
1220 0.7436527436527437
1221 0.7438625204582652
1222 0.7440719542109566
1223 0.744281045751634
1224 0.7444897959183674
1225 0.7446982055464927
1226 0.7449062754686226
1227 0.745114006514658
1228 0.7445077298616761
1229 0.7447154471544716
1230 0.7449228269699432
1231 0.7451298701298701
1232 0.7453365774533658
1233 0.7455429497568882
1234 0.745748987854251
1235 0.7459546925566343
1236 0.746160064672595
1237 0.7455573505654282
1238 0.7457627118644068
1239 0.7459677419354839
1240 0.7453666398066076
1241 0.7455716586151369
1242 0.7449718423169751
1243 0.7451768488745981
1244 0.7453815261044177
1245 0.7455858747993579
1246 0.7449879711307137
1247 0.7451923076923077
1248 0.745396317053643
1249 0.7456
1250 0.7450039968025579
1251 0.7452076677316294
1252 0.7454110135674381
1253 0.7456140350877193
1254 0.7450199203187251
1255 0.7452229299363057
1256 0.7446300715990454
1257 0.7440381558028617
1258 0.7434471803018269
1259 0.7436507936507937
1260 0.7430610626486915
1261 0.7432646592709984
1262 0.7426761678543151
1263 0.742879746835443
1264 0.7422924901185771
1265 0.7424960505529226
1266 0.7419100236779794
1267 0.7421135646687698
1268 0.7423167848699763
1269 0.7417322834645669
1270 0.7419354838709677
1271 0.7421383647798742
1272 0.7423409269442263
1273 0.7425431711145997
1274 0.7419607843137255
1275 0.7421630094043887
1276 0.7415818324197337
1277 0.7417840375586855
1278 0.7412040656763096
1279 0.74140625
1280 0.741608118657299
1281 0.7418096723868954
1282 0.7412314886983632
1283 0.7414330218068536
1284 0.7416342412451362
1285 0.7418351477449455
1286 0.7420357420357421
1287 0.7422360248447205
1288 0.7416602017067494
1289 0.7410852713178294
1290 0.7412858249419055
1291 0.7414860681114551
1292 0.7416860015467904
1293 0.7418856259659969
1294 0.7420849420849421
1295 0.7422839506172839
1296 0.7417116422513492
1297 0.7419106317411402
1298 0.7421093148575828
1299 0.7423076923076923
1300 0.7425057647963106
1301 0.7427035330261137
1302 0.7429009976976209
1303 0.7430981595092024
1304 0.7425287356321839
1305 0.7427258805513017
1306 0.7429227237949503
1307 0.7423547400611621
1308 0.7425515660809778
1309 0.7427480916030534
1310 0.7429443173150267
1311 0.7423780487804879
1312 0.7418126428027418
1313 0.741248097412481
1314 0.7414448669201521
1315 0.7416413373860182
1316 0.741837509491268
1317 0.7412746585735963
1318 0.7414708112206216
1319 0.7416666666666667
1320 0.7418622255866768
1321 0.7413010590015129
1322 0.7414965986394558
1323 0.7409365558912386
1324 0.7403773584905661
1325 0.7405731523378583
1326 0.7407686510926903
1327 0.7409638554216867
1328 0.7404063205417607
1329 0.7406015037593985
1330 0.7407963936889557
1331 0.740990990990991
1332 0.741185296324081
1333 0.7406296851574213
1334 0.7400749063670412
1335 0.7402694610778443
1336 0.7404637247569185
1337 0.7399103139013453
1338 0.7393577296489918
1339 0.7395522388059701
1340 0.7397464578672632
1341 0.7399403874813711
1342 0.7401340282948623
1343 0.7403273809523809
1344 0.7397769516728625
1345 0.7399702823179792
1346 0.7401633259094283
1347 0.7403560830860534
1348 0.7405485544848036
1349 0.7407407407407407
1350 0.7401924500370096
1351 0.7403846153846154
1352 0.7405764966740577
1353 0.7407680945347119
1354 0.7409594095940959
1355 0.7411504424778761
1356 0.7413411938098747
1357 0.7415316642120766
1358 0.7417218543046358
1359 0.7419117647058824
1360 0.7413666421748715
1361 0.7415565345080763
1362 0.7417461482024945
1363 0.7412023460410557
1364 0.7413919413919414
1365 0.7415812591508053
1366 0.7417702999268471
1367 0.7419590643274854
1368 0.7421475529583638
1369 0.7423357664233576
1370 0.7425237053245806
1371 0.7427113702623906
1372 0.7428987618353969
1373 0.7430858806404658
1374 0.7432727272727273
1375 0.7427325581395349
1376 0.7421931735657226
1377 0.7416545718432511
1378 0.7411167512690355
1379 0.7405797101449275
1380 0.7407675597393193
1381 0.7409551374819102
1382 0.7411424439624006
1383 0.7413294797687862
1384 0.7415162454873646
1385 0.740981240981241
1386 0.7411679884643114
1387 0.7413544668587896
1388 0.7415406767458603
1389 0.741726618705036
1390 0.7419122933141624
1391 0.7420977011494253
1392 0.7422828427853554
1393 0.742467718794835
1394 0.7426523297491039
1395 0.7428366762177651
1396 0.7423049391553329
1397 0.7424892703862661
1398 0.7426733380986419
1399 0.7428571428571429
1400 0.7430406852248393
1401 0.7432239657631954
1402 0.7434069850320741
1403 0.7435897435897436
1404 0.7437722419928826
1405 0.7439544807965861
1406 0.744136460554371
1407 0.7436079545454546
1408 0.7437899219304471
1409 0.7432624113475177
1410 0.742735648476258
1411 0.7429178470254958
1412 0.7430997876857749
1413 0.7432814710042432
1414 0.7434628975265017
1415 0.7436440677966102
1416 0.7431192660550459
1417 0.7425952045133991
1418 0.7427766032417196
1419 0.7422535211267606
1420 0.7424349049964813
1421 0.7426160337552743
1422 0.7427969079409698
1423 0.7429775280898876
1424 0.7424561403508771
1425 0.7419354838709677
1426 0.7414155571128241
1427 0.7408963585434174
1428 0.7403778866340098
1429 0.7405594405594406
1430 0.7407407407407407
1431 0.7409217877094972
1432 0.741102581995813
1433 0.7412831241283124
1434 0.7407665505226481
1435 0.7409470752089137
1436 0.7411273486430062
1437 0.741307371349096
1438 0.7414871438498958
1439 0.7416666666666667
1440 0.7418459403192228
1441 0.7420249653259362
1442 0.7422037422037422
1443 0.7423822714681441
1444 0.742560553633218
1445 0.7427385892116183
1446 0.7429163787145819
1447 0.7430939226519337
1448 0.7432712215320911
1449 0.743448275862069
1450 0.7436250861474845
1451 0.743801652892562
1452 0.7439779766001376
1453 0.7441540577716643
1454 0.7443298969072165
1455 0.7445054945054945
1456 0.7446808510638298
1457 0.7448559670781894
1458 0.744345442083619
1459 0.7445205479452055
1460 0.7446954140999316
1461 0.7448700410396717
1462 0.7450444292549556
1463 0.7452185792349727
1464 0.7453924914675768
1465 0.7455661664392906
1466 0.7457396046353102
1467 0.7459128065395095
1468 0.7460857726344452
1469 0.745578231292517
1470 0.7457511896668932
1471 0.7459239130434783
1472 0.7460964019008826
1473 0.7455902306648575
1474 0.7450847457627119
1475 0.744579945799458
1476 0.7440758293838863
1477 0.7442489851150202
1478 0.7437457741717377
1479 0.7432432432432432
1480 0.7427413909520594
1481 0.742914979757085
1482 0.7430883344571814
1483 0.7425876010781671
1484 0.7427609427609427
1485 0.7429340511440108
1486 0.7424344317417619
1487 0.7426075268817204
1488 0.7427803895231699
1489 0.7429530201342281
1490 0.7431254191817572
1491 0.7432975871313673
1492 0.7434695244474213
1493 0.7436412315930389
1494 0.7438127090301003
1495 0.7439839572192514
1496 0.7441549766199065
1497 0.7443257676902537
1498 0.7444963308872582
1499 0.744
1500 0.7441705529646903
1501 0.7443408788282291
1502 0.7445109780439122
1503 0.7440159574468085
1504 0.7441860465116279
1505 0.7443559096945551
1506 0.7445255474452555
1507 0.7446949602122016
1508 0.7442014579191517
1509 0.7443708609271523
1510 0.7445400397088021
1511 0.7447089947089947
1512 0.7448777263714474
1513 0.7450462351387054
1514 0.7452145214521452
1515 0.7453825857519789
1516 0.7455504284772577
1517 0.7457180500658761
1518 0.7452271231073074
1519 0.7453947368421052
1520 0.7455621301775148
1521 0.7457293035479632
1522 0.7458962573867367
1523 0.7460629921259843
1524 0.7462295081967213
1525 0.7463958060288336
1526 0.7465618860510805
1527 0.7467277486910995
1528 0.7468933943754088
1529 0.7470588235294118
1530 0.7465708687132593
1531 0.7460835509138382
1532 0.746249184605349
1533 0.7464146023468058
1534 0.7465798045602606
1535 0.7467447916666666
1536 0.7469095640858816
1537 0.7464239271781534
1538 0.7459389213775178
1539 0.7461038961038962
1540 0.746268656716418
1541 0.7464332036316472
1542 0.7465975372650681
1543 0.7467616580310881
1544 0.7469255663430421
1545 0.7464424320827943
1546 0.7459599224305107
1547 0.7461240310077519
1548 0.7456423499031634
1549 0.7451612903225806
1550 0.7446808510638298
1551 0.7448453608247423
1552 0.7450096587250483
1553 0.7451737451737451
1554 0.7453376205787782
1555 0.7455012853470437
1556 0.7456647398843931
1557 0.7458279845956355
1558 0.7459910198845414
1559 0.7461538461538462
1560 0.7463164638052531
1561 0.7464788732394366
1562 0.746001279590531
1563 0.7455242966751918
1564 0.7450479233226837
1565 0.7445721583652618
1566 0.7447351627313338
1567 0.7442602040816326
1568 0.7444231994901211
1569 0.7439490445859872
1570 0.743475493316359
1571 0.7430025445292621
1572 0.7425301970756516
1573 0.7420584498094028
1574 0.7422222222222222
1575 0.7423857868020305
1576 0.7425491439441978
1577 0.7427122940430925
1578 0.7428752374920836
1579 0.7430379746835443
1580 0.7425679949399114
1581 0.7427307206068268
1582 0.7428932406822489
1583 0.7424242424242424
1584 0.7419558359621451
1585 0.7421185372005045
1586 0.7422810333963453
1587 0.7424433249370277
1588 0.7426054122089364
1589 0.7427672955974842
1590 0.7423004399748586
1591 0.742462311557789
1592 0.7419962335216572
1593 0.7421580928481807
1594 0.742319749216301
1595 0.7424812030075187
1596 0.7426424546023794
1597 0.7428035043804756
1598 0.742338961851157
1599 0.741875
1600 0.7420362273579013
1601 0.7415730337078652
1602 0.7417342482844667
1603 0.7418952618453866
1604 0.7420560747663552
1605 0.7422166874221668
1606 0.7423771001866832
1607 0.7419154228855721
1608 0.7420758234928527
1609 0.7416149068322981
1610 0.7417752948479206
1611 0.7413151364764268
1612 0.7414755114693118
1613 0.741635687732342
1614 0.7417956656346749
1615 0.7413366336633663
1616 0.7414965986394558
1617 0.7410383189122374
1618 0.7411982705373688
1619 0.741358024691358
1620 0.7415175817396669
1621 0.7416769420468557
1622 0.7418361059765866
1623 0.7419950738916257
1624 0.7421538461538462
1625 0.7423124231242313
1626 0.7424708051628764
1627 0.7426289926289926
1628 0.7421731123388582
1629 0.7423312883435583
1630 0.7424892703862661
1631 0.7426470588235294
1632 0.7428046540110227
1633 0.7429620563035496
1634 0.7425076452599388
1635 0.7426650366748166
1636 0.7422113622480146
1637 0.7417582417582418
1638 0.7413056741915802
1639 0.7414634146341463
1640 0.7416209628275442
1641 0.7417783191230207
1642 0.7413268411442483
1643 0.7408759124087592
1644 0.7410334346504559
1645 0.7405832320777643
1646 0.7407407407407407
1647 0.7408980582524272
1648 0.7410551849605822
1649 0.7412121212121212
1650 0.7413688673531194
1651 0.7415254237288136
1652 0.7410768300060496
1653 0.7412333736396615
1654 0.7413897280966767
1655 0.7415458937198067
1656 0.7417018708509354
1657 0.7418576598311218
1658 0.7420132610006027
1659 0.7421686746987952
1660 0.7417218543046358
1661 0.7418772563176895
1662 0.7420324714371618
1663 0.7421875
1664 0.7423423423423423
1665 0.7424969987995198
1666 0.7420515896820636
1667 0.7422062350119905
1668 0.7423606950269622
1669 0.7419161676646706
1670 0.7420706163973668
1671 0.7422248803827751
1672 0.7423789599521817
1673 0.7419354838709677
1674 0.742089552238806
1675 0.7422434367541766
1676 0.7423971377459749
1677 0.7419547079856973
1678 0.7421083978558666
1679 0.7422619047619048
1680 0.7418203450327187
1681 0.7419738406658739
1682 0.7421271538918598
1683 0.7422802850356295
1684 0.742433234421365
1685 0.7425860023724793
1686 0.7421458209839953
1687 0.7422985781990521
1688 0.7424511545293073
1689 0.742603550295858
1690 0.742755765819042
1691 0.7429078014184397
1692 0.7424689899586533
1693 0.7420306965761512
1694 0.7415929203539823
1695 0.7417452830188679
1696 0.7413081909251621
1697 0.7414605418138988
1698 0.7416127133608005
1699 0.741764705882353
1700 0.7419165196942975
1701 0.7420681551116334
1702 0.7422196124486201
1703 0.7423708920187794
1704 0.7425219941348974
1705 0.742672919109027
1706 0.7428236672524897
1707 0.7429742388758782
1708 0.743124634289058
1709 0.7432748538011696
1710 0.7434248977206313
1711 0.7435747663551402
1712 0.7437244600116755
1713 0.7438739789964994
1714 0.7440233236151603
1715 0.7441724941724942
1716 0.7443214909726267
1717 0.7444703143189756
1718 0.7446189645142525
1719 0.7447674418604651
1720 0.7443346891342243
1721 0.7444831591173054
1722 0.7446314567614626
1723 0.7447795823665894
1724 0.7443478260869565
1725 0.7444959443800695
1726 0.7440648523451071
1727 0.7436342592592593
1728 0.7437825332562175
1729 0.7439306358381503
1730 0.7440785673021375
1731 0.7442263279445728
1732 0.7443739180611656
1733 0.7445213379469435
1734 0.7446685878962536
1735 0.744815668202765
1736 0.7449625791594704
1737 0.7445339470655926
1738 0.7441058079355952
1739 0.7442528735632183
1740 0.7438253877082137
1741 0.7439724454649828
1742 0.7441193344807803
1743 0.7442660550458715
1744 0.7444126074498567
1745 0.7445589919816724
1746 0.7447052089295936
1747 0.7448512585812357
1748 0.7449971412235563
1749 0.7451428571428571
1750 0.7447173043974872
1751 0.7448630136986302
1752 0.744438106103822
1753 0.7445838084378563
1754 0.7447293447293447
1755 0.744874715261959
1756 0.7450199203187251
1757 0.745164960182025
1758 0.7447413303013075
1759 0.7448863636363636
1760 0.7450312322544009
1761 0.7446083995459705
1762 0.7447532614861032
1763 0.7448979591836735
1764 0.7450424929178471
1765 0.7451868629671574
1766 0.7453310696095077
1767 0.7449095022624435
1768 0.7450537026568683
1769 0.7451977401129943
1770 0.7453416149068323
1771 0.7454853273137697
1772 0.745628877608573
1773 0.7457722660653889
1774 0.7459154929577465
1775 0.7460585585585585
1776 0.7462014631401238
1777 0.7463442069741283
1778 0.746486790331647
1779 0.7460674157303371
1780 0.7462099943851769
1781 0.7463524130190797
1782 0.7459338194054963
1783 0.7455156950672646
1784 0.7450980392156863
1785 0.7452407614781635
1786 0.7453833240067151
1787 0.7455257270693513
1788 0.7456679709334824
1789 0.7458100558659218
1790 0.7459519821328866
1791 0.74609375
1792 0.7462353597322923
1793 0.745819397993311
1794 0.7459610027855154
1795 0.7461024498886414
1796 0.7462437395659433
1797 0.746384872080089
1798 0.7459699833240689
1799 0.7461111111111111
1800 0.7462520821765686
1801 0.746392896781354
1802 0.7465335551858014
1803 0.7466740576496674
1804 0.746814404432133
1805 0.7464008859357697
1806 0.7459878251245158
1807 0.7461283185840708
1808 0.7457158651188502
1809 0.7458563535911602
1810 0.7459966869133076
1811 0.7461368653421634
1812 0.746276889134032
1813 0.7464167585446527
1814 0.7465564738292011
1815 0.7466960352422908
1816 0.7468354430379747
1817 0.746974697469747
1818 0.7471137987905443
1819 0.7467032967032967
1820 0.7468423942888522
1821 0.7464324917672887
1822 0.7465715852989577
1823 0.7467105263157895
1824 0.7463013698630137
1825 0.7458926615553122
1826 0.7454844006568144
1827 0.7456236323851203
1828 0.7452159650082012
1829 0.7453551912568306
1830 0.7454942654287274
1831 0.7456331877729258
1832 0.7452264048008729
1833 0.7453653217011995
1834 0.7455040871934605
1835 0.7456427015250545
1836 0.7457811649428416
1837 0.7453754080522307
1838 0.7455138662316476
1839 0.7456521739130435
1840 0.7452471482889734
1841 0.745385450597177
1842 0.7455236028214867
1843 0.7456616052060737
1844 0.7457994579945799
1845 0.7453954496208017
1846 0.7455332972387656
1847 0.7451298701298701
1848 0.7452677122769065
1849 0.7454054054054055
1850 0.7455429497568882
1851 0.7456803455723542
1852 0.7458175930922828
1853 0.7459546925566343
1854 0.7455525606469002
1855 0.7456896551724138
1856 0.7458266020463112
1857 0.7459634015069968
1858 0.7461000537923614
1859 0.7462365591397849
1860 0.7458355722729715
1861 0.7454350161117078
1862 0.7450348899624262
1863 0.7451716738197425
1864 0.7453083109919572
1865 0.744908896034298
1866 0.7445099089448313
1867 0.7446466809421841
1868 0.7447833065810594
1869 0.7449197860962566
1870 0.7450561197220738
1871 0.7451923076923077
1872 0.7453283502402562
1873 0.7454642475987193
1874 0.7456
1875 0.7457356076759062
1876 0.745338305807139
1877 0.7449414270500533
1878 0.7445449707291112
1879 0.7441489361702127
1880 0.7442849548112705
1881 0.7444208289054197
1882 0.7445565586829528
1883 0.744692144373673
1884 0.7448275862068966
1885 0.7449628844114529
1886 0.7450980392156863
1887 0.7452330508474576
1888 0.745367919534145
1889 0.7455026455026456
1890 0.7451084082496033
1891 0.7452431289640592
1892 0.745377707342842
1893 0.7449841605068638
1894 0.7445910290237467
1895 0.7447257383966245
1896 0.7448603057459146
1897 0.7444678609062171
1898 0.7446024223275408
1899 0.7447368421052631
1900 0.7448711204629143
1901 0.7450052576235542
1902 0.7451392538097741
1903 0.7447478991596639
1904 0.7448818897637796
1905 0.74501573976915
1906 0.7451494493969586
1907 0.7447589098532494
1908 0.7448926139339969
1909 0.7445026178010471
1910 0.7446363160648874
1911 0.7447698744769874
1912 0.7449032932566649
1913 0.7450365726227796
1914 0.7451697127937337
1915 0.7453027139874739
1916 0.7454355764214919
1917 0.7455683003128258
1918 0.7457008858780615
1919 0.7458333333333333
1920 0.7459656428943259
1921 0.7460978147762747
1922 0.7462298491939677
1923 0.7463617463617463
1924 0.7464935064935065
1925 0.7466251298026999
1926 0.7462376751427089
1927 0.7463692946058091
1928 0.7465007776049767
1929 0.7466321243523316
1930 0.7467633350595546
1931 0.7468944099378882
1932 0.7470253491981376
1933 0.7471561530506722
1934 0.7472868217054264
1935 0.746900826446281
1936 0.747031491997935
1937 0.7471620227038184
1938 0.7472924187725631
1939 0.7474226804123711
1940 0.747552807831015
1941 0.7476828012358393
1942 0.7472979927946475
1943 0.7474279835390947
1944 0.7475578406169666
1945 0.7471736896197327
1946 0.7473035439137135
1947 0.7469199178644764
1948 0.7465366854797332
1949 0.7466666666666667
1950 0.7462839569451564
1951 0.7464139344262295
1952 0.7465437788018433
1953 0.7466734902763562
1954 0.7468030690537084
1955 0.7464212678936605
1956 0.7460398569238631
1957 0.7461695607763024
1958 0.7462991322103114
1959 0.7464285714285714
1960 0.7465578786333503
1961 0.7466870540265036
1962 0.7463066734589914
1963 0.7459266802443992
1964 0.7460559796437659
1965 0.7461851475076297
1966 0.746314184036604
1967 0.7464430894308943
1968 0.7465718638902996
1969 0.7467005076142132
1970 0.7468290208016235
1971 0.7469574036511156
1972 0.7465788139888495
1973 0.7467071935157041
1974 0.7463291139240507
1975 0.7464574898785425
1976 0.7465857359635811
1977 0.7467138523761375
1978 0.7468418393127843
1979 0.746969696969697
1980 0.7470974255426552
1981 0.7472250252270434
1982 0.7473524962178517
1983 0.7474798387096774
1984 0.7476070528967255
1985 0.7477341389728097
1986 0.7478610971313538
1987 0.7474849094567404
1988 0.7476118652589241
1989 0.7472361809045226
1990 0.7468608739326972
1991 0.7469879518072289
1992 0.7471149021575514
1993 0.746740220661986
1994 0.7468671679197995
1995 0.7464929859719439
1996 0.7461191787681523
1997 0.7457457457457457
1998 0.7453726863431716
1999 0.7455
2000 0.7451274362818591
2001 0.7447552447552448
2002 0.744882675986021
2003 0.7445109780439122
2004 0.744139650872818
2005 0.7442671984047856
2006 0.7438963627304435
2007 0.7435258964143426
2008 0.7436535589845694
2009 0.7437810945273632
2010 0.7434112381899552
2011 0.7435387673956262
2012 0.7431693989071039
2013 0.7432969215491559
2014 0.743424317617866
2015 0.7435515873015873
2016 0.7436787307882995
2017 0.7433102081268583
2018 0.7434373452204062
2019 0.7435643564356436
2020 0.7431964374072242
2021 0.7433234421364985
2022 0.7434503213049926
2023 0.7435770750988142
2024 0.7437037037037038
2025 0.7433366238894373
2026 0.7434632461766156
2027 0.7435897435897436
2028 0.7437161163134549
2029 0.7438423645320197
2030 0.7439684884293452
2031 0.7440944881889764
2032 0.7437284800787014
2033 0.7438544739429696
2034 0.743980343980344
2035 0.7441060903732809
2036 0.7437407952871871
2037 0.7438665358194309
2038 0.7439921530161844
2039 0.7441176470588236
2040 0.7442430181283685
2041 0.7443682664054848
2042 0.7444933920704846
2043 0.7446183953033269
2044 0.7442542787286064
2045 0.7438905180840665
2046 0.7440156326331216
2047 0.744140625
2048 0.7437774524158126
2049 0.7439024390243902
2050 0.7440273037542662
2051 0.7436647173489279
2052 0.7433024841695081
2053 0.7434274586173321
2054 0.7435523114355231
2055 0.7431906614785992
2056 0.7433155080213903
2057 0.7434402332361516
2058 0.7430791646430306
2059 0.7432038834951457
2060 0.7433284813197477
2061 0.7434529582929195
2062 0.7435773145904023
2063 0.7437015503875969
2064 0.7433414043583535
2065 0.7434656340755083
2066 0.7435897435897436
2067 0.7432301740812379
2068 0.7433542774287095
2069 0.7429951690821256
2070 0.7431192660550459
2071 0.7432432432432432
2072 0.7433671008200675
2073 0.7434908389585342
2074 0.7436144578313253
2075 0.74373795761079
2076 0.7438613384689456
2077 0.7439846005774784
2078 0.7441077441077442
2079 0.74375
2080 0.743392599711677
2081 0.7435158501440923
2082 0.743158905424868
2083 0.7432821497120922
2084 0.7434052757793765
2085 0.7435282837967402
2086 0.7436511739338764
2087 0.7432950191570882
2088 0.742939205361417
2089 0.7430622009569378
2090 0.7431850789096126
2091 0.7428298279158699
2092 0.7429526994744386
2093 0.7425978987583572
2094 0.7427207637231503
2095 0.7428435114503816
2096 0.742966142107773
2097 0.7430886558627264
2098 0.7427346355407337
2099 0.7428571428571429
2100 0.7429795335554498
2101 0.7426260704091342
2102 0.7427484545886829
2103 0.7428707224334601
2104 0.7429928741092636
2105 0.7431149097815765
2106 0.7432368296155671
2107 0.7428842504743833
2108 0.7430061640587956
2109 0.7431279620853081
2110 0.7427759355755567
2111 0.7428977272727273
2112 0.7430194036914339
2113 0.7431409649952696
2114 0.742789598108747
2115 0.7429111531190926
2116 0.7430325932923949
2117 0.7431539187913125
2118 0.7428032090608778
2119 0.7429245283018868
2120 0.7430457331447431
2121 0.7431668237511782
2122 0.7428167687235044
2123 0.742467043314501
2124 0.7425882352941177
2125 0.742238946378175
2126 0.7423601316408086
2127 0.7424812030075187
2128 0.7426021606387976
2129 0.7427230046948357
2130 0.7428437353355233
2131 0.7429643527204502
2132 0.7430848570089077
2133 0.7432052483598875
2134 0.7433255269320843
2135 0.7429775280898876
2136 0.743097800655124
2137 0.7432179607109448
2138 0.7433380084151473
2139 0.7434579439252337
2140 0.743577767398412
2141 0.7436974789915967
2142 0.7438170788614092
2143 0.7439365671641791
2144 0.7440559440559441
2145 0.7441752096924511
2146 0.744294364229157
2147 0.744413407821229
2148 0.7440670079106562
2149 0.7437209302325581
2150 0.7438400743840075
2151 0.7439591078066915
2152 0.7440780306549002
2153 0.744196843082637
2154 0.7438515081206497
2155 0.7439703153988868
2156 0.7440890125173852
2157 0.7437442075996293
2158 0.7433997220935619
2159 0.7435185185185185
2160 0.7436372049976863
2161 0.7437557816836263
2162 0.7438742487286176
2163 0.743992606284658
2164 0.7441108545034643
2165 0.7437673130193906
2166 0.7438855560682972
2167 0.7440036900369004
2168 0.7436606731212541
2169 0.743778801843318
2170 0.7438968217411331
2171 0.7440147329650092
2172 0.7441325356649793
2173 0.7442502299908004
2174 0.744367816091954
2175 0.7440257352941176
2176 0.7441433164905834
2177 0.7442607897153352
2178 0.7443781551170262
2179 0.7440366972477064
2180 0.7441540577716643
2181 0.7438130155820348
2182 0.7439303710490152
2183 0.7440476190476191
2184 0.7437070938215103
2185 0.7438243366880146
2186 0.7434842249657064
2187 0.743601462522852
2188 0.7437185929648241
2189 0.7438356164383562
2190 0.7439525330899133
2191 0.7436131386861314
2192 0.7437300501595987
2193 0.7433910665451231
2194 0.743507972665148
2195 0.7436247723132969
2196 0.7437414656349568
2197 0.7434030937215651
2198 0.7435197817189632
2199 0.7436363636363637
2200 0.7432985006815084
2201 0.742960944595822
2202 0.7430776214253291
2203 0.7431941923774955
2204 0.7433106575963719
2205 0.743427017225748
2206 0.7430901676483915
2207 0.7432065217391305
2208 0.7428700769578995
2209 0.7425339366515837
2210 0.7421981004070556
2211 0.7418625678119349
2212 0.7415273384545865
2213 0.7416440831074977
2214 0.7417607223476298
2215 0.7418772563176895
2216 0.7415426251691475
2217 0.7416591523895402
2218 0.7417755745831456
2219 0.7418918918918919
2220 0.7420081044574516
2221 0.7421242124212422
2222 0.7422402159244265
2223 0.7419064748201439
2224 0.7420224719101124
2225 0.7421383647798742
2226 0.7422541535698248
2227 0.7419210053859964
2228 0.7420367877972185
2229 0.742152466367713
2230 0.7422680412371134
2231 0.7423835125448028
2232 0.742498880429915
2233 0.7426141450313339
2234 0.7427293064876958
2235 0.7428443649373881
2236 0.7429593205185516
2237 0.7426273458445041
2238 0.7427422956677088
2239 0.7428571428571429
2240 0.7429718875502008
2241 0.7430865298840321
2242 0.7432010699955417
2243 0.7428698752228164
2244 0.7425389755011136
2245 0.742653606411398
2246 0.7423230974632844
2247 0.7424377224199288
2248 0.7425522454424188
2249 0.7426666666666667
2250 0.742780986228343
2251 0.7428952042628775
2252 0.7430093209054593
2253 0.7431233362910381
2254 0.7432372505543238
2255 0.7433510638297872
2256 0.743021710234825
2257 0.7431355181576617
2258 0.7428065515714918
2259 0.7429203539823008
2260 0.7430340557275542
2261 0.7431476569407603
2262 0.7428192664604507
2263 0.7429328621908127
2264 0.743046357615894
2265 0.7427184466019418
2266 0.7423908248786943
2267 0.7425044091710759
2268 0.742617893345086
2269 0.7422907488986784
2270 0.7424042272126816
2271 0.7425176056338029
2272 0.7426308842938847
2273 0.7427440633245382
2274 0.7428571428571429
2275 0.7429701230228472
2276 0.7430830039525692
2277 0.742756804214223
2278 0.7428696796840719
2279 0.7425438596491228
2280 0.7422183252959228
2281 0.7423312883435583
2282 0.7424441524310118
2283 0.7425569176882661
2284 0.7422319474835887
2285 0.742344706911636
2286 0.7424573677306515
2287 0.7421328671328671
2288 0.7422455220620359
2289 0.74235807860262
2290 0.7420340462680053
2291 0.7421465968586387
2292 0.7422590492804186
2293 0.7423714036617263
2294 0.742483660130719
2295 0.742595818815331
2296 0.7427078798432738
2297 0.7428198433420365
2298 0.7429317094388864
2299 0.7430434782608696
2300 0.7427205562798783
2301 0.7428323197219809
2302 0.742509769865393
2303 0.7426215277777778
2304 0.7422993492407809
2305 0.7419774501300954
2306 0.7420892934547031
2307 0.7422010398613518
2308 0.7423126894759636
2309 0.7424242424242424
2310 0.7425356988316746
2311 0.7426470588235294
2312 0.7423259835711198
2313 0.742437337942956
2314 0.742548596112311
2315 0.7422279792746114
2316 0.7423392317652137
2317 0.7424503882657464
2318 0.7425614489003881
2319 0.7426724137931034
2320 0.7427832830676433
2321 0.7428940568475452
2322 0.7425742574257426
2323 0.7426850258175559
2324 0.7427956989247312
2325 0.7429062768701634
2326 0.7430167597765364
2327 0.743127147766323
2328 0.7432374409617861
2329 0.7433476394849785
2330 0.7434577434577434
2331 0.7431389365351629
2332 0.7432490355765109
2333 0.7429305912596401
2334 0.7430406852248393
2335 0.7431506849315068
2336 0.7432605905006419
2337 0.7433704020530368
2338 0.7434801197092775
2339 0.7435897435897436
2340 0.7436992738146091
2341 0.7438087105038429
2342 0.7439180537772087
2343 0.7440273037542662
2344 0.744136460554371
2345 0.7438192668371697
2346 0.7435023434171283
2347 0.7436115843270868
2348 0.7437207322264794
2349 0.7438297872340426
2350 0.7439387494683114
2351 0.7436224489795918
2352 0.7437314067148322
2353 0.743840271877655
2354 0.7439490445859872
2355 0.7440577249575552
2356 0.7441663131098855
2357 0.7442748091603053
2358 0.7443832132259431
2359 0.7444915254237288
2360 0.7441761965268954
2361 0.7442845046570703
2362 0.7443927211172239
2363 0.7445008460236887
2364 0.7441860465116279
2365 0.7438715131022823
2366 0.743979721166033
2367 0.7440878378378378
2368 0.7437737441958633
2369 0.7438818565400844
2370 0.7439898776887389
2371 0.7440978077571669
2372 0.7442056468605142
2373 0.7443133951137321
2374 0.744421052631579
2375 0.7441077441077442
2376 0.7442153975599495
2377 0.744322960470984
2378 0.7444304329550231
2379 0.7445378151260504
2380 0.74422511549769
2381 0.7443324937027708
2382 0.7444397817876626
2383 0.7445469798657718
2384 0.7446540880503144
2385 0.7447611064543168
2386 0.744449099287809
2387 0.7441373534338358
2388 0.7438258685642528
2389 0.7435146443514644
2390 0.7436219155165202
2391 0.7437290969899666
2392 0.7438361888842457
2393 0.7439431913116124
2394 0.7440501043841337
2395 0.7437395659432388
2396 0.7438464747601168
2397 0.7435362802335279
2398 0.7436431846602751
2399 0.74375
2400 0.7434402332361516
2401 0.7435470441298918
2402 0.7436537661256762
2403 0.7437603993344426
2404 0.7438669438669439
2405 0.7435577722360764
2406 0.7436643124221022
2407 0.7433554817275747
2408 0.7434620174346201
2409 0.7435684647302905
2410 0.7436748237245956
2411 0.7437810945273632
2412 0.7438872772482387
2413 0.743993371996686
2414 0.7440993788819876
2415 0.7442052980132451
2416 0.7438973934629707
2417 0.7440033085194375
2418 0.7441091360066143
2419 0.7442148760330578
2420 0.7443205287071458
2421 0.7440132122213047
2422 0.7441188609162196
2423 0.7442244224422442
2424 0.7439175257731959
2425 0.7440230832646332
2426 0.7441285537700866
2427 0.7442339373970346
2428 0.7439275421984356
2429 0.7436213991769547
2430 0.7437268613739202
2431 0.743421052631579
2432 0.7435265104808878
2433 0.743631881676253
2434 0.7437371663244353
2435 0.7438423645320197
2436 0.7439474764054165
2437 0.743642329778507
2438 0.7437474374743748
2439 0.7434426229508196
2440 0.7435477263416632
2441 0.7436527436527437
2442 0.7437576749897666
2443 0.7438625204582652
2444 0.7439672801635991
2445 0.7436631234668847
2446 0.7437678790355537
2447 0.7438725490196079
2448 0.7439771335238873
2449 0.7440816326530613
2450 0.7441860465116279
2451 0.7442903752039152
2452 0.7439869547492866
2453 0.7440912795436023
2454 0.7441955193482689
2455 0.7438925081433225
2456 0.743996743996744
2457 0.7436940602115542
2458 0.7437982919886132
2459 0.7439024390243902
2460 0.744006501422186
2461 0.7437043054427295
2462 0.7438083637840033
2463 0.7435064935064936
2464 0.7436105476673428
2465 0.7437145174371452
2466 0.743413052290231
2467 0.743517017828201
2468 0.7436208991494532
2469 0.7437246963562752
2470 0.7438284095507891
2471 0.7439320388349514
2472 0.7440355843105539
2473 0.7441390460792239
2474 0.7442424242424243
2475 0.744345718901454
2476 0.7440452159870812
2477 0.7437449556093624
2478 0.7434449374747882
2479 0.7431451612903226
2480 0.7432486900443369
2481 0.7433521353746978
2482 0.743455497382199
2483 0.7435587761674718
2484 0.7436619718309859
2485 0.7437650844730491
2486 0.7438681141938078
2487 0.7439710610932476
2488 0.7440739252711932
2489 0.7437751004016064
2490 0.7438779606583701
2491 0.7439807383627608
2492 0.7440834336141195
2493 0.743785084202085
2494 0.7438877755511022
2495 0.7439903846153846
2496 0.7440929114937925
2497 0.744195356285028
2498 0.7438975590236094
2499 0.744
2500 0.7441023590563774
2501 0.7442046362909672
2502 0.7443068318018378
2503 0.744408945686901
2504 0.7445109780439122
2505 0.7442138866719872
2506 0.744315915436777
2507 0.7444178628389154
2508 0.7445197289756875
2509 0.7446215139442232
2510 0.7447232178414974
2511 0.7448248407643312
2512 0.7449263828093912
2513 0.7450278440731901
2514 0.7451292246520875
2515 0.7448330683624801
2516 0.7449344457687723
2517 0.7450357426528992
2518 0.7451369591107583
2519 0.7448412698412699
2520 0.7449424831416105
2521 0.7450436161776368
2522 0.7451446690447879
2523 0.7448494453248812
2524 0.744950495049505
2525 0.7446555819477435
2526 0.744756628413138
2527 0.7444620253164557
2528 0.7445630684064848
2529 0.7442687747035573
2530 0.7443698143026471
2531 0.7444707740916272
2532 0.7445716541650217
2533 0.744672454617206
2534 0.7447731755424063
2535 0.7448738170347003
2536 0.7449743791880173
2537 0.7450748620961387
2538 0.7451752658526979
2539 0.7452755905511811
2540 0.7453758362849272
2541 0.7454760031471283
2542 0.7455760912308297
2543 0.7456761006289309
2544 0.7457760314341847
2545 0.7458758837391988
2546 0.745975657636435
2547 0.7460753532182104
2548 0.7461749705766968
2549 0.7462745098039215
2550 0.7463739709917679
2551 0.7460815047021944
2552 0.7461809635722679
2553 0.7458888018794049
2554 0.7459882583170254
2555 0.7456964006259781
2556 0.7457958545170121
2557 0.7458952306489445
2558 0.7459945291129347
2559 0.74609375
2560 0.7461928934010152
2561 0.7462919594067136
2562 0.7460007803355443
2563 0.7460998439937597
2564 0.7461988304093568
2565 0.7462977396726422
2566 0.7460070120763537
2567 0.7461059190031153
2568 0.7458154924094978
2569 0.7459143968871595
2570 0.7460132244262933
2571 0.7461119751166407
2572 0.7458219976680918
2573 0.7455322455322455
2574 0.7456310679611651
2575 0.7457298136645962
2576 0.7458284827318588
2577 0.7459270752521334
2578 0.7456378441256301
2579 0.7457364341085271
2580 0.7458349476946919
2581 0.7455460883036406
2582 0.7456445993031359
2583 0.7457430340557275
2584 0.7458413926499032
2585 0.745552977571539
2586 0.7456513335910321
2587 0.7457496136012365
2588 0.7454615681730398
2589 0.7451737451737451
2590 0.7452720957159398
2591 0.7453703703703703
2592 0.7454685692248361
2593 0.7455666923670008
2594 0.7456647398843931
2595 0.7457627118644068
2596 0.7458606083943011
2597 0.745958429561201
2598 0.746056175452097
2599 0.7461538461538462
2600 0.7462514417531718
2601 0.7459646425826287
2602 0.746062235881675
2603 0.7461597542242704
2604 0.746257197696737
2605 0.7459708365310821
2606 0.7460682777138473
2607 0.745782208588957
2608 0.745879647374473
2609 0.7455938697318008
2610 0.7456913060130218
2611 0.7457886676875957
2612 0.7458859548411787
2613 0.7456006120887528
2614 0.745697896749522
2615 0.7457951070336392
2616 0.745892243026366
2617 0.7459893048128342
2618 0.746086292478045
2619 0.7461832061068703
2620 0.7462800457840519
2621 0.7459954233409611
2622 0.7460922607701106
2623 0.7461890243902439
2624 0.7462857142857143
2625 0.7463823305407464
2626 0.7460982108869433
2627 0.7461948249619482
2628 0.7462913655382275
2629 0.7463878326996197
2630 0.7464842265298366
2631 0.746580547112462
2632 0.7466767945309533
2633 0.7467729688686409
2634 0.7464895635673624
2635 0.7465857359635811
2636 0.7466818354190368
2637 0.7467778620166793
2638 0.7468738158393331
2639 0.746969696969697
2640 0.7470655054903446
2641 0.7471612414837244
2642 0.7472569050321605
2643 0.7469742813918305
2644 0.7470699432892249
2645 0.7467876039304611
2646 0.7465054778995088
2647 0.7462235649546828
2648 0.7463193657984145
2649 0.7464150943396226
2650 0.7465107506601283
2651 0.7462292609351433
2652 0.7463249151903506
2653 0.7464204973624717
2654 0.7465160075329567
2655 0.7466114457831325
2656 0.746706812194204
2657 0.7468021068472536
2658 0.7468973298232419
2659 0.7469924812030075
2660 0.7470875610672679
2661 0.7471825694966191
2662 0.7469019902365753
2663 0.746996996996997
2664 0.7470919324577862
2665 0.7471867966991748
2666 0.7472815898012748
2667 0.7473763118440779
2668 0.7470962907455976
2669 0.7471910112359551
2670 0.7472856608011981
2671 0.7470059880239521
2672 0.7467265245043023
2673 0.7468212415856395
2674 0.7465420560747663
2675 0.7462630792227205
2676 0.7459843107956667
2677 0.7457057505601195
2678 0.7458006718924972
2679 0.7455223880597015
2680 0.7456173069750093
2681 0.7453392990305742
2682 0.745061498322773
2683 0.7451564828614009
2684 0.7452513966480447
2685 0.7449739389426657
2686 0.7446966877558615
2687 0.7447916666666666
2688 0.74488657493492
2689 0.7449814126394052
2690 0.7450761798587886
2691 0.7451708766716196
2692 0.7448941700705533
2693 0.744988864142539
2694 0.7450834879406308
2695 0.7451780415430267
2696 0.7449017426770486
2697 0.7446256486286138
2698 0.7447202667654687
2699 0.7448148148148148
2700 0.7449092928544984
2701 0.7450037009622502
2702 0.7450980392156863
2703 0.7451923076923077
2704 0.744916820702403
2705 0.7450110864745011
2706 0.745105282600665
2707 0.7451994091580503
2708 0.7449243263196752
2709 0.7450184501845019
2710 0.7451125046108447
2711 0.7452064896755162
2712 0.7453004054552156
2713 0.7450257921886514
2714 0.7451197053406998
2715 0.7452135493372607
2716 0.7453073242546927
2717 0.7454010301692421
2718 0.745494667157043
2719 0.7452205882352941
2720 0.7449467107680999
2721 0.7450404114621602
2722 0.7451340433345575
2723 0.7448604992657856
2724 0.744954128440367
2725 0.7446808510638298
2726 0.7444077741107444
2727 0.7445014662756598
2728 0.7445950897764749
2729 0.7446886446886447
2730 0.7447821310875137
2731 0.7448755490483162
2732 0.7449688986461763
2733 0.7450621799561082
2734 0.7451553930530165
2735 0.7452485380116959
2736 0.7453416149068323
2737 0.7454346238130022
2738 0.7455275648046732
2739 0.7456204379562044
2740 0.7457132433418461
2741 0.7454412837345004
2742 0.7455340867663143
2743 0.7452623906705539
2744 0.7453551912568306
2745 0.7454479242534596
2746 0.7455405897342555
2747 0.7456331877729258
2748 0.7457257184430702
2749 0.7458181818181818
2750 0.7459105779716467
2751 0.7460029069767442
2752 0.7460951689066473
2753 0.7458242556281772
2754 0.7459165154264973
2755 0.7460087082728593
2756 0.7457381211461733
2757 0.7458303118201596
2758 0.7459224356650961
2759 0.7460144927536232
2760 0.746106483158276
2761 0.7461984069514844
2762 0.745928338762215
2763 0.7460202604920405
2764 0.7461121157323689
2765 0.7458423716558207
2766 0.7455728225514998
2767 0.7456647398843931
2768 0.7457565908270134
2769 0.7458483754512636
2770 0.7459400938289427
2771 0.746031746031746
2772 0.7457627118644068
2773 0.745493871665465
2774 0.7455855855855856
2775 0.7456772334293948
2776 0.7457688152682751
2777 0.7458603311735061
2778 0.7459517812162648
2779 0.74568345323741
2780 0.7457749011147069
2781 0.7458662832494608
2782 0.7459575997125404
2783 0.7460488505747126
2784 0.7457809694793537
2785 0.7458722182340273
2786 0.7459634015069968
2787 0.7456958393113343
2788 0.7457870204374327
2789 0.7458781362007169
2790 0.745969186671444
2791 0.7460601719197708
2792 0.7461510920157537
2793 0.7462419470293487
2794 0.7463327370304115
2795 0.7464234620886981
2796 0.7461565963532356
2797 0.7462473195139385
2798 0.7463379778492318
2799 0.7464285714285714
2800 0.7465191003213139
2801 0.7466095645967167
2802 0.7466999643239386
2803 0.7467902995720399
2804 0.7468805704099821
2805 0.7469707769066286
2806 0.7470609191307446
2807 0.7471509971509972
2808 0.7472410110359559
2809 0.7469750889679715
2810 0.7470651013874067
2811 0.7471550497866287
2812 0.7472449342339139
2813 0.7469793887704336
2814 0.747069271758437
2815 0.7471590909090909
2816 0.746893858714945
2817 0.7466288147622427
2818 0.7467186945725435
2819 0.7468085106382979
2820 0.7468982630272953
2821 0.7469879518072289
2822 0.7470775770456961
2823 0.7471671388101983
2824 0.7472566371681416
2825 0.7473460721868365
2826 0.7474354439334984
2827 0.7475247524752475
2828 0.7476139978791092
2829 0.7473498233215548
2830 0.747439067467326
2831 0.7475282485875706
2832 0.7476173667490293
2833 0.7473535638673253
2834 0.7474426807760141
2835 0.7475317348377997
2836 0.74762072611914
2837 0.7473572938689218
2838 0.7474462839027827
2839 0.7475352112676056
2840 0.747624076029567
2841 0.7477128782547502
2842 0.7478016180091452
2843 0.7475386779184248
2844 0.7476274165202109
2845 0.7477160927617709
2846 0.7478047067088163
2847 0.7475421348314607
2848 0.7472797472797473
2849 0.7470175438596491
2850 0.7471062784987723
2851 0.7471949509116409
2852 0.7472835611636873
2853 0.7473721093202523
2854 0.7474605954465849
2855 0.7475490196078431
2856 0.7476373818690935
2857 0.7477256822953114
2858 0.7478139209513815
2859 0.7479020979020979
2860 0.7479902132121635
2861 0.7480782669461915
2862 0.7481662591687042
2863 0.7479050279329609
2864 0.7479930191972077
2865 0.7480809490579204
2866 0.7478200209277991
2867 0.747907949790795
2868 0.7479958173579645
2869 0.7480836236933798
2870 0.7478230581678857
2871 0.7475626740947076
2872 0.7476505395057431
2873 0.7473903966597077
2874 0.7474782608695653
2875 0.7475660639777468
2876 0.7476538060479666
2877 0.747394023627519
2878 0.747481764501563
2879 0.7475694444444444
2880 0.7476570635196113
2881 0.7477446217904233
2882 0.7478321193201526
2883 0.7479195561719834
2884 0.7476603119584055
2885 0.7477477477477478
2886 0.7474887426394181
2887 0.7475761772853186
2888 0.7476635514018691
2889 0.7477508650519031
2890 0.7478381182981667
2891 0.7475795297372061
2892 0.7476667818873142
2893 0.7474084312370421
2894 0.7474956822107082
2895 0.7475828729281768
2896 0.7476700034518468
2897 0.7477570738440303
2898 0.7478440841669541
2899 0.7479310344827587
2900 0.7476732161323681
2901 0.7474155754651964
2902 0.7475025835342749
2903 0.7472451790633609
2904 0.7473321858864027
2905 0.7474191328286304
2906 0.7475060199518404
2907 0.7475928473177441
2908 0.7476796149879684
2909 0.747766323024055
2910 0.7475094469254552
2911 0.7475961538461539
2912 0.7473395125300377
2913 0.7474262182566919
2914 0.7475128644939966
2915 0.747599451303155
2916 0.7476859787452863
2917 0.7477724468814256
2918 0.7478588557725249
2919 0.7476027397260274
2920 0.7476891475522082
2921 0.7477754962354551
2922 0.7475196715703045
2923 0.7476060191518468
2924 0.7476923076923077
2925 0.7477785372522214
2926 0.7478647078920396
2927 0.7479508196721312
2928 0.7480368726527825
2929 0.7477815699658703
2930 0.7478676219720232
2931 0.7479536152796725
2932 0.7480395499488578
2933 0.7477845944103613
2934 0.7475298126064736
2935 0.747275204359673
2936 0.7473612529792305
2937 0.7474472430224642
2938 0.7475331745491663
2939 0.7476190476190476
2940 0.7477048622917375
2941 0.7477906186267845
2942 0.7475365273530411
2943 0.7476222826086957
2944 0.7473684210526316
2945 0.7471147318397827
2946 0.7472005429250085
2947 0.7472862957937585
2948 0.747371990505256
2949 0.7471186440677966
2950 0.7472043375127075
2951 0.747289972899729
2952 0.7473755502878429
2953 0.7474610697359513
2954 0.7475465313028765
2955 0.7476319350473613
2956 0.747717281028069
2957 0.7474645030425964
2958 0.7472118959107806
2959 0.7472972972972973
2960 0.7473826409996622
2961 0.7474679270762998
2962 0.7475531555855551
2963 0.7473009446693657
2964 0.7473861720067454
2965 0.7474713418745785
2966 0.7472194135490394
2967 0.7473045822102425
2968 0.7470528797574941
2969 0.7468013468013468
2970 0.7468865701783911
2971 0.746971736204576
2972 0.7467204843592331
2973 0.7468056489576328
2974 0.746890756302521
2975 0.7469758064516129
2976 0.7470607994625462
2977 0.7471457353928811
2978 0.7468949311849614
2979 0.7469798657718121
2980 0.7470647433747065
2981 0.7471495640509725
2982 0.7472343278578613
2983 0.7473190348525469
2984 0.7470686767169179
2985 0.74715338245144
2986 0.747238031469702
2987 0.7473226238286479
2988 0.747072599531616
2989 0.7468227424749164
2990 0.7469073888331662
2991 0.7469919786096256
2992 0.7467423989308386
2993 0.7468269873079493
2994 0.7469115191986644
2995 0.746995994659546
2996 0.7470804137470805
2997 0.7471647765176784
2998 0.7472490830276759
2999 0.7473333333333333
3000 0.7470843052315894
3001 0.7471685542971352
3002 0.7472527472527473
3003 0.7470039946737683
3004 0.7470881863560732
3005 0.7471723220226214
3006 0.7472564017292983
3007 0.7470079787234043
3008 0.7470920571618478
3009 0.7471760797342193
3010 0.7472600464961807
3011 0.74734395750332
3012 0.7474278128111517
3013 0.7475116124751161
3014 0.7475953565505804
3015 0.7476790450928382
3016 0.7474312230692741
3017 0.7475149105367793
3018 0.7475985425637628
3019 0.747682119205298
3020 0.7477656405163853
3021 0.7475181998676373
3022 0.7472709229242475
3023 0.7473544973544973
3024 0.7474380165289256
3025 0.7475214805023133
3026 0.747604889329369
3027 0.7476882430647291
3028 0.7477715417629581
3029 0.7478547854785479
3030 0.7479379742659188
3031 0.7480211081794196
3032 0.7481041872733267
3033 0.7481872116018458
3034 0.7482701812191104
3035 0.7483530961791831
3036 0.7484359565360553
3037 0.7485187623436471
3038 0.7486015136558078
3039 0.7486842105263158
3040 0.7487668530088787
3041 0.7485207100591716
3042 0.7482747288859678
3043 0.7480289093298291
3044 0.7481116584564861
3045 0.7481943532501641
3046 0.7482769937643584
3047 0.7483595800524935
3048 0.7481141357822236
3049 0.7481967213114754
3050 0.7482792527040315
3051 0.7483617300131061
3052 0.7484441532918441
3053 0.7481990831696136
3054 0.7482815057283142
3055 0.7483638743455497
3056 0.7481190709846255
3057 0.7478744277305428
3058 0.7479568486433475
3059 0.7480392156862745
3060 0.7477948382881411
3061 0.7478772044415415
3062 0.7479595168135814
3063 0.7477154046997389
3064 0.7477977161500816
3065 0.7478799739073712
3066 0.7479621780241278
3067 0.7480443285528031
3068 0.7481264255457803
3069 0.7482084690553746
3070 0.7479648323021817
3071 0.748046875
3072 0.7478034493979824
3073 0.7478854912166558
3074 0.7476422764227643
3075 0.7477243172951885
3076 0.747806304842379
3077 0.7475633528265108
3078 0.7473205586229296
3079 0.7474025974025974
3080 0.7474845829276209
3081 0.7472420506164829
3082 0.7473240350308141
3083 0.7474059662775616
3084 0.7474878444084279
3085 0.7475696694750487
3086 0.7476514415289925
3087 0.7474093264248705
3088 0.747491097442538
3089 0.7472491909385113
3090 0.7473309608540926
3091 0.7474126778783958
3092 0.7474943420627223
3093 0.7472527472527473
3094 0.7473344103392568
3095 0.7474160206718347
3096 0.7471746851792057
3097 0.7472562943834732
3098 0.7473378509196515
3099 0.7474193548387097
3100 0.7475008061915511
3101 0.7475822050290135
3102 0.7476635514018691
3103 0.7477448453608248
3104 0.7478260869565218
3105 0.7479072762395363
3106 0.7479884132603798
3107 0.7477477477477478
3108 0.747507237053715
3109 0.747588424437299
3110 0.7476695596271296
3111 0.7477506426735219
3112 0.7478316736267266
3113 0.74791265253693
3114 0.7479935794542536
3115 0.7480744544287549
3116 0.7481552775104267
3117 0.7482360487491982
3118 0.7483167681949343
3119 0.7483974358974359
3120 0.7484780519064402
3121 0.7485586162716208
3122 0.7486391290425872
3123 0.7483994878361075
3124 0.74816
3125 0.7482405630198337
3126 0.748001279181324
3127 0.7480818414322251
3128 0.7481623521891978
3129 0.7482428115015974
3130 0.748323219418716
3131 0.7480842911877394
3132 0.7478455154803703
3133 0.7479259731971921
3134 0.748006379585327
3135 0.7477678571428571
3136 0.7475294867708001
3137 0.7476099426386233
3138 0.7476903472443454
3139 0.7477707006369426
3140 0.7478510028653295
3141 0.7479312539783577
3142 0.7480114540248171
3143 0.7480916030534351
3144 0.7481717011128776
3145 0.7482517482517482
3146 0.7483317445185891
3147 0.7484116899618806
3148 0.7484915846300413
3149 0.7485714285714286
3150 0.7486512218343383
3151 0.748730964467005
3152 0.7488106565176023
3153 0.7488902980342422
3154 0.7489698890649762
3155 0.7490494296577946
3156 0.7491289198606271
3157 0.7492083597213426
3158 0.7492877492877493
3159 0.7493670886075949
3160 0.7494463777285669
3161 0.7492093611638204
3162 0.7492886500158078
3163 0.7493678887484198
3164 0.7494470774091627
3165 0.7495262160454833
3166 0.7496053047047679
3167 0.7496843434343434
3168 0.7497633322814768
3169 0.7498422712933754
3170 0.749605802585935
3171 0.7496847414880202
3172 0.7494484714780965
3173 0.7495274102079396
3174 0.7496062992125985
3175 0.7493702770780857
3176 0.7494491658797607
3177 0.7495280050346129
3178 0.7492922302610884
3179 0.7493710691823899
3180 0.7494498585350519
3181 0.7495285983658077
3182 0.7496072887213321
3183 0.7496859296482412
3184 0.7497645211930927
3185 0.7498430634023855
3186 0.7499215563225604
3187 0.75
3188 0.7500783944810285
3189 0.7498432601880878
3190 0.7499216546537135
3191 0.75
3192 0.7500782962730974
3193 0.7501565435190983
3194 0.7502347417840376
3195 0.75
3196 0.7497654050672505
3197 0.7498436522826767
3198 0.7499218505783057
3199 0.7496875
3200 0.7497656982193065
3201 0.749843847595253
3202 0.7499219481735873
3203 0.75
3204 0.7497659906396256
3205 0.7498440424204617
3206 0.7499220455254132
3207 0.75
3208 0.7497662823309442
3209 0.7498442367601246
3210 0.7496107131734662
3211 0.7496886674968867
3212 0.7497665732959851
3213 0.7498444306160548
3214 0.7499222395023328
3215 0.7496890547263682
3216 0.7497668635374573
3217 0.7495338719701679
3218 0.7493010251630942
3219 0.7490683229813665
3220 0.7491462278795405
3221 0.7489137181874612
3222 0.7489916227117592
3223 0.7490694789081885
3224 0.7491472868217054
3225 0.7492250464972101
3226 0.7493027579795476
3227 0.7493804213135068
3228 0.7494580365438216
3229 0.7495356037151703
3230 0.7496131228721759
3231 0.749690594059406
3232 0.7494587070832045
3233 0.7495361781076066
3234 0.749613601236476
3235 0.7493819530284301
3236 0.7494593759654
3237 0.7495367510809141
3238 0.7496140784192652
3239 0.7496913580246913
3240 0.7497685899413761
3241 0.7498457742134484
3242 0.7496145544249152
3243 0.749691738594328
3244 0.7494607087827427
3245 0.7495378927911276
3246 0.7496150292577765
3247 0.749692118226601
3248 0.7497691597414589
3249 0.7498461538461538
3250 0.7499231005844356
3251 0.75
3252 0.7500768521364894
3253 0.7501536570374924
3254 0.7502304147465437
3255 0.7503071253071253
3256 0.750383788762665
3257 0.7504604051565378
3258 0.7502301319423136
3259 0.7503067484662577
3260 0.7500766636001227
3261 0.7498467198038014
3262 0.7499233833895188
3263 0.75
3264 0.7500765696784073
3265 0.7501530924678506
3266 0.7502295684113865
3267 0.7503059975520195
3268 0.7500764759865403
3269 0.7498470948012232
3270 0.7496178538673188
3271 0.7493887530562348
3272 0.7491597922395355
3273 0.7492364080635309
3274 0.7490076335877862
3275 0.7490842490842491
3276 0.7491608178211779
3277 0.7489322757779133
3278 0.7490088441598048
3279 0.7490853658536586
3280 0.749161840902164
3281 0.7492382693479586
3282 0.7493146512336277
3283 0.7490864799025578
3284 0.7491628614916286
3285 0.7492391965916008
3286 0.7493154852449042
3287 0.7493917274939172
3288 0.7494679233809669
3289 0.7495440729483283
3290 0.7496201762382254
3291 0.7496962332928311
3292 0.7497722441542666
3293 0.7498482088646024
3294 0.7496206373292867
3295 0.7496966019417476
3296 0.7497725204731575
3297 0.7495451788963008
3298 0.7496210973022128
3299 0.7493939393939394
3300 0.7494698576189034
3301 0.7492428831011508
3302 0.7493188010899182
3303 0.74909200968523
3304 0.7491679273827534
3305 0.7489413188142771
3306 0.7487148472936196
3307 0.7487908101571947
3308 0.7488667271078876
3309 0.7489425981873111
3310 0.7490184234370281
3311 0.7490942028985508
3312 0.7491699366133414
3313 0.7492456246228123
3314 0.7493212669683258
3315 0.7493968636911942
3316 0.7491709375942116
3317 0.7492465340566606
3318 0.749322084965351
3319 0.7493975903614458
3320 0.7494730502860584
3321 0.7495484647802528
3322 0.7496238338850436
3323 0.7493983152827918
3324 0.7494736842105263
3325 0.7492483463619964
3326 0.7490231439735497
3327 0.7490985576923077
3328 0.7491739261039351
3329 0.7492492492492493
3330 0.7490243170219153
3331 0.7487995198079231
3332 0.7488748874887489
3333 0.7489502099580084
3334 0.7490254872563719
3335 0.7488009592326139
3336 0.7488762361402457
3337 0.7489514679448772
3338 0.749026654687032
3339 0.7491017964071857
3340 0.7488775815624065
3341 0.7489527229204069
3342 0.7490278193239606
3343 0.7491028708133971
3344 0.7491778774289986
3345 0.7492528392109982
3346 0.7490289811771735
3347 0.7491039426523297
3348 0.7488802627650045
3349 0.748955223880597
3350 0.7487317218740674
3351 0.7485083532219571
3352 0.7485833581866985
3353 0.7483601669648181
3354 0.748435171385991
3355 0.7485101311084624
3356 0.7485850461721776
3357 0.7486599166170339
3358 0.7487347424828819
3359 0.7488095238095238
3360 0.7488842606367153
3361 0.7486615110053539
3362 0.7487362473981564
3363 0.7488109393579072
3364 0.7488855869242199
3365 0.7486631016042781
3366 0.7487377487377488
3367 0.7485154394299287
3368 0.7485900860789552
3369 0.7486646884272997
3370 0.7487392465143874
3371 0.7488137603795967
3372 0.7488882300622591
3373 0.7489626556016598
3374 0.7490370370370371
3375 0.7491113744075829
3376 0.749185667752443
3377 0.7492599171107164
3378 0.749334122521456
3379 0.7494082840236687
3380 0.7491866311742088
3381 0.7492607924305145
3382 0.7490393142181496
3383 0.749113475177305
3384 0.7491875923190546
3385 0.7489663319551093
3386 0.7490404487747269
3387 0.7488193624557261
3388 0.7485984066096194
3389 0.748377581120944
3390 0.7481568858743733
3391 0.7482311320754716
3392 0.748305334512231
3393 0.7483794932233353
3394 0.748159057437408
3395 0.7482332155477032
3396 0.7483073299970562
3397 0.7480871100647439
3398 0.7478670197116799
3399 0.7479411764705882
3400 0.7480152896206997
3401 0.7480893592004703
3402 0.7481633852483103
3403 0.7482373678025852
3404 0.7483113069016153
3405 0.7480916030534351
3406 0.7481655415321398
3407 0.7482394366197183
3408 0.7483132883543561
3409 0.7480938416422287
3410 0.7481676927587217
3411 0.7482415005861665
3412 0.7480222677995898
3413 0.7478031634446397
3414 0.7478770131771596
3415 0.7479508196721312
3416 0.7480245829675154
3417 0.7480983031012288
3418 0.7481719801111436
3419 0.7482456140350877
3420 0.7480268927214265
3421 0.7481005260081823
3422 0.74788197487584
3423 0.7479556074766355
3424 0.7477372262773723
3425 0.7475189725627553
3426 0.7473008462211848
3427 0.7473745624270712
3428 0.7471566054243219
3429 0.7472303206997084
3430 0.7470125327892743
3431 0.747086247086247
3432 0.7471599184386833
3433 0.7472335468841002
3434 0.7473071324599709
3435 0.7473806752037253
3436 0.7474541751527495
3437 0.7472367655613729
3438 0.7470194824076767
3439 0.747093023255814
3440 0.7471665213600698
3441 0.7469494479953516
3442 0.7470229451060122
3443 0.747096399535424
3444 0.7468795355587808
3445 0.746952988972722
3446 0.7470263997679141
3447 0.7470997679814385
3448 0.7471730936503335
3449 0.7472463768115942
3450 0.7470298464213272
3451 0.7468134414831982
3452 0.7468867651317694
3453 0.7469600463231036
3454 0.7470332850940665
3455 0.7471064814814815
3456 0.747179635522129
3457 0.7469635627530364
3458 0.747036715813819
3459 0.7471098265895953
3460 0.7471828951170182
3461 0.7469670710571924
3462 0.7470401386081432
3463 0.7471131639722863
3464 0.746897546897547
3465 0.7469705712637046
3466 0.7470435535044707
3467 0.7471164936562861
3468 0.7471893917555491
3469 0.7472622478386167
3470 0.7470469605301066
3471 0.746831797235023
3472 0.7469046933486899
3473 0.7469775474956822
3474 0.7467625899280576
3475 0.7468354430379747
3476 0.7469082542421628
3477 0.7469810235767682
3478 0.747053751077896
3479 0.7471264367816092
3480 0.7469118069520253
3481 0.7469844916714532
3482 0.7467700258397932
3483 0.7468427095292767
3484 0.7466284074605452
3485 0.7467010900745841
3486 0.7467737310008603
3487 0.7465596330275229
3488 0.7466322728575523
3489 0.7467048710601719
3490 0.7467774276711544
3491 0.7468499427262314
3492 0.7469224162610936
3493 0.7467086433886663
3494 0.7467811158798283
3495 0.7468535469107551
3496 0.7469259365170146
3497 0.7467124070897656
3498 0.7467847956559017
3499 0.7468571428571429
3500 0.7469294487289346
3501 0.7470017133066819
3502 0.7470739366257494
3503 0.7471461187214612
3504 0.7472182596291013
3505 0.7472903593839133
3506 0.7470772740233818
3507 0.7471493728620296
3508 0.7472214306070105
3509 0.7472934472934473
3510 0.7473654229564227
3511 0.7474373576309795
3512 0.7472245943637916
3513 0.7472965281730222
3514 0.7470839260312945
3515 0.747155858930603
3516 0.747227750924083
3517 0.7472996020466174
3518 0.7473714123330492
3519 0.7471590909090909
3520 0.7469468900880432
3521 0.7470187393526405
3522 0.7470905478285552
3523 0.7471623155505108
3524 0.7472340425531915
3525 0.7473057288712422
3526 0.7473773745392684
3527 0.7474489795918368
3528 0.7475205440634741
3529 0.7475920679886685
3530 0.7476635514018691
3531 0.7477349943374858
3532 0.7475233512595528
3533 0.7475947934352009
3534 0.7476661951909477
3535 0.747737556561086
3536 0.7475261521063048
3537 0.7473148671565857
3538 0.747386267307149
3539 0.747457627118644
3540 0.7475289466252472
3541 0.7476002258610954
3542 0.7476714648602879
3543 0.7474604966139955
3544 0.7475317348377997
3545 0.7476029328821207
3546 0.7473921623907528
3547 0.7474633596392334
3548 0.747534516765286
3549 0.7473239436619719
3550 0.7471134891579837
3551 0.7471846846846847
3552 0.747255840135097
3553 0.7473269555430501
3554 0.7473980309423347
3555 0.7474690663667042
3556 0.7475400618498735
3557 0.7476110174255199
3558 0.7474009553245293
3559 0.7474719101123596
3560 0.7475428250491435
3561 0.7476137001684446
3562 0.747684535503789
3563 0.7477553310886644
3564 0.7478260869565218
3565 0.747896803140774
3566 0.7479674796747967
3567 0.7480381165919282
3568 0.7478285233959092
3569 0.7476190476190476
3570 0.747689722766732
3571 0.7477603583426652
3572 0.7478309543800727
3573 0.7479015109121433
3574 0.747972027972028
3575 0.7480425055928411
3576 0.74811294380766
3577 0.7481833426495249
3578 0.7482537021514389
3579 0.7483240223463687
3580 0.7483943032672438
3581 0.748464544946957
3582 0.7485347474183645
3583 0.7486049107142857
3584 0.7486750348675035
3585 0.7487451199107641
3586 0.7485363813771955
3587 0.7486064659977704
3588 0.748397882418501
3589 0.7484679665738162
3590 0.7485380116959064
3591 0.748608017817372
3592 0.7486779849707765
3593 0.7487479131886478
3594 0.7488178025034771
3595 0.7486095661846496
3596 0.7486794551014735
3597 0.7484713729849917
3598 0.7485412614615171
3599 0.7486111111111111
3600 0.7486809219661206
3601 0.7484730705163798
3602 0.7482653344435193
3603 0.7480577136514983
3604 0.748127600554785
3605 0.7481974486966168
3606 0.7479900194067092
3607 0.7477827050997783
3608 0.7478525907453588
3609 0.7479224376731302
3610 0.7479922459152589
3611 0.748062015503876
3612 0.7481317464710767
3613 0.7482014388489209
3614 0.7482710926694329
3615 0.7483407079646017
3616 0.7484102847663809
3617 0.7484798231066888
3618 0.7485493230174082
3619 0.7486187845303868
3620 0.7484120408726871
3621 0.7484815019326339
3622 0.7485509246480817
3623 0.7486203090507726
3624 0.7486896551724138
3625 0.7487589630446774
3626 0.7488282326992004
3627 0.7488974641675854
3628 0.7486910994764397
3629 0.7487603305785124
3630 0.7488295235472322
3631 0.7486233480176211
3632 0.7486925406000551
3633 0.7487616951018162
3634 0.7488308115543328
3635 0.7488998899889989
3636 0.7486939785537531
3637 0.7487630566245189
3638 0.7488320967298708
3639 0.7486263736263736
3640 0.7486954133479813
3641 0.7487644151565074
3642 0.7488333790831732
3643 0.7489023051591658
3644 0.7486968449931413
3645 0.7487657707076248
3646 0.7488346586235262
3647 0.7489035087719298
3648 0.748972321183886
3649 0.7487671232876713
3650 0.7488359353601753
3651 0.7489047097480832
3652 0.7489734464823433
3653 0.7490421455938697
3654 0.749110807113543
3655 0.7491794310722101
3656 0.7492480175006836
3657 0.749316566429743
3658 0.7491117791746379
3659 0.7489071038251366
3660 0.7489756897022671
3661 0.7487711632987438
3662 0.7488397488397488
3663 0.7489082969432315
3664 0.7487039563437926
3665 0.7484997272231315
3666 0.748568311971639
3667 0.7483642311886587
3668 0.7484328154810576
3669 0.7485013623978202
3670 0.7485698719694907
3671 0.7486383442265795
3672 0.7487067791995644
3673 0.7485029940119761
3674 0.7485714285714286
3675 0.7486398258977149
3676 0.7487081860212129
3677 0.7485046220772159
3678 0.7485729817885295
3679 0.7483695652173913
3680 0.7484379244770443
3681 0.7485062466051059
3682 0.748303013847407
3683 0.748371335504886
3684 0.7484396200814111
3685 0.7485078676071623
3686 0.7483048548955791
3687 0.7483731019522777
