0 0.5
1 1.0
2 1.0
3 1.0
4 1.0
5 0.79595980041612
6 0.8308266357711931
7 0.8308266357711931
8 0.8308266357711931
9 0.7085287200280315
10 0.7462570388552767
11 0.7462570388552767
12 0.6599673432637639
13 0.6955289449997926
14 0.7246199039594147
15 0.7246199039594147
16 0.6608414340580359
17 0.6885325998602376
18 0.7122626923403765
19 0.6613655708641614
20 0.6613655708641614
21 0.6613655708641614
22 0.6168418299900033
23 0.6168418299900033
24 0.6168418299900033
25 0.6168418299900033
26 0.6412379818197441
27 0.6024892624435199
28 0.567829854243606
29 0.5915633309644535
30 0.5604729487085615
31 0.5826299461140637
32 0.5826299461140637
33 0.6028527629472455
34 0.5747243785996189
35 0.5938655354745678
36 0.5938655354745678
37 0.611526868768913
38 0.6278728070036222
39 0.6278728070036222
40 0.6430442890477616
41 0.6571628140582247
42 0.6319164154132321
43 0.6083107236046571
44 0.6225529516198625
45 0.635924821126491
46 0.6485031330365708
47 0.6266350469653589
48 0.638933505766362
49 0.6505601498303178
50 0.6615680221975716
51 0.6411663173800296
52 0.6217973863604389
53 0.6329961575108243
54 0.643654315487382
55 0.643654315487382
56 0.6253112223916849
57 0.6253112223916849
58 0.6357953002127319
59 0.6357953002127319
60 0.6357953002127319
61 0.645806025069388
62 0.6283601241554929
63 0.611669486443717
64 0.6218163510819159
65 0.6315412267350254
66 0.6155525956652179
67 0.6251387610369314
68 0.6343483516382221
69 0.6343483516382221
70 0.6432026910168548
71 0.6517215233409598
72 0.6363740886691825
73 0.6363740886691825
74 0.6215884040359579
75 0.6215884040359579
76 0.6302656821800522
77 0.6302656821800522
78 0.6302656821800522
79 0.6302656821800522
80 0.6386357518098628
81 0.6467142427606949
82 0.6545157430212808
83 0.6620538841304221
84 0.6477772285265181
85 0.6552857967089764
86 0.66255206254021
87 0.66255206254021
88 0.6487390953452101
89 0.6559836363747988
90 0.66300417426716
91 0.6496132375264775
92 0.6566186894175462
93 0.6566186894175462
94 0.6634161476377397
95 0.6700144113945302
96 0.6570046408252253
97 0.6636025002527657
98 0.6509542603758436
99 0.6386584946942688
100 0.6454236791045586
101 0.6454236791045586
102 0.652004799704377
103 0.6584089484510796
104 0.664642858354944
105 0.6526126179011703
106 0.6408950444590873
107 0.6294786742208746
108 0.6294786742208746
109 0.6360276639992957
110 0.6424119004836764
111 0.6424119004836764
112 0.6312280415940364
113 0.6312280415940364
114 0.6376008386821786
115 0.6266620210657725
116 0.6266620210657725
117 0.6159872630381912
118 0.6159872630381912
119 0.6224829640135537
120 0.6288249313065902
121 0.6350182495741999
122 0.6410677825486343
123 0.6410677825486343
124 0.6469781849140973
125 0.6363930873676512
126 0.64230439601251
127 0.6319271215090688
128 0.6319271215090688
129 0.6217799746291617
130 0.6217799746291617
131 0.6118558800367578
132 0.6118558800367578
133 0.602148048023919
134 0.5926499602313454
135 0.5926499602313454
136 0.5990384822407124
137 0.6052912768346266
138 0.6114123180518231
139 0.6174054272365689
140 0.6232742803085157
141 0.6137642731879682
142 0.6137642731879682
143 0.6137642731879682
144 0.6044483555138053
145 0.6104212399697095
146 0.6162740827391181
147 0.6162740827391181
148 0.6220101798548603
149 0.6127578931422499
150 0.6127578931422499
151 0.6127578931422499
152 0.6184901045918976
153 0.6241104714061717
154 0.6149594382145182
155 0.6205789028470644
156 0.6115633018673385
157 0.6171809689715294
158 0.6171809689715294
159 0.6082947982197398
160 0.5995749205524683
161 0.6052902199029614
162 0.6108999733986781
163 0.6164068024243895
164 0.6077190391184949
165 0.6077190391184949
166 0.6132253829651445
167 0.6132253829651445
168 0.604652308072785
169 0.604652308072785
170 0.5962326003041392
171 0.5879625946510494
172 0.5879625946510494
173 0.5879625946510494
174 0.5879625946510494
175 0.5936556979987156
176 0.5854843720118567
177 0.5911685413525065
178 0.5967540270398638
179 0.5886308768737447
180 0.5806471399118129
181 0.586314724993585
182 0.586314724993585
183 0.586314724993585
184 0.5784183940846958
185 0.5840765222371902
186 0.589639678925567
187 0.595109961410291
188 0.6004894067331925
189 0.6057799938662727
190 0.6057799938662727
191 0.6109836457690694
192 0.6029444668220671
193 0.6081523846574928
194 0.6132760265974753
195 0.6052816631900099
196 0.6104114450071106
197 0.6104114450071106
198 0.6104114450071106
199 0.6154594358239185
200 0.6154594358239185
201 0.6075082961137807
202 0.5996827205263768
203 0.6048245636763842
204 0.6048245636763842
205 0.6098859660822465
206 0.6098859660822465
207 0.6098859660822465
208 0.6020964266375131
209 0.6071644513910054
210 0.6121542694279998
211 0.6121542694279998
212 0.6170674309071404
213 0.6092713278875839
214 0.6092713278875839
215 0.6141948710207075
216 0.6141948710207075
217 0.6141948710207075
218 0.6141948710207075
219 0.6064755242738222
220 0.6114087634503229
221 0.6162678365243739
222 0.6162678365243739
223 0.6210541636022967
224 0.6257691298246212
225 0.6304140864366649
226 0.6304140864366649
227 0.6304140864366649
228 0.6349903518199467
229 0.6349903518199467
230 0.6271464960890555
231 0.6271464960890555
232 0.6317414390827869
233 0.6362692339383547
234 0.6284641211298209
235 0.6330114418929857
236 0.6330114418929857
237 0.6252811661889626
238 0.6252811661889626
239 0.6298470976478743
240 0.6343475601455695
241 0.6343475601455695
242 0.6387837293023819
243 0.6431567537898563
244 0.6431567537898563
245 0.6431567537898563
246 0.6474677560987139
247 0.6396619795099461
248 0.6396619795099461
249 0.6319661297640181
250 0.6363850139725199
251 0.6363850139725199
252 0.6287594119244078
253 0.6331990690202305
254 0.6375770559964278
255 0.6375770559964278
256 0.6418944324100089
257 0.6461522347203518
258 0.6461522347203518
259 0.6461522347203518
260 0.6503514769148121
261 0.6503514769148121
262 0.6544931511140483
263 0.6544931511140483
264 0.6585782281578276
265 0.6508057452697837
266 0.6549194928352648
267 0.6549194928352648
268 0.6549194928352648
269 0.6589775515112013
270 0.6629808436807025
271 0.6629808436807025
272 0.6669302724554191
273 0.6708267221754369
274 0.6746710588936377
275 0.6746710588936377
276 0.6784641308450889
277 0.6784641308450889
278 0.682206768901999
279 0.6858997870147525
280 0.6858997870147525
281 0.6779419668683916
282 0.6779419668683916
283 0.6816725128544994
284 0.68535401670456
285 0.68535401670456
286 0.68535401670456
287 0.68535401670456
288 0.68535401670456
289 0.6774401837746902
290 0.6811590521902937
291 0.6733177994946309
292 0.6770727688035644
293 0.6807790394062672
294 0.6844373689954972
295 0.6880485005688326
296 0.6880485005688326
297 0.6880485005688326
298 0.6880485005688326
299 0.6880485005688326
300 0.6916131627817333
301 0.6916131627817333
302 0.6837213773424454
303 0.6759306329917318
304 0.6759306329917318
305 0.6759306329917318
306 0.6682393875560629
307 0.6682393875560629
308 0.6606461280801431
309 0.6531493701418304
310 0.6570800005887164
311 0.660960917068124
312 0.660960917068124
313 0.6534904878028708
314 0.6534904878028708
315 0.64611409898014
316 0.6501035112624608
317 0.6427841093177962
318 0.6468008842533358
319 0.6468008842533358
320 0.6507675546817616
321 0.6507675546817616
322 0.6507675546817616
323 0.6546848556665887
324 0.6546848556665887
325 0.6546848556665887
326 0.6585535090125306
327 0.6585535090125306
328 0.6585535090125306
329 0.6511844335086371
330 0.6550829680269761
331 0.6589334005994538
332 0.6627364251297945
333 0.6664927232693176
334 0.6702029646835912
335 0.6627553889575736
336 0.6664988278931104
337 0.6701966465318542
338 0.6701966465318542
339 0.6738494903970049
340 0.6774579938924562
341 0.6774579938924562
342 0.669970618096117
343 0.669970618096117
344 0.6736143226665531
345 0.6772140530640428
346 0.680770422032243
347 0.6732775019379277
348 0.6732775019379277
349 0.6732775019379277
350 0.6768699670006806
351 0.6694348698424654
352 0.6620886762516157
353 0.6657932147034459
354 0.6694536149727556
355 0.6621284006232617
356 0.6621284006232617
357 0.6658219387545962
358 0.6658219387545962
359 0.6658219387545962
360 0.6694716991628894
361 0.6694716991628894
