0 0.0
1 0.0
2 0.3333333333333333
3 0.5
4 0.4
5 0.5
6 0.42857142857142855
7 0.5
8 0.4444444444444444
9 0.5
10 0.5454545454545454
11 0.5833333333333334
12 0.6153846153846154
13 0.6428571428571429
14 0.6666666666666666
15 0.6875
16 0.7058823529411765
17 0.7222222222222222
18 0.7368421052631579
19 0.7
20 0.7142857142857143
21 0.7272727272727273
22 0.7391304347826086
23 0.7083333333333334
24 0.68
25 0.6538461538461539
26 0.6666666666666666
27 0.6785714285714286
28 0.6896551724137931
29 0.7
30 0.6774193548387096
31 0.6875
32 0.696969696969697
33 0.7058823529411765
34 0.7142857142857143
35 0.7222222222222222
36 0.7297297297297297
37 0.7105263157894737
38 0.717948717948718
39 0.725
40 0.7317073170731707
41 0.7142857142857143
42 0.6976744186046512
43 0.6818181818181818
44 0.6666666666666666
45 0.6739130434782609
46 0.6595744680851063
47 0.6666666666666666
48 0.673469387755102
49 0.68
50 0.6862745098039216
51 0.6730769230769231
52 0.6792452830188679
53 0.6851851851851852
54 0.6909090909090909
55 0.6964285714285714
56 0.7017543859649122
57 0.6896551724137931
58 0.6779661016949152
59 0.6833333333333333
60 0.6885245901639344
61 0.6935483870967742
62 0.6984126984126984
63 0.703125
64 0.6923076923076923
65 0.696969696969697
66 0.7014925373134329
67 0.7058823529411765
68 0.6956521739130435
69 0.7
70 0.704225352112676
71 0.7083333333333334
72 0.7123287671232876
73 0.7027027027027027
74 0.7066666666666667
75 0.6973684210526315
76 0.7012987012987013
77 0.7051282051282052
78 0.7088607594936709
79 0.7125
80 0.7160493827160493
81 0.7195121951219512
82 0.7228915662650602
83 0.7261904761904762
84 0.7294117647058823
85 0.7325581395348837
86 0.735632183908046
87 0.7386363636363636
88 0.7415730337078652
89 0.7333333333333333
90 0.7362637362637363
91 0.7391304347826086
92 0.7419354838709677
93 0.7340425531914894
94 0.7368421052631579
95 0.7291666666666666
96 0.7319587628865979
97 0.7244897959183674
98 0.7272727272727273
99 0.73
100 0.7227722772277227
101 0.7254901960784313
102 0.7281553398058253
103 0.7307692307692307
104 0.7238095238095238
105 0.7264150943396226
106 0.719626168224299
107 0.7222222222222222
108 0.7247706422018348
109 0.7272727272727273
110 0.7297297297297297
111 0.7321428571428571
112 0.7345132743362832
113 0.7368421052631579
114 0.7391304347826086
115 0.7327586206896551
116 0.7350427350427351
117 0.7372881355932204
118 0.7394957983193278
119 0.7416666666666667
120 0.743801652892562
121 0.7459016393442623
122 0.7479674796747967
123 0.75
124 0.752
125 0.746031746031746
126 0.7480314960629921
127 0.75
128 0.751937984496124
129 0.7538461538461538
130 0.7480916030534351
131 0.75
132 0.7518796992481203
133 0.753731343283582
134 0.7481481481481481
135 0.75
136 0.7518248175182481
137 0.7536231884057971
138 0.7553956834532374
139 0.7571428571428571
140 0.7588652482269503
141 0.7535211267605634
142 0.7552447552447552
143 0.75
144 0.7517241379310344
145 0.7534246575342466
146 0.7551020408163265
147 0.7567567567567568
148 0.7516778523489933
149 0.7466666666666667
150 0.7417218543046358
151 0.743421052631579
152 0.738562091503268
153 0.7402597402597403
154 0.7354838709677419
155 0.7371794871794872
156 0.7388535031847133
157 0.740506329113924
158 0.7421383647798742
159 0.74375
160 0.7391304347826086
161 0.7407407407407407
162 0.7423312883435583
163 0.7439024390243902
164 0.7454545454545455
165 0.7409638554216867
166 0.7425149700598802
167 0.7440476190476191
168 0.7455621301775148
169 0.7470588235294118
170 0.7485380116959064
171 0.75
172 0.7514450867052023
173 0.7471264367816092
174 0.7428571428571429
175 0.7386363636363636
176 0.7344632768361582
177 0.7359550561797753
178 0.7374301675977654
179 0.7388888888888889
180 0.7403314917127072
181 0.7417582417582418
182 0.7431693989071039
183 0.7391304347826086
184 0.7405405405405405
185 0.7419354838709677
186 0.7433155080213903
187 0.7446808510638298
188 0.746031746031746
189 0.7473684210526316
190 0.7486910994764397
191 0.75
192 0.7512953367875648
193 0.7525773195876289
194 0.7538461538461538
195 0.7551020408163265
196 0.751269035532995
197 0.7474747474747475
198 0.7487437185929648
199 0.75
200 0.7512437810945274
201 0.7524752475247525
202 0.7487684729064039
203 0.75
204 0.751219512195122
205 0.7524271844660194
206 0.7536231884057971
207 0.75
208 0.7511961722488039
209 0.7476190476190476
210 0.7488151658767772
211 0.75
212 0.7511737089201878
213 0.7476635514018691
214 0.7488372093023256
215 0.75
216 0.7465437788018433
217 0.7477064220183486
218 0.7488584474885844
219 0.7454545454545455
220 0.746606334841629
221 0.7477477477477478
222 0.7488789237668162
223 0.75
224 0.7466666666666667
225 0.7433628318584071
226 0.7444933920704846
227 0.7412280701754386
228 0.7379912663755459
229 0.7347826086956522
230 0.7359307359307359
231 0.7370689655172413
232 0.7339055793991416
233 0.7307692307692307
234 0.7276595744680852
235 0.7288135593220338
236 0.729957805907173
237 0.7310924369747899
238 0.7322175732217573
239 0.7333333333333333
240 0.7302904564315352
241 0.731404958677686
242 0.7325102880658436
243 0.7295081967213115
244 0.7306122448979592
245 0.7317073170731707
246 0.728744939271255
247 0.7258064516129032
248 0.7269076305220884
249 0.728
250 0.7290836653386454
251 0.7301587301587301
252 0.7312252964426877
253 0.7283464566929134
254 0.7294117647058823
255 0.73046875
256 0.7315175097276264
257 0.7325581395348837
258 0.7297297297297297
259 0.7307692307692307
260 0.7318007662835249
261 0.732824427480916
262 0.7300380228136882
263 0.7310606060606061
264 0.7320754716981132
265 0.7330827067669173
266 0.7303370786516854
267 0.7313432835820896
268 0.7323420074349443
269 0.7296296296296296
270 0.7269372693726938
271 0.7242647058823529
272 0.7252747252747253
273 0.7262773722627737
274 0.7236363636363636
275 0.7246376811594203
276 0.7220216606498195
277 0.7194244604316546
278 0.7204301075268817
279 0.7214285714285714
280 0.7224199288256228
281 0.723404255319149
282 0.7243816254416962
283 0.7253521126760564
284 0.7263157894736842
285 0.7272727272727273
286 0.7282229965156795
287 0.7256944444444444
288 0.726643598615917
289 0.7275862068965517
290 0.7250859106529209
291 0.726027397260274
292 0.7235494880546075
293 0.7244897959183674
294 0.7254237288135593
295 0.722972972972973
296 0.7205387205387206
297 0.7181208053691275
298 0.7190635451505016
299 0.72
300 0.7209302325581395
301 0.7218543046357616
302 0.7227722772277227
303 0.7236842105263158
304 0.7213114754098361
305 0.7222222222222222
306 0.7231270358306189
307 0.724025974025974
308 0.7249190938511327
309 0.7225806451612903
310 0.7234726688102894
311 0.7243589743589743
312 0.7252396166134185
313 0.7229299363057324
314 0.7238095238095238
315 0.7246835443037974
316 0.722397476340694
317 0.7232704402515723
318 0.7241379310344828
319 0.721875
320 0.7227414330218068
321 0.7236024844720497
322 0.7244582043343654
323 0.7253086419753086
324 0.7261538461538461
325 0.7269938650306749
326 0.7247706422018348
327 0.725609756097561
328 0.723404255319149
329 0.7212121212121212
330 0.7220543806646526
331 0.7228915662650602
332 0.7207207207207207
333 0.7215568862275449
334 0.7223880597014926
335 0.7232142857142857
336 0.7210682492581603
337 0.7218934911242604
338 0.7227138643067846
339 0.7205882352941176
340 0.7214076246334311
341 0.7222222222222222
342 0.7230320699708455
343 0.7238372093023255
344 0.7246376811594203
345 0.7254335260115607
346 0.723342939481268
347 0.7241379310344828
348 0.7249283667621776
349 0.7257142857142858
350 0.7264957264957265
351 0.7272727272727273
352 0.7252124645892352
353 0.7259887005649718
354 0.723943661971831
355 0.7247191011235955
356 0.7254901960784313
357 0.7262569832402235
358 0.7270194986072424
359 0.725
360 0.7257617728531855
361 0.7265193370165746
362 0.7272727272727273
363 0.728021978021978
364 0.7287671232876712
365 0.726775956284153
366 0.7275204359673024
367 0.7282608695652174
368 0.7289972899728997
369 0.727027027027027
370 0.7277628032345014
371 0.7258064516129032
372 0.7265415549597856
373 0.7272727272727273
374 0.728
375 0.7287234042553191
376 0.7294429708222812
377 0.7301587301587301
378 0.7282321899736148
379 0.7289473684210527
380 0.7296587926509186
381 0.7303664921465969
382 0.7310704960835509
383 0.7317708333333334
384 0.7324675324675325
385 0.7305699481865285
386 0.7286821705426356
387 0.7268041237113402
388 0.7275064267352185
389 0.7282051282051282
390 0.7289002557544757
391 0.7295918367346939
392 0.7302798982188295
393 0.7309644670050761
394 0.7291139240506329
395 0.7297979797979798
396 0.7304785894206549
397 0.7311557788944724
398 0.731829573934837
399 0.73
400 0.7306733167082294
401 0.7313432835820896
402 0.7320099255583127
403 0.7326732673267327
404 0.7308641975308642
405 0.729064039408867
406 0.7297297297297297
407 0.7279411764705882
408 0.726161369193154
409 0.7268292682926829
410 0.7274939172749392
411 0.7281553398058253
412 0.7288135593220338
413 0.7270531400966184
414 0.727710843373494
415 0.7259615384615384
416 0.7266187050359713
417 0.7272727272727273
418 0.7279236276849642
419 0.7285714285714285
420 0.7292161520190024
421 0.7274881516587678
422 0.7257683215130024
423 0.7240566037735849
424 0.7247058823529412
425 0.7253521126760564
426 0.7259953161592506
427 0.7242990654205608
428 0.7249417249417249
429 0.7255813953488373
430 0.7262180974477959
431 0.7268518518518519
432 0.7274826789838337
433 0.7258064516129032
434 0.7264367816091954
435 0.7247706422018348
436 0.7231121281464531
437 0.723744292237443
438 0.724373576309795
439 0.725
440 0.7233560090702947
441 0.7217194570135747
442 0.7200902934537246
443 0.7207207207207207
444 0.7213483146067415
445 0.7219730941704036
446 0.7225950782997763
447 0.7232142857142857
448 0.7238307349665924
449 0.7222222222222222
450 0.7228381374722838
451 0.7212389380530974
452 0.7218543046357616
453 0.7202643171806168
454 0.7208791208791209
455 0.7214912280701754
456 0.7221006564551422
457 0.7205240174672489
458 0.7189542483660131
459 0.7195652173913043
460 0.720173535791757
461 0.7186147186147186
462 0.7170626349892009
463 0.7176724137931034
464 0.7182795698924731
465 0.7188841201716738
466 0.7194860813704497
467 0.7200854700854701
468 0.720682302771855
469 0.7212765957446808
470 0.7197452229299363
471 0.7203389830508474
472 0.718816067653277
473 0.7194092827004219
474 0.72
475 0.7205882352941176
476 0.7211740041928721
477 0.7196652719665272
478 0.7181628392484343
479 0.7166666666666667
480 0.7151767151767152
481 0.7157676348547718
482 0.7163561076604554
483 0.7148760330578512
484 0.7154639175257732
485 0.7139917695473251
486 0.7145790554414785
487 0.7131147540983607
488 0.7137014314928425
489 0.7142857142857143
490 0.7128309572301426
491 0.7134146341463414
492 0.7139959432048681
493 0.7145748987854251
494 0.7151515151515152
495 0.7157258064516129
496 0.7142857142857143
497 0.714859437751004
498 0.7154308617234469
499 0.716
500 0.716566866267465
501 0.7171314741035857
502 0.7157057654075547
503 0.7142857142857143
504 0.7128712871287128
505 0.7134387351778656
506 0.7140039447731755
507 0.7125984251968503
508 0.7131630648330058
509 0.7137254901960784
510 0.7142857142857143
511 0.712890625
512 0.7115009746588694
513 0.7120622568093385
514 0.7126213592233009
515 0.7131782945736435
516 0.7137330754352031
517 0.7142857142857143
518 0.7148362235067437
519 0.7134615384615385
520 0.7140115163147792
521 0.7126436781609196
522 0.7131931166347992
523 0.7137404580152672
524 0.7123809523809523
525 0.7110266159695817
526 0.7115749525616698
527 0.7121212121212122
528 0.7126654064272212
529 0.7132075471698113
530 0.7137476459510358
531 0.7124060150375939
532 0.7129455909943715
533 0.7134831460674157
534 0.7140186915887851
535 0.7145522388059702
536 0.7132216014897579
537 0.7118959107806692
538 0.712430426716141
539 0.7129629629629629
540 0.7134935304990758
541 0.7140221402214022
542 0.714548802946593
543 0.7150735294117647
544 0.7137614678899082
545 0.7142857142857143
546 0.7148080438756855
547 0.7153284671532847
548 0.7158469945355191
549 0.7163636363636363
550 0.7150635208711433
551 0.7155797101449275
552 0.7160940325497287
553 0.7166064981949458
554 0.7153153153153153
555 0.7158273381294964
556 0.7163375224416517
557 0.7168458781362007
558 0.7173524150268337
559 0.7178571428571429
560 0.7165775401069518
561 0.7153024911032029
562 0.7158081705150977
563 0.7163120567375887
564 0.7150442477876107
565 0.7137809187279152
566 0.7142857142857143
567 0.7130281690140845
568 0.7135325131810193
569 0.7140350877192982
570 0.7145359019264448
571 0.715034965034965
572 0.7137870855148342
573 0.7142857142857143
574 0.7147826086956521
575 0.7135416666666666
576 0.7140381282495667
577 0.7145328719723183
578 0.7150259067357513
579 0.7155172413793104
580 0.7160068846815835
581 0.7147766323024055
582 0.7135506003430532
583 0.7123287671232876
584 0.7111111111111111
585 0.71160409556314
586 0.7103918228279387
587 0.7108843537414966
588 0.7096774193548387
589 0.7101694915254237
590 0.7106598984771574
591 0.7111486486486487
592 0.7099494097807757
593 0.7104377104377104
594 0.7092436974789916
595 0.709731543624161
596 0.7085427135678392
597 0.7090301003344481
598 0.7095158597662772
599 0.71
600 0.7104825291181365
601 0.7109634551495017
602 0.7114427860696517
603 0.7119205298013245
604 0.7123966942148761
605 0.7128712871287128
606 0.71334431630972
607 0.712171052631579
608 0.7126436781609196
609 0.7131147540983607
610 0.7135842880523732
611 0.7140522875816994
612 0.7145187601957586
613 0.7149837133550488
614 0.7154471544715447
615 0.7159090909090909
616 0.7163695299837926
617 0.7168284789644013
618 0.7172859450726979
619 0.717741935483871
620 0.7181964573268921
621 0.7170418006430869
622 0.7174959871589085
623 0.7163461538461539
624 0.7152
625 0.7156549520766773
626 0.7145135566188198
627 0.714968152866242
628 0.7154213036565977
629 0.7158730158730159
630 0.7147385103011094
631 0.7151898734177216
632 0.7156398104265402
633 0.7160883280757098
634 0.7165354330708661
635 0.7154088050314465
636 0.7142857142857143
637 0.7147335423197492
638 0.7151799687010955
639 0.715625
640 0.7160686427457098
641 0.7149532710280374
642 0.7153965785381027
643 0.7158385093167702
644 0.7162790697674418
645 0.7167182662538699
646 0.7171561051004637
647 0.7175925925925926
648 0.7180277349768875
649 0.7169230769230769
650 0.717357910906298
651 0.7177914110429447
652 0.7182235834609495
653 0.7186544342507645
654 0.7190839694656489
655 0.7195121951219512
656 0.7199391171993912
657 0.7203647416413373
658 0.7207890743550834
659 0.7212121212121212
660 0.7216338880484114
661 0.7220543806646526
662 0.722473604826546
663 0.7213855421686747
664 0.7218045112781954
665 0.7222222222222222
666 0.7211394302848576
667 0.7215568862275449
668 0.7204783258594918
669 0.7208955223880597
670 0.7213114754098361
671 0.7217261904761905
672 0.7221396731054978
673 0.7210682492581603
674 0.7214814814814815
675 0.7218934911242604
676 0.7223042836041359
677 0.7227138643067846
678 0.7231222385861561
679 0.7220588235294118
680 0.7209985315712188
681 0.7214076246334311
682 0.7218155197657394
683 0.7222222222222222
684 0.7226277372262774
685 0.7215743440233237
686 0.7219796215429404
687 0.7223837209302325
688 0.7227866473149492
689 0.7231884057971014
690 0.723589001447178
691 0.7239884393063584
692 0.7243867243867244
693 0.7247838616714697
694 0.7251798561151079
695 0.7241379310344828
696 0.7230989956958394
697 0.7220630372492837
698 0.7224606580829757
699 0.7228571428571429
700 0.7232524964336662
701 0.7222222222222222
702 0.7226173541963016
703 0.7230113636363636
704 0.723404255319149
705 0.7237960339943342
706 0.7241867043847242
707 0.7245762711864406
708 0.7235543018335684
709 0.723943661971831
710 0.7229254571026723
711 0.723314606741573
712 0.7237026647966339
713 0.7226890756302521
714 0.7230769230769231
715 0.723463687150838
716 0.7238493723849372
717 0.724233983286908
718 0.7232267037552156
719 0.7236111111111111
720 0.7226074895977809
721 0.7229916897506925
722 0.7233748271092669
723 0.7223756906077348
724 0.7227586206896551
725 0.7231404958677686
726 0.7235213204951857
727 0.7239010989010989
728 0.7242798353909465
729 0.7232876712328767
730 0.7222982216142271
731 0.7226775956284153
732 0.723055934515689
733 0.723433242506812
734 0.7224489795918367
735 0.7228260869565217
736 0.723202170963365
737 0.7235772357723578
738 0.7239512855209743
739 0.7243243243243244
740 0.7246963562753036
741 0.7237196765498652
742 0.7227456258411844
743 0.7231182795698925
744 0.7221476510067114
745 0.7225201072386059
746 0.7215528781793842
747 0.7219251336898396
748 0.7222963951935915
749 0.7226666666666667
750 0.7217043941411452
751 0.7207446808510638
752 0.7211155378486056
753 0.7214854111405835
754 0.7218543046357616
755 0.7208994708994709
756 0.7199471598414795
757 0.7189973614775725
758 0.7180500658761528
759 0.718421052631579
760 0.7187910643889619
761 0.7191601049868767
762 0.7182175622542595
763 0.7185863874345549
764 0.7176470588235294
765 0.7180156657963447
766 0.7183833116036505
767 0.71875
768 0.7191157347204161
769 0.7194805194805195
770 0.7185473411154345
771 0.7189119170984456
772 0.7192755498059509
773 0.7196382428940569
774 0.72
775 0.720360824742268
776 0.7207207207207207
777 0.7210796915167095
778 0.7214377406931964
779 0.7217948717948718
780 0.7208706786171575
781 0.7212276214833759
782 0.7215836526181354
783 0.7206632653061225
784 0.7197452229299363
785 0.7188295165394402
786 0.7179161372299873
787 0.7170050761421319
788 0.7173637515842839
789 0.7177215189873418
790 0.718078381795196
791 0.7184343434343434
792 0.7187894073139974
793 0.7178841309823678
794 0.7182389937106918
795 0.7173366834170855
796 0.7176913425345044
797 0.7180451127819549
798 0.718397997496871
799 0.71875
800 0.7191011235955056
801 0.7194513715710723
802 0.7198007471980075
803 0.7201492537313433
804 0.7204968944099379
805 0.7196029776674938
806 0.7199504337050805
807 0.7202970297029703
808 0.7206427688504327
809 0.7209876543209877
810 0.720098643649815
811 0.7204433497536946
812 0.7207872078720787
813 0.7211302211302212
814 0.7214723926380369
815 0.7218137254901961
816 0.7221542227662179
817 0.7212713936430318
818 0.7203907203907204
819 0.7195121951219512
820 0.7198538367844093
821 0.7201946472019465
822 0.7205346294046172
823 0.720873786407767
824 0.7212121212121212
825 0.7215496368038741
826 0.720677146311971
827 0.7210144927536232
828 0.7201447527141134
829 0.7204819277108434
830 0.7208182912154031
831 0.7199519230769231
832 0.7202881152460985
833 0.7206235011990407
834 0.7209580838323353
835 0.7200956937799043
836 0.7192353643966547
837 0.7195704057279236
838 0.7199046483909416
839 0.719047619047619
840 0.7193816884661117
841 0.7185273159144893
842 0.7176749703440095
843 0.716824644549763
844 0.7171597633136094
845 0.7174940898345153
846 0.717827626918536
847 0.7181603773584906
848 0.71849234393404
849 0.7188235294117648
850 0.717978848413631
851 0.7171361502347418
852 0.7174677608440797
853 0.7177985948477752
854 0.7169590643274854
855 0.7172897196261683
856 0.7176196032672112
857 0.717948717948718
858 0.7182770663562281
859 0.7186046511627907
860 0.718931475029036
861 0.7192575406032483
862 0.7195828505214369
863 0.7199074074074074
864 0.7202312138728324
865 0.7193995381062356
866 0.7197231833910035
867 0.7200460829493087
868 0.7192174913693901
869 0.7183908045977011
870 0.7187141216991964
871 0.7190366972477065
872 0.718213058419244
873 0.7185354691075515
874 0.7188571428571429
875 0.7180365296803652
876 0.7183580387685291
877 0.7186788154897494
878 0.7189988623435722
879 0.7181818181818181
880 0.7185017026106697
881 0.717687074829932
882 0.7180067950169875
883 0.7171945701357466
884 0.7175141242937854
885 0.7178329571106095
886 0.7181510710259301
887 0.7184684684684685
888 0.718785151856018
889 0.7191011235955056
890 0.7194163860830527
891 0.7197309417040358
892 0.7200447928331467
893 0.7192393736017897
894 0.7195530726256983
895 0.7198660714285714
896 0.7190635451505016
897 0.7193763919821826
898 0.7196885428253615
899 0.72
900 0.7203107658157603
901 0.720620842572062
902 0.7209302325581395
903 0.7212389380530974
904 0.7215469613259669
905 0.7218543046357616
906 0.7221609702315325
907 0.7213656387665198
908 0.7205720572057206
909 0.7208791208791209
910 0.721185510428101
911 0.7203947368421053
912 0.7207009857612268
913 0.7199124726477024
914 0.7191256830601093
915 0.7183406113537117
916 0.7175572519083969
917 0.7167755991285403
918 0.7170837867247007
919 0.717391304347826
920 0.7176981541802389
921 0.7180043383947939
922 0.7183098591549296
923 0.7186147186147186
924 0.7189189189189189
925 0.7181425485961123
926 0.7184466019417476
927 0.71875
928 0.7179763186221744
929 0.7182795698924731
930 0.7185821697099892
931 0.7188841201716738
932 0.7191854233654876
933 0.7184154175588865
934 0.718716577540107
935 0.719017094017094
936 0.7193169690501601
937 0.7196162046908315
938 0.7199148029818956
939 0.7202127659574468
940 0.7194473963868225
941 0.7197452229299363
942 0.7200424178154825
943 0.7203389830508474
944 0.7195767195767195
945 0.7198731501057083
946 0.720168954593453
947 0.7194092827004219
948 0.7186512118018967
949 0.7189473684210527
950 0.7192429022082019
951 0.7195378151260504
952 0.7198321091290661
953 0.720125786163522
954 0.7193717277486911
955 0.7186192468619247
956 0.7189132706374086
957 0.7192066805845512
958 0.7194994786235662
959 0.7197916666666667
960 0.7190426638917794
961 0.7193347193347194
962 0.719626168224299
963 0.7199170124481328
964 0.7191709844559585
965 0.7194616977225673
966 0.718717683557394
967 0.71900826446281
968 0.718266253869969
969 0.7185567010309278
970 0.717816683831102
971 0.7181069958847737
972 0.7183967112024666
973 0.7176591375770021
974 0.717948717948718
975 0.7182377049180327
976 0.7185261003070624
977 0.7188139059304703
978 0.7191011235955056
979 0.7183673469387755
980 0.7186544342507645
981 0.7189409368635438
982 0.7192268565615463
983 0.7195121951219512
984 0.7197969543147208
985 0.7200811359026369
986 0.7203647416413373
987 0.7206477732793523
988 0.7199191102123357
989 0.7202020202020202
990 0.7204843592330978
991 0.7207661290322581
992 0.7210473313192346
993 0.721327967806841
994 0.721608040201005
995 0.7208835341365462
996 0.720160481444333
997 0.720440881763527
998 0.7197197197197197
999 0.72
1000 0.7202797202797203
1001 0.720558882235529
1002 0.7208374875373879
1003 0.7211155378486056
1004 0.7203980099502487
1005 0.7206759443339961
1006 0.7209533267130089
1007 0.7212301587301587
1008 0.7215064420218038
1009 0.7207920792079208
1010 0.7210682492581603
1011 0.7213438735177866
1012 0.721618953603159
1013 0.7218934911242604
1014 0.722167487684729
1015 0.7224409448818898
1016 0.7227138643067846
1017 0.7229862475442044
1018 0.7232580961727183
1019 0.7235294117647059
1020 0.722820763956905
1021 0.723091976516634
1022 0.7223851417399805
1023 0.72265625
1024 0.7219512195121951
1025 0.7222222222222222
1026 0.7224926971762414
1027 0.7227626459143969
1028 0.7220602526724975
1029 0.7223300970873786
1030 0.7216294859359845
1031 0.7218992248062015
1032 0.7221684414327202
1033 0.7224371373307543
1034 0.7227053140096619
1035 0.722972972972973
1036 0.7222757955641272
1037 0.7215799614643545
1038 0.7218479307025987
1039 0.7221153846153846
1040 0.7223823246878002
1041 0.7226487523992322
1042 0.7229146692233941
1043 0.7231800766283525
1044 0.723444976076555
1045 0.7237093690248566
1046 0.7239732569245463
1047 0.7232824427480916
1048 0.7235462345090562
1049 0.7238095238095238
1050 0.7240723120837298
1051 0.7243346007604563
1052 0.7236467236467237
1053 0.7239089184060721
1054 0.7241706161137441
1055 0.7244318181818182
1056 0.7237464522232734
1057 0.724007561436673
1058 0.7233238904627006
1059 0.7235849056603774
1060 0.7238454288407163
1061 0.7231638418079096
1062 0.7234242709313264
1063 0.7236842105263158
1064 0.723943661971831
1065 0.724202626641651
1066 0.7235238987816307
1067 0.7228464419475655
1068 0.7231057062675398
1069 0.7224299065420561
1070 0.7226890756302521
1071 0.7229477611940298
1072 0.723205964585275
1073 0.723463687150838
1074 0.7237209302325581
1075 0.7239776951672863
1076 0.724233983286908
1077 0.7235621521335807
1078 0.7238183503243745
1079 0.7240740740740741
1080 0.723404255319149
1081 0.7236598890942699
1082 0.7239150507848569
1083 0.724169741697417
1084 0.7235023041474654
1085 0.7237569060773481
1086 0.7240110395584176
1087 0.7233455882352942
1088 0.7235996326905417
1089 0.7229357798165138
1090 0.7222731439046746
1091 0.7216117216117216
1092 0.7218664226898445
1093 0.7221206581352834
1094 0.7214611872146118
1095 0.7217153284671532
1096 0.7219690063810392
1097 0.7222222222222222
1098 0.7224749772520473
1099 0.7227272727272728
1100 0.7229791099000908
1101 0.7232304900181489
1102 0.7225747960108794
1103 0.7219202898550725
1104 0.7221719457013575
1105 0.7224231464737794
1106 0.7226738934056007
1107 0.7229241877256317
1108 0.7231740306582507
1109 0.7234234234234235
1110 0.7227722772277227
1111 0.7230215827338129
1112 0.7232704402515723
1113 0.72262118491921
1114 0.7228699551569506
1115 0.7231182795698925
1116 0.7233661593554163
1117 0.723613595706619
1118 0.7238605898123325
1119 0.7241071428571428
1120 0.7243532560214094
1121 0.7245989304812834
1122 0.7248441674087266
1123 0.7250889679715302
1124 0.7253333333333334
1125 0.7255772646536413
1126 0.7258207630878438
1127 0.726063829787234
1128 0.7263064658990257
1129 0.7265486725663717
1130 0.726790450928382
1131 0.7270318021201413
1132 0.7272727272727273
1133 0.7275132275132276
1134 0.7268722466960352
1135 0.7262323943661971
1136 0.7264731750219877
1137 0.726713532513181
1138 0.7269534679543459
1139 0.7263157894736842
1140 0.7256792287467134
1141 0.7259194395796847
1142 0.726159230096238
1143 0.7263986013986014
1144 0.725764192139738
1145 0.725130890052356
1146 0.7253705318221447
1147 0.725609756097561
1148 0.7258485639686684
1149 0.7260869565217392
1150 0.7263249348392702
1151 0.7265625
1152 0.7267996530789246
1153 0.7270363951473137
1154 0.7272727272727273
1155 0.7275086505190311
1156 0.7277441659464131
1157 0.727979274611399
1158 0.728213977566868
1159 0.728448275862069
1160 0.7278208440999139
1161 0.7280550774526678
1162 0.7274290627687017
1163 0.7268041237113402
1164 0.7270386266094421
1165 0.7264150943396226
1166 0.7257926306769494
1167 0.726027397260274
1168 0.7254063301967494
1169 0.7247863247863248
1170 0.7250213492741246
1171 0.7244027303754266
1172 0.7246376811594203
1173 0.7248722316865417
1174 0.7251063829787234
1175 0.7253401360544217
1176 0.7247238742565846
1177 0.7249575551782682
1178 0.7251908396946565
1179 0.7254237288135593
1180 0.724809483488569
1181 0.7250423011844331
1182 0.7252747252747253
1183 0.7255067567567568
1184 0.7248945147679325
1185 0.7242833052276559
1186 0.7236731255265375
1187 0.7239057239057239
1188 0.7241379310344828
1189 0.7243697478991596
1190 0.7237615449202351
1191 0.7239932885906041
1192 0.7242246437552389
1193 0.7236180904522613
1194 0.7238493723849372
1195 0.7240802675585284
1196 0.7243107769423559
1197 0.7245409015025042
1198 0.7239366138448707
1199 0.7241666666666666
1200 0.7243963363863447
1201 0.7237936772046589
1202 0.7240232751454697
1203 0.723421926910299
1204 0.7236514522821577
1205 0.7238805970149254
1206 0.7232808616404308
1207 0.722682119205298
1208 0.7229114971050455
1209 0.7231404958677686
1210 0.7233691164327003
1211 0.7235973597359736
1212 0.7238252267106348
1213 0.7240527182866557
1214 0.7234567901234568
1215 0.7228618421052632
1216 0.7230895645028759
1217 0.722495894909688
1218 0.7227235438884332
1219 0.7221311475409836
1220 0.7223587223587223
1221 0.7225859247135843
1222 0.7228127555192151
1223 0.7230392156862745
1224 0.723265306122449
1225 0.7234910277324633
1226 0.7237163814180929
1227 0.7239413680781759
1228 0.7241659886086249
1229 0.724390243902439
1230 0.7246141348497157
1231 0.7248376623376623
1232 0.7250608272506083
1233 0.7252836304700162
1234 0.725506072874494
1235 0.7257281553398058
1236 0.7259498787388844
1237 0.7253634894991923
1238 0.7255851493139629
1239 0.7258064516129032
1240 0.7252215954875101
1241 0.7254428341384863
1242 0.7248592115848753
1243 0.72508038585209
1244 0.7244979919678715
1245 0.7247191011235955
1246 0.7241379310344828
1247 0.7243589743589743
1248 0.7245796637309848
1249 0.7248
1250 0.7250199840127898
1251 0.7252396166134185
1252 0.7246608140462889
1253 0.7248803827751196
1254 0.7243027888446215
1255 0.7245222929936306
1256 0.7239459029435164
1257 0.7233704292527822
1258 0.7227958697378872
1259 0.723015873015873
1260 0.7232355273592387
1261 0.7234548335974643
1262 0.723673792557403
1263 0.7238924050632911
1264 0.7233201581027668
1265 0.7235387045813586
1266 0.7229676400947119
1267 0.723186119873817
1268 0.723404255319149
1269 0.7228346456692913
1270 0.7230527143981117
1271 0.7224842767295597
1272 0.7227022780832679
1273 0.7229199372056515
1274 0.7223529411764706
1275 0.7225705329153606
1276 0.7220046985121378
1277 0.7222222222222222
1278 0.7224394057857702
1279 0.721875
1280 0.7220921155347385
1281 0.7223088923556942
1282 0.7217459080280593
1283 0.7219626168224299
1284 0.7221789883268482
1285 0.7223950233281493
1286 0.7226107226107226
1287 0.7228260869565217
1288 0.7222653219550039
1289 0.7224806201550388
1290 0.7226955848179706
1291 0.7229102167182663
1292 0.7223511214230471
1293 0.7217928902627512
1294 0.722007722007722
1295 0.7222222222222222
1296 0.7224363916730917
1297 0.7226502311248074
1298 0.7228637413394919
1299 0.7230769230769231
1300 0.7232897770945427
1301 0.7235023041474654
1302 0.7229470452801228
1303 0.723159509202454
1304 0.7226053639846743
1305 0.7228177641653905
1306 0.7230298393267024
1307 0.7224770642201835
1308 0.7226890756302521
1309 0.7229007633587786
1310 0.7231121281464531
1311 0.7233231707317073
1312 0.7227722772277227
1313 0.7222222222222222
1314 0.7224334600760456
1315 0.7226443768996961
1316 0.7228549734244495
1317 0.7223065250379362
1318 0.7217589082638363
1319 0.7219696969696969
1320 0.7221801665404997
1321 0.7216338880484114
1322 0.7218442932728647
1323 0.7212990936555891
1324 0.720754716981132
1325 0.7209653092006033
1326 0.7211755840241145
1327 0.7213855421686747
1328 0.7208427389014297
1329 0.7210526315789474
1330 0.7205108940646131
1331 0.7207207207207207
1332 0.7201800450112528
1333 0.719640179910045
1334 0.7198501872659177
1335 0.7200598802395209
1336 0.7202692595362753
1337 0.7197309417040358
1338 0.719193427931292
1339 0.7194029850746269
1340 0.7196122296793438
1341 0.7198211624441133
1342 0.720029784065525
1343 0.7202380952380952
1344 0.7197026022304833
1345 0.7199108469539376
1346 0.7201187824795843
1347 0.7203264094955489
1348 0.720533728687917
1349 0.7207407407407408
1350 0.7202072538860104
1351 0.7204142011834319
1352 0.720620842572062
1353 0.7208271787296898
1354 0.7210332103321033
1355 0.7212389380530974
1356 0.7214443625644805
1357 0.7216494845360825
1358 0.7218543046357616
1359 0.7220588235294118
1360 0.7215282880235121
1361 0.7217327459618208
1362 0.7219369038884813
1363 0.7221407624633431
1364 0.7223443223443223
1365 0.7225475841874085
1366 0.7227505486466715
1367 0.722953216374269
1368 0.7224251278305333
1369 0.7226277372262774
1370 0.7228300510576222
1371 0.7230320699708455
1372 0.7232337946103423
1373 0.7234352256186317
1374 0.7236363636363636
1375 0.7238372093023255
1376 0.7240377632534495
1377 0.7235123367198839
1378 0.7229876722262509
1379 0.722463768115942
1380 0.722664735698769
1381 0.7228654124457308
1382 0.7230657989877078
1383 0.7232658959537572
1384 0.7234657039711191
1385 0.7236652236652237
1386 0.7238644556596971
1387 0.7240634005763689
1388 0.7242620590352772
1389 0.7244604316546762
1390 0.7246585190510424
1391 0.7248563218390804
1392 0.7250538406317301
1393 0.7252510760401721
1394 0.7247311827956989
1395 0.7242120343839542
1396 0.7236936292054402
1397 0.7238912732474965
1398 0.7240886347390993
1399 0.7242857142857143
1400 0.7244825124910778
1401 0.724679029957204
1402 0.7248752672843906
1403 0.7250712250712251
1404 0.7252669039145907
1405 0.7254623044096729
1406 0.7256574271499645
1407 0.7251420454545454
1408 0.7253371185237757
1409 0.725531914893617
1410 0.7250177179305457
1411 0.7252124645892352
1412 0.7246992215145082
1413 0.7248939179632249
1414 0.7250883392226148
1415 0.7252824858757062
1416 0.7247706422018348
1417 0.7242595204513399
1418 0.7244538407329105
1419 0.723943661971831
1420 0.7241379310344828
1421 0.7236286919831224
1422 0.7238229093464511
1423 0.7240168539325843
1424 0.7235087719298245
1425 0.7230014025245441
1426 0.7224947442186405
1427 0.7226890756302521
1428 0.722183344996501
1429 0.7223776223776224
1430 0.7225716282320056
1431 0.7227653631284916
1432 0.7229588276343336
1433 0.7231520223152023
1434 0.7226480836236934
1435 0.7228412256267409
1436 0.7230340988169798
1437 0.7232267037552156
1438 0.7234190410006949
1439 0.7236111111111111
1440 0.7238029146426093
1441 0.723994452149792
1442 0.7241857241857241
1443 0.724376731301939
1444 0.7245674740484429
1445 0.7247579529737206
1446 0.7249481686247409
1447 0.7251381215469613
1448 0.7253278122843341
1449 0.7255172413793104
1450 0.7257064093728464
1451 0.7258953168044077
1452 0.7260839642119752
1453 0.7255845942228336
1454 0.7257731958762886
1455 0.7259615384615384
1456 0.726149622512011
1457 0.7263374485596708
1458 0.726525017135024
1459 0.7267123287671233
1460 0.7268993839835729
1461 0.7270861833105335
1462 0.7265892002734108
1463 0.726775956284153
1464 0.726962457337884
1465 0.7271487039563438
1466 0.7273346966598501
1467 0.7275204359673024
1468 0.7270251872021783
1469 0.726530612244898
1470 0.7267165193745752
1471 0.7269021739130435
1472 0.7270875763747454
1473 0.7265943012211669
1474 0.7261016949152542
1475 0.725609756097561
1476 0.7251184834123223
1477 0.7253044654939107
1478 0.7248140635564571
1479 0.7243243243243244
1480 0.7238352464550979
1481 0.7233468286099866
1482 0.7228590694538098
1483 0.7223719676549866
1484 0.7218855218855219
1485 0.7220726783310901
1486 0.7215870880968392
1487 0.7217741935483871
1488 0.7219610476830087
1489 0.7221476510067114
1490 0.7223340040241448
1491 0.7225201072386059
1492 0.7227059611520429
1493 0.7228915662650602
1494 0.7230769230769231
1495 0.7232620320855615
1496 0.7234468937875751
1497 0.7236315086782377
1498 0.723815877251501
1499 0.7233333333333334
1500 0.7235176548967355
1501 0.7237017310252996
1502 0.7238855622089155
1503 0.7240691489361702
1504 0.7242524916943521
1505 0.7244355909694555
1506 0.7246184472461845
1507 0.7248010610079576
1508 0.7243207422133864
1509 0.7245033112582782
1510 0.7246856386499008
1511 0.7242063492063492
1512 0.7243886318572372
1513 0.7245706737120211
1514 0.7247524752475247
1515 0.724934036939314
1516 0.7251153592617007
1517 0.7252964426877471
1518 0.7248189598420013
1519 0.7243421052631579
1520 0.7245233399079553
1521 0.7247043363994744
1522 0.7248850952068286
1523 0.7250656167979003
1524 0.7252459016393442
1525 0.7254259501965924
1526 0.7256057629338573
1527 0.7257853403141361
1528 0.7259646827992152
1529 0.7261437908496732
1530 0.7256694970607446
1531 0.7258485639686684
1532 0.726027397260274
1533 0.7262059973924381
1534 0.7263843648208469
1535 0.7259114583333334
1536 0.7260897852960312
1537 0.7262678803641093
1538 0.7257959714100065
1539 0.7259740259740259
1540 0.7261518494484102
1541 0.7263294422827496
1542 0.7265068049254698
1543 0.7260362694300518
1544 0.7262135922330097
1545 0.7257438551099612
1546 0.7252747252747253
1547 0.725452196382429
1548 0.7249838605551969
1549 0.724516129032258
1550 0.7240490006447453
1551 0.7235824742268041
1552 0.7237604636188023
1553 0.7239382239382239
1554 0.7241157556270097
1555 0.724293059125964
1556 0.7244701348747592
1557 0.7246469833119383
1558 0.7248236048749198
1559 0.725
1560 0.7251761691223575
1561 0.7253521126760564
1562 0.72552783109405
1563 0.7250639386189258
1564 0.7246006389776358
1565 0.7241379310344828
1566 0.7243139757498405
1567 0.7238520408163265
1568 0.7240280433397068
1569 0.7235668789808917
1570 0.7231063017186505
1571 0.7232824427480916
1572 0.7234583598219961
1573 0.7229987293519695
1574 0.7231746031746031
1575 0.7233502538071066
1576 0.7235256816740647
1577 0.7237008871989861
1578 0.7238758708043065
1579 0.7240506329113924
1580 0.724225173940544
1581 0.7243994943109987
1582 0.7245735944409349
1583 0.7241161616161617
1584 0.7236593059936909
1585 0.7238335435056746
1586 0.724007561436673
1587 0.7241813602015114
1588 0.7243549402139711
1589 0.7245283018867924
1590 0.7240729101194218
1591 0.7242462311557789
1592 0.7237915881983679
1593 0.7239648682559598
1594 0.7241379310344828
1595 0.7243107769423559
1596 0.7244834063869756
1597 0.7246558197747184
1598 0.724202626641651
1599 0.72375
1600 0.7239225484072455
1601 0.7240948813982522
1602 0.7242669993761697
1603 0.7238154613466334
1604 0.7233644859813084
1605 0.7235367372353674
1606 0.7237087741132545
1607 0.7232587064676617
1608 0.723430702299565
1609 0.7229813664596273
1610 0.7225325884543762
1611 0.7220843672456576
1612 0.7222566646001239
1613 0.7224287484510533
1614 0.7219814241486068
1615 0.7215346534653465
1616 0.7210884353741497
1617 0.7206427688504327
1618 0.7208153180975911
1619 0.7209876543209877
1620 0.7211597779148674
1621 0.7213316892725031
1622 0.7215033887861984
1623 0.7216748768472906
1624 0.7218461538461538
1625 0.7220172201722017
1626 0.7221880762138906
1627 0.7223587223587223
1628 0.7219152854511971
1629 0.7220858895705522
1630 0.7222562844880441
1631 0.7224264705882353
1632 0.7225964482547459
1633 0.7227662178702571
1634 0.7223241590214067
1635 0.7224938875305623
1636 0.7226634086744044
1637 0.7222222222222222
1638 0.7217815741305674
1639 0.7219512195121951
1640 0.7221206581352834
1641 0.7222898903775883
1642 0.7218502738892271
1643 0.7220194647201946
1644 0.7221884498480243
1645 0.7217496962332929
1646 0.7219186399514268
1647 0.7220873786407767
1648 0.7222559126743481
1649 0.7224242424242424
1650 0.7225923682616596
1651 0.7227602905569007
1652 0.7223230490018149
1653 0.722490931076179
1654 0.7226586102719034
1655 0.7228260869565217
1656 0.7223898611949306
1657 0.7225572979493365
1658 0.7227245328511152
1659 0.7228915662650602
1660 0.7230583985550872
1661 0.7232250300842359
1662 0.7233914612146722
1663 0.7235576923076923
1664 0.7237237237237237
1665 0.723889555822329
1666 0.7234553089382123
1667 0.723621103117506
1668 0.7231875374475734
1669 0.7227544910179641
1670 0.7229204069419509
1671 0.722488038277512
1672 0.7226539151225344
1673 0.7228195937873357
1674 0.7229850746268657
1675 0.7231503579952268
1676 0.7227191413237924
1677 0.7228843861740167
1678 0.7224538415723645
1679 0.7226190476190476
1680 0.7221891731112433
1681 0.7223543400713437
1682 0.7219251336898396
1683 0.7220902612826603
1684 0.7222551928783383
1685 0.7224199288256228
1686 0.7219917012448133
1687 0.7221563981042654
1688 0.7223208999407934
1689 0.7224852071005917
1690 0.722649319929036
1691 0.7228132387706856
1692 0.722386296515062
1693 0.7219598583234947
1694 0.7215339233038348
1695 0.7216981132075472
1696 0.7212728344136712
1697 0.7214369846878681
1698 0.7216009417304297
1699 0.721764705882353
1700 0.721928277483833
1701 0.7220916568742656
1702 0.722254844392249
1703 0.721830985915493
1704 0.7214076246334311
1705 0.7215709261430246
1706 0.7217340363210311
1707 0.7218969555035128
1708 0.722059684025746
1709 0.7222222222222222
1710 0.722384570426651
1711 0.7225467289719626
1712 0.7227086981903094
1713 0.7228704784130688
1714 0.7230320699708455
1715 0.7231934731934732
1716 0.7233546884100175
1717 0.7235157159487776
1718 0.7230948225712623
1719 0.7232558139534884
1720 0.7234166182452063
1721 0.7235772357723578
1722 0.7237376668601276
1723 0.7238979118329466
1724 0.7240579710144928
1725 0.7242178447276941
1726 0.7237984944991315
1727 0.7233796296296297
1728 0.7235396182764604
1729 0.7236994219653179
1730 0.7238590410167534
1731 0.7240184757505773
1732 0.7241777264858626
1733 0.7243367935409458
1734 0.7244956772334294
1735 0.7246543778801844
1736 0.7248128957973518
1737 0.7243958573072498
1738 0.7245543415756182
1739 0.7247126436781609
1740 0.7242963813900057
1741 0.7244546498277842
1742 0.7246127366609294
1743 0.7247706422018348
1744 0.7249283667621776
1745 0.7250859106529209
1746 0.7246708643388666
1747 0.7248283752860412
1748 0.7249857061177816
1749 0.7251428571428571
1750 0.7247287264420331
1751 0.7248858447488584
1752 0.7250427837992014
1753 0.7251995438996579
1754 0.7253561253561254
1755 0.7255125284738041
1756 0.7256687535571997
1757 0.7258248009101251
1758 0.7259806708357021
1759 0.7261363636363637
1760 0.7262918796138558
1761 0.7258796821793416
1762 0.7254679523539421
1763 0.7256235827664399
1764 0.7257790368271955
1765 0.7259343148357871
1766 0.7260894170911149
1767 0.7262443438914027
1768 0.7263990955342001
1769 0.7265536723163842
1770 0.7267080745341615
1771 0.7268623024830699
1772 0.7264523406655387
1773 0.7266065388951521
1774 0.7267605633802817
1775 0.7269144144144144
1776 0.7265053460889139
1777 0.7266591676040495
1778 0.7268128161888702
1779 0.7264044943820225
1780 0.7265581134194273
1781 0.7267115600448933
1782 0.7263039820527202
1783 0.725896860986547
1784 0.7260504201680672
1785 0.7262038073908175
1786 0.7263570229434807
1787 0.7265100671140939
1788 0.7261039686975964
1789 0.7262569832402235
1790 0.7264098269123395
1791 0.7265625
1792 0.7267150027886224
1793 0.7268673355629878
1794 0.7270194986072424
1795 0.7271714922048997
1796 0.7273233166388425
1797 0.7274749721913237
1798 0.7270705947748749
1799 0.7272222222222222
1800 0.7273736812881733
1801 0.7275249722530521
1802 0.7276760953965613
1803 0.7278270509977827
1804 0.72797783933518
1805 0.7281284606866002
1806 0.7277255118981738
1807 0.7278761061946902
1808 0.7274737423991156
1809 0.7276243093922652
1810 0.7277747101049145
1811 0.727924944812362
1812 0.7280750137892995
1813 0.7282249173098125
1814 0.7283746556473829
1815 0.7285242290748899
1816 0.728673637864612
1817 0.7288228822882288
1818 0.7289719626168224
1819 0.7285714285714285
1820 0.7287204832509611
1821 0.7283205268935236
1822 0.7284695556774547
1823 0.7286184210526315
1824 0.7287671232876712
1825 0.7283680175246441
1826 0.7279693486590039
1827 0.7281181619256017
1828 0.7277200656096228
1829 0.7278688524590164
1830 0.72801747678864
1831 0.7281659388646288
1832 0.7277686852154938
1833 0.727917121046892
1834 0.7280653950953678
1835 0.7282135076252724
1836 0.7283614589003811
1837 0.7279651795429815
1838 0.7281131049483415
1839 0.7282608695652174
1840 0.7278652906029331
1841 0.7280130293159609
1842 0.728160607704829
1843 0.7283080260303688
1844 0.7284552845528456
1845 0.728602383531961
1846 0.7287493232268544
1847 0.7283549783549783
1848 0.7285018929150893
1849 0.7286486486486486
1850 0.728795245813074
1851 0.7289416846652268
1852 0.729087965461414
1853 0.7292340884573895
1854 0.7293800539083558
1855 0.7295258620689655
1856 0.7296715131933226
1857 0.7298170075349839
1858 0.7299623453469607
1859 0.7301075268817204
1860 0.7297152068780226
1861 0.7298603651987111
1862 0.7294685990338164
1863 0.7296137339055794
1864 0.7297587131367292
1865 0.7293676312968917
1866 0.7289769683985002
1867 0.7291220556745182
1868 0.729266987693954
1869 0.7288770053475936
1870 0.729021913415286
1871 0.7291666666666666
1872 0.7293112653497064
1873 0.7294557097118464
1874 0.7296
1875 0.7297441364605544
1876 0.7298881193393714
1877 0.7294994675186368
1878 0.729643427354976
1879 0.7292553191489362
1880 0.7293992557150452
1881 0.7295430393198725
1882 0.7296866702071163
1883 0.7298301486199575
1884 0.729973474801061
1885 0.7301166489925769
1886 0.730259671436142
1887 0.7304025423728814
1888 0.7305452620434092
1889 0.7306878306878307
1890 0.7303014278159704
1891 0.7304439746300211
1892 0.7305863708399366
1893 0.7302006335797254
1894 0.7298153034300792
1895 0.729957805907173
1896 0.7301001581444386
1897 0.7297154899894626
1898 0.7298578199052133
1899 0.73
1900 0.7301420305102577
1901 0.7302839116719243
1902 0.7304256437204414
1903 0.7300420168067226
1904 0.7301837270341207
1905 0.7303252885624344
1906 0.7304667016255899
1907 0.730083857442348
1908 0.7302252488213724
1909 0.7298429319371728
1910 0.7299843014128728
1911 0.7301255230125523
1912 0.7302665969681129
1913 0.7304075235109718
1914 0.7305483028720626
1915 0.7306889352818372
1916 0.7303077725612936
1917 0.7304483837330553
1918 0.7300677436164669
1919 0.7302083333333333
1920 0.7303487766788131
1921 0.7304890738813735
1922 0.7301092043681747
1923 0.7297297297297297
1924 0.7298701298701299
1925 0.7300103842159917
1926 0.7296315516346653
1927 0.7297717842323651
1928 0.7293934681181959
1929 0.7295336787564767
1930 0.7296737441740031
1931 0.7298136645962733
1932 0.7299534402483187
1933 0.7300930713547052
1934 0.7302325581395349
1935 0.7298553719008265
1936 0.7299948373773877
1937 0.7301341589267286
1938 0.7302733367715317
1939 0.7304123711340206
1940 0.7305512622359609
1941 0.7306900102986612
1942 0.7308286155429747
1943 0.7309670781893004
1944 0.7311053984575836
1945 0.7307297019527236
1946 0.7308680020544427
1947 0.7304928131416838
1948 0.7301180092355054
1949 0.7302564102564103
1950 0.7303946694003075
1951 0.7300204918032787
1952 0.7301587301587301
1953 0.7302968270214943
1954 0.7304347826086957
1955 0.7305725971370143
1956 0.7307102708226878
1957 0.7303370786516854
1958 0.7304747320061256
1959 0.7306122448979592
1960 0.7307496175420704
1961 0.7308868501529052
1962 0.7305145185939887
1963 0.730142566191446
1964 0.7302798982188295
1965 0.7304170905391658
1966 0.730045754956787
1967 0.7301829268292683
1968 0.7303199593702387
1969 0.7304568527918782
1970 0.730593607305936
1971 0.7307302231237323
1972 0.7303598580841358
1973 0.7299898682877406
1974 0.7296202531645569
1975 0.729757085020243
1976 0.7298937784522003
1977 0.7300303336703741
1978 0.730166750884285
1979 0.7297979797979798
1980 0.7299343765774862
1981 0.7300706357214934
1982 0.7302067574382249
1983 0.7303427419354839
1984 0.7304785894206549
1985 0.7306143001007049
1986 0.7307498741821842
1987 0.7303822937625755
1988 0.730517848164907
1989 0.7301507537688442
1990 0.7297840281265696
1991 0.7299196787148594
1992 0.7300551931761164
1993 0.7296890672016049
1994 0.7293233082706767
1995 0.7294589178356713
1996 0.729093640460691
1997 0.7287287287287287
1998 0.7283641820910455
1999 0.7285
2000 0.728135932033983
2001 0.7282717282717283
2002 0.728407388916625
2003 0.7280439121756487
2004 0.7276807980049875
2005 0.7278165503489531
2006 0.7274539113104136
2007 0.7270916334661355
2008 0.7272274763563962
2009 0.727363184079602
2010 0.7270014917951269
2011 0.7271371769383698
2012 0.7272727272727273
2013 0.7269116186693148
2014 0.7270471464019851
2015 0.7266865079365079
2016 0.7268220128904314
2017 0.7269573835480674
2018 0.7270926201089648
2019 0.7272277227722772
2020 0.7268678871845621
2021 0.7270029673590505
2022 0.7271379139891251
2023 0.7272727272727273
2024 0.7274074074074074
2025 0.7270483711747285
2026 0.726689689195856
2027 0.7268244575936884
2028 0.7269590931493346
2029 0.7270935960591133
2030 0.7272279665189562
2031 0.7273622047244095
2032 0.7270044269552386
2033 0.7271386430678466
2034 0.7272727272727273
2035 0.7274066797642437
2036 0.7270495827196858
2037 0.7266928361138371
2038 0.7263364394310937
2039 0.7264705882352941
2040 0.7266046055854973
2041 0.7267384916748286
2042 0.7263827704356338
2043 0.7265166340508806
2044 0.7266503667481663
2045 0.7262952101661779
2046 0.726428920371275
2047 0.7265625
2048 0.726207906295754
2049 0.7263414634146341
2050 0.7259873232569478
2051 0.7256335282651072
2052 0.7252800779347297
2053 0.7254138266796495
2054 0.7255474452554744
2055 0.7251945525291829
2056 0.7253281477880409
2057 0.7254616132167152
2058 0.7251092763477416
2059 0.7252427184466019
2060 0.7248908296943232
2061 0.7250242483026188
2062 0.7246728065923412
2063 0.7248062015503876
2064 0.724455205811138
2065 0.7245885769603098
2066 0.7247218190614417
2067 0.7243713733075435
2068 0.7245045915901401
2069 0.7241545893719806
2070 0.724287783679382
2071 0.7244208494208494
2072 0.7245537867824409
2073 0.7246865959498554
2074 0.7243373493975903
2075 0.7244701348747592
2076 0.724602792489167
2077 0.7247353224254091
2078 0.7248677248677249
2079 0.725
2080 0.7246516098029794
2081 0.7247838616714697
2082 0.7244359097455593
2083 0.7245681381957774
2084 0.7247002398081535
2085 0.7248322147651006
2086 0.7249640632486823
2087 0.7246168582375478
2088 0.7242699856390618
2089 0.724401913875598
2090 0.7245337159253945
2091 0.7241873804971319
2092 0.7243191591017678
2093 0.7239732569245463
2094 0.7241050119331742
2095 0.7237595419847328
2096 0.7234144015259895
2097 0.7235462345090562
2098 0.7232015245354931
2099 0.7233333333333334
2100 0.723465016658734
2101 0.7235965746907707
2102 0.7237280076081788
2103 0.723384030418251
2104 0.7235154394299287
2105 0.7236467236467237
2106 0.7233032747982914
2107 0.7229601518026565
2108 0.7230915125651968
2109 0.7232227488151659
2110 0.7233538607295121
2111 0.7234848484848485
2112 0.7236157122574538
2113 0.7237464522232734
2114 0.723404255319149
2115 0.7235349716446124
2116 0.723665564478035
2117 0.7237960339943342
2118 0.7234544596507787
2119 0.7235849056603774
2120 0.7232437529467233
2121 0.7233741753063148
2122 0.7230334432406971
2123 0.722693032015066
2124 0.7228235294117648
2125 0.7224835371589841
2126 0.7226140103432064
2127 0.7222744360902256
2128 0.7224048849224989
2129 0.7220657276995305
2130 0.7221961520412952
2131 0.7223264540337712
2132 0.7224566338490389
2133 0.7225866916588566
2134 0.7227166276346604
2135 0.7223782771535581
2136 0.7225081890500702
2137 0.7226379794200187
2138 0.7227676484338476
2139 0.7224299065420561
2140 0.7225595516113965
2141 0.7222222222222222
2142 0.7223518432104526
2143 0.7220149253731343
2144 0.7221445221445222
2145 0.7222739981360671
2146 0.7219375873311598
2147 0.7220670391061452
2148 0.7217310376919498
2149 0.7213953488372093
2150 0.7215248721524872
2151 0.7216542750929368
2152 0.7217835578262889
2153 0.7219127205199629
2154 0.7215777262180975
2155 0.7217068645640075
2156 0.721835883171071
2157 0.7215013901760889
2158 0.7211672070402965
2159 0.7212962962962963
2160 0.7214252660805183
2161 0.7215541165587419
2162 0.7216828478964401
2163 0.7218114602587801
2164 0.7219399538106236
2165 0.721606648199446
2166 0.721735117674204
2167 0.7218634686346863
2168 0.7215306592899954
2169 0.7216589861751153
2170 0.7217871948410871
2171 0.7219152854511971
2172 0.7220432581684307
2173 0.7221711131554738
2174 0.7218390804597701
2175 0.7215073529411765
2176 0.7216352779053744
2177 0.721763085399449
2178 0.7218907755851308
2179 0.7215596330275229
2180 0.7216872994039432
2181 0.7213565536205316
2182 0.7214841960604672
2183 0.7216117216117216
2184 0.7217391304347827
2185 0.7218664226898445
2186 0.7215363511659808
2187 0.7216636197440585
2188 0.7217907720420284
2189 0.7219178082191781
2190 0.7220447284345048
2191 0.7217153284671532
2192 0.7218422252621979
2193 0.7215132178669098
2194 0.7216400911161731
2195 0.7217668488160291
2196 0.7218934911242604
2197 0.7220200181983621
2198 0.7221464301955435
2199 0.7222727272727273
2200 0.7223989095865516
2201 0.7220708446866485
2202 0.7221970040853382
2203 0.7223230490018149
2204 0.7224489795918367
2205 0.7225747960108794
2206 0.7222473946533756
2207 0.7223731884057971
2208 0.7220461747397012
2209 0.7217194570135747
2210 0.7213930348258707
2211 0.7215189873417721
2212 0.7216448260280163
2213 0.7217705510388437
2214 0.7218961625282168
2215 0.7220216606498195
2216 0.7216959855660803
2217 0.721370604147881
2218 0.7214961694456963
2219 0.7216216216216216
2220 0.7212967131922557
2221 0.7214221422142214
2222 0.7215474583895637
2223 0.7212230215827338
2224 0.7213483146067415
2225 0.7214734950584007
2226 0.7211495285136955
2227 0.7212746858168761
2228 0.721399730820996
2229 0.7215246636771301
2230 0.7216494845360825
2231 0.7217741935483871
2232 0.7218987908643081
2233 0.7220232766338407
2234 0.7221476510067114
2235 0.7222719141323792
2236 0.7223960661600357
2237 0.7225201072386059
2238 0.7221974095578383
2239 0.7223214285714286
2240 0.7219991075412762
2241 0.7221231043710973
2242 0.722246990637539
2243 0.7219251336898396
2244 0.7216035634743875
2245 0.7212822796081924
2246 0.7209612817089452
2247 0.7210854092526691
2248 0.7212094264117386
2249 0.7213333333333334
2250 0.7214571301643714
2251 0.7215808170515098
2252 0.7217043941411452
2253 0.7213842058562555
2254 0.7215077605321508
2255 0.7216312056737588
2256 0.7213114754098361
2257 0.7214348981399469
2258 0.7215582115980522
2259 0.7216814159292035
2260 0.7218045112781954
2261 0.7219274977895668
2262 0.7216084843128591
2263 0.7212897526501767
2264 0.7214128035320089
2265 0.7210944395410415
2266 0.7207763564181738
2267 0.7208994708994709
2268 0.7210224768620538
2269 0.720704845814978
2270 0.7208278291501541
2271 0.7209507042253521
2272 0.721073471183458
2273 0.7211961301671064
2274 0.7213186813186813
2275 0.7214411247803163
2276 0.7215634606938954
2277 0.7212467076382791
2278 0.7213690215006582
2279 0.7210526315789474
2280 0.7207365190705831
2281 0.7208588957055214
2282 0.7209811651335961
2283 0.7211033274956217
2284 0.7207877461706783
2285 0.7209098862642169
2286 0.7210319195452558
2287 0.7207167832167832
2288 0.7208387942332897
2289 0.7209606986899564
2290 0.7210824967263204
2291 0.7212041884816754
2292 0.7213257740950719
2293 0.7214472537053183
2294 0.7215686274509804
2295 0.7216898954703833
2296 0.7218110579016108
2297 0.7219321148825065
2298 0.7220530665506742
2299 0.7217391304347827
2300 0.721425467188179
2301 0.7215464813205907
2302 0.7212331741207121
2303 0.7213541666666666
2304 0.721475054229935
2305 0.7211621856027753
2306 0.7212830515821413
2307 0.7214038128249567
2308 0.7215244694673019
2309 0.7216450216450216
2310 0.7217654694937257
2311 0.721885813148789
2312 0.7215737137916126
2313 0.7216940363007779
2314 0.7218142548596113
2315 0.7215025906735751
2316 0.7216227880880449
2317 0.7217428817946505
2318 0.7218628719275549
2319 0.7219827586206896
2320 0.7221025420077553
2321 0.7222222222222222
2322 0.7219113215669393
2323 0.7220309810671256
2324 0.7221505376344086
2325 0.7222699914015477
2326 0.7223893425010743
2327 0.7225085910652921
2328 0.7226277372262774
2329 0.7227467811158799
2330 0.7224367224367224
2331 0.7221269296740995
2332 0.7222460351478782
2333 0.721936589545844
2334 0.7220556745182013
2335 0.7217465753424658
2336 0.7218656397090286
2337 0.7219846022241232
2338 0.7221034630183839
2339 0.7222222222222222
2340 0.7223408799658265
2341 0.7224594363791631
2342 0.7221510883482715
2343 0.7222696245733788
2344 0.7223880597014926
2345 0.722080136402387
2346 0.7217724755006392
2347 0.7218909710391823
2348 0.7215836526181354
2349 0.7217021276595744
2350 0.7218205019140791
2351 0.7215136054421769
2352 0.72163195920102
2353 0.7217502124044181
2354 0.721868365180467
2355 0.7219864176570459
2356 0.7221043699618158
2357 0.7222222222222222
2358 0.7219160661297159
2359 0.7220338983050848
2360 0.7217280813214739
2361 0.7214225232853514
2362 0.7215404147270419
2363 0.7216582064297801
2364 0.721353065539112
2365 0.7210481825866442
2366 0.7211660329531052
2367 0.7212837837837838
2368 0.7214014352047278
2369 0.7215189873417721
2370 0.7216364403205399
2371 0.7217537942664418
2372 0.7218710493046776
2373 0.7219882055602359
2374 0.7221052631578947
2375 0.7218013468013468
2376 0.7219183845183004
2377 0.7220353238015139
2378 0.7221521647751156
2379 0.7222689075630252
2380 0.7223855522889542
2381 0.7225020990764064
2382 0.7226185480486781
2383 0.722734899328859
2384 0.7228511530398323
2385 0.7229673093042749
2386 0.7226644323418517
2387 0.7223618090452262
2388 0.722059439095856
2389 0.7217573221757322
2390 0.7218736930154747
2391 0.721989966555184
2392 0.7221061429168408
2393 0.7222222222222222
2394 0.7223382045929019
2395 0.7224540901502504
2396 0.722569879015436
2397 0.7226855713094246
2398 0.7228011671529804
2399 0.7229166666666667
2400 0.722615576842982
2401 0.7227310574521232
2402 0.7224302954640033
2403 0.7225457570715474
2404 0.7226611226611227
2405 0.7223607647547797
2406 0.7224761113419194
2407 0.7221760797342193
2408 0.7222914072229141
2409 0.7224066390041494
2410 0.7225217751970137
2411 0.722636815920398
2412 0.7227517612929962
2413 0.7228666114333057
2414 0.7229813664596273
2415 0.7230960264900662
2416 0.7227968556061233
2417 0.7229114971050455
2418 0.7230260438197602
2419 0.7231404958677686
2420 0.7232548533663775
2421 0.7229562345169281
2422 0.7230705736690054
2423 0.7231848184818482
2424 0.7228865979381444
2425 0.7230008244023083
2426 0.723114956736712
2427 0.7228171334431631
2428 0.7229312474269246
2429 0.7226337448559671
2430 0.7227478403948993
2431 0.7224506578947368
2432 0.7225647348951911
2433 0.7226787181594084
2434 0.7227926078028748
2435 0.7229064039408867
2436 0.7226097661058679
2437 0.7227235438884332
2438 0.7228372283722837
2439 0.7229508196721312
2440 0.7230643179024989
2441 0.7231777231777232
2442 0.7232910356119525
2443 0.723404255319149
2444 0.7235173824130879
2445 0.723221586263287
2446 0.723334695545566
2447 0.7234477124183006
2448 0.7235606369946918
2449 0.7236734693877551
2450 0.7237862097103224
2451 0.7234910277324633
2452 0.7231960864247859
2453 0.7229013854930725
2454 0.7230142566191446
2455 0.7227198697068404
2456 0.7228327228327228
2457 0.7225386493083807
2458 0.7226514843432289
2459 0.7227642276422764
2460 0.7224705404307192
2461 0.7225832656376929
2462 0.7226958993097848
2463 0.7228084415584416
2464 0.722920892494929
2465 0.7230332522303325
2466 0.7231455208755574
2467 0.723257698541329
2468 0.7233697853381936
2469 0.7234817813765182
2470 0.7235936867664913
2471 0.723705501618123
2472 0.7238172260412454
2473 0.7239288601455134
2474 0.724040404040404
2475 0.7241518578352181
2476 0.7242632216390795
2477 0.7239709443099274
2478 0.7240822912464704
2479 0.7241935483870968
2480 0.7243047158403869
2481 0.7244157937147462
2482 0.7245267821184052
2483 0.7246376811594203
2484 0.7247484909456741
2485 0.7248592115848753
2486 0.7249698431845597
2487 0.72508038585209
2488 0.7251908396946565
2489 0.7253012048192771
2490 0.7250100361300682
2491 0.7251203852327448
2492 0.7252306458082631
2493 0.7249398556535686
2494 0.7246492985971944
2495 0.7247596153846154
2496 0.7248698438125751
2497 0.7249799839871898
2498 0.7250900360144058
2499 0.7252
2500 0.7249100359856058
2501 0.7246203037569944
2502 0.724730323611666
2503 0.7244408945686901
2504 0.7245508982035929
2505 0.7242617717478053
2506 0.7243717590745912
2507 0.7244816586921851
2508 0.7245914707054604
2509 0.7247011952191235
2510 0.724810832337714
2511 0.7245222929936306
2512 0.7246319140469558
2513 0.7243436754176611
2514 0.7244532803180914
2515 0.7241653418124007
2516 0.724274930472785
2517 0.7243844320889595
2518 0.7244938467645892
2519 0.7242063492063492
2520 0.7243157477191591
2521 0.7244250594766058
2522 0.724534284581847
2523 0.7242472266244057
2524 0.7239603960396039
2525 0.723673792557403
2526 0.7237831420656905
2527 0.7238924050632911
2528 0.7240015816528272
2529 0.7237154150197629
2530 0.723824575266693
2531 0.7239336492890995
2532 0.7240426371891038
2533 0.7241515390686661
2534 0.7242603550295857
2535 0.7243690851735016
2536 0.7240835632636973
2537 0.7241922773837668
2538 0.7243009058684522
2539 0.7244094488188977
2540 0.7245179063360881
2541 0.7246262785208497
2542 0.7247345654738497
2543 0.7248427672955975
2544 0.724950884086444
2545 0.7250589159465829
2546 0.7251668629760503
2547 0.7252747252747253
2548 0.7253825029423303
2549 0.7254901960784313
2550 0.7255978047824383
2551 0.7253134796238244
2552 0.7254210732471602
2553 0.7255285826155051
2554 0.7252446183953033
2555 0.724960876369327
2556 0.72506843957763
2557 0.7251759186864738
2558 0.725283313794451
2559 0.725390625
2560 0.7254978524014057
2561 0.7256049960967994
2562 0.7253218884120172
2563 0.7254290171606864
2564 0.7255360623781676
2565 0.72564302416212
2566 0.7253603428126217
2567 0.7254672897196262
2568 0.7251848968470221
2569 0.7252918287937743
2570 0.7253986775573706
2571 0.7251166407465007
2572 0.7248348231636222
2573 0.7245532245532246
2574 0.7246601941747572
2575 0.7247670807453416
2576 0.7248738843616609
2577 0.7249806051202482
2578 0.7246994959286546
2579 0.7248062015503876
2580 0.7249128244866331
2581 0.7246320681642138
2582 0.724351529229578
2583 0.7244582043343654
2584 0.7245647969052225
2585 0.7242846094354215
2586 0.7243911867027445
2587 0.7244976816074189
2588 0.7242178447276941
2589 0.7239382239382239
2590 0.7240447703589348
2591 0.7241512345679012
2592 0.7242576166602391
2593 0.7243639167309175
2594 0.7244701348747592
2595 0.7245762711864406
2596 0.7246823257604929
2597 0.724788298691301
2598 0.7248941900731051
2599 0.7246153846153847
2600 0.724721261053441
2601 0.7244427363566487
2602 0.7245485977718018
2603 0.7246543778801844
2604 0.7247600767754319
2605 0.7244819646968534
2606 0.7245876486382815
2607 0.7243098159509203
2608 0.7240321962437716
2609 0.7237547892720306
2610 0.7238605898123325
2611 0.7239663093415007
2612 0.7236892460773058
2613 0.7234123947972456
2614 0.7235181644359464
2615 0.7236238532110092
2616 0.7237294612151318
2617 0.7238349885408709
2618 0.7239404352806414
2619 0.7240458015267176
2620 0.7241510873712323
2621 0.7238749046529367
2622 0.7239801753717118
2623 0.7240853658536586
2624 0.7241904761904762
2625 0.7242955064737243
2626 0.724400456794823
2627 0.724124809741248
2628 0.7242297451502473
2629 0.7239543726235741
2630 0.7240592930444698
2631 0.7241641337386018
2632 0.7242688947968097
2633 0.724373576309795
2634 0.7240986717267552
2635 0.7242033383915023
2636 0.7243079256731134
2637 0.724412433661865
2638 0.7245168624478969
2639 0.7242424242424242
2640 0.7239681938659599
2641 0.7240726722180166
2642 0.7237987135830496
2643 0.7235249621785174
2644 0.7236294896030245
2645 0.7233560090702947
2646 0.7230827351718927
2647 0.722809667673716
2648 0.7229143072857682
2649 0.7230188679245283
2650 0.7231233496793663
2651 0.7228506787330317
2652 0.7229551451187335
2653 0.7230595327807083
2654 0.7231638418079096
2655 0.7232680722891566
2656 0.7233722243131351
2657 0.7234762979683973
2658 0.7235802933433622
2659 0.7236842105263158
2660 0.7237880496054115
2661 0.7238918106686701
2662 0.7236199774690198
2663 0.7237237237237237
2664 0.7238273921200751
2665 0.7235558889722431
2666 0.7236595425571803
2667 0.7233883058470765
2668 0.7231172723866617
2669 0.7232209737827715
2670 0.7229502059153875
2671 0.7230538922155688
2672 0.7227833894500562
2673 0.7228870605833957
2674 0.7226168224299065
2675 0.7223467862481315
2676 0.7220769518117296
2677 0.7221807318894697
2678 0.7222844344904815
2679 0.7220149253731343
2680 0.7217456173069751
2681 0.7218493661446681
2682 0.7219530376444279
2683 0.7220566318926974
2684 0.7221601489757914
2685 0.7218912881608339
2686 0.721622627465575
2687 0.7217261904761905
2688 0.7218296764596505
2689 0.7219330855018588
2690 0.7220364176885916
2691 0.7221396731054978
2692 0.7222428518380988
2693 0.7223459539717891
2694 0.7224489795918367
2695 0.7225519287833828
2696 0.7226548016314424
2697 0.7223869532987398
2698 0.7224898110411263
2699 0.7225925925925926
2700 0.7226952980377638
2701 0.7227979274611399
2702 0.7229004809470958
2703 0.7230029585798816
2704 0.723105360443623
2705 0.7228381374722838
2706 0.7229405245659402
2707 0.7230428360413589
2708 0.7227759320782576
2709 0.7225092250922509
2710 0.7226115824419034
2711 0.7227138643067846
2712 0.7228160707703649
2713 0.7225497420781135
2714 0.7226519337016575
2715 0.7227540500736377
2716 0.7228560912771439
2717 0.7229580573951435
2718 0.7230599485104818
2719 0.7227941176470588
2720 0.7228959941198089
2721 0.7229977957384276
2722 0.7230995225853838
2723 0.722834067547724
2724 0.7229357798165138
2725 0.723037417461482
2726 0.7227722772277227
2727 0.7228739002932552
2728 0.7229754488823745
2729 0.7230769230769231
2730 0.7231783229586232
2731 0.7232796486090776
2732 0.7233809001097695
2733 0.723482077542063
2734 0.723583180987203
2735 0.7236842105263158
2736 0.7237851662404092
2737 0.7238860482103725
2738 0.723986856516977
2739 0.7237226277372263
2740 0.7238234221087194
2741 0.7235594456601021
2742 0.7236602260298943
2743 0.7233965014577259
2744 0.7234972677595628
2745 0.7235979606700655
2746 0.7236985802693848
2747 0.7234352256186317
2748 0.7231720625682067
2749 0.7232727272727273
2750 0.7230098146128681
2751 0.7231104651162791
2752 0.7232110424990918
2753 0.7229484386347131
2754 0.7230490018148821
2755 0.7231494920174165
2756 0.7232499093217265
2757 0.7233502538071066
2758 0.7234505255527365
2759 0.7235507246376811
2760 0.723650851140891
2761 0.723388848660391
2762 0.7231270358306189
2763 0.7232272069464544
2764 0.7233273056057866
2765 0.7230657989877078
2766 0.7228044813877846
2767 0.7229046242774566
2768 0.7230046948356808
2769 0.7231046931407942
2770 0.7232046192710213
2771 0.7233044733044733
2772 0.723404255319149
2773 0.7231434751261716
2774 0.7232432432432433
2775 0.723342939481268
2776 0.723442563917897
2777 0.7235421166306696
2778 0.7236415976970133
2779 0.7233812949640288
2780 0.7234807623157138
2781 0.7235801581595974
2782 0.7236794825727632
2783 0.7237787356321839
2784 0.7238779174147217
2785 0.7239770279971285
2786 0.7240760674560459
2787 0.723816355810617
2788 0.7239153818572965
2789 0.7240143369175627
2790 0.7241132210677177
2791 0.7242120343839542
2792 0.7243107769423559
2793 0.7244094488188977
2794 0.7245080500894454
2795 0.7246065808297568
2796 0.7243475151948516
2797 0.724446032880629
2798 0.7245444801714899
2799 0.7246428571428571
2800 0.7247411638700464
2801 0.7248394004282656
2802 0.724937566892615
2803 0.724679029957204
2804 0.724777183600713
2805 0.7248752672843906
2806 0.7249732810830067
2807 0.7250712250712251
2808 0.7251690993236027
2809 0.7249110320284697
2810 0.7250088936321594
2811 0.7251066856330014
2812 0.7252044081052257
2813 0.7249466950959488
2814 0.725044404973357
2815 0.7251420454545454
2816 0.7248846290379837
2817 0.7246273953158269
2818 0.7247250798155375
2819 0.724822695035461
2820 0.7249202410492733
2821 0.7250177179305457
2822 0.7251151257527453
2823 0.7252124645892352
2824 0.7253097345132743
2825 0.7254069355980184
2826 0.7255040679165192
2827 0.7256011315417256
2828 0.7256981265464828
2829 0.7254416961130742
2830 0.7255386789120453
2831 0.725635593220339
2832 0.7257324391104836
2833 0.7254763585038815
2834 0.7255731922398589
2835 0.7256699576868829
2836 0.725766654917166
2837 0.7255109231853418
2838 0.7256076083127861
2839 0.7253521126760564
2840 0.7254487856388595
2841 0.7255453905700211
2842 0.7256419275413296
2843 0.7253867791842475
2844 0.7254833040421793
2845 0.725228390723823
2846 0.7253249034070952
2847 0.7254213483146067
2848 0.7255177255177255
2849 0.7256140350877193
2850 0.7257102770957559
2851 0.7258064516129032
2852 0.7259025587101297
2853 0.7259985984583042
2854 0.7257443082311734
2855 0.7258403361344538
2856 0.7259362968148407
2857 0.7260321903428971
2858 0.7261280167890871
2859 0.7262237762237762
2860 0.7263194687172317
2861 0.7264150943396226
2862 0.7265106531610199
2863 0.7262569832402235
2864 0.7263525305410122
2865 0.7260990928122819
2866 0.7261946285315661
2867 0.7259414225941423
2868 0.726036946671314
2869 0.7261324041811846
2870 0.7258794845001741
2871 0.7256267409470752
2872 0.7257222415593456
2873 0.7258176757132916
2874 0.7259130434782609
2875 0.7260083449235049
2876 0.7261035801181787
2877 0.7261987491313412
2878 0.7262938520319555
2879 0.7263888888888889
2880 0.7264838597709129
2881 0.7262317834836919
2882 0.7263267429760666
2883 0.7264216366158114
2884 0.7261698440207972
2885 0.7262647262647263
2886 0.7260131624523727
2887 0.7261080332409973
2888 0.7258566978193146
2889 0.72560553633218
2890 0.725700449671394
2891 0.7257952973720608
2892 0.7255444175596267
2893 0.7256392536281963
2894 0.7257340241796201
2895 0.725828729281768
2896 0.7259233690024163
2897 0.7260179434092477
2898 0.7261124525698517
2899 0.7262068965517241
2900 0.7259565667011375
2901 0.7257064093728464
2902 0.7258008956252153
2903 0.7255509641873278
2904 0.7256454388984509
2905 0.725739848589126
2906 0.7258341933264534
2907 0.7259284731774416
2908 0.7256789274664833
2909 0.7257731958762886
2910 0.7255238749570594
2911 0.7256181318681318
2912 0.7253690353587366
2913 0.7254632807137955
2914 0.725557461406518
2915 0.7256515775034293
2916 0.7257456290709633
2917 0.7258396161754627
2918 0.7259335388831791
2919 0.7256849315068493
2920 0.7257788428620335
2921 0.7258726899383984
2922 0.7256243585357509
2923 0.725718194254446
2924 0.7258119658119658
2925 0.7259056732740943
2926 0.7259993167065254
2927 0.7260928961748634
2928 0.7261864117446227
2929 0.725938566552901
2930 0.7260320709655408
2931 0.7261255115961801
2932 0.726218888510058
2933 0.7259713701431493
2934 0.7260647359454855
2935 0.726158038147139
2936 0.7259107933265236
2937 0.726004084411164
2938 0.726097312010888
2939 0.7261904761904762
2940 0.7262835770146209
2941 0.7263766145479266
2942 0.7261297995242949
2943 0.7262228260869565
2944 0.7259762308998302
2945 0.7257298031228785
2946 0.7258228707159824
2947 0.7259158751696065
2948 0.7260088165479823
2949 0.7261016949152542
2950 0.7261945103354795
2951 0.7262872628726287
2952 0.7263799525905859
2953 0.7264725795531483
2954 0.726565143824027
2955 0.7266576454668471
2956 0.7267500845451471
2957 0.7265043948613928
2958 0.7262588712402839
2959 0.7263513513513513
2960 0.7264437689969605
2961 0.7265361242403782
2962 0.7266284171447857
2963 0.7263832658569501
2964 0.7264755480607082
2965 0.7265677680377612
2966 0.7263228850690934
2967 0.7264150943396226
2968 0.7261704277534523
2969 0.7262626262626263
2970 0.7263547627061595
2971 0.7264468371467026
2972 0.7262024890682812
2973 0.7259583053127101
2974 0.7260504201680672
2975 0.7258064516129032
2976 0.7258985555928787
2977 0.7259905977165884
2978 0.7257468949311849
2979 0.7258389261744966
2980 0.7259308956725931
2981 0.7260228034875922
2982 0.7261146496815286
2983 0.7262064343163539
2984 0.7262981574539363
2985 0.7263898191560616
2986 0.7264814194844326
2987 0.7265729585006694
2988 0.7263298762127802
2989 0.7260869565217392
2990 0.7261785356068204
2991 0.7262700534759359
2992 0.726027397260274
2993 0.7261189044756179
2994 0.7262103505843072
2995 0.7263017356475301
2996 0.726393059726393
2997 0.7264843228819213
2998 0.7265755251750583
2999 0.7266666666666667
3000 0.7267577474175275
3001 0.7268487674883412
3002 0.726939726939727
3003 0.7266977363515313
3004 0.7267886855241265
3005 0.7268795741849634
3006 0.726970402394413
3007 0.7267287234042553
3008 0.7268195413758723
3009 0.7269102990033223
3010 0.7266688807705082
3011 0.7267596281540505
3012 0.726850315300365
3013 0.7269409422694094
3014 0.7270315091210614
3015 0.7271220159151194
3016 0.726881007623467
3017 0.7269715043074884
3018 0.7270619410400795
3019 0.7271523178807947
3020 0.7269116186693148
3021 0.7266710787557908
3022 0.726430697982137
3023 0.7265211640211641
3024 0.7266115702479339
3025 0.7263714474553866
3026 0.7264618434093162
3027 0.7262219286657859
3028 0.7259821723341037
3029 0.7260726072607261
3030 0.7261629825140218
3031 0.7262532981530343
3032 0.7260138476755688
3033 0.7257745550428477
3034 0.7258649093904448
3035 0.7259552042160737
3036 0.7260454395785314
3037 0.7261356155365372
3038 0.7262257321487331
3039 0.7263157894736842
3040 0.7264057875698783
3041 0.7261669953977646
3042 0.725928360170884
3043 0.7256898817345598
3044 0.7257799671592775
3045 0.7258699934340118
3046 0.7259599606170003
3047 0.7260498687664042
3048 0.725811741554608
3049 0.7255737704918033
3050 0.7256637168141593
3051 0.7257536041939712
3052 0.7258434326891582
3053 0.7256057629338573
3054 0.72569558101473
3055 0.7257853403141361
3056 0.7255479228001308
3057 0.7253106605624591
3058 0.7254004576659039
3059 0.7254901960784313
3060 0.7252531852335838
3061 0.725342913128674
3062 0.7254325824355208
3063 0.7255221932114883
3064 0.7252854812398042
3065 0.7253750815394651
3066 0.7254646234104989
3067 0.7255541069100391
3068 0.725643532095145
3069 0.7257328990228012
3070 0.7258222077499186
3071 0.7259114583333334
3072 0.7256752359258054
3073 0.7257644762524398
3074 0.7255284552845529
3075 0.7256176853055917
3076 0.7257068573285668
3077 0.7257959714100065
3078 0.7258850276063658
3079 0.7259740259740259
3080 0.7260629665692957
3081 0.7258273848150552
3082 0.7259163152773273
3083 0.7260051880674449
3084 0.7260940032414911
3085 0.7261827608554764
3086 0.7259475218658892
3087 0.7260362694300518
3088 0.7261249595338297
3089 0.7258899676375404
3090 0.7259786476868327
3091 0.7260672703751617
3092 0.7261558357581636
3093 0.7259211376858435
3094 0.7260096930533118
3095 0.7260981912144703
3096 0.7258637391023571
3097 0.7259522272433828
3098 0.7257179735398516
3099 0.7258064516129032
3100 0.7255723960012899
3101 0.7256608639587363
3102 0.7257492748952626
3103 0.7258376288659794
3104 0.725925925925926
3105 0.7260141661300709
3106 0.7261023495333119
3107 0.7258687258687259
3108 0.725635252492763
3109 0.7257234726688103
3110 0.7258116361298618
3111 0.7258997429305912
3112 0.7256665595888211
3113 0.7257546563904945
3114 0.7258426966292135
3115 0.7259306803594352
3116 0.726018607635547
3117 0.7261064785118666
3118 0.7261942930426418
3119 0.7262820512820513
3120 0.7263697532842038
3121 0.726457399103139
3122 0.7265449887928274
3123 0.7266325224071702
3124 0.7264
3125 0.7264875239923224
3126 0.7262551966741285
3127 0.7263427109974424
3128 0.7261105784595717
3129 0.7261980830670927
3130 0.725966145001597
3131 0.7257343550446999
3132 0.7255027130545803
3133 0.7255902999361837
3134 0.7256778309409888
3135 0.7257653061224489
3136 0.7258527255339496
3137 0.7259400892288081
3138 0.7257088244663906
3139 0.725796178343949
3140 0.725883476599809
3141 0.7259707192870783
3142 0.7260579064587973
3143 0.726145038167939
3144 0.7262321144674085
3145 0.7263191354100444
3146 0.7264061010486177
3147 0.7261753494282084
3148 0.7262623054938075
3149 0.7263492063492063
3150 0.7264360520469693
3151 0.7265228426395939
3152 0.7266095781795116
3153 0.7266962587190868
3154 0.7267828843106181
3155 0.7268694550063372
3156 0.7269559708584099
3157 0.727042431918936
3158 0.7268122823678379
3159 0.7268987341772152
3160 0.7269851312875673
3161 0.7270714737507906
3162 0.7271577616187164
3163 0.72724399494311
3164 0.7273301737756714
3165 0.7274162981680353
3166 0.7275023681717714
3167 0.7275883838383839
3168 0.7276743452193121
3169 0.7277602523659306
3170 0.727530747398297
3171 0.7276166456494325
3172 0.7277024897573274
3173 0.7277882797731569
3174 0.7278740157480315
3175 0.7276448362720404
3176 0.7277305634246144
3177 0.7278162366268093
3178 0.7275872916011324
3179 0.7276729559748427
3180 0.7277585664885257
3181 0.7278441231929604
3182 0.7276154571159283
3183 0.7277010050251256
3184 0.7274725274725274
3185 0.7275580665411174
3186 0.7276435519297144
3187 0.7274153074027604
3188 0.7275007839448103
3189 0.7272727272727273
3190 0.7273581949232215
3191 0.7274436090225563
3192 0.7275289696210461
3193 0.7276142767689417
3194 0.7276995305164319
3195 0.7274718397997497
3196 0.727557084766969
3197 0.7276422764227642
3198 0.7277274148171303
3199 0.7275
3200 0.7275851296469853
3201 0.7276702061211743
3202 0.7277552294723697
3203 0.7278401997503121
3204 0.7276131045241809
3205 0.7276980661260137
3206 0.7277829747427502
3207 0.7278678304239401
3208 0.7276410096603303
3209 0.7277258566978193
3210 0.727810650887574
3211 0.7275840597758406
3212 0.7273576097105509
3213 0.7274424393279403
3214 0.7275272161741835
3215 0.7273009950248757
3216 0.727385763133354
3217 0.7271597265382225
3218 0.7272444858651755
3219 0.7270186335403727
3220 0.727103384042223
3221 0.7268777157045313
3222 0.726962457337884
3223 0.7270471464019851
3224 0.7271317829457364
3225 0.7269063856168629
3226 0.7269910133250698
3227 0.7270755885997522
3228 0.7271601114896252
3229 0.7272445820433436
3230 0.7273290003095016
3231 0.7274133663366337
3232 0.7271883699350449
3233 0.7272727272727273
3234 0.727047913446677
3235 0.7268232385661311
3236 0.7269076305220884
3237 0.7269919703520692
3238 0.7270762581043532
3239 0.7271604938271605
3240 0.7272446775686516
3241 0.7273288093769278
3242 0.727104532839963
3243 0.7271886559802713
3244 0.7272727272727273
3245 0.7273567467652495
3246 0.7274407145056976
3247 0.7275246305418719
3248 0.7276084949215144
3249 0.7276923076923076
3250 0.7274684712396186
3251 0.7275522755227553
3252 0.7276360282815862
3253 0.727719729563614
3254 0.7278033794162826
3255 0.7275798525798526
3256 0.7276634940128953
3257 0.7277470841006752
3258 0.7278306228904572
3259 0.7279141104294479
3260 0.7276908923643054
3261 0.7274678111587983
3262 0.7275513331290224
3263 0.7276348039215687
3264 0.7277182235834609
3265 0.7278015921616656
3266 0.7278849097030915
3267 0.72796817625459
3268 0.7277454879167942
3269 0.7275229357798165
3270 0.7276062366248853
3271 0.7273838630806846
3272 0.7271616254201039
3273 0.7272449602932193
3274 0.7270229007633587
3275 0.7271062271062271
3276 0.7271895025938359
3277 0.726967663209274
3278 0.7270509301616347
3279 0.7271341463414634
3280 0.7272173117951843
3281 0.7269957343083485
3282 0.7270788912579957
3283 0.7271619975639464
3284 0.7272450532724505
3285 0.7273280584297017
3286 0.727106784301795
3287 0.7271897810218978
3288 0.7272727272727273
3289 0.727355623100304
3290 0.7274384685505926
3291 0.727217496962333
3292 0.7273003340419071
3293 0.7273831208257437
3294 0.7271623672230653
3295 0.7269417475728155
3296 0.727024567788899
3297 0.727107337780473
3298 0.7271900575932101
3299 0.7269696969696969
3300 0.7270524083611027
3301 0.7271350696547547
3302 0.727217680896155
3303 0.7269975786924939
3304 0.7270801815431165
3305 0.7271627344222625
3306 0.726942848503175
3307 0.7270253929866989
3308 0.7271078875793291
3309 0.7271903323262839
3310 0.7272727272727273
3311 0.7273550724637681
3312 0.7274373679444612
3313 0.7275196137598069
3314 0.7276018099547511
3315 0.7276839565741857
3316 0.7274645764244799
3317 0.727546714888487
3318 0.7276288038565834
3319 0.7274096385542169
3320 0.727491719361638
3321 0.7275737507525587
3322 0.7273547998796268
3323 0.7274368231046932
3324 0.7275187969924812
3325 0.7273000601322911
3326 0.7273820258491133
3327 0.7274639423076923
3328 0.7275458095524181
3329 0.7276276276276277
3330 0.7277093965776044
3331 0.7274909963985594
3332 0.7275727572757276
3333 0.7276544691061788
3334 0.727736131934033
3335 0.7278177458033573
3336 0.727899310758166
3337 0.7279808268424206
3338 0.72806229410003
3339 0.7281437125748503
3340 0.7279257707273271
3341 0.7280071813285458
3342 0.7280885432246486
3343 0.7281698564593302
3344 0.7282511210762331
3345 0.728332337118948
3346 0.7284135046310128
3347 0.728494623655914
3348 0.728277097641087
3349 0.7283582089552239
3350 0.7281408534765742
3351 0.7279236276849642
3352 0.728004771846108
3353 0.7277877161598092
3354 0.7275707898658719
3355 0.7276519666269369
3356 0.7277330950253202
3357 0.7278141751042287
3358 0.7278952069068175
3359 0.7279761904761904
3360 0.7280571258554002
3361 0.7278405710886378
3362 0.727921498661909
3363 0.7280023781212842
3364 0.7280832095096582
3365 0.7278669043374926
3366 0.727947727947728
3367 0.7280285035629454
3368 0.728109231225883
3369 0.7281899109792285
3370 0.7282705428656185
3371 0.7283511269276394
3372 0.7284316632078268
3373 0.7285121517486662
3374 0.7285925925925926
3375 0.7283767772511849
3376 0.728457210541901
3377 0.7285375962107756
3378 0.7286179343000888
3379 0.7284023668639054
3380 0.7281869269446909
3381 0.7279716144293318
3382 0.7277564292048477
3383 0.7278368794326241
3384 0.727917282127031
3385 0.7277023036030714
3386 0.727782698553292
3387 0.7275678866587958
3388 0.7273532015343759
3389 0.727433628318584
3390 0.7272191094072545
3391 0.7272995283018868
3392 0.7273798997936929
3393 0.7274602239245728
3394 0.7272459499263623
3395 0.7273262661955241
3396 0.727112157786282
3397 0.7268981753972925
3398 0.7266843189173287
3399 0.726764705882353
3400 0.7265510144075272
3401 0.7266313932980599
3402 0.7264178665883044
3403 0.7264982373678026
3404 0.7265785609397944
3405 0.7263652378156195
3406 0.7261520399178163
3407 0.7262323943661971
3408 0.7263127016720445
3409 0.726099706744868
3410 0.7261800058633832
3411 0.7262602579132473
3412 0.7260474655728099
3413 0.7258347978910369
3414 0.7259150805270864
3415 0.7259953161592506
3416 0.7260755048287972
3417 0.7261556465769455
3418 0.7262357414448669
3419 0.7263157894736842
3420 0.7261034785150541
3421 0.7261835184102864
3422 0.7259713701431493
3423 0.7260514018691588
3424 0.7258394160583942
3425 0.7256275539988325
3426 0.7254158155821419
3427 0.7254959159859977
3428 0.7252843394575678
3429 0.7253644314868805
3430 0.7251530166132323
3431 0.7252331002331003
3432 0.7253131371977862
3433 0.725393127548049
3434 0.7254730713245997
3435 0.7255529685681025
3436 0.7256328193191737
3437 0.7257126236183827
3438 0.7255015993021227
3439 0.7252906976744186
3440 0.7253705318221447
3441 0.7251597908192912
3442 0.7249491722335173
3443 0.7250290360046457
3444 0.7248185776487663
3445 0.7248984329657574
3446 0.7249782419495213
3447 0.7250580046403712
3448 0.7251377210785735
3449 0.7252173913043478
3450 0.7250072442770211
3451 0.7247972190034763
3452 0.7248769186214885
3453 0.72495657209033
3454 0.7250361794500724
3455 0.7251157407407407
3456 0.7251952560023142
3457 0.7249855407750144
3458 0.7250650477016479
3459 0.7248554913294798
3460 0.7249349898873158
3461 0.7250144425187752
3462 0.7250938492636443
3463 0.7251732101616628
3464 0.7249639249639249
3465 0.7250432775533756
3466 0.7251225843668878
3467 0.7249134948096886
3468 0.7249927933121937
3469 0.72507204610951
3470 0.7248631518294439
3471 0.7246543778801844
3472 0.7247336596602361
3473 0.7248128957973518
3474 0.7246043165467626
3475 0.7246835443037974
3476 0.724762726488352
3477 0.7248418631397355
3478 0.7249209542972118
3479 0.725
3480 0.7247917265153692
3481 0.7248707639287766
3482 0.7246626471432673
3483 0.7244546498277842
3484 0.7242467718794835
3485 0.7243258749282846
3486 0.7244049326068254
3487 0.7244839449541285
3488 0.7245629120091717
3489 0.7246418338108882
3490 0.7247207103981668
3491 0.7247995418098511
3492 0.724878328084741
3493 0.7246708643388666
3494 0.7247496423462089
3495 0.7248283752860412
3496 0.72462110380326
3497 0.7246998284734134
3498 0.7247785081451843
3499 0.7248571428571429
3500 0.7249357326478149
3501 0.7250142775556825
3502 0.7250927776191836
3503 0.7251712328767124
3504 0.7252496433666191
3505 0.7250427837992014
3506 0.7248360422013117
3507 0.7249144811858609
3508 0.7249928754630949
3509 0.7250712250712251
3510 0.7248647109085731
3511 0.7249430523917996
3512 0.7250213492741246
3513 0.7250996015936255
3514 0.7251778093883358
3515 0.7249715585893061
3516 0.7250497583167472
3517 0.7251279135872655
3518 0.725206024438761
3519 0.725
3520 0.7247940925873332
3521 0.7248722316865417
3522 0.7249503264263412
3523 0.7250283768444948
3524 0.7251063829787234
3525 0.7249007373794668
3526 0.7249787354692373
3527 0.7250566893424036
3528 0.7248512326438085
3529 0.724929178470255
3530 0.7250070801472671
3531 0.7250849377123443
3532 0.7248797056326068
3533 0.7249575551782682
3534 0.7247524752475247
3535 0.7248303167420814
3536 0.7246253887475261
3537 0.7244205765969475
3538 0.7244984458886691
3539 0.7245762711864406
3540 0.7246540525275346
3541 0.7247317899491813
3542 0.724809483488569
3543 0.7246049661399548
3544 0.7246826516220028
3545 0.724478285391991
3546 0.7245559627854525
3547 0.7246335963923337
3548 0.7247111862496478
3549 0.7245070422535211
3550 0.7243030132357082
3551 0.7243806306306306
3552 0.7244582043343654
3553 0.7245357343837929
3554 0.7246132208157524
3555 0.7246906636670416
3556 0.7247680629744166
3557 0.7248454187745925
3558 0.7246417533014892
3559 0.7247191011235955
3560 0.7247964055040719
3561 0.7248736664795059
3562 0.724950884086444
3563 0.7247474747474747
3564 0.7248246844319776
3565 0.7249018508132361
3566 0.7249789739276703
3567 0.7250560538116592
3568 0.7251330905015411
3569 0.7249299719887955
3570 0.7247269672360683
3571 0.7248040313549832
3572 0.7248810523369718
3573 0.7249580302182429
3574 0.725034965034965
3575 0.7248322147651006
3576 0.7249091417388873
3577 0.7249860257126887
3578 0.7250628667225482
3579 0.7248603351955307
3580 0.7249371683887182
3581 0.7250139586823003
3582 0.7248116103823612
3583 0.7248883928571429
3584 0.7249651324965133
3585 0.7250418293363079
3586 0.7248396989127405
3587 0.7249163879598662
3588 0.7247144051267762
3589 0.7247910863509749
3590 0.7248677248677249
3591 0.7249443207126949
3592 0.725020873921514
3593 0.7250973845297718
3594 0.725173852573018
3595 0.724972191323693
3596 0.7247706422018348
3597 0.7245692051139522
3598 0.7246457349263684
3599 0.7247222222222223
3600 0.7247986670369342
3601 0.7248750694058856
3602 0.7249514293644186
3603 0.7247502774694784
3604 0.7248266296809986
3605 0.7249029395452025
3606 0.724701968394788
3607 0.7247782705099778
3608 0.7245774452756997
3609 0.7246537396121884
3610 0.7247299916920521
3611 0.7248062015503876
3612 0.724882369222253
3613 0.7249584947426674
3614 0.7250345781466113
3615 0.7251106194690266
3616 0.7251866187448162
3617 0.7249861802100608
3618 0.7250621718706826
3619 0.7251381215469613
3620 0.7252140292736813
3621 0.725289895085588
3622 0.7250897046646425
3623 0.7248896247240618
3624 0.7249655172413794
3625 0.7250413678985107
3626 0.7251171767300799
3627 0.7251929437706726
3628 0.725268669054836
3629 0.7253443526170799
3630 0.7254199944918756
3631 0.7252202643171806
3632 0.7250206440957886
3633 0.7250963126031921
3634 0.725171939477304
3635 0.7252475247524752
3636 0.725323068463019
3637 0.7253985706432106
3638 0.7254740313272877
3639 0.7252747252747253
3640 0.7250755287009063
3641 0.7251510159253157
3642 0.7249519626681307
3643 0.7250274423710209
3644 0.7248285322359397
3645 0.7249040043883708
3646 0.7249794351521799
3647 0.7250548245614035
3648 0.724856124965744
3649 0.7246575342465753
3650 0.7244590523144344
3651 0.7245345016429354
3652 0.7246099096632904
3653 0.7246852764094144
3654 0.7247606019151847
3655 0.7248358862144421
3656 0.7246376811594203
3657 0.7247129579004921
3658 0.7245148947799945
3659 0.7245901639344262
3660 0.7243922425566786
3661 0.7244675040961224
3662 0.7245427245427245
3663 0.724617903930131
3664 0.7244201909959073
3665 0.7242225859247136
3666 0.7242977911098991
3667 0.7241003271537623
3668 0.7241755246661216
3669 0.7242506811989101
3670 0.724325796785617
3671 0.724400871459695
3672 0.7244759052545603
3673 0.7245508982035929
3674 0.724625850340136
3675 0.7244287268770403
3676 0.7245036714713081
3677 0.7245785753126699
3678 0.7246534384343571
3679 0.7244565217391304
3680 0.7245313773431132
3681 0.7243346007604563
3682 0.7241379310344828
3683 0.7242128121606949
3684 0.7242876526458616
3685 0.7243624525230602
3686 0.7241659886086249
3687 0.7242407809110629
