0 0.0
1 0.0
2 0.3333333333333333
3 0.5
4 0.4
5 0.5
6 0.5714285714285714
7 0.625
8 0.6666666666666666
9 0.7
10 0.7272727272727273
11 0.75
12 0.7692307692307693
13 0.7857142857142857
14 0.8
15 0.8125
16 0.8235294117647058
17 0.7777777777777778
18 0.7894736842105263
19 0.8
20 0.8095238095238095
21 0.8181818181818182
22 0.8260869565217391
23 0.7916666666666666
24 0.76
25 0.7692307692307693
26 0.7777777777777778
27 0.7857142857142857
28 0.7931034482758621
29 0.8
30 0.7741935483870968
31 0.75
32 0.7575757575757576
33 0.7647058823529411
34 0.7714285714285715
35 0.7777777777777778
36 0.7837837837837838
37 0.7631578947368421
38 0.7692307692307693
39 0.775
40 0.7804878048780488
41 0.7619047619047619
42 0.7441860465116279
43 0.7272727272727273
44 0.7111111111111111
45 0.717391304347826
46 0.7021276595744681
47 0.7083333333333334
48 0.7142857142857143
49 0.72
50 0.7254901960784313
51 0.7115384615384616
52 0.7169811320754716
53 0.7037037037037037
54 0.6909090909090909
55 0.6964285714285714
56 0.7017543859649122
57 0.7068965517241379
58 0.6949152542372882
59 0.7
60 0.6885245901639344
61 0.6935483870967742
62 0.6825396825396826
63 0.6875
64 0.676923076923077
65 0.6818181818181818
66 0.6865671641791045
67 0.6911764705882353
68 0.6811594202898551
69 0.6714285714285714
70 0.6619718309859155
71 0.6666666666666666
72 0.6712328767123288
73 0.6756756756756757
74 0.68
75 0.6842105263157895
76 0.6883116883116883
77 0.6923076923076923
78 0.6962025316455697
79 0.7
80 0.7037037037037037
81 0.7073170731707317
82 0.7108433734939759
83 0.7142857142857143
84 0.7176470588235294
85 0.7093023255813954
86 0.7126436781609196
87 0.7159090909090909
88 0.7191011235955056
89 0.7222222222222222
90 0.7252747252747253
91 0.7282608695652174
92 0.7311827956989247
93 0.7340425531914894
94 0.7368421052631579
95 0.7291666666666666
96 0.7319587628865979
97 0.7346938775510204
98 0.7373737373737373
99 0.74
100 0.7425742574257426
101 0.7450980392156863
102 0.7475728155339806
103 0.7403846153846154
104 0.7333333333333333
105 0.7358490566037735
106 0.7289719626168224
107 0.7314814814814815
108 0.7339449541284404
109 0.7363636363636363
110 0.7387387387387387
111 0.7410714285714286
112 0.7433628318584071
113 0.7456140350877193
114 0.7478260869565218
115 0.75
116 0.7521367521367521
117 0.7457627118644068
118 0.7478991596638656
119 0.75
120 0.7520661157024794
121 0.7540983606557377
122 0.7560975609756098
123 0.7580645161290323
124 0.76
125 0.753968253968254
126 0.7559055118110236
127 0.7578125
128 0.7596899224806202
129 0.7615384615384615
130 0.7557251908396947
131 0.75
132 0.7518796992481203
133 0.753731343283582
134 0.7481481481481481
135 0.75
136 0.7518248175182481
137 0.7536231884057971
138 0.7482014388489209
139 0.75
140 0.75177304964539
141 0.7464788732394366
142 0.7482517482517482
143 0.75
144 0.7517241379310344
145 0.7534246575342466
146 0.7551020408163265
147 0.7567567567567568
148 0.7516778523489933
149 0.7466666666666667
150 0.7417218543046358
151 0.743421052631579
152 0.738562091503268
153 0.7337662337662337
154 0.7290322580645161
155 0.7243589743589743
156 0.7261146496815286
157 0.7278481012658228
158 0.7295597484276729
159 0.73125
160 0.7329192546583851
161 0.7345679012345679
162 0.7361963190184049
163 0.7317073170731707
164 0.7333333333333333
165 0.7289156626506024
166 0.7305389221556886
167 0.7321428571428571
168 0.7337278106508875
169 0.7294117647058823
170 0.7309941520467836
171 0.7325581395348837
172 0.7341040462427746
173 0.7298850574712644
174 0.7257142857142858
175 0.7215909090909091
176 0.7175141242937854
177 0.7191011235955056
178 0.7206703910614525
179 0.7222222222222222
180 0.7182320441988951
181 0.7197802197802198
182 0.7158469945355191
183 0.717391304347826
184 0.7135135135135136
185 0.7150537634408602
186 0.7112299465240641
187 0.7127659574468085
188 0.7142857142857143
189 0.7157894736842105
190 0.7120418848167539
191 0.7135416666666666
192 0.7150259067357513
193 0.7164948453608248
194 0.717948717948718
195 0.7193877551020408
196 0.7157360406091371
197 0.7121212121212122
198 0.7135678391959799
199 0.71
200 0.7114427860696517
201 0.7079207920792079
202 0.7044334975369458
203 0.7058823529411765
204 0.7073170731707317
205 0.7087378640776699
206 0.7101449275362319
207 0.7067307692307693
208 0.7081339712918661
209 0.7047619047619048
210 0.7061611374407583
211 0.7075471698113207
212 0.704225352112676
213 0.7009345794392523
214 0.7023255813953488
215 0.7037037037037037
216 0.7004608294930875
217 0.7018348623853211
218 0.7031963470319634
219 0.7
220 0.7013574660633484
221 0.6981981981981982
222 0.695067264573991
223 0.6964285714285714
224 0.6933333333333334
225 0.6946902654867256
226 0.6960352422907489
227 0.6929824561403509
228 0.6899563318777293
229 0.6869565217391305
230 0.6883116883116883
231 0.6896551724137931
232 0.6866952789699571
233 0.6837606837606838
234 0.6808510638297872
235 0.6822033898305084
236 0.6835443037974683
237 0.6848739495798319
238 0.6861924686192469
239 0.6833333333333333
240 0.6804979253112033
241 0.6818181818181818
242 0.6831275720164609
243 0.680327868852459
244 0.6816326530612244
245 0.6829268292682927
246 0.680161943319838
247 0.6814516129032258
248 0.6827309236947792
249 0.684
250 0.6852589641434262
251 0.6865079365079365
252 0.6837944664031621
253 0.6850393700787402
254 0.6823529411764706
255 0.68359375
256 0.6848249027237354
257 0.686046511627907
258 0.6833976833976834
259 0.6807692307692308
260 0.6819923371647509
261 0.6793893129770993
262 0.6768060836501901
263 0.678030303030303
264 0.6792452830188679
265 0.6804511278195489
266 0.6816479400749064
267 0.6828358208955224
268 0.6840148698884758
269 0.6814814814814815
270 0.6826568265682657
271 0.6801470588235294
272 0.6813186813186813
273 0.6824817518248175
274 0.68
275 0.6811594202898551
276 0.6787003610108303
277 0.6762589928057554
278 0.6774193548387096
279 0.6785714285714286
280 0.6797153024911032
281 0.6808510638297872
282 0.6819787985865724
283 0.6830985915492958
284 0.6842105263157895
285 0.6853146853146853
286 0.6829268292682927
287 0.6805555555555556
288 0.6816608996539792
289 0.6827586206896552
290 0.6804123711340206
291 0.678082191780822
292 0.6757679180887372
293 0.6768707482993197
294 0.6779661016949152
295 0.6790540540540541
296 0.6767676767676768
297 0.674496644295302
298 0.6755852842809364
299 0.6766666666666666
300 0.6744186046511628
301 0.6721854304635762
302 0.6732673267326733
303 0.6710526315789473
304 0.6688524590163935
305 0.6699346405228758
306 0.6710097719869706
307 0.6688311688311688
308 0.6666666666666666
309 0.667741935483871
310 0.6688102893890675
311 0.6666666666666666
312 0.6677316293929713
313 0.6656050955414012
314 0.6634920634920635
315 0.6645569620253164
316 0.6624605678233438
317 0.660377358490566
318 0.6614420062695925
319 0.6625
320 0.6635514018691588
321 0.6645962732919255
322 0.6656346749226006
323 0.6666666666666666
324 0.6676923076923077
325 0.6656441717791411
326 0.6636085626911316
327 0.6615853658536586
328 0.6595744680851063
329 0.6575757575757576
330 0.6586102719033232
331 0.6596385542168675
332 0.6576576576576577
333 0.6586826347305389
334 0.6597014925373135
335 0.6607142857142857
336 0.658753709198813
337 0.6597633136094675
338 0.6607669616519174
339 0.6588235294117647
340 0.6598240469208211
341 0.6608187134502924
342 0.6618075801749271
343 0.6627906976744186
344 0.663768115942029
345 0.6647398843930635
346 0.6628242074927954
347 0.6609195402298851
348 0.66189111747851
349 0.6628571428571428
350 0.6609686609686609
351 0.6590909090909091
352 0.6572237960339944
353 0.6581920903954802
354 0.6563380281690141
355 0.6573033707865169
356 0.6554621848739496
357 0.6564245810055865
358 0.6573816155988857
359 0.6583333333333333
360 0.6592797783933518
361 0.6602209944751382
362 0.6611570247933884
363 0.6620879120879121
364 0.663013698630137
365 0.6612021857923497
366 0.662125340599455
367 0.6630434782608695
368 0.6639566395663956
369 0.6621621621621622
370 0.6630727762803235
371 0.6612903225806451
372 0.6621983914209115
373 0.6631016042780749
374 0.664
375 0.6622340425531915
376 0.6631299734748011
377 0.6640211640211641
378 0.662269129287599
379 0.6631578947368421
380 0.6614173228346457
381 0.662303664921466
382 0.6631853785900783
383 0.6640625
384 0.6649350649350649
385 0.6632124352331606
386 0.661498708010336
387 0.6597938144329897
388 0.6606683804627249
389 0.6615384615384615
390 0.6624040920716112
391 0.6632653061224489
392 0.6641221374045801
393 0.6649746192893401
394 0.6632911392405063
395 0.6641414141414141
396 0.6649874055415617
397 0.6658291457286433
398 0.6666666666666666
399 0.6675
400 0.6683291770573566
401 0.6666666666666666
402 0.6674937965260546
403 0.6683168316831684
404 0.6691358024691358
405 0.6674876847290641
406 0.6683046683046683
407 0.6691176470588235
408 0.6674816625916871
409 0.6682926829268293
410 0.6690997566909975
411 0.6699029126213593
412 0.6707021791767555
413 0.6690821256038647
414 0.6698795180722892
415 0.6682692307692307
416 0.6690647482014388
417 0.6698564593301436
418 0.6706443914081146
419 0.6714285714285714
420 0.672209026128266
421 0.6706161137440758
422 0.6690307328605201
423 0.6674528301886793
424 0.668235294117647
425 0.6690140845070423
426 0.6697892271662763
427 0.6682242990654206
428 0.668997668997669
429 0.6697674418604651
430 0.6705336426914154
431 0.6712962962962963
432 0.6720554272517321
433 0.6728110599078341
434 0.6735632183908046
435 0.6720183486238532
436 0.6704805491990846
437 0.6712328767123288
438 0.6719817767653758
439 0.6727272727272727
440 0.671201814058957
441 0.669683257918552
442 0.6704288939051919
443 0.6711711711711712
444 0.6696629213483146
445 0.6681614349775785
446 0.668903803131991
447 0.6696428571428571
448 0.6703786191536748
449 0.6688888888888889
450 0.6674057649667405
451 0.668141592920354
452 0.6688741721854304
453 0.6674008810572687
454 0.6681318681318681
455 0.668859649122807
456 0.6695842450765864
457 0.6681222707423581
458 0.6666666666666666
459 0.6652173913043479
460 0.665943600867679
461 0.6666666666666666
462 0.6673866090712743
463 0.6681034482758621
464 0.6688172043010753
465 0.6695278969957081
466 0.6702355460385439
467 0.6709401709401709
468 0.6695095948827292
469 0.6702127659574468
470 0.6687898089171974
471 0.6673728813559322
472 0.6659619450317125
473 0.6666666666666666
474 0.6673684210526316
475 0.6680672268907563
476 0.6687631027253669
477 0.6673640167364017
478 0.6659707724425887
479 0.6645833333333333
480 0.6652806652806653
481 0.6639004149377593
482 0.6625258799171843
483 0.6632231404958677
484 0.6639175257731958
485 0.6625514403292181
486 0.6632443531827515
487 0.6618852459016393
488 0.6625766871165644
489 0.6632653061224489
490 0.6619144602851323
491 0.6605691056910569
492 0.6612576064908722
493 0.6619433198380567
494 0.6606060606060606
495 0.6612903225806451
496 0.6599597585513078
497 0.6606425702811245
498 0.6613226452905812
499 0.662
500 0.6626746506986028
501 0.6633466135458167
502 0.6620278330019881
503 0.6607142857142857
504 0.6594059405940594
505 0.6600790513833992
506 0.6607495069033531
507 0.6614173228346457
508 0.6620825147347741
509 0.6627450980392157
510 0.6634050880626223
511 0.6640625
512 0.6627680311890838
513 0.6634241245136187
514 0.6640776699029126
515 0.6647286821705426
516 0.6653771760154739
517 0.666023166023166
518 0.6666666666666666
519 0.6653846153846154
520 0.6641074856046065
521 0.6647509578544061
522 0.6653919694072657
523 0.666030534351145
524 0.6647619047619048
525 0.6634980988593155
526 0.6641366223908919
527 0.6647727272727273
528 0.6635160680529301
529 0.6641509433962264
530 0.664783427495292
531 0.6654135338345865
532 0.6660412757973734
533 0.6666666666666666
534 0.6672897196261682
535 0.6660447761194029
536 0.664804469273743
537 0.6635687732342007
538 0.6623376623376623
539 0.662962962962963
540 0.6635859519408502
541 0.6642066420664207
542 0.6648250460405156
543 0.6654411764705882
544 0.6660550458715596
545 0.6666666666666666
546 0.6672760511882998
547 0.6678832116788321
548 0.668488160291439
549 0.6690909090909091
550 0.6678765880217786
551 0.6684782608695652
552 0.6690777576853526
553 0.6696750902527075
554 0.6702702702702703
555 0.670863309352518
556 0.6714542190305206
557 0.6702508960573477
558 0.6708407871198568
559 0.6714285714285714
560 0.6702317290552585
561 0.6690391459074733
562 0.6696269982238011
563 0.6702127659574468
564 0.6690265486725664
565 0.6678445229681979
566 0.6684303350970018
567 0.6690140845070423
568 0.6695957820738138
569 0.6701754385964912
570 0.670753064798599
571 0.6713286713286714
572 0.6701570680628273
573 0.6707317073170732
574 0.671304347826087
575 0.671875
576 0.6724436741767764
577 0.6730103806228374
578 0.6735751295336787
579 0.6741379310344827
580 0.6729776247848537
581 0.6718213058419243
582 0.6723842195540308
583 0.6712328767123288
584 0.67008547008547
585 0.6706484641638225
586 0.6695059625212947
587 0.6700680272108843
588 0.6706281833616299
589 0.6711864406779661
590 0.6717428087986463
591 0.6722972972972973
592 0.6711635750421585
593 0.6717171717171717
594 0.6722689075630253
595 0.6728187919463087
596 0.6716917922948074
597 0.6722408026755853
598 0.672787979966611
599 0.6716666666666666
600 0.6722129783693843
601 0.6727574750830565
602 0.6733001658374793
603 0.6738410596026491
604 0.6743801652892562
605 0.6749174917491749
606 0.6754530477759473
607 0.6743421052631579
608 0.6748768472906403
609 0.6754098360655738
610 0.67430441898527
611 0.6748366013071896
612 0.6753670473083198
613 0.6758957654723127
614 0.6764227642276422
615 0.676948051948052
616 0.6774716369529984
617 0.6779935275080906
618 0.678513731825525
619 0.6790322580645162
620 0.679549114331723
621 0.680064308681672
622 0.680577849117175
623 0.6794871794871795
624 0.68
625 0.6789137380191693
626 0.6778309409888357
627 0.6767515923566879
628 0.6772655007949125
629 0.6777777777777778
630 0.6782884310618067
631 0.6787974683544303
632 0.6793048973143759
633 0.6798107255520505
634 0.6803149606299213
635 0.6792452830188679
636 0.6781789638932496
637 0.6786833855799373
638 0.6791862284820032
639 0.678125
640 0.6786271450858035
641 0.677570093457944
642 0.6765163297045101
643 0.6770186335403726
644 0.6775193798449612
645 0.6780185758513931
646 0.678516228748068
647 0.6790123456790124
648 0.6779661016949152
649 0.676923076923077
650 0.6774193548387096
651 0.6779141104294478
652 0.678407350689127
653 0.6773700305810397
654 0.6778625954198473
655 0.6783536585365854
656 0.6788432267884322
657 0.6793313069908815
658 0.6798179059180577
659 0.6787878787878788
660 0.6792738275340393
661 0.6782477341389728
662 0.6787330316742082
663 0.677710843373494
664 0.6781954887218045
665 0.6786786786786787
666 0.6776611694152923
667 0.6781437125748503
668 0.6771300448430493
669 0.6776119402985075
670 0.6780923994038748
671 0.6785714285714286
672 0.6775631500742942
673 0.6780415430267063
674 0.6785185185185185
675 0.6789940828402367
676 0.6794682422451994
677 0.6799410029498525
678 0.6804123711340206
679 0.6808823529411765
680 0.6813509544787077
681 0.6818181818181818
682 0.6822840409956076
683 0.6827485380116959
684 0.6832116788321168
685 0.6836734693877551
686 0.6841339155749636
687 0.684593023255814
688 0.683599419448476
689 0.6826086956521739
690 0.683068017366136
691 0.6835260115606936
692 0.6825396825396826
693 0.6829971181556196
694 0.6834532374100719
695 0.6824712643678161
696 0.6814921090387375
697 0.6805157593123209
698 0.6795422031473534
699 0.68
700 0.6804564907275321
701 0.6809116809116809
702 0.6813655761024182
703 0.6818181818181818
704 0.6822695035460993
705 0.6827195467422096
706 0.6831683168316832
707 0.6836158192090396
708 0.6826516220028209
709 0.6830985915492958
710 0.6821378340365682
711 0.6825842696629213
712 0.6830294530154277
713 0.6834733893557423
714 0.6825174825174826
715 0.6829608938547486
716 0.6834030683403068
717 0.6838440111420613
718 0.6828929068150209
719 0.6833333333333333
720 0.6823855755894591
721 0.682825484764543
722 0.6832641770401107
723 0.6837016574585635
724 0.6841379310344827
725 0.6845730027548209
726 0.6850068775790922
727 0.6854395604395604
728 0.6858710562414266
729 0.684931506849315
730 0.6839945280437757
731 0.6844262295081968
732 0.6834924965893588
733 0.6839237057220708
734 0.6843537414965987
735 0.6847826086956522
736 0.6852103120759837
737 0.6856368563685636
738 0.6860622462787551
739 0.6864864864864865
740 0.6869095816464238
741 0.6859838274932615
742 0.6850605652759085
743 0.6854838709677419
744 0.6845637583892618
745 0.6849865951742627
746 0.6840696117804551
747 0.6844919786096256
748 0.684913217623498
749 0.684
750 0.6830892143808256
751 0.6821808510638298
752 0.6826029216467463
753 0.6830238726790451
754 0.6821192052980133
755 0.6825396825396826
756 0.6816380449141347
757 0.6807387862796834
758 0.6798418972332015
759 0.6802631578947368
760 0.6806833114323259
761 0.6811023622047244
762 0.6802096985583224
763 0.680628272251309
764 0.6797385620915033
765 0.6801566579634465
766 0.6805736636245111
767 0.6809895833333334
768 0.6814044213263979
769 0.6818181818181818
770 0.682230869001297
771 0.6813471502590673
772 0.6817593790426908
773 0.6821705426356589
774 0.6825806451612904
775 0.6829896907216495
776 0.6833976833976834
777 0.6838046272493573
778 0.6829268292682927
779 0.6833333333333333
780 0.6824583866837388
781 0.6828644501278772
782 0.6832694763729247
783 0.6836734693877551
784 0.6828025477707006
785 0.6819338422391857
786 0.6810673443456162
787 0.6802030456852792
788 0.6806083650190115
789 0.6810126582278481
790 0.6814159292035398
791 0.6818181818181818
792 0.682219419924338
793 0.6826196473551638
794 0.6830188679245283
795 0.6821608040201005
796 0.6825595984943539
797 0.6829573934837093
798 0.6833541927409261
799 0.68375
800 0.6841448189762797
801 0.6845386533665836
802 0.684931506849315
803 0.6853233830845771
804 0.6857142857142857
805 0.684863523573201
806 0.6852540272614622
807 0.6856435643564357
808 0.6860321384425216
809 0.6864197530864198
810 0.6855733662145499
811 0.6859605911330049
812 0.6851168511685117
813 0.6855036855036855
814 0.6858895705521473
815 0.6862745098039216
816 0.6866585067319462
817 0.6858190709046454
818 0.684981684981685
819 0.6841463414634147
820 0.6845310596833131
821 0.6849148418491484
822 0.6852976913730255
823 0.6856796116504854
824 0.686060606060606
825 0.6864406779661016
826 0.6856106408706167
827 0.6847826086956522
828 0.6839565741857659
829 0.6831325301204819
830 0.6835138387484958
831 0.6838942307692307
832 0.6842737094837935
833 0.684652278177458
834 0.6850299401197605
835 0.6842105263157895
836 0.6845878136200717
837 0.684964200477327
838 0.6841477949940405
839 0.6833333333333333
840 0.6837098692033293
841 0.684085510688836
842 0.6832740213523132
843 0.6824644549763034
844 0.6828402366863905
845 0.6832151300236406
846 0.6835891381345927
847 0.6839622641509434
848 0.6843345111896348
849 0.6835294117647058
850 0.6839012925969448
851 0.6830985915492958
852 0.6834701055099648
853 0.6826697892271663
854 0.6818713450292397
855 0.6822429906542056
856 0.6826137689614936
857 0.6818181818181818
858 0.6821885913853318
859 0.6825581395348838
860 0.6829268292682927
861 0.6832946635730859
862 0.6836616454229433
863 0.6840277777777778
864 0.684393063583815
865 0.6836027713625866
866 0.6839677047289504
867 0.684331797235023
868 0.6835443037974683
869 0.6827586206896552
870 0.6831228473019518
871 0.6823394495412844
872 0.6815578465063001
873 0.6819221967963387
874 0.6822857142857143
875 0.682648401826484
876 0.6830102622576967
877 0.683371298405467
878 0.6837315130830489
879 0.6829545454545455
880 0.6821793416572077
881 0.68140589569161
882 0.681766704416761
883 0.6809954751131222
884 0.6813559322033899
885 0.6817155756207675
886 0.6809470124013529
887 0.6813063063063063
888 0.6816647919010124
889 0.6820224719101123
890 0.6823793490460157
891 0.6827354260089686
892 0.6819708846584547
893 0.6812080536912751
894 0.6815642458100558
895 0.6819196428571429
896 0.6811594202898551
897 0.6815144766146993
898 0.681868743047831
899 0.6811111111111111
900 0.681465038845727
901 0.6807095343680709
902 0.6799557032115172
903 0.6803097345132744
904 0.6806629834254143
905 0.6810154525386314
906 0.681367144432194
907 0.6817180616740088
908 0.680968096809681
909 0.6802197802197802
910 0.6805708013172338
911 0.6798245614035088
912 0.6790799561883899
913 0.6794310722100656
914 0.6797814207650273
915 0.6790393013100436
916 0.678298800436205
917 0.6775599128540305
918 0.676822633297062
919 0.6771739130434783
920 0.6775244299674267
921 0.6778741865509761
922 0.6782231852654388
923 0.6774891774891775
924 0.6778378378378378
925 0.6781857451403888
926 0.6785329018338727
927 0.6788793103448276
928 0.6781485468245425
929 0.678494623655914
930 0.6788399570354458
931 0.6791845493562232
932 0.6784565916398714
933 0.6777301927194861
934 0.6780748663101605
935 0.6784188034188035
936 0.6787620064034151
937 0.6791044776119403
938 0.6794462193823216
939 0.6787234042553192
940 0.6780021253985122
941 0.678343949044586
942 0.6786850477200425
943 0.6790254237288136
944 0.6783068783068783
945 0.6775898520084567
946 0.6779303062302007
947 0.6772151898734177
948 0.6775553213909379
949 0.6768421052631579
950 0.6771819137749737
951 0.6775210084033614
952 0.6778593913955928
953 0.6781970649895178
954 0.6774869109947644
955 0.6767782426778243
956 0.677115987460815
957 0.6774530271398748
958 0.6777893639207507
959 0.678125
960 0.6784599375650364
961 0.6787941787941788
962 0.6791277258566978
963 0.6794605809128631
964 0.6787564766839378
965 0.6790890269151139
966 0.6783867631851086
967 0.6776859504132231
968 0.6769865841073271
969 0.677319587628866
970 0.6766220391349125
971 0.6759259259259259
972 0.6762589928057554
973 0.675564681724846
974 0.6748717948717948
975 0.6752049180327869
976 0.6755373592630501
977 0.6758691206543967
978 0.676200204290092
979 0.6755102040816326
980 0.6758409785932722
981 0.6761710794297352
982 0.6754832146490336
983 0.6758130081300813
984 0.6751269035532995
985 0.6754563894523327
986 0.6757852077001013
987 0.6761133603238867
988 0.6754297269969667
989 0.6757575757575758
990 0.6760847628657921
991 0.6764112903225806
992 0.676737160120846
993 0.676056338028169
994 0.6763819095477387
995 0.6767068273092369
996 0.6760280842527583
997 0.6763527054108216
998 0.6766766766766766
999 0.677
1000 0.6773226773226774
1001 0.6776447105788423
1002 0.6769690927218345
1003 0.6772908366533864
1004 0.6766169154228856
1005 0.6769383697813122
1006 0.6772591857000994
1007 0.6775793650793651
1008 0.6778989098116948
1009 0.6782178217821783
1010 0.6775469831849654
1011 0.6768774703557312
1012 0.6762092793682132
1013 0.6765285996055227
1014 0.6768472906403941
1015 0.6771653543307087
1016 0.6774827925270404
1017 0.6777996070726916
1018 0.6781157998037292
1019 0.6784313725490196
1020 0.6777668952007836
1021 0.678082191780822
1022 0.6774193548387096
1023 0.677734375
1024 0.6770731707317074
1025 0.6773879142300195
1026 0.6777020447906524
1027 0.6780155642023347
1028 0.6783284742468416
1029 0.6786407766990291
1030 0.6779825412221144
1031 0.6773255813953488
1032 0.6776379477250726
1033 0.6769825918762089
1034 0.6772946859903382
1035 0.6776061776061776
1036 0.6769527483124397
1037 0.6772639691714836
1038 0.6775745909528392
1039 0.6778846153846154
1040 0.6781940441882806
1041 0.6775431861804223
1042 0.6778523489932886
1043 0.6781609195402298
1044 0.6775119617224881
1045 0.6768642447418738
1046 0.6771728748806113
1047 0.6765267175572519
1048 0.6768350810295519
1049 0.6771428571428572
1050 0.6774500475737393
1051 0.6777566539923955
1052 0.6771130104463438
1053 0.6774193548387096
1054 0.6777251184834123
1055 0.678030303030303
1056 0.6773888363292336
1057 0.6767485822306238
1058 0.6770538243626062
1059 0.6764150943396227
1060 0.6767200754005656
1061 0.6770244821092278
1062 0.6773283160865475
1063 0.6776315789473685
1064 0.6769953051643193
1065 0.6772983114446529
1066 0.676663542642924
1067 0.6760299625468165
1068 0.676333021515435
1069 0.6766355140186916
1070 0.676937441643324
1071 0.6772388059701493
1072 0.6766076421248836
1073 0.6759776536312849
1074 0.6762790697674419
1075 0.6765799256505576
1076 0.6759517177344475
1077 0.6753246753246753
1078 0.6756255792400371
1079 0.6759259259259259
1080 0.6753006475485661
1081 0.6746765249537893
1082 0.6749769159741459
1083 0.6752767527675276
1084 0.6746543778801843
1085 0.6749539594843462
1086 0.6752529898804048
1087 0.6746323529411765
1088 0.6749311294765841
1089 0.6752293577981652
1090 0.6746104491292392
1091 0.673992673992674
1092 0.6742909423604757
1093 0.6745886654478976
1094 0.673972602739726
1095 0.6742700729927007
1096 0.6745670009115771
1097 0.674863387978142
1098 0.6751592356687898
1099 0.6754545454545454
1100 0.6757493188010899
1101 0.6760435571687841
1102 0.6754306436990027
1103 0.6748188405797102
1104 0.6751131221719457
1105 0.674502712477396
1106 0.6747967479674797
1107 0.674187725631769
1108 0.6744815148782687
1109 0.6747747747747748
1110 0.6741674167416741
1111 0.6744604316546763
1112 0.6747529200359389
1113 0.6750448833034112
1114 0.6753363228699552
1115 0.6747311827956989
1116 0.675022381378693
1117 0.6753130590339893
1118 0.675603217158177
1119 0.6758928571428572
1120 0.6761819803746655
1121 0.6764705882352942
1122 0.6758682101513802
1123 0.6761565836298933
1124 0.6764444444444444
1125 0.6758436944937833
1126 0.676131322094055
1127 0.6764184397163121
1128 0.6767050487156776
1129 0.6769911504424779
1130 0.6763925729442971
1131 0.676678445229682
1132 0.6769638128861429
1133 0.6772486772486772
1134 0.6766519823788546
1135 0.6769366197183099
1136 0.6772207563764292
1137 0.6766256590509666
1138 0.6769095697980685
1139 0.6771929824561403
1140 0.6765994741454864
1141 0.6768826619964974
1142 0.6771653543307087
1143 0.6774475524475524
1144 0.6768558951965066
1145 0.6762652705061082
1146 0.6765475152571927
1147 0.676829268292683
1148 0.6762402088772846
1149 0.6765217391304348
1150 0.6768027801911382
1151 0.6762152777777778
1152 0.6756287944492628
1153 0.6759098786828422
1154 0.6761904761904762
1155 0.6764705882352942
1156 0.6767502160760588
1157 0.6761658031088082
1158 0.6764452113891286
1159 0.6767241379310345
1160 0.6761412575366064
1161 0.6764199655765921
1162 0.6766981943250215
1163 0.6761168384879725
1164 0.6763948497854078
1165 0.6758147512864494
1166 0.675235646958012
1167 0.675513698630137
1168 0.6757912745936698
1169 0.6752136752136753
1170 0.6754910333048676
1171 0.6749146757679181
1172 0.6751918158567775
1173 0.6746166950596252
1174 0.6748936170212766
1175 0.6751700680272109
1176 0.6745964316057774
1177 0.6748726655348047
1178 0.6751484308736218
1179 0.6754237288135593
1180 0.6748518204911093
1181 0.6751269035532995
1182 0.6754015215553677
1183 0.6756756756756757
1184 0.6751054852320675
1185 0.6745362563237775
1186 0.6748104465037911
1187 0.6750841750841751
1188 0.6753574432296047
1189 0.6756302521008404
1190 0.6750629722921915
1191 0.6753355704697986
1192 0.6756077116512993
1193 0.6750418760469011
1194 0.6744769874476988
1195 0.6747491638795987
1196 0.6741854636591479
1197 0.674457429048414
1198 0.6738949124270225
1199 0.6741666666666667
1200 0.6736053288925895
1201 0.673044925124792
1202 0.6724854530340815
1203 0.6719269102990033
1204 0.6721991701244814
1205 0.6724709784411277
1206 0.671913835956918
1207 0.6713576158940397
1208 0.6716294458229942
1209 0.671900826446281
1210 0.6721717588769612
1211 0.6724422442244224
1212 0.6727122835943941
1213 0.6729818780889621
1214 0.6724279835390946
1215 0.671875
1216 0.6721446179129006
1217 0.6715927750410509
1218 0.671862182116489
1219 0.671311475409836
1220 0.6715806715806716
1221 0.6718494271685761
1222 0.6721177432542927
1223 0.6723856209150327
1224 0.6726530612244898
1225 0.6729200652528549
1226 0.6731866340668297
1227 0.6734527687296417
1228 0.6737184703010578
1229 0.6739837398373983
1230 0.6742485783915516
1231 0.674512987012987
1232 0.6747769667477697
1233 0.6750405186385737
1234 0.674493927125506
1235 0.6747572815533981
1236 0.6750202101859337
1237 0.6752827140549273
1238 0.6755447941888619
1239 0.675
1240 0.6744560838033844
1241 0.6747181964573269
1242 0.674175382139984
1243 0.6744372990353698
1244 0.6746987951807228
1245 0.6749598715890851
1246 0.6752205292702486
1247 0.6754807692307693
1248 0.6757405924739792
1249 0.676
1250 0.6754596322941646
1251 0.6757188498402555
1252 0.6751795690343176
1253 0.6754385964912281
1254 0.6749003984063745
1255 0.6751592356687898
1256 0.6746221161495625
1257 0.6740858505564388
1258 0.6735504368546466
1259 0.6738095238095239
1260 0.6740681998413958
1261 0.6743264659270999
1262 0.6745843230403801
1263 0.6748417721518988
1264 0.6743083003952569
1265 0.674565560821485
1266 0.6740331491712708
1267 0.6742902208201893
1268 0.6745468873128447
1269 0.6740157480314961
1270 0.6742722265932337
1271 0.6737421383647799
1272 0.6739984289080911
1273 0.67425431711146
1274 0.6737254901960784
1275 0.6739811912225705
1276 0.6734534064212999
1277 0.6737089201877934
1278 0.6739640344018765
1279 0.6734375
1280 0.6736924277907884
1281 0.6739469578783152
1282 0.6734216679657054
1283 0.6736760124610592
1284 0.6739299610894942
1285 0.6741835147744946
1286 0.6744366744366744
1287 0.6746894409937888
1288 0.6749418153607447
1289 0.6751937984496124
1290 0.675445391169636
1291 0.6756965944272446
1292 0.6759474091260634
1293 0.6754250386398764
1294 0.6756756756756757
1295 0.6759259259259259
1296 0.6754047802621435
1297 0.6756548536209553
1298 0.6759045419553503
1299 0.6761538461538461
1300 0.676402767102229
1301 0.6766513056835638
1302 0.6768994627782041
1303 0.6771472392638037
1304 0.6766283524904214
1305 0.6768759571209801
1306 0.677123182861515
1307 0.6773700305810397
1308 0.6776165011459129
1309 0.6778625954198473
1310 0.6781083142639207
1311 0.6783536585365854
1312 0.6785986290936786
1313 0.678082191780822
1314 0.6783269961977186
1315 0.6778115501519757
1316 0.6780561883067577
1317 0.6775417298937785
1318 0.6770280515542078
1319 0.6772727272727272
1320 0.6767600302800908
1321 0.6762481089258698
1322 0.6757369614512472
1323 0.675226586102719
1324 0.6747169811320755
1325 0.6749622926093515
1326 0.6752072343632253
1327 0.6754518072289156
1328 0.6749435665914221
1329 0.674436090225564
1330 0.6739293764087152
1331 0.6741741741741741
1332 0.6744186046511628
1333 0.6739130434782609
1334 0.6741573033707865
1335 0.6736526946107785
1336 0.6738967838444279
1337 0.6733931240657698
1338 0.672890216579537
1339 0.6723880597014925
1340 0.6726323639075317
1341 0.672876304023845
1342 0.6731198808637379
1343 0.6733630952380952
1344 0.6728624535315985
1345 0.6731054977711739
1346 0.6733481811432813
1347 0.6735905044510386
1348 0.6738324684951816
1349 0.674074074074074
1350 0.6743153219837158
1351 0.6745562130177515
1352 0.6747967479674797
1353 0.6750369276218612
1354 0.6745387453874538
1355 0.6747787610619469
1356 0.6750184229918939
1357 0.6752577319587629
1358 0.6754966887417219
1359 0.6757352941176471
1360 0.6759735488611315
1361 0.6762114537444934
1362 0.6764490095377843
1363 0.6759530791788856
1364 0.6761904761904762
1365 0.6756954612005857
1366 0.675932699341624
1367 0.6761695906432749
1368 0.6756756756756757
1369 0.6759124087591241
1370 0.6761487964989059
1371 0.6756559766763849
1372 0.6758922068463219
1373 0.6754002911208151
1374 0.6756363636363636
1375 0.6751453488372093
1376 0.6753812636165577
1377 0.6748911465892597
1378 0.6744017403915881
1379 0.6746376811594202
1380 0.6748732802317161
1381 0.6751085383502171
1382 0.6753434562545192
1383 0.6755780346820809
1384 0.675812274368231
1385 0.676046176046176
1386 0.6762797404470079
1387 0.6765129682997119
1388 0.6767458603311735
1389 0.676978417266187
1390 0.6772106398274622
1391 0.6774425287356322
1392 0.6776740847092606
1393 0.6779053084648493
1394 0.6781362007168459
1395 0.6783667621776505
1396 0.677881173944166
1397 0.6781115879828327
1398 0.6783416726233024
1399 0.6785714285714286
1400 0.6788008565310493
1401 0.6790299572039943
1402 0.6792587312900926
1403 0.6794871794871795
1404 0.6797153024911032
1405 0.6799431009957326
1406 0.6801705756929638
1407 0.6796875
1408 0.6799148332150461
1409 0.6801418439716312
1410 0.6796598157335223
1411 0.6798866855524079
1412 0.6794055201698513
1413 0.6796322489391796
1414 0.6798586572438162
1415 0.6800847457627118
1416 0.6796047988708539
1417 0.6798307475317349
1418 0.6793516560958421
1419 0.6788732394366197
1420 0.6790992258972555
1421 0.679324894514768
1422 0.6788475052705552
1423 0.6790730337078652
1424 0.6785964912280702
1425 0.6781206171107994
1426 0.677645409950946
1427 0.6778711484593838
1428 0.6773967809657103
1429 0.6776223776223776
1430 0.6771488469601677
1431 0.6766759776536313
1432 0.6769016050244243
1433 0.6771269177126917
1434 0.6773519163763067
1435 0.6775766016713092
1436 0.6778009742519137
1437 0.6780250347705146
1438 0.6775538568450312
1439 0.6777777777777778
1440 0.678001387925052
1441 0.6782246879334258
1442 0.6784476784476784
1443 0.6786703601108033
1444 0.6788927335640138
1445 0.6791147994467497
1446 0.6793365583966828
1447 0.6795580110497238
1448 0.6797791580400276
1449 0.6793103448275862
1450 0.6795313576843556
1451 0.6797520661157025
1452 0.6799724707501721
1453 0.6801925722145805
1454 0.6804123711340206
1455 0.6806318681318682
1456 0.6808510638297872
1457 0.6810699588477366
1458 0.6812885538039753
1459 0.6808219178082192
1460 0.6810403832991102
1461 0.6812585499316005
1462 0.6807928913192071
1463 0.6810109289617486
1464 0.6812286689419795
1465 0.6814461118690314
1466 0.6816632583503749
1467 0.6818801089918256
1468 0.6814159292035398
1469 0.680952380952381
1470 0.681169272603671
1471 0.6807065217391305
1472 0.6802443991853361
1473 0.6797829036635007
1474 0.68
1475 0.6795392953929539
1476 0.6790792146242384
1477 0.6792963464140731
1478 0.6788370520622042
1479 0.6783783783783783
1480 0.6785955435516543
1481 0.6781376518218624
1482 0.6783546864463924
1483 0.6785714285714286
1484 0.6781144781144781
1485 0.6783310901749664
1486 0.6778749159381304
1487 0.6780913978494624
1488 0.6783075889858966
1489 0.6785234899328859
1490 0.6787391012743126
1491 0.6789544235924933
1492 0.6791694574681849
1493 0.679384203480589
1494 0.6795986622073579
1495 0.6798128342245989
1496 0.6800267201068805
1497 0.6802403204272364
1498 0.6804536357571714
1499 0.68
1500 0.6802131912058628
1501 0.6797603195739015
1502 0.6799733865602129
1503 0.680186170212766
1504 0.6803986710963456
1505 0.6799468791500664
1506 0.6801592568015926
1507 0.6803713527851459
1508 0.6805831676607025
1509 0.680794701986755
1510 0.6810059563203177
1511 0.6805555555555556
1512 0.6807666886979511
1513 0.6809775429326288
1514 0.6811881188118812
1515 0.6813984168865436
1516 0.6816084377059987
1517 0.6818181818181818
1518 0.6813693219223174
1519 0.680921052631579
1520 0.6811308349769888
1521 0.6813403416557161
1522 0.6815495732107683
1523 0.681758530183727
1524 0.6819672131147541
1525 0.682175622542595
1526 0.6823837590045841
1527 0.6825916230366492
1528 0.6827992151733159
1529 0.6830065359477124
1530 0.6825604180274331
1531 0.6827676240208878
1532 0.6829745596868885
1533 0.6831812255541069
1534 0.6833876221498372
1535 0.68359375
1536 0.6837996096291477
1537 0.6840052015604682
1538 0.6842105263157895
1539 0.6844155844155844
1540 0.6846203763789747
1541 0.6848249027237354
1542 0.6850291639662994
1543 0.6845854922279793
1544 0.684789644012945
1545 0.684346701164295
1546 0.6839043309631545
1547 0.6841085271317829
1548 0.683666881859264
1549 0.6832258064516129
1550 0.6827852998065764
1551 0.6829896907216495
1552 0.683193818415969
1553 0.6833976833976834
1554 0.6836012861736335
1555 0.6838046272493573
1556 0.6840077071290944
1557 0.6842105263157895
1558 0.6844130853110969
1559 0.6846153846153846
1560 0.6841768097373478
1561 0.6843790012804097
1562 0.6839411388355726
1563 0.6835038363171355
1564 0.6837060702875399
1565 0.6832694763729247
1566 0.6834716017868538
1567 0.6830357142857143
1568 0.6826003824091779
1569 0.6821656050955414
1570 0.6817313812858052
1571 0.6819338422391857
1572 0.6815003178639543
1573 0.6810673443456162
1574 0.6812698412698412
1575 0.6814720812182741
1576 0.6816740646797718
1577 0.6812420785804816
1578 0.681443951868271
1579 0.6816455696202531
1580 0.6818469323213157
1581 0.6820480404551201
1582 0.6822488945041061
1583 0.6818181818181818
1584 0.6813880126182965
1585 0.6815889029003783
1586 0.6817895400126024
1587 0.6819899244332494
1588 0.6821900566393958
1589 0.6817610062893081
1590 0.6813324952859836
1591 0.6815326633165829
1592 0.6811048336472065
1593 0.6806775407779172
1594 0.6802507836990596
1595 0.6798245614035088
1596 0.6800250469630558
1597 0.6795994993742178
1598 0.6797998749218261
1599 0.679375
1600 0.6795752654590881
1601 0.6791510611735331
1602 0.6793512164691204
1603 0.678927680798005
1604 0.6785046728971963
1605 0.6787048567870486
1606 0.6789047915370255
1607 0.6791044776119403
1608 0.6793039154754505
1609 0.6788819875776397
1610 0.6784605834885165
1611 0.6786600496277916
1612 0.6788592684438933
1613 0.6790582403965304
1614 0.6786377708978328
1615 0.6782178217821783
1616 0.6784168212739641
1617 0.6779975278121138
1618 0.6781964175416924
1619 0.678395061728395
1620 0.6785934608266502
1621 0.6787916152897657
1622 0.678373382624769
1623 0.6785714285714286
1624 0.6787692307692308
1625 0.6789667896678967
1626 0.6791641057160418
1627 0.6793611793611793
1628 0.6795580110497238
1629 0.6797546012269938
1630 0.6799509503372164
1631 0.6801470588235294
1632 0.6803429271279853
1633 0.6805385556915544
1634 0.6807339449541284
1635 0.6809290953545232
1636 0.6811240073304826
1637 0.6813186813186813
1638 0.6809029896278218
1639 0.6810975609756098
1640 0.6806825106642291
1641 0.6808769792935444
1642 0.6804625684723068
1643 0.6806569343065694
1644 0.6808510638297872
1645 0.6804374240583232
1646 0.6800242865816636
1647 0.6796116504854369
1648 0.679805942995755
1649 0.68
1650 0.6801938219261053
1651 0.6803874092009685
1652 0.6805807622504537
1653 0.6807738814993954
1654 0.6809667673716012
1655 0.6805555555555556
1656 0.68014484007242
1657 0.6803377563329313
1658 0.6805304400241109
1659 0.6807228915662651
1660 0.6809151113786875
1661 0.681107099879663
1662 0.6812988574864702
1663 0.6808894230769231
1664 0.6810810810810811
1665 0.6812725090036015
1666 0.6808638272345531
1667 0.6810551558752997
1668 0.6806470940683044
1669 0.6802395209580838
1670 0.6804308797127468
1671 0.680622009569378
1672 0.680812910938434
1673 0.6810035842293907
1674 0.6811940298507463
1675 0.6813842482100239
1676 0.6809779367918902
1677 0.6805721096543504
1678 0.680762358546754
1679 0.680952380952381
1680 0.6805472932778108
1681 0.6807372175980975
1682 0.6809269162210339
1683 0.6811163895486936
1684 0.6807121661721068
1685 0.6809015421115066
1686 0.6804979253112033
1687 0.6806872037914692
1688 0.6808762581409118
1689 0.6810650887573965
1690 0.6806623299822591
1691 0.6808510638297872
1692 0.6804489072652097
1693 0.6806375442739079
1694 0.68023598820059
1695 0.6804245283018868
1696 0.6800235710076605
1697 0.6802120141342756
1698 0.6804002354326074
1699 0.6805882352941176
1700 0.6801881246325691
1701 0.6803760282021152
1702 0.6805637110980622
1703 0.6801643192488263
1704 0.6803519061583577
1705 0.6805392731535757
1706 0.680140597539543
1707 0.680327868852459
1708 0.6805149210064365
1709 0.6801169590643275
1710 0.6803039158386909
1711 0.6804906542056075
1712 0.6806771745475774
1713 0.6808634772462077
1714 0.680466472303207
1715 0.6806526806526807
1716 0.6808386721025044
1717 0.681024447031432
1718 0.680628272251309
1719 0.6802325581395349
1720 0.6804183614177803
1721 0.6806039488966318
1722 0.6807893209518282
1723 0.6809744779582366
1724 0.6805797101449276
1725 0.6807647740440325
1726 0.6803705848291836
1727 0.6799768518518519
1728 0.680161943319838
1729 0.6803468208092486
1730 0.68053148469093
1731 0.680715935334873
1732 0.6809001731102136
1733 0.6810841983852365
1734 0.6812680115273775
1735 0.6814516129032258
1736 0.6810592976396085
1737 0.6806674338319908
1738 0.6808510638297872
1739 0.6804597701149425
1740 0.6800689259046525
1741 0.6796785304247991
1742 0.6798623063683304
1743 0.680045871559633
1744 0.6802292263610316
1745 0.6804123711340206
1746 0.680022896393818
1747 0.6802059496567505
1748 0.6803887935963407
1749 0.6805714285714286
1750 0.6801827527127355
1751 0.680365296803653
1752 0.6799771819737592
1753 0.6801596351197263
1754 0.6803418803418804
1755 0.6805239179954442
1756 0.6807057484348321
1757 0.6808873720136519
1758 0.6810687890847072
1759 0.68125
1760 0.6814310051107325
1761 0.681044267877412
1762 0.6806579693703914
1763 0.6808390022675737
1764 0.6810198300283287
1765 0.6812004530011325
1766 0.6813808715336729
1767 0.6815610859728507
1768 0.6817410966647823
1769 0.6819209039548022
1770 0.6821005081874647
1771 0.6822799097065463
1772 0.6824591088550479
1773 0.6826381059751973
1774 0.6828169014084507
1775 0.6829954954954955
1776 0.6826111423747889
1777 0.6822272215973003
1778 0.6824058459808882
1779 0.6825842696629213
1780 0.6827624929814711
1781 0.6823793490460157
1782 0.6819966348850253
1783 0.6816143497757847
1784 0.6817927170868348
1785 0.6819708846584547
1786 0.6821488528259653
1787 0.6823266219239373
1788 0.6825041922861934
1789 0.6826815642458101
1790 0.68285873813512
1791 0.6824776785714286
1792 0.6820970440602342
1793 0.6822742474916388
1794 0.6824512534818942
1795 0.6826280623608018
1796 0.6828046744574291
1797 0.6829810901001112
1798 0.6826014452473597
1799 0.6827777777777778
1800 0.6829539144919489
1801 0.6831298557158713
1802 0.6833056017748197
1803 0.6829268292682927
1804 0.6831024930747922
1805 0.6827242524916943
1806 0.6823464305478694
1807 0.6819690265486725
1808 0.681592039800995
1809 0.6817679558011049
1810 0.6819436775262286
1811 0.6821192052980133
1812 0.6822945394373966
1813 0.6824696802646086
1814 0.6826446280991736
1815 0.6822687224669604
1816 0.682443588332416
1817 0.682068206820682
1818 0.6822429906542056
1819 0.6824175824175824
1820 0.6825919824272377
1821 0.6822173435784852
1822 0.6818431157432803
1823 0.6820175438596491
1824 0.6816438356164384
1825 0.6812705366922235
1826 0.6808976464148878
1827 0.6810722100656456
1828 0.6806998359759432
1829 0.6808743169398908
1830 0.6810486073184052
1831 0.6812227074235808
1832 0.6808510638297872
1833 0.6810250817884406
1834 0.6811989100817438
1835 0.6813725490196079
1836 0.6815459989112683
1837 0.6811751904243744
1838 0.6813485589994562
1839 0.6815217391304348
1840 0.6811515480717002
1841 0.6813246471226927
1842 0.6814975583288118
1843 0.6816702819956616
1844 0.6818428184281843
1845 0.6820151679306609
1846 0.6821873308067136
1847 0.6823593073593074
1848 0.6825310978907517
1849 0.6827027027027027
1850 0.6828741220961643
1851 0.6830453563714903
1852 0.6832164058283864
1853 0.6833872707659115
1854 0.6830188679245283
1855 0.6831896551724138
1856 0.6828217555196554
1857 0.6829924650161464
1858 0.6831629908552985
1859 0.6833333333333333
1860 0.6835034927458356
1861 0.6831364124597207
1862 0.6827697262479872
1863 0.6829399141630901
1864 0.682573726541555
1865 0.6822079314040729
1866 0.6818425281199786
1867 0.6820128479657388
1868 0.6821829855537721
1869 0.6818181818181818
1870 0.6819882415820417
1871 0.6821581196581197
1872 0.6823278163374266
1873 0.6824973319103522
1874 0.6826666666666666
1875 0.6828358208955224
1876 0.6824720298348428
1877 0.6821086261980831
1878 0.6822778073443321
1879 0.6819148936170213
1880 0.6820839978734715
1881 0.6822529224229543
1882 0.682421667551779
1883 0.6825902335456475
1884 0.6827586206896552
1885 0.6829268292682927
1886 0.6830948595654478
1887 0.6832627118644068
1888 0.6829010058231869
1889 0.683068783068783
1890 0.6827075621364358
1891 0.6828752642706131
1892 0.6830427892234548
1893 0.6826821541710665
1894 0.6823218997361478
1895 0.6824894514767933
1896 0.6826568265682657
1897 0.6822971548998946
1898 0.6824644549763034
1899 0.6826315789473684
1900 0.6822724881641241
1901 0.6824395373291272
1902 0.6820809248554913
1903 0.6822478991596639
1904 0.6824146981627297
1905 0.6825813221406086
1906 0.6827477713686418
1907 0.6823899371069182
1908 0.6825563122053431
1909 0.6821989528795811
1910 0.6823652537938252
1911 0.6820083682008368
1912 0.6821745948771563
1913 0.6823406478578893
1914 0.6825065274151436
1915 0.6826722338204593
1916 0.6823161189358372
1917 0.6824817518248175
1918 0.68264721208963
1919 0.6828125
1920 0.6829776158250911
1921 0.6826222684703434
1922 0.6822672906916276
1923 0.6824324324324325
1924 0.6820779220779221
1925 0.6822429906542056
1926 0.6824078879086664
1927 0.6825726141078838
1928 0.6822187662001037
1929 0.6823834196891192
1930 0.6825479026411186
1931 0.682712215320911
1932 0.6828763579927574
1933 0.6830403309203723
1934 0.6832041343669251
1935 0.6828512396694215
1936 0.6830149716055757
1937 0.6831785345717234
1938 0.6828261990716864
1939 0.6829896907216495
1940 0.6831530139103554
1941 0.6833161688980433
1942 0.6834791559444159
1943 0.683641975308642
1944 0.6838046272493573
1945 0.6834532374100719
1946 0.6836158192090396
1947 0.6832648870636551
1948 0.6834273986659826
1949 0.6835897435897436
1950 0.6837519220912353
1951 0.6839139344262295
1952 0.6840757808499744
1953 0.6842374616171955
1954 0.6843989769820972
1955 0.6840490797546013
1956 0.6842105263157895
1957 0.6838610827374872
1958 0.6840224604389995
1959 0.6841836734693878
1960 0.6843447220805712
1961 0.6845056065239552
1962 0.6841569026999491
1963 0.6838085539714868
1964 0.683969465648855
1965 0.6841302136317395
1966 0.6837824097610574
1967 0.6839430894308943
1968 0.6841036058913154
1969 0.6842639593908629
1970 0.6844241501775749
1971 0.6845841784989858
1972 0.6842372022301064
1973 0.6843971631205674
1974 0.6845569620253165
1975 0.6847165991902834
1976 0.6848760748609004
1977 0.6850353892821032
1978 0.6851945426983325
1979 0.6848484848484848
1980 0.685007571933367
1981 0.6851664984863775
1982 0.6853252647503782
1983 0.6854838709677419
1984 0.6856423173803526
1985 0.6858006042296072
1986 0.6859587317564168
1987 0.6861167002012073
1988 0.6862745098039216
1989 0.6859296482412061
1990 0.6860873932697137
1991 0.6862449799196787
1992 0.6864024084295033
1993 0.6860581745235708
1994 0.6857142857142857
1995 0.685370741482966
1996 0.685027541311968
1997 0.6846846846846847
1998 0.6843421710855427
1999 0.6845
2000 0.6841579210394803
2001 0.6843156843156843
2002 0.6844732900649027
2003 0.6841317365269461
2004 0.6837905236907731
2005 0.6839481555333998
2006 0.6836073741903338
2007 0.6832669322709163
2008 0.6834245893479343
2009 0.6835820895522388
2010 0.6832421680755842
2011 0.6833996023856859
2012 0.6830601092896175
2013 0.6832174776564052
2014 0.6833746898263028
2015 0.683531746031746
2016 0.68368864650471
2017 0.6833498513379583
2018 0.6835066864784547
2019 0.6831683168316832
2020 0.6828302820385947
2021 0.6829871414441148
2022 0.6826495304003954
2023 0.682806324110672
2024 0.6824691358024692
2025 0.6826258637709773
2026 0.6822890971879625
2027 0.6824457593688363
2028 0.6826022671266634
2029 0.6822660098522167
2030 0.6824224519940916
2031 0.6825787401574803
2032 0.6822429906542056
2033 0.6823992133726647
2034 0.6825552825552825
2035 0.6827111984282908
2036 0.6823760432007855
2037 0.6820412168792934
2038 0.6821971554683669
2039 0.6823529411764706
2040 0.6825085742283195
2041 0.682664054848188
2042 0.6828193832599119
2043 0.6829745596868885
2044 0.6831295843520783
2045 0.6832844574780058
2046 0.6834391792867611
2047 0.68359375
2048 0.6832601268911664
2049 0.6834146341463415
2050 0.6830814236957582
2051 0.6827485380116959
2052 0.6829030686799805
2053 0.6830574488802337
2054 0.6832116788321168
2055 0.6828793774319066
2056 0.6830335439961108
2057 0.6831875607385811
2058 0.6828557552209811
2059 0.683009708737864
2060 0.683163512857836
2061 0.6833171677982541
2062 0.6829859428017451
2063 0.6831395348837209
2064 0.6828087167070218
2065 0.6829622458857696
2066 0.683115626511853
2067 0.6827852998065764
2068 0.6824552924117931
2069 0.6821256038647343
2070 0.6822790922259778
2071 0.6824324324324325
2072 0.6825856246985046
2073 0.682738669238187
2074 0.6828915662650602
2075 0.6830443159922929
2076 0.6831969186326432
2077 0.6833493743984601
2078 0.6835016835016835
2079 0.6836538461538462
2080 0.6833253243632869
2081 0.6834774255523535
2082 0.6831493038886222
2083 0.6833013435700576
2084 0.6834532374100719
2085 0.6836049856184084
2086 0.6837565884044082
2087 0.6834291187739464
2088 0.6831019626615605
2089 0.6832535885167464
2090 0.683405069344811
2091 0.6830783938814532
2092 0.6832298136645962
2093 0.6829035339063992
2094 0.6830548926014319
2095 0.6827290076335878
2096 0.6828803051979018
2097 0.6830314585319351
2098 0.6831824678418295
2099 0.6828571428571428
2100 0.6830080913850547
2101 0.6826831588962893
2102 0.6828340466000951
2103 0.6829847908745247
2104 0.6831353919239905
2105 0.6832858499525166
2106 0.6829615567157096
2107 0.683111954459203
2108 0.6832622095779991
2109 0.6829383886255924
2110 0.6830885836096636
2111 0.6832386363636364
2112 0.6829152863227639
2113 0.6825922421948912
2114 0.6822695035460993
2115 0.6824196597353497
2116 0.682569674067076
2117 0.682247403210576
2118 0.6819254365266635
2119 0.6820754716981132
2120 0.6817538896746818
2121 0.6819038642789821
2122 0.6815826660386246
2123 0.681261770244821
2124 0.6814117647058824
2125 0.6810912511759172
2126 0.6812411847672779
2127 0.681390977443609
2128 0.6815406294034758
2129 0.6812206572769953
2130 0.681370248709526
2131 0.6815196998123827
2132 0.6816690107829348
2133 0.6818181818181818
2134 0.6819672131147541
2135 0.6816479400749064
2136 0.6817969115582593
2137 0.6814780168381666
2138 0.6816269284712483
2139 0.6813084112149532
2140 0.6809901914992994
2141 0.680672268907563
2142 0.6808212785814279
2143 0.6809701492537313
2144 0.6811188811188811
2145 0.6812674743709226
2146 0.6809501630181649
2147 0.681098696461825
2148 0.6807817589576547
2149 0.6804651162790698
2150 0.6806136680613668
2151 0.6807620817843866
2152 0.6804458894565723
2153 0.680594243268338
2154 0.6807424593967517
2155 0.6808905380333952
2156 0.6810384793694947
2157 0.6807228915662651
2158 0.6808707735062529
2159 0.6810185185185185
2160 0.6811661267931514
2161 0.681313598519889
2162 0.6814609338881183
2163 0.6811460258780037
2164 0.6812933025404158
2165 0.6809787626962143
2166 0.6811259806183664
2167 0.6812730627306273
2168 0.6814200092208391
2169 0.6815668202764977
2170 0.6812528788576693
2171 0.6813996316758748
2172 0.6815462494247584
2173 0.6816927322907084
2174 0.6818390804597702
2175 0.6819852941176471
2176 0.6821313734497014
2177 0.682277318640955
2178 0.68242312987609
2179 0.6825688073394496
2180 0.682714351215039
2181 0.6824014665444547
2182 0.6825469537333944
2183 0.6826923076923077
2184 0.6823798627002289
2185 0.6825251601097896
2186 0.6822130772748056
2187 0.6823583180987203
2188 0.6825034262220192
2189 0.682648401826484
2190 0.6827932450935645
2191 0.6824817518248175
2192 0.6826265389876881
2193 0.682771194165907
2194 0.6829157175398634
2195 0.6830601092896175
2196 0.6832043695949022
2197 0.6833484986351228
2198 0.6834924965893588
2199 0.6836363636363636
2200 0.6837800999545661
2201 0.6839237057220708
2202 0.6840671811166591
2203 0.6842105263157895
2204 0.6843537414965987
2205 0.6840435176790571
2206 0.6837335749886724
2207 0.6838768115942029
2208 0.6835672249886826
2209 0.6832579185520362
2210 0.6829488919041158
2211 0.6830922242314648
2212 0.6827835517397198
2213 0.6824751580849142
2214 0.6821670428893906
2215 0.6823104693140795
2216 0.6820027063599459
2217 0.6816952209197475
2218 0.6818386660657954
2219 0.681981981981982
2220 0.6816749212066636
2221 0.6818181818181818
2222 0.6819613135402609
2223 0.6816546762589928
2224 0.6817977528089888
2225 0.6819407008086253
2226 0.6820835204310732
2227 0.6822262118491921
2228 0.6819201435621355
2229 0.6820627802690583
2230 0.6822052891080234
2231 0.682347670250896
2232 0.6824899238692342
2233 0.6826320501342883
2234 0.6827740492170022
2235 0.6829159212880143
2236 0.6830576665176575
2237 0.6827524575513851
2238 0.6824475212148281
2239 0.6825892857142857
2240 0.6822846943328871
2241 0.6824264049955397
2242 0.6825679893000446
2243 0.6822638146167558
2244 0.6819599109131403
2245 0.6816562778272485
2246 0.6817979528259902
2247 0.6819395017793595
2248 0.6820809248554913
2249 0.6822222222222222
2250 0.6823633940470902
2251 0.6825044404973357
2252 0.6826453617399023
2253 0.6823425022182786
2254 0.6824833702882483
2255 0.6826241134751773
2256 0.6827647319450598
2257 0.6829052258635961
2258 0.683045595396193
2259 0.6831858407079646
2260 0.6833259619637329
2261 0.6834659593280283
2262 0.6831639416703491
2263 0.6828621908127208
2264 0.6830022075055188
2265 0.6827007943512798
2266 0.682399647110719
2267 0.6825396825396826
2268 0.6822388717496695
2269 0.6819383259911894
2270 0.6820783795684721
2271 0.6822183098591549
2272 0.6823581170259568
2273 0.6820580474934037
2274 0.6821978021978022
2275 0.6823374340949033
2276 0.6824769433465085
2277 0.6821773485513608
2278 0.6823168056164984
2279 0.6824561403508772
2280 0.6821569487067076
2281 0.6818580192813322
2282 0.6819973718791065
2283 0.6821366024518388
2284 0.6822757111597374
2285 0.6824146981627297
2286 0.6821163095758636
2287 0.6818181818181818
2288 0.6819571865443425
2289 0.6820960698689956
2290 0.6817983413356613
2291 0.6819371727748691
2292 0.6820758831225469
2293 0.6822144725370531
2294 0.6823529411764706
2295 0.6824912891986062
2296 0.6826295167609926
2297 0.6827676240208878
2298 0.6829056111352763
2299 0.6826086956521739
2300 0.6823120382442416
2301 0.6824500434404865
2302 0.6821537125488494
2303 0.6822916666666666
2304 0.6824295010845987
2305 0.6821335646140503
2306 0.682271348071088
2307 0.6824090121317158
2308 0.682546556951061
2309 0.6826839826839827
2310 0.6828212894850714
2311 0.6829584775086506
2312 0.6826632079550368
2313 0.6823681936041487
2314 0.6825053995680346
2315 0.6822107081174439
2316 0.6819162710401381
2317 0.682053494391717
2318 0.6821905993962915
2319 0.6823275862068966
2320 0.6824644549763034
2321 0.6826012058570198
2322 0.6823073611708997
2323 0.6820137693631669
2324 0.6821505376344086
2325 0.6822871883061049
2326 0.6824237215298667
2327 0.6825601374570447
2328 0.6826964362387291
2329 0.6828326180257511
2330 0.682968682968683
2331 0.6831046312178388
2332 0.6832404629232748
2333 0.6829477292202228
2334 0.683083511777302
2335 0.6832191780821918
2336 0.6833547282841249
2337 0.6834901625320787
2338 0.6836254809747755
2339 0.6833333333333333
2340 0.6834686031610423
2341 0.683603757472246
2342 0.6833119931711481
2343 0.6830204778156996
2344 0.6831556503198294
2345 0.6828644501278772
2346 0.6825734980826587
2347 0.6827086882453152
2348 0.6824180502341421
2349 0.6825531914893617
2350 0.6822628668651638
2351 0.6823979591836735
2352 0.6825329366765831
2353 0.6826677994902294
2354 0.6828025477707006
2355 0.682937181663837
2356 0.6830717013152312
2357 0.683206106870229
2358 0.6829164900381518
2359 0.6830508474576271
2360 0.6827615417196103
2361 0.6824724809483489
2362 0.682606855691917
2363 0.682741116751269
2364 0.6824524312896406
2365 0.6825866441251056
2366 0.6827207435572454
2367 0.6828547297297297
2368 0.6829886027859856
2369 0.6831223628691984
2370 0.6828342471530999
2371 0.6829679595278246
2372 0.683101559207754
2373 0.6828138163437236
2374 0.6829473684210526
2375 0.6826599326599326
2376 0.6827934371055953
2377 0.6829268292682927
2378 0.6830601092896175
2379 0.6831932773109244
2380 0.6833263334733305
2381 0.6834592779177162
2382 0.6835921107847251
2383 0.6837248322147651
2384 0.6838574423480084
2385 0.6835708298407376
2386 0.6832844574780058
2387 0.682998324958124
2388 0.6827124319799079
2389 0.6824267782426778
2390 0.6825595984943539
2391 0.6826923076923077
2392 0.6828249059757626
2393 0.6825396825396826
2394 0.6826722338204593
2395 0.6823873121869783
2396 0.6825198164372132
2397 0.6822351959966639
2398 0.6823676531888286
2399 0.6825
2400 0.6826322365680966
2401 0.6827643630308077
2402 0.6824802330420308
2403 0.68261231281198
2404 0.6827442827442828
2405 0.6824605153782212
2406 0.6825924387203989
2407 0.6823089700996677
2408 0.6824408468244084
2409 0.6825726141078838
2410 0.6827042720862713
2411 0.6824212271973465
2412 0.6825528387898881
2413 0.6826843413421707
2414 0.682815734989648
2415 0.6829470198675497
2416 0.6826644600744725
2417 0.6827956989247311
2418 0.6829268292682927
2419 0.6830578512396694
2420 0.6831887649731516
2421 0.6833195706028076
2422 0.6834502682624846
2423 0.6835808580858086
2424 0.6832989690721649
2425 0.683429513602638
2426 0.6831479192418624
2427 0.6832784184514004
2428 0.6829971181556196
2429 0.6831275720164609
2430 0.6828465651995064
2431 0.6825657894736842
2432 0.6826962597616112
2433 0.6828266228430567
2434 0.6829568788501027
2435 0.6830870279146142
2436 0.682806729585556
2437 0.6829368334700574
2438 0.6830668306683066
2439 0.6831967213114755
2440 0.6833265055305203
2441 0.6834561834561834
2442 0.683585755218993
2443 0.6837152209492635
2444 0.6838445807770961
2445 0.6835650040883074
2446 0.6836943195749898
2447 0.6838235294117647
2448 0.6839526337280523
2449 0.6840816326530612
2450 0.6842105263157895
2451 0.683931484502447
2452 0.6836526701997554
2453 0.6833740831295844
2454 0.6835030549898167
2455 0.6832247557003257
2456 0.6829466829466829
2457 0.6826688364524003
2458 0.6827978853192355
2459 0.6829268292682927
2460 0.6830556684274685
2461 0.6831844029244517
2462 0.6833130328867235
2463 0.6834415584415584
2464 0.6831643002028398
2465 0.6832927818329279
2466 0.6834211593027969
2467 0.68354943273906
2468 0.6836776022681248
2469 0.6838056680161944
2470 0.6839336301092676
2471 0.6840614886731392
2472 0.6841892438334007
2473 0.6839126919967664
2474 0.684040404040404
2475 0.684168012924071
2476 0.6838918046023416
2477 0.6836158192090396
2478 0.6833400564743848
2479 0.6834677419354839
2480 0.6835953244659412
2481 0.6837228041901692
2482 0.6838501812323802
2483 0.6839774557165862
2484 0.6841046277665996
2485 0.6842316975060337
2486 0.6843586650583032
2487 0.6844855305466238
2488 0.6846122940940137
2489 0.6847389558232931
2490 0.6848655158570855
2491 0.684991974317817
2492 0.6851183313277176
2493 0.6848436246992783
2494 0.6849699398797595
2495 0.6850961538461539
2496 0.685222266720064
2497 0.6853482786228983
2498 0.6850740296118447
2499 0.6852
2500 0.6853258696521392
2501 0.6854516386890488
2502 0.6855773072313224
2503 0.685702875399361
2504 0.6854291417165669
2505 0.6851556264964086
2506 0.6852812126047069
2507 0.6854066985645934
2508 0.685532084495815
2509 0.6856573705179283
2510 0.6857825567502986
2511 0.6855095541401274
2512 0.6856346995622762
2513 0.6853619729514717
2514 0.6854870775347912
2515 0.6856120826709062
2516 0.6853396901072706
2517 0.6854646544876887
2518 0.6855895196506551
2519 0.6853174603174603
2520 0.685442284807616
2521 0.6855670103092784
2522 0.6856916369401506
2523 0.6854199683042789
2524 0.6851485148514852
2525 0.6848772763262074
2526 0.6850019786307875
2527 0.6847310126582279
2528 0.6848556741795176
2529 0.6845849802371542
2530 0.6847096009482418
2531 0.6848341232227488
2532 0.6849585471772601
2533 0.6846882399368587
2534 0.6848126232741617
2535 0.6849369085173501
2536 0.6846669294442255
2537 0.6847911741528763
2538 0.6849153209925167
2539 0.6850393700787402
2540 0.6851633215269579
2541 0.6852871754523997
2542 0.685410931970114
2543 0.6855345911949685
2544 0.6856581532416502
2545 0.6853888452474469
2546 0.6855123674911661
2547 0.6856357927786499
2548 0.6857591212240094
2549 0.6858823529411765
2550 0.6860054880439044
2551 0.6857366771159875
2552 0.6858597728162945
2553 0.6855912294440094
2554 0.6853228962818004
2555 0.685054773082942
2556 0.6851779429018381
2557 0.6853010164190774
2558 0.6854239937475577
2559 0.68515625
2560 0.6852791878172588
2561 0.6854020296643247
2562 0.685134607881389
2563 0.6848673946957878
2564 0.684990253411306
2565 0.6851130163678878
2566 0.6848461238800155
2567 0.6849688473520249
2568 0.6847022187621643
2569 0.6848249027237354
2570 0.6849474912485414
2571 0.6850699844479005
2572 0.6848037310532452
2573 0.6845376845376845
2574 0.6846601941747573
2575 0.6847826086956522
2576 0.6845168800931315
2577 0.6846392552366175
2578 0.6847615354788678
2579 0.6848837209302325
2580 0.6850058117008911
2581 0.6847405112316034
2582 0.6848625629113434
2583 0.684984520123839
2584 0.6851063829787234
2585 0.6848414539829853
2586 0.6849632779281021
2587 0.6850850077279753
2588 0.6848203939745076
2589 0.6845559845559845
2590 0.6846777306059436
2591 0.6847993827160493
2592 0.6849209409949865
2593 0.6850424055512722
2594 0.6851637764932562
2595 0.6852850539291218
2596 0.6854062379668848
2597 0.6855273287143957
2598 0.6856483262793382
2599 0.6857692307692308
2600 0.6858900422914264
2601 0.686010760953113
2602 0.6861313868613139
2603 0.6862519201228878
2604 0.6863723608445298
2605 0.6861089792785878
2606 0.6862293824319141
2607 0.6859662576687117
2608 0.685703334610962
2609 0.6854406130268199
2610 0.6855610877058598
2611 0.6856814701378254
2612 0.6854190585533869
2613 0.685539403213466
2614 0.6856596558317399
2615 0.6857798165137615
2616 0.6858998853649216
2617 0.6860198624904508
2618 0.6861397479954181
2619 0.6862595419847328
2620 0.6863792445631438
2621 0.6861174675819984
2622 0.6862371330537552
2623 0.6863567073170732
2624 0.6864761904761905
2625 0.6865955826351866
2626 0.6863342215454892
2627 0.6864535768645358
2628 0.6865728413845569
2629 0.6863117870722434
2630 0.6864310148232611
2631 0.6865501519756839
2632 0.6866691986327383
2633 0.6867881548974943
2634 0.686527514231499
2635 0.6866464339908953
2636 0.6867652635570725
2637 0.6868840030326004
2638 0.6870026525198939
2639 0.6871212121212121
2640 0.6872396819386596
2641 0.6873580620741863
2642 0.687097994702989
2643 0.686838124054463
2644 0.686578449905482
2645 0.6866969009826153
2646 0.6868152625613902
2647 0.6865558912386707
2648 0.6866742166855417
2649 0.6867924528301886
2650 0.6869105997736703
2651 0.6866515837104072
2652 0.6867696946852619
2653 0.686887716654107
2654 0.6870056497175141
2655 0.6871234939759037
2656 0.6872412495295446
2657 0.6873589164785553
2658 0.6874764949229033
2659 0.687593984962406
2660 0.6877113866967306
2661 0.6878287002253944
2662 0.6875704093128051
2663 0.6873123123123123
2664 0.6874296435272045
2665 0.6875468867216804
2666 0.6876640419947506
2667 0.6874062968515742
2668 0.6875234170101161
2669 0.6876404494382022
2670 0.6877573942343691
2671 0.6875
2672 0.6872427983539094
2673 0.6873597606581899
2674 0.6871028037383178
2675 0.6868460388639761
2676 0.6869630183040717
2677 0.686706497386109
2678 0.68682344158268
2679 0.6865671641791045
2680 0.6866840731070496
2681 0.6864280387770321
2682 0.6865449124114796
2683 0.686661698956781
2684 0.6867783985102421
2685 0.6865227103499628
2686 0.6862672125046521
2687 0.6863839285714286
2688 0.686500557828189
2689 0.6866171003717472
2690 0.6867335562987736
2691 0.686849925705795
2692 0.6869662086891942
2693 0.6870824053452116
2694 0.6871985157699444
2695 0.6873145400593472
2696 0.6874304783092324
2697 0.687175685693106
2698 0.6872915894775843
2699 0.687037037037037
2700 0.686782673084043
2701 0.6868985936343449
2702 0.6870144284128746
2703 0.6871301775147929
2704 0.6872458410351201
2705 0.6869918699186992
2706 0.6871074990764684
2707 0.6872230428360414
2708 0.686969361387966
2709 0.6867158671586716
2710 0.6868314275175212
2711 0.6869469026548672
2712 0.6870622926649466
2713 0.6868091378039793
2714 0.6869244935543278
2715 0.687039764359352
2716 0.687154950312845
2717 0.6872700515084621
2718 0.6873850680397204
2719 0.6875
2720 0.6876148474825432
2721 0.6877296105804556
2722 0.6874770473742197
2723 0.6872246696035242
2724 0.6873394495412845
2725 0.6870873074101247
2726 0.6868353502016868
2727 0.6869501466275659
2728 0.6870648589226823
2729 0.6871794871794872
2730 0.6872940314902966
2731 0.6874084919472914
2732 0.6875228686425173
2733 0.6876371616678859
2734 0.6877513711151737
2735 0.6875
2736 0.6876141761052247
2737 0.6873630387143901
2738 0.6874771814530851
2739 0.6872262773722628
2740 0.6873403867201752
2741 0.687454412837345
2742 0.6875683558148014
2743 0.6873177842565598
2744 0.6870673952641165
2745 0.6871813546977422
2746 0.6872952311612668
2747 0.6874090247452693
2748 0.6871589668970535
2749 0.6872727272727273
2750 0.6870229007633588
2751 0.6871366279069767
2752 0.686887032328369
2753 0.686637618010167
2754 0.6867513611615245
2755 0.6868650217706821
2756 0.6869785999274574
2757 0.6870920957215374
2758 0.6868430590793766
2759 0.6869565217391305
2760 0.6870699022093444
2761 0.6868211440984794
2762 0.6865725660513934
2763 0.6863241678726484
2764 0.6864376130198915
2765 0.6861894432393347
2766 0.6859414528370076
2767 0.6860549132947977
2768 0.6861682918020946
2769 0.6862815884476534
2770 0.686394803320101
2771 0.6865079365079365
2772 0.6862603678326722
2773 0.6860129776496035
2774 0.6861261261261261
2775 0.6862391930835735
2776 0.6863521786100109
2777 0.6861051115910727
2778 0.6858582223821519
2779 0.685611510791367
2780 0.6857245595109672
2781 0.6858375269590223
2782 0.6855910887531441
2783 0.6857040229885057
2784 0.6858168761220825
2785 0.6859296482412061
2786 0.6860423394330821
2787 0.686154949784792
2788 0.6862674793832915
2789 0.6863799283154122
2790 0.6864922966678609
2791 0.6866045845272206
2792 0.6867167919799498
2793 0.6868289191123836
2794 0.6869409660107334
2795 0.6870529327610873
2796 0.6871648194494101
2797 0.687276626161544
2798 0.6873883529832083
2799 0.6875
2800 0.6876115672973938
2801 0.6877230549607424
2802 0.6878344630752765
2803 0.6875891583452212
2804 0.6877005347593583
2805 0.687455452601568
2806 0.687566797292483
2807 0.6876780626780626
2808 0.6877892488430046
2809 0.6875444839857652
2810 0.687655638562789
2811 0.6874110953058321
2812 0.6875222182723072
2813 0.6876332622601279
2814 0.6877442273534636
2815 0.6878551136363636
2816 0.6876109336173234
2817 0.6873669268985095
2818 0.6874778290173821
2819 0.6875886524822695
2820 0.6876993973768167
2821 0.6874557051736357
2822 0.6875664187035069
2823 0.6876770538243626
2824 0.687787610619469
2825 0.6875442321302194
2826 0.6876547576936682
2827 0.6877652050919377
2828 0.687875574407918
2829 0.6876325088339222
2830 0.6877428470505121
2831 0.6878531073446328
2832 0.6879632897987998
2833 0.6877205363443896
2834 0.6878306878306878
2835 0.6879407616361072
2836 0.6880507578427917
2837 0.6878083157152924
2838 0.6879182810848891
2839 0.6876760563380282
2840 0.6874340021119324
2841 0.6875439831104856
2842 0.6876538867393598
2843 0.6874120956399438
2844 0.687170474516696
2845 0.6872803935347856
2846 0.6870389884088515
2847 0.6871488764044944
2848 0.6872586872586872
2849 0.6873684210526316
2850 0.687478077867415
2851 0.6875876577840112
2852 0.6876971608832808
2853 0.6878065872459705
2854 0.6879159369527146
2855 0.6876750700280112
2856 0.687784389219461
2857 0.6878936319104269
2858 0.6880027981811823
2859 0.6881118881118881
2860 0.6882209017825935
2861 0.6883298392732355
2862 0.6884387006636395
2863 0.6881983240223464
2864 0.6879581151832461
2865 0.6877180739706908
2866 0.687478200209278
2867 0.6872384937238494
2868 0.6873475078424538
2869 0.6874564459930314
2870 0.6872169975618252
2871 0.6869777158774373
2872 0.6870866689871215
2873 0.6868475991649269
2874 0.6869565217391305
2875 0.6870653685674548
2876 0.6871741397288843
2877 0.6872828353022933
2878 0.6873914553664466
2879 0.6875
2880 0.6876084692814994
2881 0.6877168632893824
2882 0.6874783211932015
2883 0.6875866851595007
2884 0.6873483535528596
2885 0.6874566874566874
2886 0.6872185659854521
2887 0.6873268698060941
2888 0.6874350986500519
2889 0.68719723183391
2890 0.6869595295745416
2891 0.6870677731673582
2892 0.6868302799861735
2893 0.6869384934346925
2894 0.6870466321243524
2895 0.6871546961325967
2896 0.6872626855367622
2897 0.6870255348516218
2898 0.6871334943083822
2899 0.6872413793103448
2900 0.6870044812133747
2901 0.6867677463818056
2902 0.6865311746469169
2903 0.6862947658402204
2904 0.6864027538726334
2905 0.6865106675843083
2906 0.6866185070519436
2907 0.686726272352132
2908 0.6864902028188381
2909 0.6865979381443299
2910 0.6863620748883545
2911 0.6864697802197802
2912 0.6862341228973566
2913 0.6863417982155113
2914 0.6864493996569468
2915 0.6862139917695473
2916 0.6863215632499143
2917 0.6860863605209048
2918 0.6861939020212402
2919 0.685958904109589
2920 0.686066415611092
2921 0.6861738535249828
2922 0.6859391036606226
2923 0.686046511627907
2924 0.6861538461538461
2925 0.6862611073137389
2926 0.686368295182781
2927 0.6861338797814208
2928 0.6862410378968932
2929 0.6860068259385665
2930 0.6861139542818151
2931 0.6862210095497954
2932 0.686327991817252
2933 0.6860940695296524
2934 0.6862010221465077
2935 0.6863079019073569
2936 0.6860742254000681
2937 0.6861810755616066
2938 0.6862878530112283
2939 0.6863945578231293
2940 0.6865011900714043
2941 0.6866077498300476
2942 0.6863744478423377
2943 0.6864809782608695
2944 0.6865874363327674
2945 0.6863543788187373
2946 0.6864608076009501
2947 0.6865671641791045
2948 0.6866734486266531
2949 0.6867796610169492
2950 0.6868858014232464
2951 0.6866531165311653
2952 0.6867592279038266
2953 0.6868652674339878
2954 0.6869712351945855
2955 0.6867388362652233
2956 0.6868447751099087
2957 0.6866125760649088
2958 0.6863805339641771
2959 0.6864864864864865
2960 0.6865923674434313
2961 0.6863605671843349
2962 0.6864664191697604
2963 0.6865721997300944
2964 0.6866779089376054
2965 0.686783546864464
2966 0.6865520728008089
2967 0.6866576819407008
2968 0.6867632199393735
2969 0.6868686868686869
2970 0.686974082800404
2971 0.6867429340511441
2972 0.6868483013790784
2973 0.6866173503698723
2974 0.6867226890756303
2975 0.686491935483871
2976 0.6862613369163587
2977 0.6863666890530558
2978 0.6861362873447465
2979 0.6862416107382551
2980 0.6863468634686347
2981 0.6864520456069751
2982 0.6865571572242709
2983 0.686662198391421
2984 0.6864321608040201
2985 0.6865371734762223
2986 0.6866421158352862
2987 0.6867469879518072
2988 0.6865172298427568
2989 0.6866220735785953
2990 0.6867268472082916
2991 0.6868315508021391
2992 0.686602071500167
2993 0.6867067468269873
2994 0.6868113522537562
2995 0.6869158878504673
2996 0.6870203536870203
2997 0.6871247498332221
2998 0.6872290763587863
2999 0.6873333333333334
3000 0.6871042985671443
3001 0.6872085276482345
3002 0.6873126873126874
3003 0.6870838881491345
3004 0.6871880199667221
3005 0.6872920825016633
3006 0.6873960758230795
3007 0.6871675531914894
3008 0.6872715187770023
3009 0.687375415282392
3010 0.6871471272002657
3011 0.6872509960159362
3012 0.6873547958845005
3013 0.6874585268745853
3014 0.6875621890547263
3015 0.6876657824933687
3016 0.6877693072588664
3017 0.6878727634194831
3018 0.6879761510433918
3019 0.6880794701986755
3020 0.6881827209533267
3021 0.6879549966909332
3022 0.6880582203109494
3023 0.6881613756613757
3024 0.6882644628099174
3025 0.6883674818241904
3026 0.6884704327717212
3027 0.6885733157199472
3028 0.6886761307362166
3029 0.6887788778877888
3030 0.6885516331243814
3031 0.6886543535620053
3032 0.6887570062644247
3033 0.6888595912986157
3034 0.6889621087314662
3035 0.689064558629776
3036 0.6891669410602568
3037 0.6892692560895326
3038 0.6893715037841395
3039 0.6894736842105263
3040 0.6895757974350543
3041 0.6893491124260355
3042 0.6891225764048636
3043 0.6888961892247043
3044 0.6886699507389162
3045 0.6887721602101117
3046 0.6888743025927141
3047 0.6889763779527559
3048 0.6887504099704821
3049 0.6885245901639344
3050 0.6886266797771222
3051 0.6887287024901704
3052 0.6888306583688175
3053 0.6886051080550099
3054 0.6887070376432078
3055 0.6888089005235603
3056 0.6889106967615309
3057 0.6886854153041203
3058 0.6887871853546911
3059 0.688562091503268
3060 0.6883371447239465
3061 0.6884389288047028
3062 0.6885406464250735
3063 0.6883159268929504
3064 0.6880913539967374
3065 0.6881930854533594
3066 0.6882947505705902
3067 0.6883963494132985
3068 0.6884978820462692
3069 0.6885993485342019
3070 0.6887007489417128
3071 0.6884765625
3072 0.6885779368695086
3073 0.6886792452830188
3074 0.6884552845528455
3075 0.688556566970091
3076 0.6886577835554111
3077 0.6884340480831709
3078 0.6885352387138681
3079 0.6886363636363636
3080 0.6887374229146381
3081 0.6885139519792343
3082 0.6886149854038275
3083 0.688715953307393
3084 0.6888168557536467
3085 0.6889176928062216
3086 0.6890184645286687
3087 0.689119170984456
3088 0.6892198122369699
3089 0.6889967637540453
3090 0.6890973794888385
3091 0.6891979301423027
3092 0.6892984157775622
3093 0.6890756302521008
3094 0.6891760904684976
3095 0.6892764857881137
3096 0.6890539231514369
3097 0.6891542930923176
3098 0.6889319135204904
3099 0.6890322580645162
3100 0.6891325378910029
3101 0.6892327530625403
3102 0.6893329036416371
3103 0.6894329896907216
3104 0.6895330112721417
3105 0.6896329684481648
3106 0.6897328612809784
3107 0.6895109395109396
3108 0.689289160501769
3109 0.6893890675241158
3110 0.6894889103182257
3111 0.6895886889460154
3112 0.689367169932541
3113 0.6894669235709698
3114 0.6892455858747993
3115 0.6890243902439024
3116 0.6891241578440809
3117 0.6892238614496472
3118 0.6893235011221546
3119 0.6894230769230769
3120 0.6895225889138097
3121 0.6896220371556694
3122 0.6897214217098944
3123 0.689820742637644
3124 0.68992
3125 0.689699296225208
3126 0.6894787336104893
3127 0.6895780051150895
3128 0.6893576222435283
3129 0.6894568690095847
3130 0.6892366656020441
3131 0.6890166028097062
3132 0.6887966804979253
3133 0.688895979578813
3134 0.6889952153110048
3135 0.6887755102040817
3136 0.6885559451705451
3137 0.688655194391332
3138 0.6884358075820325
3139 0.6885350318471337
3140 0.6886341929321872
3141 0.6887332908975176
3142 0.6888323258033726
3143 0.6889312977099237
3144 0.6890302066772656
3145 0.6891290527654164
3146 0.6892278360343184
3147 0.6890088945362135
3148 0.6891076532232455
3149 0.6892063492063492
3150 0.6893049825452238
3151 0.6894035532994924
3152 0.6891849032667301
3153 0.689283449587825
3154 0.6890649762282092
3155 0.6891634980988594
3156 0.6892619575546405
3157 0.6893603546548448
3158 0.689142133586578
3159 0.6892405063291139
3160 0.6893388168301171
3161 0.6891208096141682
3162 0.6892190957951312
3163 0.6893173198482933
3164 0.6894154818325434
3165 0.6891977258370183
3166 0.689295863593306
3167 0.6890782828282829
3168 0.6891763963395393
3169 0.6889589905362776
3170 0.6890570797855566
3171 0.6891551071878941
3172 0.6889379136463915
3173 0.6890359168241966
3174 0.6888188976377952
3175 0.6886020151133502
3176 0.6887000314762355
3177 0.6887979861548144
3178 0.6888958792072979
3179 0.6889937106918239
3180 0.6890914806664571
3181 0.6891891891891891
3182 0.6889726672950047
3183 0.6887562814070352
3184 0.6888540031397175
3185 0.6889516635279347
3186 0.6890492626294321
3187 0.6888331242158093
3188 0.6889306992787708
3189 0.6887147335423197
3190 0.6888122845502977
3191 0.6889097744360902
3192 0.689007203257125
3193 0.6891045710707576
3194 0.6892018779342723
3195 0.6892991239048811
3196 0.6890835157960588
3197 0.6891807379612258
3198 0.6892778993435449
3199 0.6890625
3200 0.6891596376132458
3201 0.6892567145534041
3202 0.6893537308773026
3203 0.6894506866416978
3204 0.6892355694227769
3205 0.6893325015595758
3206 0.6894293732460243
3207 0.6895261845386533
3208 0.6893113119351822
3209 0.6894080996884735
3210 0.6895048271566491
3211 0.6896014943960149
3212 0.6896981014628073
3213 0.6897946484131923
3214 0.6895800933125972
3215 0.6896766169154229
3216 0.6897730805097917
3217 0.6895587321317589
3218 0.6896551724137931
3219 0.6894409937888198
3220 0.6895374107420056
3221 0.6893234016139044
3222 0.6891095252869996
3223 0.6892059553349876
3224 0.6893023255813954
3225 0.6890886546807191
3226 0.6891850015494267
3227 0.6892812887236679
3228 0.6893775162589036
3229 0.6894736842105263
3230 0.6895697926338595
3231 0.6896658415841584
3232 0.6894525208784411
3233 0.6892393320964749
3234 0.6890262751159196
3235 0.6888133498145859
3236 0.688909484090207
3237 0.689005558987029
3238 0.6891015745600494
3239 0.6891975308641975
3240 0.6892934279543351
3241 0.6893892658852561
3242 0.6891766882516188
3243 0.689272503082614
3244 0.689060092449923
3245 0.6891558841651263
3246 0.6892516168771173
3247 0.6893472906403941
3248 0.6894429055093875
3249 0.6892307692307692
3250 0.6890187634573978
3251 0.6888068880688807
3252 0.6889025514909315
3253 0.68899815611555
3254 0.6890937019969278
3255 0.6888820638820639
3256 0.6889775867362604
3257 0.689073050951504
3258 0.6891684565817735
3259 0.6892638036809816
3260 0.6890524379024839
3261 0.6888412017167382
3262 0.6889365614465216
3263 0.6890318627450981
3264 0.6891271056661562
3265 0.689222290263319
3266 0.6893174165901439
3267 0.6894124847001224
3268 0.68920159070052
3269 0.6889908256880733
3270 0.6890859064506267
3271 0.6888753056234719
3272 0.6886648334860984
3273 0.688759926695174
3274 0.6885496183206107
3275 0.6886446886446886
3276 0.6887397009459871
3277 0.688529591214155
3278 0.6886245806648369
3279 0.688719512195122
3280 0.6888143858579702
3281 0.68860450944546
3282 0.6886993603411514
3283 0.6887941534713764
3284 0.6888888888888889
3285 0.6886792452830188
3286 0.6884697292363857
3287 0.6885644768856448
3288 0.6886591669200365
3289 0.6884498480243161
3290 0.6885445153448799
3291 0.6883353584447145
3292 0.6884300030367446
3293 0.6885245901639344
3294 0.6883156297420334
3295 0.6881067961165048
3296 0.6882013952077647
3297 0.6879927228623408
3298 0.6880872991815702
3299 0.6878787878787879
3300 0.6879733414116934
3301 0.6877649909145972
3302 0.6878595216469876
3303 0.6876513317191283
3304 0.6877458396369137
3305 0.6875378100423473
3306 0.6876322951315391
3307 0.687726723095526
3308 0.6878210939860985
3309 0.6879154078549848
3310 0.6880096647538508
3311 0.6881038647342995
3312 0.688198007847872
3313 0.6882920941460471
3314 0.6883861236802413
3315 0.6884800965018094
3316 0.6882725354235755
3317 0.6883664858348403
3318 0.6884603796324194
3319 0.6885542168674699
3320 0.688647997591087
3321 0.6887417218543046
3322 0.68853445681613
3323 0.6886281588447654
3324 0.6887218045112782
3325 0.6885147324113049
3326 0.6883077847911031
3327 0.6884014423076923
3328 0.6884950435566236
3329 0.6885885885885886
3330 0.6883818673071149
3331 0.6881752701080432
3332 0.6882688268826883
3333 0.6883623275344931
3334 0.688455772113943
3335 0.6885491606714629
3336 0.6883428228948157
3337 0.6884361893349311
3338 0.6885294998502546
3339 0.688622754491018
3340 0.688715953307393
3341 0.6888090963494913
3342 0.6886030511516602
3343 0.6886961722488039
3344 0.6887892376681615
3345 0.6888822474596533
3346 0.6889752016731401
3347 0.6890681003584229
3348 0.6891609435652434
3349 0.6892537313432836
3350 0.6890480453595942
3351 0.6888424821002387
3352 0.6889352818371608
3353 0.6887298747763864
3354 0.6885245901639344
3355 0.6886174016686532
3356 0.6887101578790586
3357 0.6888028588445503
3358 0.6888955046144686
3359 0.6886904761904762
3360 0.6887831002677774
3361 0.6885782272456871
3362 0.6886708296164139
3363 0.6887633769322236
3364 0.6888558692421991
3365 0.6886512180629828
3366 0.6887436887436887
3367 0.6885391923990499
3368 0.688631641436628
3369 0.6887240356083086
3370 0.688816374962919
3371 0.688908659549229
3372 0.6890008894159502
3373 0.6890930646117368
3374 0.6891851851851852
3375 0.6892772511848341
3376 0.689369262659165
3377 0.6894612196566016
3378 0.6895531222255105
3379 0.6896449704142011
3380 0.6894409937888198
3381 0.689237137788291
3382 0.6890334023056459
3383 0.6891252955082743
3384 0.6892171344165435
3385 0.6893089190785587
3386 0.6894006495423679
3387 0.6891971664698937
3388 0.688993803481853
3389 0.6890855457227139
3390 0.68888233559422
3391 0.6889740566037735
3392 0.6890657235484822
3393 0.6891573364761343
3394 0.6892488954344624
3395 0.6893404004711425
3396 0.6891374742419782
3397 0.688934667451442
3398 0.688731979994116
3399 0.6888235294117647
3400 0.6886209938253455
3401 0.6887125220458554
3402 0.6885101381134293
3403 0.6883078730904818
3404 0.6883994126284875
3405 0.6881972988843218
3406 0.68828881714118
3407 0.6883802816901409
3408 0.6884716925784687
3409 0.6882697947214076
3410 0.6883611844034008
3411 0.6884525205158265
3412 0.6882508057427483
3413 0.68804920913884
3414 0.6881405563689604
3415 0.688231850117096
3416 0.6883230904302019
3417 0.6884142773551785
3418 0.688505410938871
3419 0.6885964912280702
3420 0.6883952060800935
3421 0.6884862653419053
3422 0.6882851300029215
3423 0.688376168224299
3424 0.6881751824817518
3425 0.687974314068885
3426 0.6877735628829881
3427 0.6878646441073513
3428 0.6876640419947506
3429 0.6877551020408164
3430 0.6875546487904401
3431 0.6876456876456877
3432 0.687736673463443
3433 0.6878276062900408
3434 0.6879184861717613
3435 0.6880093131548312
3436 0.6881000872854234
3437 0.6881908086096568
3438 0.6879906949694679
3439 0.6877906976744186
3440 0.6875908166230746
3441 0.6873910517141197
3442 0.6871914028463549
3443 0.6872822299651568
3444 0.6873730043541364
3445 0.687463726059199
3446 0.6875543951261966
3447 0.6876450116009281
3448 0.6877355755291389
3449 0.6878260869565217
3450 0.6876267748478702
3451 0.6874275782155272
3452 0.6875181002027223
3453 0.6876085697741748
3454 0.687698986975398
3455 0.6877893518518519
3456 0.6878796644489442
3457 0.6876807403123193
3458 0.6877710320901995
3459 0.6875722543352601
3460 0.6876625252817105
3461 0.6874638937030618
3462 0.6875541438059486
3463 0.6876443418013857
3464 0.6874458874458874
3465 0.687536064627813
3466 0.6876261897894433
3467 0.6877162629757786
3468 0.687806284231767
3469 0.6878962536023054
3470 0.6879861711322386
3471 0.6880760368663594
3472 0.6881658508494097
3473 0.6882556131260794
3474 0.6880575539568345
3475 0.6881472957422324
3476 0.6882369859073915
3477 0.6883266244968372
3478 0.6884162115550445
3479 0.6885057471264368
3480 0.6883079574834817
3481 0.6883974727168294
3482 0.6881998277347114
3483 0.6880022962112514
3484 0.6880918220946916
3485 0.6881812966150316
3486 0.6882707198164612
3487 0.6883600917431193
3488 0.6884494124390943
3489 0.688538681948424
3490 0.6886279003150959
3491 0.688717067583047
3492 0.6888061837961638
3493 0.6886090440755581
3494 0.6886981402002861
3495 0.6887871853546911
3496 0.6885902201887332
3497 0.6886792452830188
3498 0.6887682194912832
3499 0.6888571428571428
3500 0.6886603827477863
3501 0.6887492861222159
3502 0.6888381387382244
3503 0.6889269406392694
3504 0.6890156918687589
3505 0.6891043924700513
3506 0.6889078984887368
3507 0.6889965792474344
3508 0.689085209461385
3509 0.6891737891737891
3510 0.6892623184277984
3511 0.6893507972665148
3512 0.6891545687446626
3513 0.6892430278884463
3514 0.6893314366998577
3515 0.6891353811149032
3516 0.6889394370201877
3517 0.6887436043206367
3518 0.6888320545609549
3519 0.6886363636363636
3520 0.6884407838682193
3521 0.6885292447473027
3522 0.6886176554073233
3523 0.6887060158910329
3524 0.6885106382978723
3525 0.6885989790130459
3526 0.6886872696342501
3527 0.6884920634920635
3528 0.6882969679795976
3529 0.6883852691218131
3530 0.6884735202492211
3531 0.6885617214043035
3532 0.6886498726294934
3533 0.688737973967176
3534 0.6888260254596889
3535 0.688631221719457
3536 0.6884365281311846
3537 0.6882419446014697
3538 0.6880474710370161
3539 0.688135593220339
3540 0.6882236656311777
3541 0.6883116883116883
3542 0.6883996613039797
3543 0.6882054176072234
3544 0.6880112834978843
3545 0.6878172588832487
3546 0.6879052720608966
3547 0.6879932356257046
3548 0.6877993801070724
3549 0.6876056338028169
3550 0.6874119966206702
3551 0.6875
3552 0.6875879538418238
3553 0.6876758581879572
3554 0.6877637130801688
3555 0.68785151856018
3556 0.6879392746696654
3557 0.6877459246767847
3558 0.6875526833380163
3559 0.6876404494382022
3560 0.6877281662454366
3561 0.6875350926445817
3562 0.68762278978389
3563 0.6874298540965208
3564 0.6875175315568023
3565 0.6876051598429613
3566 0.6876927389963555
3567 0.6877802690582959
3568 0.6878677500700476
3569 0.6876750700280112
3570 0.6877625315037804
3571 0.6878499440089586
3572 0.6879373075846628
3573 0.6880246222719641
3574 0.6881118881118881
3575 0.6881991051454138
3576 0.6882862734134749
3577 0.6883733929569592
3578 0.6884604638167086
3579 0.6882681564245811
3580 0.6883552080424462
3581 0.6884422110552764
3582 0.6882500697739324
3583 0.6883370535714286
3584 0.6884239888423989
3585 0.6885108756274401
3586 0.6883189294675216
3587 0.6881270903010034
3588 0.6879353580384509
3589 0.6877437325905292
3590 0.6878306878306878
3591 0.6879175946547884
3592 0.6880044531032563
3593 0.6880912632164718
3594 0.6881780250347705
3595 0.6882647385984427
3596 0.6880733944954128
3597 0.688160088938299
3598 0.6882467352042234
3599 0.6883333333333334
3600 0.6884198833657318
3601 0.688506385341477
3602 0.6883152928115459
3603 0.6881243063263041
3604 0.6882108183079056
3605 0.6882972823072657
3606 0.6881064596617688
3607 0.6879157427937915
3608 0.688002216680521
3609 0.6880886426592798
3610 0.6881750207698698
3611 0.687984496124031
3612 0.6880708552449488
3613 0.6881571665744327
3614 0.6882434301521438
3615 0.6883296460176991
3616 0.6884158142106718
3617 0.6882255389718076
3618 0.6883116883116883
3619 0.6883977900552486
3620 0.6884838442419221
3621 0.6885698509110988
3622 0.688379795749379
3623 0.6881898454746137
3624 0.6882758620689655
3625 0.6883618312189741
3626 0.6884477529638819
3627 0.6885336273428887
3628 0.6886194543951502
3629 0.6887052341597796
3630 0.6887909666758468
3631 0.688601321585903
3632 0.68841178089733
3633 0.6884975233902036
3634 0.6885832187070151
3635 0.6886688668866887
3636 0.6887544679681056
3637 0.6888400219901044
3638 0.6889255289914812
3639 0.6887362637362637
3640 0.6885471024443834
3641 0.6886326194398682
3642 0.6884435904474334
3643 0.6885290889132821
3644 0.6883401920438957
3645 0.6884256719692814
3646 0.6882369070468879
3647 0.6883223684210527
3648 0.6881337352699369
3649 0.687945205479452
3650 0.6877567789646672
3651 0.6875684556407448
3652 0.6876539830276485
3653 0.6877394636015326
3654 0.6878248974008208
3655 0.687910284463895
3656 0.6879956248290949
3657 0.6880809185347184
3658 0.6878928669035256
3659 0.6879781420765028
3660 0.6880633706637531
3661 0.6878754778809394
3662 0.6876876876876877
3663 0.6877729257641921
3664 0.6875852660300137
3665 0.6873977086743044
3666 0.6874829560949005
3667 0.6875681570338059
3668 0.687653311529027
3669 0.6877384196185287
3670 0.6875510760010897
3671 0.6876361655773421
3672 0.6877212088211272
3673 0.6878062057702776
3674 0.687891156462585
3675 0.6877040261153428
3676 0.6877889583899919
3677 0.6876019575856444
3678 0.6874150584397934
3679 0.6872282608695652
3680 0.6873132301005161
3681 0.6871265616512765
3682 0.6869399945696443
3683 0.6870249728555917
3684 0.6871099050203527
3685 0.687194791101465
3686 0.687008407919718
3687 0.686822125813449
