0 0.6155268022181146
1 0.609981515711645
2 0.6118299445471349
3 0.6025878003696857
4 0.5970425138632163
5 0.5988909426987061
6 0.5970425138632163
7 0.5988909426987061
8 0.5988909426987061
9 0.5951940850277264
10 0.5951940850277264
11 0.5970425138632163
12 0.5970425138632163
13 0.5914972273567468
14 0.589648798521257
15 0.5878003696857671
16 0.5878003696857671
17 0.5878003696857671
18 0.5878003696857671
19 0.5878003696857671
20 0.5878003696857671
21 0.5878003696857671
22 0.5878003696857671
23 0.589648798521257
24 0.5859519408502772
25 0.5859519408502772
26 0.5933456561922366
27 0.5933456561922366
28 0.589648798521257
29 0.589648798521257
30 0.589648798521257
31 0.5970425138632163
32 0.5970425138632163
33 0.5970425138632163
34 0.5988909426987061
35 0.5970425138632163
36 0.5970425138632163
37 0.5804066543438078
38 0.5804066543438078
39 0.5822550831792976
40 0.5822550831792976
41 0.5822550831792976
42 0.5822550831792976
43 0.5822550831792976
44 0.5822550831792976
45 0.5914972273567468
46 0.5933456561922366
47 0.5933456561922366
48 0.5951940850277264
49 0.5970425138632163
50 0.5970425138632163
51 0.5970425138632163
52 0.5970425138632163
53 0.5951940850277264
54 0.5988909426987061
55 0.6025878003696857
56 0.6025878003696857
57 0.5988909426987061
58 0.5988909426987061
59 0.5988909426987061
60 0.5988909426987061
61 0.5988909426987061
62 0.5988909426987061
63 0.5988909426987061
64 0.6044362292051756
65 0.6062846580406654
66 0.6062846580406654
67 0.6062846580406654
68 0.6025878003696857
69 0.6044362292051756
70 0.6062846580406654
71 0.6062846580406654
72 0.6062846580406654
73 0.6062846580406654
74 0.6062846580406654
75 0.6062846580406654
76 0.6062846580406654
77 0.6062846580406654
78 0.6062846580406654
79 0.6062846580406654
80 0.6081330868761553
81 0.6062846580406654
82 0.6062846580406654
83 0.6081330868761553
84 0.6081330868761553
85 0.6081330868761553
86 0.6081330868761553
87 0.6081330868761553
88 0.6062846580406654
89 0.6044362292051756
90 0.6025878003696857
91 0.600739371534196
92 0.600739371534196
93 0.600739371534196
94 0.600739371534196
95 0.5970425138632163
96 0.5970425138632163
97 0.589648798521257
98 0.589648798521257
99 0.589648798521257
100 0.5878003696857671
101 0.589648798521257
102 0.5933456561922366
103 0.5933456561922366
104 0.5933456561922366
105 0.5951940850277264
106 0.600739371534196
107 0.600739371534196
108 0.5988909426987061
109 0.5951940850277264
110 0.5951940850277264
111 0.5951940850277264
112 0.5914972273567468
113 0.5951940850277264
114 0.5951940850277264
115 0.5951940850277264
116 0.5933456561922366
117 0.5970425138632163
118 0.5970425138632163
119 0.5933456561922366
120 0.5933456561922366
121 0.5914972273567468
122 0.5970425138632163
123 0.5933456561922366
124 0.5914972273567468
125 0.5914972273567468
126 0.5933456561922366
127 0.589648798521257
128 0.5933456561922366
129 0.5951940850277264
130 0.5951940850277264
131 0.6025878003696857
132 0.6025878003696857
133 0.6025878003696857
134 0.6025878003696857
135 0.600739371534196
136 0.5933456561922366
137 0.5970425138632163
138 0.5951940850277264
139 0.5951940850277264
140 0.589648798521257
141 0.589648798521257
142 0.5933456561922366
143 0.589648798521257
144 0.5822550831792976
145 0.5785582255083179
146 0.5859519408502772
147 0.5841035120147874
148 0.5878003696857671
149 0.5878003696857671
150 0.5878003696857671
151 0.5933456561922366
152 0.5988909426987061
153 0.5988909426987061
154 0.600739371534196
155 0.5970425138632163
156 0.5951940850277264
157 0.5951940850277264
158 0.5951940850277264
159 0.5951940850277264
160 0.5933456561922366
161 0.5951940850277264
162 0.5951940850277264
163 0.5970425138632163
164 0.5933456561922366
165 0.5914972273567468
166 0.5859519408502772
167 0.5859519408502772
168 0.5933456561922366
169 0.5841035120147874
170 0.5841035120147874
171 0.5914972273567468
172 0.5878003696857671
173 0.5878003696857671
174 0.589648798521257
175 0.589648798521257
176 0.5878003696857671
177 0.5841035120147874
178 0.5841035120147874
179 0.5841035120147874
180 0.5822550831792976
181 0.5841035120147874
182 0.5822550831792976
183 0.5859519408502772
184 0.5859519408502772
185 0.5878003696857671
186 0.5878003696857671
187 0.5878003696857671
188 0.5878003696857671
189 0.5859519408502772
190 0.5859519408502772
191 0.5841035120147874
192 0.5878003696857671
193 0.5878003696857671
194 0.5878003696857671
195 0.589648798521257
196 0.5914972273567468
197 0.5859519408502772
198 0.5878003696857671
199 0.5822550831792976
200 0.5767097966728281
201 0.5785582255083179
202 0.5785582255083179
203 0.5785582255083179
204 0.5785582255083179
205 0.5767097966728281
206 0.5748613678373382
207 0.5785582255083179
208 0.5785582255083179
209 0.5711645101663586
210 0.5693160813308688
211 0.5693160813308688
212 0.5693160813308688
213 0.5674676524953789
214 0.5674676524953789
215 0.5674676524953789
216 0.5656192236598891
217 0.5730129390018485
218 0.5656192236598891
219 0.5656192236598891
220 0.5637707948243993
221 0.5711645101663586
222 0.5674676524953789
223 0.5674676524953789
224 0.5711645101663586
225 0.5711645101663586
226 0.5711645101663586
227 0.5693160813308688
228 0.5674676524953789
229 0.5674676524953789
230 0.5600739371534196
231 0.5600739371534196
232 0.5619223659889094
233 0.5619223659889094
234 0.5582255083179297
235 0.5582255083179297
236 0.5545286506469501
237 0.5637707948243993
238 0.5637707948243993
239 0.5656192236598891
240 0.5730129390018485
241 0.5730129390018485
242 0.5748613678373382
243 0.5748613678373382
244 0.5674676524953789
245 0.5693160813308688
246 0.5730129390018485
247 0.5711645101663586
248 0.5730129390018485
249 0.5785582255083179
250 0.5767097966728281
251 0.5748613678373382
252 0.5748613678373382
253 0.5730129390018485
254 0.5730129390018485
255 0.5730129390018485
256 0.5600739371534196
257 0.5600739371534196
258 0.5619223659889094
259 0.5637707948243993
260 0.5582255083179297
261 0.5767097966728281
262 0.5711645101663586
263 0.5711645101663586
264 0.5711645101663586
265 0.5730129390018485
266 0.5656192236598891
267 0.5785582255083179
268 0.5656192236598891
269 0.5637707948243993
270 0.5656192236598891
271 0.5859519408502772
272 0.5674676524953789
273 0.5711645101663586
274 0.5730129390018485
275 0.5730129390018485
276 0.5730129390018485
277 0.5693160813308688
278 0.5693160813308688
279 0.5730129390018485
280 0.5767097966728281
281 0.5822550831792976
282 0.5841035120147874
283 0.5878003696857671
284 0.589648798521257
285 0.5933456561922366
286 0.5914972273567468
287 0.5914972273567468
288 0.5933456561922366
289 0.5767097966728281
290 0.5730129390018485
291 0.5748613678373382
292 0.5693160813308688
293 0.5748613678373382
294 0.5822550831792976
295 0.5822550831792976
296 0.5785582255083179
297 0.5859519408502772
298 0.5693160813308688
299 0.5767097966728281
300 0.5730129390018485
301 0.5804066543438078
302 0.5767097966728281
303 0.5767097966728281
304 0.5767097966728281
305 0.5785582255083179
306 0.5822550831792976
307 0.5804066543438078
308 0.5841035120147874
309 0.5804066543438078
310 0.5730129390018485
311 0.5637707948243993
312 0.5619223659889094
313 0.5619223659889094
314 0.5674676524953789
315 0.5693160813308688
316 0.5674676524953789
317 0.5637707948243993
318 0.55637707948244
319 0.5600739371534196
320 0.5582255083179297
321 0.5693160813308688
322 0.5711645101663586
323 0.5711645101663586
324 0.5711645101663586
325 0.5748613678373382
326 0.5730129390018485
327 0.5711645101663586
328 0.5748613678373382
329 0.5711645101663586
330 0.5748613678373382
331 0.5748613678373382
332 0.5748613678373382
333 0.5748613678373382
334 0.5748613678373382
335 0.5748613678373382
336 0.5804066543438078
337 0.5804066543438078
338 0.5785582255083179
339 0.5804066543438078
340 0.5822550831792976
341 0.5841035120147874
342 0.5859519408502772
343 0.5841035120147874
344 0.5841035120147874
345 0.5822550831792976
346 0.5822550831792976
347 0.5841035120147874
348 0.5859519408502772
349 0.5841035120147874
350 0.5859519408502772
351 0.5859519408502772
352 0.5785582255083179
353 0.5785582255083179
354 0.5785582255083179
355 0.5859519408502772
356 0.5878003696857671
357 0.5841035120147874
358 0.5859519408502772
359 0.5859519408502772
360 0.5859519408502772
361 0.5693160813308688
362 0.5693160813308688
363 0.5693160813308688
364 0.5693160813308688
365 0.5711645101663586
366 0.5730129390018485
367 0.5767097966728281
368 0.5785582255083179
369 0.5804066543438078
370 0.5785582255083179
371 0.5730129390018485
372 0.5730129390018485
373 0.5730129390018485
374 0.5711645101663586
375 0.5711645101663586
376 0.5711645101663586
377 0.5730129390018485
378 0.5748613678373382
379 0.5748613678373382
380 0.5748613678373382
381 0.5711645101663586
382 0.5748613678373382
383 0.5748613678373382
384 0.5748613678373382
385 0.5748613678373382
386 0.5748613678373382
387 0.5748613678373382
388 0.5785582255083179
389 0.5730129390018485
390 0.5730129390018485
391 0.5711645101663586
392 0.5693160813308688
393 0.5711645101663586
394 0.5711645101663586
395 0.5674676524953789
396 0.5674676524953789
397 0.5674676524953789
398 0.5674676524953789
399 0.5674676524953789
400 0.5656192236598891
401 0.5600739371534196
402 0.5600739371534196
403 0.5637707948243993
404 0.5637707948243993
405 0.5656192236598891
406 0.5656192236598891
407 0.5656192236598891
408 0.5693160813308688
409 0.5730129390018485
410 0.5693160813308688
411 0.5767097966728281
412 0.5785582255083179
413 0.5785582255083179
414 0.5785582255083179
415 0.5785582255083179
416 0.5804066543438078
417 0.5767097966728281
418 0.5767097966728281
419 0.5767097966728281
420 0.5785582255083179
421 0.5785582255083179
422 0.5767097966728281
423 0.5767097966728281
424 0.5767097966728281
425 0.5748613678373382
426 0.5730129390018485
427 0.5730129390018485
428 0.5711645101663586
429 0.5674676524953789
430 0.5693160813308688
431 0.5693160813308688
432 0.5693160813308688
433 0.5804066543438078
434 0.5785582255083179
435 0.5841035120147874
436 0.5804066543438078
437 0.5785582255083179
438 0.5804066543438078
439 0.5804066543438078
440 0.5711645101663586
441 0.5711645101663586
442 0.5711645101663586
443 0.5785582255083179
444 0.5841035120147874
445 0.5822550831792976
446 0.5730129390018485
447 0.5785582255083179
448 0.5767097966728281
449 0.5767097966728281
450 0.5785582255083179
451 0.5785582255083179
452 0.5804066543438078
453 0.5804066543438078
454 0.5804066543438078
455 0.5748613678373382
456 0.5748613678373382
457 0.5748613678373382
458 0.5748613678373382
459 0.5711645101663586
460 0.5711645101663586
461 0.5748613678373382
462 0.5767097966728281
463 0.5767097966728281
464 0.5693160813308688
465 0.5674676524953789
466 0.5656192236598891
467 0.5656192236598891
468 0.5582255083179297
469 0.5582255083179297
470 0.5619223659889094
471 0.5600739371534196
472 0.5600739371534196
473 0.5637707948243993
474 0.5711645101663586
475 0.5711645101663586
476 0.5674676524953789
477 0.5656192236598891
478 0.5674676524953789
479 0.5693160813308688
480 0.5637707948243993
481 0.5582255083179297
482 0.5582255083179297
483 0.5582255083179297
484 0.5582255083179297
485 0.55637707948244
486 0.5582255083179297
487 0.5582255083179297
488 0.5582255083179297
489 0.5600739371534196
490 0.5582255083179297
491 0.5600739371534196
492 0.5600739371534196
493 0.5600739371534196
494 0.5693160813308688
495 0.5693160813308688
496 0.5656192236598891
497 0.5693160813308688
498 0.5656192236598891
499 0.5674676524953789
500 0.5674676524953789
501 0.5637707948243993
502 0.5582255083179297
503 0.5600739371534196
504 0.5600739371534196
505 0.5693160813308688
506 0.5656192236598891
507 0.5637707948243993
508 0.5637707948243993
509 0.5637707948243993
510 0.5619223659889094
511 0.5711645101663586
512 0.5656192236598891
513 0.5637707948243993
514 0.55637707948244
515 0.55637707948244
516 0.5600739371534196
517 0.5656192236598891
518 0.5711645101663586
519 0.5730129390018485
520 0.5748613678373382
521 0.5748613678373382
522 0.5748613678373382
523 0.5711645101663586
524 0.5767097966728281
525 0.5711645101663586
526 0.5711645101663586
527 0.5785582255083179
528 0.5804066543438078
529 0.5822550831792976
530 0.5767097966728281
531 0.5767097966728281
532 0.5730129390018485
533 0.5711645101663586
534 0.5748613678373382
535 0.5674676524953789
536 0.5785582255083179
537 0.5804066543438078
538 0.5822550831792976
539 0.5730129390018485
540 0.5748613678373382
541 0.5841035120147874
542 0.5822550831792976
543 0.5841035120147874
544 0.5841035120147874
545 0.5859519408502772
546 0.5859519408502772
547 0.5859519408502772
548 0.589648798521257
549 0.589648798521257
550 0.5859519408502772
551 0.589648798521257
552 0.5859519408502772
553 0.5878003696857671
554 0.5859519408502772
555 0.5859519408502772
556 0.5859519408502772
557 0.5859519408502772
558 0.5841035120147874
559 0.5822550831792976
560 0.5767097966728281
561 0.5804066543438078
562 0.5804066543438078
563 0.5841035120147874
564 0.5859519408502772
565 0.5841035120147874
566 0.5841035120147874
567 0.5878003696857671
568 0.589648798521257
569 0.5914972273567468
570 0.5914972273567468
571 0.5933456561922366
572 0.5933456561922366
573 0.5914972273567468
574 0.5914972273567468
575 0.5914972273567468
576 0.589648798521257
577 0.589648798521257
578 0.5914972273567468
579 0.5951940850277264
580 0.589648798521257
581 0.589648798521257
582 0.5859519408502772
583 0.589648798521257
584 0.5656192236598891
585 0.5619223659889094
586 0.5748613678373382
587 0.5711645101663586
588 0.5859519408502772
589 0.5767097966728281
590 0.5804066543438078
591 0.5804066543438078
592 0.5822550831792976
593 0.5822550831792976
594 0.5841035120147874
595 0.5785582255083179
596 0.5767097966728281
597 0.5767097966728281
598 0.5785582255083179
599 0.5785582255083179
600 0.5767097966728281
601 0.5878003696857671
602 0.5859519408502772
603 0.5914972273567468
604 0.5785582255083179
605 0.5859519408502772
606 0.5878003696857671
607 0.5804066543438078
608 0.5804066543438078
609 0.5767097966728281
610 0.5767097966728281
611 0.5693160813308688
612 0.5693160813308688
613 0.5656192236598891
614 0.5656192236598891
615 0.5656192236598891
616 0.5637707948243993
617 0.5526802218114603
618 0.5693160813308688
619 0.5822550831792976
620 0.5748613678373382
621 0.5767097966728281
622 0.5656192236598891
623 0.5693160813308688
624 0.5693160813308688
625 0.5748613678373382
626 0.5711645101663586
627 0.5748613678373382
628 0.5785582255083179
629 0.5785582255083179
630 0.5804066543438078
631 0.5804066543438078
632 0.5785582255083179
633 0.5804066543438078
634 0.5841035120147874
635 0.5748613678373382
636 0.5748613678373382
637 0.5841035120147874
638 0.5841035120147874
639 0.5748613678373382
640 0.5767097966728281
641 0.5804066543438078
642 0.5841035120147874
643 0.5841035120147874
644 0.5841035120147874
645 0.5804066543438078
646 0.5822550831792976
647 0.5822550831792976
648 0.5785582255083179
649 0.5841035120147874
650 0.5822550831792976
651 0.5804066543438078
652 0.589648798521257
653 0.589648798521257
654 0.5878003696857671
655 0.5878003696857671
656 0.5859519408502772
657 0.5859519408502772
658 0.5822550831792976
659 0.5822550831792976
660 0.5804066543438078
661 0.5748613678373382
662 0.5711645101663586
663 0.5711645101663586
664 0.5711645101663586
665 0.5674676524953789
666 0.5674676524953789
667 0.5693160813308688
668 0.5730129390018485
669 0.5711645101663586
670 0.5711645101663586
671 0.5730129390018485
672 0.5730129390018485
673 0.5730129390018485
674 0.5748613678373382
675 0.5730129390018485
676 0.5730129390018485
677 0.5748613678373382
678 0.5859519408502772
679 0.5822550831792976
680 0.5822550831792976
681 0.5822550831792976
682 0.5822550831792976
683 0.5859519408502772
684 0.5841035120147874
685 0.5822550831792976
686 0.5767097966728281
687 0.5767097966728281
688 0.5804066543438078
689 0.5804066543438078
690 0.5785582255083179
691 0.5841035120147874
692 0.5822550831792976
693 0.5859519408502772
694 0.5859519408502772
695 0.5785582255083179
696 0.5804066543438078
697 0.5841035120147874
698 0.5841035120147874
699 0.5859519408502772
700 0.5841035120147874
701 0.5878003696857671
702 0.5878003696857671
703 0.5878003696857671
704 0.5914972273567468
705 0.5914972273567468
706 0.5914972273567468
707 0.589648798521257
708 0.589648798521257
709 0.5841035120147874
710 0.5841035120147874
711 0.5859519408502772
712 0.5859519408502772
713 0.5785582255083179
714 0.5785582255083179
715 0.5785582255083179
716 0.5748613678373382
717 0.5748613678373382
718 0.5767097966728281
719 0.5767097966728281
720 0.5767097966728281
721 0.5804066543438078
