0 0.5154744971873879
1 0.8433473847911664
2 0.7172273776726003
3 0.7085383383970754
4 0.5662116854447121
5 0.5604584670263361
6 0.735295686011384
7 0.7251350414082841
8 0.7519972289023972
9 0.59391543779358
10 0.5043407532467348
11 0.6943092839900331
12 0.633687484063262
13 0.7587456746866352
14 0.5473836247397441
15 0.6001369636911726
16 0.7121813672889978
17 0.6850613106020308
18 0.6548876769194936
19 0.7336229465031631
20 0.5045792500348418
21 0.591133941669264
22 0.5748555618792762
23 0.5705927011566984
24 0.6112610962196089
25 0.7667163106680848
26 0.5883631419503933
27 0.6100458103899175
28 0.5198334718670299
29 0.6164687322226148
30 0.5175445788210996
31 0.7447599202785253
32 0.6942203012816409
33 0.7213860011186062
34 0.6287002182065767
35 0.6183198803669123
36 0.6941434383404999
37 0.6647080826192752
38 0.8119309714417573
39 0.7363692907293125
40 0.6813374232645906
41 0.7131965121950253
42 0.6584173341274651
43 0.6184088668813403
44 0.5342145921341295
45 0.6606629654090217
46 0.6604201328273201
47 0.6464763221505542
48 0.7416829801066833
49 0.6114191389469191
50 0.702167104449899
51 0.6036842023127191
52 0.6979886386575221
53 0.7294530179023954
54 0.834104067026302
55 0.7066405590818197
56 0.8562250751264022
57 0.5687923459073762
58 0.7447200047648973
59 0.7820467556237483
60 0.5780050418343948
61 0.69610092752858
62 0.6683468915682119
63 0.547324956212116
64 0.6952943231460372
65 0.5162976839169148
66 0.5818264498363951
67 0.6334260025865421
68 0.6879447765722231
69 0.509245316547819
70 0.7243334018240128
71 0.7180261803923453
72 0.7337055988068895
73 0.5621352507278702
74 0.5640391368430829
75 0.5892241740551936
76 0.5825150427489988
77 0.6147419214008615
78 0.5886902410947104
79 0.6786683273333494
80 0.7846284174789997
81 0.5279478117870264
82 0.5439874820477135
83 0.7212357546928652
84 0.5824776833662108
85 0.7531325070851522
86 0.6130938270201257
87 0.7048104947046265
88 0.5398477994893544
89 0.5809128342491405
90 0.6868763398753422
91 0.7862928637692177
92 0.7410113093277506
93 0.5184795843057092
94 0.7410200636130153
95 0.5642667182365545
96 0.5749294620758605
97 0.6960358084608658
98 0.5222237908288553
99 0.59539305152423
100 0.6000348844047745
101 0.8441880172252744
102 0.6045686034375081
103 0.707878932874034
104 0.6749701198651503
105 0.7705669308389606
106 0.6901595061842907
107 0.701089322634062
108 0.658983638562143
109 0.719163919202737
110 0.6740232657430621
111 0.6423841136944625
112 0.7726924209518389
113 0.6632995437252779
114 0.7970623092995406
115 0.6924413083601456
116 0.7449382293924421
117 0.6448654238571456
118 0.6861579292011826
119 0.5465811939744694
120 0.5792194630448795
121 0.5555661420090129
122 0.5046491379823775
123 0.6633313686662118
124 0.6412749283417917
125 0.628357352172798
126 0.5754766489267528
127 0.7468337314071567
128 0.7588129522828203
129 0.5896443107068958
130 0.7029593234826768
131 0.5157510212323998
132 0.798996802925259
133 0.5676425210532673
134 0.966761943436967
135 0.687175484816541
136 0.5966482145977015
137 0.7875140182263437
138 0.5768516760866262
139 0.7036342988349588
140 0.6929599064950329
141 0.8126473118629834
142 0.78724092027932
143 0.7510407671923751
144 0.506457093308637
145 0.8527498683749303
146 0.7512679897218989
147 0.7122732194001685
148 0.7497601437476241
149 0.5342229950054012
150 0.843081221896742
151 0.7653453159334375
152 0.5666889027536656
153 0.5991663351695248
154 0.5120796270416312
155 0.7075802916753476
156 0.8035276596878999
157 0.7585450902029145
158 0.6245045137059141
159 0.6628212431137758
160 0.6887922662418097
161 0.527209796529878
162 0.6002030701977719
163 0.5662914321059022
164 0.6446372199487159
165 0.6292756406615002
166 0.5424946633066238
167 0.768066372474064
168 0.5121054817541693
169 0.7128777200188836
170 0.8513561197552596
171 0.6959259287831339
172 0.521699710479239
173 0.8094146540222057
174 0.6775934584027813
175 0.5847693724067888
176 0.7111373675776768
177 0.7591382936295803
178 0.55200684375326
179 0.614414806921835
180 0.6566470307346765
181 0.719575647195646
182 0.6247869378736918
183 0.7758635572716495
184 0.6951982804797677
185 0.8736247230255123
186 0.5066651242132696
187 0.8128077185592391
188 0.625853552679433
189 0.7801086960264334
190 0.5121584207432592
191 0.5558919478054386
192 0.5798875195253155
193 0.8019931963064747
194 0.7629727805517457
195 0.5164780539826435
196 0.7892304543924233
197 0.5617261032099992
198 0.8438595717649544
199 0.787478315408391
200 0.5656392772831726
201 0.5266139466147611
202 0.5661763831736787
203 0.8536781720260674
204 0.7270732119450909
205 0.5385355214078499
206 0.5938915583658455
207 0.7221341744858198
208 0.7837308517062949
209 0.5283129699919952
210 0.5849004159050807
211 0.5128667478411306
212 0.5799416993758505
213 0.503745291466095
214 0.5218988537898622
215 0.6633501518761716
216 0.840706146549758
217 0.922778544979743
218 0.7583602936807722
219 0.6031120899098794
220 0.7277355116318381
221 0.7752495660933553
222 0.7627503095815973
223 0.5342353165877363
224 0.7989148762744989
225 0.7574996532398214
226 0.5341736220641741
227 0.8313149140892494
228 0.7364300157646462
229 0.5306136033647023
230 0.7001078634156159
231 0.6829612353165292
232 0.5711744703788336
233 0.5116742994978789
234 0.6471672900518554
235 0.7828226503687586
236 0.5046366414096854
237 0.5131039075740912
238 0.5638546081861862
239 0.5290272342263088
240 0.6484137838438566
241 0.7409159512437178
242 0.7491585484183475
243 0.6586187146472392
244 0.6429887096749581
245 0.6052974349085691
246 0.7544840368092385
247 0.8319003484075144
248 0.7993233042977113
249 0.6107842260928491
250 0.7283388283744955
251 0.7008005134451774
252 0.5393344406859775
253 0.8384777732696398
254 0.8883187869763487
255 0.5369078948932133
256 0.8062194251941438
257 0.7192829180933319
258 0.5522828015205687
259 0.6470240376278722
260 0.5048188923849373
261 0.7753045663627667
262 0.7423726686211507
263 0.5515153508828178
264 0.7302780710700654
265 0.8128360202049161
266 0.5083684673902567
267 0.8886302011313985
268 0.9233621131975676
269 0.5544977517164914
270 0.8732154117730784
271 0.8112291719182183
272 0.8333943171478329
273 0.8403638833892825
274 0.5961845969907248
275 0.5529973059504136
276 0.7216498968955971
277 0.6960721606471186
278 0.7740806687621427
279 0.7419534594596325
280 0.7347292813395581
281 0.5252276441188412
282 0.5117185857674439
283 0.5235465982566294
284 0.7286801653227332
285 0.7846427965025962
286 0.5803821850639604
287 0.7047370215564746
288 0.5753719284398738
289 0.7203470108360159
290 0.5279752555164645
291 0.7381066075270145
292 0.7452399715056329
293 0.744963215424319
294 0.5616580763189715
295 0.5698525269431529
296 0.7248749579687238
297 0.560455402176624
298 0.765552703765481
299 0.9533678751202195
300 0.5242665004128648
301 0.7195087494596364
302 0.8288689475280989
303 0.7083612663836052
304 0.6008191710156056
305 0.624955850202094
306 0.8221428993675747
307 0.7307629612740928
308 0.7485610046521671
309 0.6901085278515963
310 0.9096985080844301
311 0.7552074318578755
312 0.6767521199501795
313 0.6022196209267925
314 0.8211831180270452
315 0.5133005785713837
316 0.6317888177790132
317 0.7833427632010806
318 0.7645250128689001
319 0.7158256983236333
320 0.6853928351916188
321 0.6794819491753061
322 0.651666428866015
323 0.7231740620550346
324 0.6271615944183114
325 0.6535315821469864
326 0.7246033957476781
327 0.8139283892569049
328 0.6926039311846729
329 0.5562362474794488
330 0.5143545310912607
331 0.5050508692053474
332 0.5601651473320529
333 0.6129092790667285
334 0.5241740172612813
335 0.5253828332718867
336 0.700728912160761
337 0.8350593750999671
338 0.5293080399789069
339 0.5086193384312224
340 0.7640145911993289
341 0.5277221520530248
342 0.5576643516842189
343 0.5394804489496963
344 0.536688279784447
345 0.5583527137357291
346 0.7934496746891793
347 0.7722189523701224
348 0.817708409575993
349 0.7813603922129184
350 0.6989457173563483
351 0.603758822191811
352 0.7836184757276681
353 0.9227408385206787
354 0.6801845612948655
355 0.5135500979951518
356 0.5509644183931014
357 0.6613190252659256
358 0.7510965190617108
359 0.8415386122211753
360 0.5124234239119505
361 0.6526656078234184
362 0.756747385285542
363 0.6094435940936761
364 0.5067570084103051
365 0.6478015129521857
366 0.7631577190675058
367 0.7164978366201018
368 0.7545451145034691
369 0.7618808777554937
370 0.5379885234839669
371 0.5384779508523061
372 0.7062210148672344
373 0.6165120625930124
374 0.7211200413590146
375 0.5214611224910323
376 0.5666323971232068
377 0.6219858107689291
378 0.7139509012660681
379 0.7299081261960171
380 0.7729281899053332
381 0.5519119275397308
382 0.7654954759093607
383 0.7111521473324898
384 0.7666147188465781
385 0.6991361428585336
386 0.6941111953360214
387 0.5000071218253476
388 0.5487294627381822
389 0.6131525127758645
390 0.5084461019272924
391 0.8133382945402171
392 0.7524291862055846
393 0.58799892154146
394 0.7258785087219305
395 0.578075196784933
396 0.7274016702551912
397 0.6019096820028337
398 0.7153563764625226
399 0.7419735692021837
400 0.8725437747466569
401 0.7431051788685277
402 0.6355910456574412
403 0.6431237304232998
404 0.545245184862495
405 0.7038007928598629
406 0.6765369761621748
407 0.776105391913617
408 0.800498927696821
409 0.7570725311783765
410 0.7188195884176264
411 0.8640754135616654
412 0.5913738246418044
413 0.8397456643220547
414 0.6596493539315348
415 0.7005551501542913
416 0.8189448672177428
417 0.5227434289790763
418 0.7887719941381568
419 0.6719959269993531
420 0.5488139612592948
421 0.5181388347362801
422 0.7013249656304983
423 0.5616481503810454
424 0.6076584410000339
425 0.5777078916964057
426 0.7519634383324295
427 0.5407908270270217
428 0.7506250047738501
429 0.5155941917936392
430 0.8698582005700746
431 0.6095397334963547
432 0.6976610284527861
433 0.7639298485622238
434 0.7494564948725286
435 0.7619692871765221
436 0.9236747111082417
437 0.7319341871907575
438 0.5772059731677893
439 0.7045314935152818
440 0.7335724482559165
441 0.6034600864137367
442 0.7180195368520137
443 0.6773412018976045
444 0.7547563843168982
445 0.7870842766271816
446 0.7660219209011789
447 0.5834440340384648
448 0.7964897804058787
449 0.5912536437000259
450 0.6530926026112355
451 0.6877884710066425
452 0.757824691042113
453 0.747731668875769
454 0.7247820388507789
455 0.5477973631943883
456 0.5266999023348037
457 0.7527686019673507
458 0.6727824732491238
459 0.8104118475041466
460 0.7334596879182554
461 0.7608331814353804
462 0.505433806667058
463 0.7420431960578175
464 0.855815748619488
465 0.7995882497919132
466 0.5975393372179931
467 0.8132131168401939
468 0.6326212443504177
469 0.781365537188307
470 0.5975755031733226
471 0.7138358690646233
472 0.7904913949746576
473 0.9168042784369275
474 0.7103383459582849
475 0.8359890556135089
476 0.5672128954592833
477 0.5095323627209412
478 0.5342806508202389
479 0.8159327871986068
480 0.5498274228210853
481 0.854841047673614
482 0.6272021622255839
483 0.8857805818458756
484 0.7662397502666818
485 0.718482308407775
486 0.6193891179254527
487 0.7044873488894662
488 0.7859100813350586
489 0.8797758774129052
490 0.8185998227396816
491 0.7790862488335072
492 0.6027319550288973
493 0.5592287220734548
494 0.6000650158067301
495 0.6845759514084178
496 0.7435073953901656
497 0.8116775167937007
498 0.6072261170392889
499 0.7153153806877521
500 0.6238492014839777
501 0.6649502828602613
502 0.7751000674169494
503 0.626022843947397
504 0.6749266799497642
505 0.6501154125927875
506 0.7262264759067631
507 0.8151213537674113
508 0.6546691498515438
509 0.653100018478624
510 0.77909722780531
511 0.5918207346420195
512 0.7857729584632207
513 0.6599655317714115
514 0.6896294126904863
515 0.6993245853262257
516 0.6797634092153819
517 0.6340940118286086
518 0.7364558319566756
519 0.8902318751588418
520 0.9099496765317482
521 0.6818731347646944
522 0.5501735123645282
523 0.7558325472900926
524 0.6815302093012565
525 0.8299654822240555
526 0.70411487669487
527 0.5558359238805929
528 0.7745113273419854
529 0.6454772114549114
530 0.6789608749759063
531 0.633075196224671
532 0.806576560532763
533 0.76031020676876
534 0.7062525500459875
535 0.599190249879063
536 0.6368899528590043
537 0.7051141218020464
538 0.73177147982896
539 0.7881936591175149
540 0.7577661052218706
541 0.5612118764596907
542 0.7226661556850148
543 0.5577563043742398
544 0.7418007027387687
545 0.7932216572252881
546 0.8595341860723162
547 0.5611473696282134
548 0.5270756545625254
549 0.8780302691745218
550 0.7347594519054927
551 0.6722485184851791
552 0.8323474709065064
553 0.7747146140582539
554 0.5197008962980368
555 0.7636271898768867
556 0.6314589333478843
557 0.5479185406122783
558 0.5560196790292188
559 0.9126301043072506
560 0.8258901359662334
561 0.7907765000711834
562 0.6673274252668671
563 0.9396401779103933
564 0.6840221119311607
565 0.9207297337973782
566 0.6968077157314221
567 0.7323404939411989
568 0.6448540326742846
569 0.737036787602458
570 0.8217389759589391
571 0.6522721807771168
572 0.8669786411075049
573 0.7760511661376829
574 0.9697063657109128
575 0.7442302324165472
576 0.7123300444119931
577 0.5828645602926157
578 0.5306673007317769
579 0.5778186607363079
580 0.6488893094553198
581 0.7493503064357925
582 0.6133504634235353
583 0.9133343516969031
584 0.6200555167257805
585 0.6753578973336073
586 0.6973305618614463
587 0.5399776650729796
588 0.5426273999725488
589 0.52683421994527
590 0.8393376799457734
591 0.717535041806857
592 0.5292395337428891
593 0.6108789021697489
594 0.5688554038346174
595 0.5272767842358724
596 0.5237717086486297
597 0.7469758083765005
598 0.5687834302846821
599 0.5202459308284563
600 0.7047563296382204
601 0.7171368399345813
602 0.8510328077992833
603 0.7359177692001527
604 0.591774626490898
605 0.6991946789948115
606 0.7568432999742755
607 0.750241336307318
608 0.5427490814925895
609 0.629174993982321
610 0.7685958424482835
611 0.6382343439702788
612 0.6545538296342097
613 0.7157619120419493
614 0.760226496325617
615 0.6117070690378028
616 0.9065537603725902
617 0.6031831788571997
618 0.6738898176738357
619 0.6999884972334995
620 0.7191384259787863
621 0.7886275552132388
622 0.7300508557219457
623 0.7297191764263437
624 0.638892951897446
625 0.6670678823357455
626 0.6721636068058024
627 0.6862295989574032
628 0.8139411614445067
629 0.8495786647942428
630 0.7350721269601806
631 0.9710549001876033
632 0.9306436895395059
633 0.670132727955233
634 0.7367929767492515
635 0.6923242198858309
636 0.9145075219912177
637 0.5670820930380039
638 0.6077395089529674
639 0.5098502787969212
640 0.8036558973226057
641 0.591350577410184
642 0.5893732071125318
643 0.71129521522325
644 0.7701782017810788
645 0.7992155772237194
646 0.7235974602324005
647 0.6684755561006398
648 0.608394980175303
649 0.8184909561531087
650 0.7897985368041917
651 0.7097023981939817
652 0.8696466928422137
653 0.7224782749988627
654 0.7045944123663135
655 0.8104963369591497
656 0.8165923160086975
657 0.523123788465686
658 0.7958594521213866
659 0.858433992280438
660 0.5552274238198605
661 0.5323603573076482
662 0.7835756930889825
663 0.5603974089404696
664 0.7295702164837071
665 0.6898179901212463
666 0.9086649961426762
667 0.731609817580061
668 0.5679545935044334
669 0.5312946949414369
670 0.8106359022828409
671 0.622289740989014
672 0.7642234741187122
673 0.5561986319473222
674 0.827204562272747
675 0.7761217980832587
676 0.7622913487527739
677 0.7690654459793986
678 0.6877130691882637
679 0.5055023452086534
680 0.6274770873876201
681 0.8390246717301992
682 0.6882849632015554
683 0.6747595067187789
684 0.6042502105901564
685 0.6715473560369024
686 0.7209328939281967
687 0.7516103246822049
688 0.8170405624461834
689 0.6671506177162249
690 0.5437016779135958
691 0.5007248678067445
692 0.6605841631276739
693 0.7216647209585931
694 0.549370073450454
695 0.6704396222047413
696 0.7065043214425694
697 0.7729084843622451
698 0.5097065725905836
699 0.6616970087854809
700 0.6270383253840561
701 0.5811479109347356
702 0.8473074515729134
703 0.7072692522467934
704 0.6784767061210436
705 0.6701423936430615
706 0.5863819201725743
707 0.5471833448354194
708 0.6491715401772912
709 0.822833984682768
710 0.7035508229796976
711 0.7726693110639867
712 0.5385561727782999
713 0.5342359487119467
714 0.6708086189956948
715 0.5644468778355576
716 0.7039142722423727
717 0.6315875374886003
718 0.5484951260208892
719 0.8477190885335784
720 0.5723640729502508
721 0.7086321960847723
