0 0.0
1 0.0
2 0.3333333333333333
3 0.5
4 0.6
5 0.5
6 0.42857142857142855
7 0.5
8 0.5555555555555556
9 0.5
10 0.45454545454545453
11 0.4166666666666667
12 0.46153846153846156
13 0.42857142857142855
14 0.4666666666666667
15 0.5
16 0.5294117647058824
17 0.5
18 0.5263157894736842
19 0.55
20 0.5714285714285714
21 0.5909090909090909
22 0.6086956521739131
23 0.625
24 0.6
25 0.6153846153846154
26 0.6296296296296297
27 0.6071428571428571
28 0.6206896551724138
29 0.6333333333333333
30 0.6451612903225806
31 0.65625
32 0.6666666666666666
33 0.6764705882352942
34 0.6857142857142857
35 0.6944444444444444
36 0.6756756756756757
37 0.6578947368421053
38 0.6410256410256411
39 0.65
40 0.6585365853658537
41 0.6666666666666666
42 0.6511627906976745
43 0.6363636363636364
44 0.6444444444444445
45 0.6521739130434783
46 0.6382978723404256
47 0.625
48 0.6326530612244898
49 0.64
50 0.6470588235294118
51 0.6346153846153846
52 0.6415094339622641
53 0.6481481481481481
54 0.6545454545454545
55 0.6607142857142857
56 0.6666666666666666
57 0.6724137931034483
58 0.6779661016949152
59 0.6833333333333333
60 0.6721311475409836
61 0.6774193548387096
62 0.6666666666666666
63 0.671875
64 0.676923076923077
65 0.6818181818181818
66 0.6865671641791045
67 0.6911764705882353
68 0.6811594202898551
69 0.6857142857142857
70 0.676056338028169
71 0.6805555555555556
72 0.6712328767123288
73 0.6621621621621622
74 0.6666666666666666
75 0.6578947368421053
76 0.6623376623376623
77 0.6666666666666666
78 0.6582278481012658
79 0.6625
80 0.654320987654321
81 0.6585365853658537
82 0.6626506024096386
83 0.6666666666666666
84 0.6705882352941176
85 0.6744186046511628
86 0.6781609195402298
87 0.6818181818181818
88 0.6853932584269663
89 0.6777777777777778
90 0.6813186813186813
91 0.6847826086956522
92 0.6774193548387096
93 0.6808510638297872
94 0.6736842105263158
95 0.6770833333333334
96 0.6701030927835051
97 0.6632653061224489
98 0.6666666666666666
99 0.67
100 0.6633663366336634
101 0.6666666666666666
102 0.6601941747572816
103 0.6634615384615384
104 0.6571428571428571
105 0.660377358490566
106 0.6542056074766355
107 0.6574074074074074
108 0.6605504587155964
109 0.6636363636363637
110 0.6666666666666666
111 0.6607142857142857
112 0.6637168141592921
113 0.6578947368421053
114 0.6521739130434783
115 0.646551724137931
116 0.6410256410256411
117 0.6440677966101694
118 0.6386554621848739
119 0.6333333333333333
120 0.628099173553719
121 0.6229508196721312
122 0.6260162601626016
123 0.6290322580645161
124 0.632
125 0.6349206349206349
126 0.6377952755905512
127 0.640625
128 0.6434108527131783
129 0.6384615384615384
130 0.6335877862595419
131 0.6363636363636364
132 0.6390977443609023
133 0.6343283582089553
134 0.6370370370370371
135 0.6397058823529411
136 0.635036496350365
137 0.6304347826086957
138 0.6330935251798561
139 0.6357142857142857
140 0.6312056737588653
141 0.6338028169014085
142 0.6293706293706294
143 0.625
144 0.6206896551724138
145 0.6232876712328768
146 0.6258503401360545
147 0.6283783783783784
148 0.6308724832214765
149 0.6266666666666667
150 0.6291390728476821
151 0.631578947368421
152 0.6339869281045751
153 0.6363636363636364
154 0.632258064516129
155 0.6282051282051282
156 0.6305732484076433
157 0.6329113924050633
158 0.6352201257861635
159 0.63125
160 0.6335403726708074
161 0.6358024691358025
162 0.6380368098159509
163 0.6402439024390244
164 0.6424242424242425
165 0.6445783132530121
166 0.6407185628742516
167 0.6428571428571429
168 0.6449704142011834
169 0.6470588235294118
170 0.6432748538011696
171 0.6453488372093024
172 0.6416184971098265
173 0.6436781609195402
174 0.64
175 0.6363636363636364
176 0.6384180790960452
177 0.6348314606741573
178 0.6368715083798883
179 0.6333333333333333
180 0.6353591160220995
181 0.6373626373626373
182 0.639344262295082
183 0.6413043478260869
184 0.6432432432432432
185 0.6451612903225806
186 0.6417112299465241
187 0.6436170212765957
188 0.6455026455026455
189 0.6421052631578947
190 0.643979057591623
191 0.640625
192 0.6373056994818653
193 0.634020618556701
194 0.6307692307692307
195 0.6326530612244898
196 0.6294416243654822
197 0.6313131313131313
198 0.628140703517588
199 0.63
200 0.6268656716417911
201 0.6237623762376238
202 0.625615763546798
203 0.6225490196078431
204 0.624390243902439
205 0.6213592233009708
206 0.6231884057971014
207 0.625
208 0.6267942583732058
209 0.6285714285714286
210 0.6255924170616114
211 0.6226415094339622
212 0.6197183098591549
213 0.616822429906542
214 0.6186046511627907
215 0.6157407407407407
216 0.6175115207373272
217 0.6192660550458715
218 0.6164383561643836
219 0.6181818181818182
220 0.6199095022624435
221 0.6171171171171171
222 0.6188340807174888
223 0.6205357142857143
224 0.6177777777777778
225 0.6194690265486725
226 0.6211453744493393
227 0.6228070175438597
228 0.6244541484716157
229 0.6217391304347826
230 0.6233766233766234
231 0.6206896551724138
232 0.6223175965665236
233 0.6239316239316239
234 0.625531914893617
235 0.6228813559322034
236 0.6244725738396625
237 0.6260504201680672
238 0.6276150627615062
239 0.6291666666666667
240 0.6307053941908713
241 0.6322314049586777
242 0.6296296296296297
243 0.6311475409836066
244 0.6285714285714286
245 0.6300813008130082
246 0.631578947368421
247 0.6330645161290323
248 0.6345381526104418
249 0.636
250 0.6334661354581673
251 0.6309523809523809
252 0.6284584980237155
253 0.6299212598425197
254 0.6313725490196078
255 0.62890625
256 0.6264591439688716
257 0.627906976744186
258 0.6293436293436293
259 0.6307692307692307
260 0.632183908045977
261 0.6335877862595419
262 0.6311787072243346
263 0.6325757575757576
264 0.6339622641509434
265 0.631578947368421
266 0.6329588014981273
267 0.6343283582089553
268 0.6319702602230484
269 0.6296296296296297
270 0.6273062730627307
271 0.6286764705882353
272 0.6263736263736264
273 0.6277372262773723
274 0.6254545454545455
275 0.6268115942028986
276 0.628158844765343
277 0.6258992805755396
278 0.6272401433691757
279 0.6285714285714286
280 0.6298932384341637
281 0.6276595744680851
282 0.6289752650176679
283 0.6267605633802817
284 0.6280701754385964
285 0.6293706293706294
286 0.627177700348432
287 0.6284722222222222
288 0.629757785467128
289 0.6310344827586207
290 0.6323024054982818
291 0.6335616438356164
292 0.6348122866894198
293 0.6360544217687075
294 0.6372881355932203
295 0.6385135135135135
296 0.6363636363636364
297 0.6375838926174496
298 0.6387959866220736
299 0.6366666666666667
300 0.6378737541528239
301 0.6390728476821192
302 0.6402640264026402
303 0.6414473684210527
304 0.6426229508196721
305 0.6437908496732027
306 0.6449511400651465
307 0.6461038961038961
308 0.6440129449838188
309 0.6419354838709678
310 0.639871382636656
311 0.6378205128205128
312 0.6389776357827476
313 0.6369426751592356
314 0.6349206349206349
315 0.6360759493670886
316 0.637223974763407
317 0.6383647798742138
318 0.6394984326018809
319 0.640625
320 0.6386292834890965
321 0.6366459627329193
322 0.6377708978328174
323 0.6358024691358025
324 0.6369230769230769
325 0.6380368098159509
326 0.636085626911315
327 0.6371951219512195
328 0.6382978723404256
329 0.6363636363636364
330 0.6374622356495468
331 0.6355421686746988
332 0.6366366366366366
333 0.6347305389221557
334 0.6358208955223881
335 0.6369047619047619
336 0.6350148367952523
337 0.6331360946745562
338 0.6342182890855457
339 0.6352941176470588
340 0.6363636363636364
341 0.6374269005847953
342 0.6384839650145773
343 0.6366279069767442
344 0.6376811594202898
345 0.638728323699422
346 0.6368876080691642
347 0.6379310344827587
348 0.6389684813753582
349 0.64
350 0.6410256410256411
351 0.6420454545454546
352 0.6430594900849859
353 0.6412429378531074
354 0.6422535211267606
355 0.6432584269662921
356 0.6414565826330533
357 0.6424581005586593
358 0.6406685236768802
359 0.6416666666666667
360 0.6426592797783933
361 0.6408839779005525
362 0.6391184573002755
363 0.6401098901098901
364 0.6383561643835617
365 0.6366120218579235
366 0.6376021798365122
367 0.6358695652173914
368 0.6368563685636857
369 0.6378378378378379
370 0.6388140161725068
371 0.6397849462365591
372 0.6407506702412868
373 0.6390374331550802
374 0.64
375 0.6409574468085106
376 0.6419098143236074
377 0.6428571428571429
378 0.6437994722955145
379 0.6447368421052632
380 0.6456692913385826
381 0.6465968586387435
382 0.6475195822454308
383 0.6484375
384 0.6467532467532467
385 0.6476683937823834
386 0.648578811369509
387 0.6494845360824743
388 0.6478149100257069
389 0.6487179487179487
390 0.649616368286445
391 0.6505102040816326
392 0.6513994910941476
393 0.6522842639593909
394 0.6531645569620254
395 0.6515151515151515
396 0.6523929471032746
397 0.6532663316582915
398 0.6541353383458647
399 0.655
400 0.655860349127182
401 0.6567164179104478
402 0.6550868486352357
403 0.655940594059406
404 0.6567901234567901
405 0.6551724137931034
406 0.6560196560196561
407 0.6544117647058824
408 0.6552567237163814
409 0.6536585365853659
410 0.6520681265206812
411 0.6529126213592233
412 0.6513317191283293
413 0.6497584541062802
414 0.6506024096385542
415 0.6514423076923077
416 0.6522781774580336
417 0.65311004784689
418 0.6539379474940334
419 0.6523809523809524
420 0.6532066508313539
421 0.6516587677725119
422 0.6524822695035462
423 0.6533018867924528
424 0.6541176470588236
425 0.6549295774647887
426 0.6557377049180327
427 0.6542056074766355
428 0.6526806526806527
429 0.6511627906976745
430 0.6519721577726219
431 0.6527777777777778
432 0.6535796766743649
433 0.652073732718894
434 0.6528735632183909
435 0.6513761467889908
436 0.6521739130434783
437 0.6529680365296804
438 0.6514806378132119
439 0.6522727272727272
440 0.6530612244897959
441 0.6515837104072398
442 0.6523702031602708
443 0.6531531531531531
444 0.6539325842696629
445 0.6547085201793722
446 0.6554809843400448
447 0.65625
448 0.6547884187082406
449 0.6555555555555556
450 0.6541019955654102
451 0.6526548672566371
452 0.6512141280353201
453 0.6519823788546255
454 0.6505494505494506
455 0.6513157894736842
456 0.6520787746170679
457 0.6506550218340611
458 0.6514161220043573
459 0.6521739130434783
460 0.6529284164859002
461 0.6536796536796536
462 0.652267818574514
463 0.6508620689655172
464 0.6516129032258065
465 0.6523605150214592
466 0.6509635974304069
467 0.6517094017094017
468 0.652452025586354
469 0.6510638297872341
470 0.6496815286624203
471 0.6504237288135594
472 0.6511627906976745
473 0.6518987341772152
474 0.6526315789473685
475 0.6512605042016807
476 0.6519916142557652
477 0.6527196652719666
478 0.6534446764091858
479 0.6541666666666667
480 0.6528066528066528
481 0.6535269709543569
482 0.6521739130434783
483 0.6508264462809917
484 0.6515463917525773
485 0.6502057613168725
486 0.6509240246406571
487 0.6495901639344263
488 0.6482617586912065
489 0.6489795918367347
490 0.6476578411405295
491 0.6483739837398373
492 0.6490872210953347
493 0.6497975708502024
494 0.6484848484848484
495 0.6491935483870968
496 0.6498993963782697
497 0.6506024096385542
498 0.6513026052104208
499 0.65
500 0.6506986027944112
501 0.651394422310757
502 0.6500994035785288
503 0.6507936507936508
504 0.6514851485148515
505 0.650197628458498
506 0.650887573964497
507 0.6515748031496063
508 0.650294695481336
509 0.6509803921568628
510 0.6516634050880626
511 0.65234375
512 0.6510721247563352
513 0.6517509727626459
514 0.6524271844660194
515 0.6511627906976745
516 0.6518375241779497
517 0.6525096525096525
518 0.651252408477842
519 0.6519230769230769
520 0.6525911708253359
521 0.6532567049808429
522 0.6520076481835564
523 0.6526717557251909
524 0.6533333333333333
525 0.6539923954372624
526 0.6546489563567363
527 0.6553030303030303
528 0.6540642722117203
529 0.6528301886792452
530 0.6534839924670434
531 0.6541353383458647
532 0.6547842401500938
533 0.653558052434457
534 0.6542056074766355
535 0.6548507462686567
536 0.6554934823091247
537 0.6561338289962825
538 0.6549165120593692
539 0.6555555555555556
540 0.6561922365988909
541 0.6549815498154982
542 0.6556169429097606
543 0.6544117647058824
544 0.653211009174312
545 0.652014652014652
546 0.6526508226691042
547 0.6532846715328468
548 0.6520947176684881
549 0.6527272727272727
550 0.6515426497277677
551 0.6521739130434783
552 0.650994575045208
553 0.6516245487364621
554 0.6504504504504505
555 0.6492805755395683
556 0.6499102333931778
557 0.6505376344086021
558 0.6511627906976745
559 0.6517857142857143
560 0.6524064171122995
561 0.6530249110320284
562 0.6518650088809946
563 0.6524822695035462
564 0.6530973451327433
565 0.6537102473498233
566 0.654320987654321
567 0.6549295774647887
568 0.655536028119508
569 0.656140350877193
570 0.6549912434325744
571 0.6555944055944056
572 0.6561954624781849
573 0.6567944250871081
574 0.6556521739130434
575 0.65625
576 0.6551126516464472
577 0.6557093425605537
578 0.6563039723661486
579 0.656896551724138
580 0.657487091222031
581 0.6580756013745704
582 0.6586620926243568
583 0.6575342465753424
584 0.6564102564102564
585 0.6569965870307167
586 0.6575809199318569
587 0.6564625850340136
588 0.6570458404074703
589 0.6576271186440678
590 0.6582064297800339
591 0.6587837837837838
592 0.657672849915683
593 0.6582491582491582
594 0.6588235294117647
595 0.6577181208053692
596 0.6582914572864321
597 0.6588628762541806
598 0.659432387312187
599 0.6583333333333333
600 0.6572379367720466
601 0.6578073089700996
602 0.6583747927031509
603 0.6589403973509934
604 0.6595041322314049
605 0.6584158415841584
606 0.6589785831960461
607 0.6595394736842105
608 0.6600985221674877
609 0.660655737704918
610 0.6612111292962357
611 0.6617647058823529
612 0.6623164763458401
613 0.6612377850162866
614 0.6601626016260163
615 0.6607142857142857
616 0.6596434359805511
617 0.6601941747572816
618 0.6607431340872375
619 0.6596774193548387
620 0.6586151368760065
621 0.6591639871382636
622 0.6597110754414125
623 0.6602564102564102
624 0.6592
625 0.6597444089456869
626 0.6602870813397129
627 0.660828025477707
628 0.6613672496025437
629 0.6619047619047619
630 0.6624405705229794
631 0.6629746835443038
632 0.6635071090047393
633 0.6640378548895899
634 0.662992125984252
635 0.6635220125786163
636 0.6640502354788069
637 0.6630094043887147
638 0.6635367762128326
639 0.6640625
640 0.6645865834633385
641 0.6651090342679128
642 0.6640746500777605
643 0.6645962732919255
644 0.6651162790697674
645 0.6656346749226006
646 0.6661514683153014
647 0.6666666666666666
648 0.6671802773497689
649 0.6661538461538462
650 0.6666666666666666
651 0.6656441717791411
652 0.666156202143951
653 0.6666666666666666
654 0.667175572519084
655 0.6676829268292683
656 0.6681887366818874
657 0.668693009118541
658 0.6676783004552352
659 0.6681818181818182
660 0.6686838124054463
661 0.6691842900302115
662 0.669683257918552
663 0.6701807228915663
664 0.6706766917293233
665 0.6711711711711712
666 0.671664167916042
667 0.6721556886227545
668 0.6711509715994021
669 0.6716417910447762
670 0.6721311475409836
671 0.6726190476190477
672 0.6731054977711739
673 0.6735905044510386
674 0.674074074074074
675 0.6730769230769231
676 0.672082717872969
677 0.672566371681416
678 0.6715758468335787
679 0.6720588235294118
680 0.6725403817914831
681 0.6730205278592375
682 0.6734992679355783
683 0.6739766081871345
684 0.672992700729927
685 0.673469387755102
686 0.6724890829694323
687 0.6729651162790697
688 0.6734397677793904
689 0.6739130434782609
690 0.6743849493487699
691 0.6748554913294798
692 0.6753246753246753
693 0.6757925072046109
694 0.6762589928057554
695 0.6767241379310345
696 0.6771879483500718
697 0.6776504297994269
698 0.6781115879828327
699 0.6785714285714286
700 0.6790299572039943
701 0.6780626780626781
702 0.6785206258890469
703 0.6775568181818182
704 0.6780141843971631
705 0.6784702549575071
706 0.6789250353606789
707 0.6793785310734464
708 0.6798307475317349
709 0.680281690140845
