0 0.5
1 0.5
2 0.0
3 0.0
4 0.0
5 0.3366890003703579
6 0.25124359233671517
7 0.19997979961216078
8 0.33668900037035787
9 0.4343285671000876
10 0.5075496136950216
11 0.5075496136950216
12 0.5644916480286103
13 0.5644916480286103
14 0.5644916480286103
15 0.5054554737882063
16 0.5054554737882063
17 0.5527071723633736
18 0.5527071723633736
19 0.5040598504167383
20 0.5445517096505954
21 0.5445517096505954
22 0.5445517096505954
23 0.5030633791722599
24 0.4671152968210226
25 0.4356686637481222
26 0.40792910421326434
27 0.4437067556346035
28 0.4437067556346035
29 0.4437067556346035
30 0.418181630917479
31 0.3952163611043706
32 0.427001553882833
33 0.427001553882833
34 0.4558869775368975
35 0.43379790152982706
36 0.43379790152982706
37 0.4135574135477016
38 0.4135574135477016
39 0.4399525064723113
40 0.46430696615948175
41 0.44477013753317096
42 0.4674066447471639
43 0.4489194985790431
44 0.4489194985790431
45 0.43167323878134156
46 0.43167323878134156
47 0.4155477747355655
48 0.4155477747355655
49 0.4155477747355655
50 0.4155477747355655
51 0.40043802699505904
52 0.42167879308017187
53 0.42167879308017187
54 0.42167879308017187
55 0.44165901954702125
56 0.4604867599165378
57 0.4453185514405927
58 0.4453185514405927
59 0.463179759484745
60 0.463179759484745
61 0.463179759484745
62 0.48009039142578125
63 0.4652851678917424
64 0.4512294134376415
65 0.43786828171837033
66 0.43786828171837033
67 0.43786828171837033
68 0.4251521496805542
69 0.4251521496805542
70 0.44153437128701783
71 0.44153437128701783
72 0.44153437128701783
73 0.45716066559233454
74 0.45716066559233454
75 0.4720814374036253
76 0.48634270870822904
77 0.49998658493046
78 0.5130516629062573
79 0.5255733889017427
80 0.5375843736695378
81 0.5491146704396214
82 0.5356240216814292
83 0.5468689935822504
84 0.5576878730057724
85 0.5681039114983776
86 0.5549044342979741
87 0.5421800353335927
88 0.5421800353335927
89 0.5525441935885517
90 0.5625473073473046
91 0.5625473073473046
92 0.5722074400466602
93 0.581541470808495
94 0.5905651899482599
95 0.5905651899482599
96 0.5905651899482599
97 0.5779757171655587
98 0.5868716100444543
99 0.5868716100444543
100 0.574636438266193
101 0.574636438266193
102 0.5627849136616903
103 0.5717074109766558
104 0.5803577923599316
105 0.568754418518742
106 0.5772912075996317
107 0.5772912075996317
108 0.5855778324183711
109 0.5742075795989163
110 0.582398123464809
111 0.582398123464809
112 0.571297636099788
113 0.5605064910140106
114 0.5687348694088475
115 0.5581788549647659
116 0.5663096807055821
117 0.5559747392274701
118 0.5459114252009186
119 0.5540645256443808
120 0.5620080485684713
121 0.5520745178662215
122 0.5520745178662215
123 0.5599313298337023
124 0.5599313298337023
125 0.5675925607436307
126 0.575065051010232
127 0.575065051010232
128 0.5823553267185312
129 0.5894696174828026
130 0.5964138731010691
131 0.5863946238599407
132 0.5863946238599407
133 0.5863946238599407
134 0.5932959217855988
135 0.6000369978233036
136 0.6000369978233036
137 0.6066230387503295
138 0.6066230387503295
139 0.596698184730798
140 0.5869974144340099
141 0.5869974144340099
142 0.5936700158168685
143 0.6001946448300536
144 0.6001946448300536
145 0.6065758509240944
146 0.6065758509240944
147 0.5969517929458297
148 0.6033093444944944
149 0.6095306940371297
150 0.6095306940371297
151 0.6156198678288144
152 0.6060729934783163
153 0.6060729934783163
154 0.6060729934783163
155 0.6121484499855028
156 0.6180979430593875
157 0.6086669172246926
158 0.6086669172246926
159 0.6086669172246926
160 0.6146067005284278
161 0.6204261925717828
162 0.6261287257748004
163 0.6317175115233638
164 0.6223208300424357
165 0.6131088292704383
166 0.6188084725113511
167 0.6097351799923693
168 0.6154308899279417
169 0.6210178050319385
170 0.6264987387850594
171 0.6174784107961682
172 0.6229618400030423
173 0.614070255578651
174 0.6195552241353878
175 0.6249395577030596
176 0.6249395577030596
177 0.6302257361411694
178 0.6302257361411694
179 0.6213794245679463
180 0.6213794245679463
181 0.6213794245679463
182 0.6266726538424294
183 0.6266726538424294
184 0.6318711904472254
185 0.6369772972493588
186 0.6281762089591184
187 0.63329414754963
188 0.6383227110652012
189 0.6296018988792587
190 0.6296018988792587
191 0.634643841221188
192 0.6395992514514561
193 0.6395992514514561
194 0.6395992514514561
195 0.6444700943628497
196 0.6357905423935081
197 0.6406786678633417
198 0.6454847463345659
199 0.6454847463345659
200 0.6502105896559083
201 0.6548579576524887
202 0.6594285599821978
203 0.6594285599821978
204 0.6639240579130808
205 0.6551883014885946
206 0.6551883014885946
207 0.659710971101503
208 0.6641604536858394
209 0.6555027860168624
210 0.6599798912828974
211 0.6643856120473723
212 0.6643856120473723
213 0.6643856120473723
214 0.6643856120473723
215 0.6558023935356239
216 0.6602361509075331
217 0.6602361509075331
218 0.6646002203835581
219 0.668896016871491
220 0.6731249181420935
221 0.6772882660410745
222 0.6813873676538482
223 0.6854234964252081
224 0.6767637747764735
225 0.6682359244448531
226 0.6724056139981278
227 0.6765123508308086
228 0.6765123508308086
229 0.6805573471612011
230 0.6805573471612011
231 0.6845417851746253
232 0.6760244956708009
233 0.6676336741183246
234 0.6676336741183246
235 0.6717490812696316
236 0.6758038717757773
237 0.6797991747898386
238 0.6714409408393056
239 0.6714409408393056
240 0.675471373845066
241 0.6794433610578309
242 0.6711460631598045
243 0.6629681797795114
244 0.6670659433193724
245 0.6711051664518285
246 0.675086895065914
247 0.6669312099178343
248 0.6588907847759504
249 0.6509635909750979
250 0.6551543777498134
251 0.6592865546954935
252 0.6633611384389616
253 0.6673791232015941
254 0.6673791232015941
255 0.6594289452862617
256 0.6634782658074561
257 0.6556045240397663
258 0.6596839745820774
259 0.6518842453743825
260 0.6518842453743825
261 0.6441907642881182
262 0.6366017557279889
263 0.6366017557279889
264 0.6408752263163584
265 0.6408752263163584
266 0.6408752263163584
267 0.6408752263163584
268 0.6450910232550424
269 0.6492500975951188
270 0.6533533806196585
271 0.6533533806196585
272 0.6457230212913554
273 0.6457230212913554
274 0.6498536039146374
275 0.6498536039146374
276 0.6498536039146374
277 0.6539292649938299
278 0.6539292649938299
279 0.6539292649938299
280 0.6579508909052942
281 0.6579508909052942
282 0.6579508909052942
283 0.6619193500635124
284 0.6619193500635124
285 0.6658354933726468
286 0.6658354933726468
287 0.669700154664494
288 0.669700154664494
289 0.661967078023889
290 0.6543351030077795
291 0.6543351030077795
292 0.6543351030077795
293 0.6583142702765997
294 0.6583142702765997
295 0.6507474365871686
296 0.6432787381900982
297 0.6432787381900982
298 0.6473668279720456
299 0.6473668279720456
300 0.6514021751779616
301 0.6439586183318092
302 0.6480212972148016
303 0.6520319603023796
304 0.6520319603023796
305 0.644612651879577
306 0.644612651879577
307 0.6486509477343108
308 0.6486509477343108
309 0.6486509477343108
310 0.6526379215236613
311 0.656574347881921
312 0.656574347881921
313 0.6491437220478322
314 0.6491437220478322
315 0.6491437220478322
316 0.6531092318669878
317 0.6570248224264892
318 0.6496180766679722
319 0.6535629655765576
320 0.6535629655765576
321 0.6574585358266862
322 0.6574585358266862
323 0.6574585358266862
324 0.6574585358266862
325 0.6500748216107923
326 0.6539998929044138
327 0.646672965848219
328 0.646672965848219
329 0.6506266211800921
330 0.6433548977110546
331 0.6473362549401038
332 0.6473362549401038
333 0.6473362549401038
334 0.6512685921310861
335 0.6512685921310861
336 0.6512685921310861
337 0.655152614113227
338 0.655152614113227
339 0.655152614113227
340 0.6589890133224541
341 0.6589890133224541
342 0.651666051715369
343 0.6555325830753436
344 0.6593519940438173
345 0.6520491274686584
346 0.6448349073880559
347 0.6448349073880559
348 0.6377080872431329
349 0.6377080872431329
350 0.6377080872431329
351 0.6306674417748799
352 0.6347408363168449
353 0.6387651637926977
354 0.642741105865657
355 0.642741105865657
356 0.6466693327344768
357 0.6466693327344768
358 0.650550503370156
359 0.6543852657467737
360 0.6581742570666191
361 0.6581742570666191
362 0.6581742570666191
363 0.6619181039797812
364 0.6619181039797812
365 0.6619181039797812
366 0.6656174227983557
367 0.6583410392949145
368 0.6583410392949145
369 0.6620725031237273
370 0.6657598151416915
371 0.6694035714206701
372 0.6621125681218843
373 0.6657894881197386
374 0.6694231903221575
375 0.6730142519304558
376 0.6765632409353439
377 0.6800707162963484
378 0.6835372281170287
379 0.6835372281170287
380 0.6835372281170287
381 0.6835372281170287
382 0.686963317816106
383 0.686963317816106
384 0.686963317816106
385 0.6903495182946168
386 0.6936963540991958
387 0.6970043415815964
388 0.6970043415815964
389 0.7002739890545472
390 0.7002739890545472
391 0.7035057969440447
392 0.7035057969440447
393 0.6959261484911573
394 0.6884339637712418
395 0.6884339637712418
396 0.6917856471517055
397 0.6917856471517055
398 0.6917856471517055
399 0.6843493702329395
400 0.6877398825849348
401 0.6910914915746481
402 0.6910914915746481
403 0.6944046965800166
404 0.6944046965800166
405 0.6976799894351382
406 0.7009178545683109
407 0.7041187691370348
408 0.7041187691370348
409 0.6965882563606552
410 0.6965882563606552
411 0.6998309753000429
412 0.703036833527217
413 0.695533379584941
414 0.695533379584941
415 0.6881150013402476
416 0.6914392725706864
417 0.6914392725706864
418 0.6947259468279523
419 0.6947259468279523
420 0.6947259468279523
421 0.6947259468279523
422 0.6947259468279523
423 0.6979754951533261
424 0.690550547666495
425 0.6938403212569779
426 0.6938403212569779
427 0.6938403212569779
428 0.6864687197620701
429 0.6864687197620701
430 0.6897977069537982
431 0.6897977069537982
432 0.6930893146029963
433 0.685739321729625
434 0.6890699428121371
435 0.6923632947265368
436 0.6956198359905698
437 0.6988400186059903
438 0.6988400186059903
439 0.7020242881694433
440 0.7051730839810806
441 0.7051730839810806
442 0.7082868391509671
443 0.7082868391509671
444 0.7082868391509671
445 0.7082868391509671
446 0.71136598070333
447 0.7144109296787003
448 0.7068783799637441
449 0.6994293015758003
450 0.6920626846904536
451 0.6953042550785531
452 0.6879888339492961
453 0.6912698495482371
454 0.6945146896120227
455 0.6945146896120227
456 0.6945146896120227
457 0.69772378796495
458 0.7008975724973514
459 0.7040364652619105
460 0.7040364652619105
461 0.7040364652619105
462 0.696651694064043
463 0.696651694064043
464 0.6893479560280132
465 0.6926032748719428
466 0.6958229390923519
467 0.6958229390923519
468 0.6990073713179785
469 0.7021569884985569
470 0.7052722019949419
471 0.7083534176675221
472 0.7114010359629624
473 0.7144154519993111
474 0.7144154519993111
475 0.7173970556495071
476 0.720346231623326
477 0.7232633595477951
478 0.7232633595477951
479 0.7232633595477951
480 0.7157220975346897
481 0.7186849183495959
482 0.7111977522907168
483 0.7111977522907168
484 0.703791681329557
485 0.7068749771403635
486 0.7099249301810793
487 0.7025411824315729
488 0.7056337362421191
489 0.7056337362421191
490 0.6983004682486457
491 0.6910462578875556
492 0.6942545406175579
493 0.6942545406175579
494 0.6974282876090724
495 0.7005678958024119
496 0.6933012512031752
497 0.6861126577107184
498 0.6790012217656884
499 0.6790012217656884
500 0.6823271037834236
501 0.6856173382810336
502 0.6856173382810336
503 0.6888723318028941
504 0.6920924857527674
505 0.6952781964690893
506 0.6952781964690893
507 0.6880871138431675
508 0.6913120428645466
509 0.6841668545548941
510 0.6874301132011174
511 0.6906585825563057
512 0.693852655537218
513 0.6970127201702384
514 0.6970127201702384
515 0.7001391596614575
516 0.6929169248138123
517 0.6960836191959997
518 0.6960836191959997
519 0.6889077232998384
520 0.6818079969119191
521 0.6818079969119191
522 0.6747835865629006
523 0.6678336492681491
524 0.6678336492681491
525 0.6609573523802165
526 0.6541538734437655
527 0.657712751702779
528 0.661233985456998
529 0.664717993814401
530 0.668165190788832
531 0.6612973934715918
532 0.664777809723454
533 0.6682215126312097
534 0.6682215126312097
535 0.6716289088680406
536 0.6750004002059619
537 0.6680718067062974
538 0.6680718067062974
539 0.6680718067062974
540 0.6714780079617894
541 0.6748483726807915
542 0.6781832959073276
543 0.6814831679631363
544 0.6847483745115539
545 0.6847483745115539
546 0.6847483745115539
547 0.6879792966203877
548 0.6879792966203877
549 0.6879792966203877
550 0.6879792966203877
551 0.6879792966203877
552 0.6911763108237967
553 0.6911763108237967
554 0.6943397891831982
555 0.6872289555763156
556 0.6872289555763156
557 0.6801926418019688
558 0.6801926418019688
559 0.6732300323552611
560 0.6765741354566752
561 0.6798832419128892
562 0.6729286790962762
563 0.6729286790962762
564 0.6660468312016242
565 0.6592369058771823
566 0.662720220427798
567 0.6559473320781715
568 0.6594627192524377
569 0.6629414307481635
570 0.6663838645792971
571 0.6697904141279076
572 0.6697904141279076
573 0.6697904141279076
574 0.6629526365389543
575 0.6663927779253513
576 0.6697971031453829
577 0.6697971031453829
578 0.6629634958206713
579 0.6629634958206713
580 0.6629634958206713
581 0.6664014157610894
582 0.6698035854887017
583 0.6698035854887017
584 0.6698035854887017
585 0.6731703905965113
586 0.6663078432285687
587 0.6595165752128761
588 0.6595165752128761
589 0.6595165752128761
590 0.6629862468374335
591 0.6562314199194881
592 0.6597332416633322
593 0.6597332416633322
594 0.6530140782355122
595 0.646364575194568
596 0.6499649111854038
597 0.6535279477780105
598 0.6570540844467693
599 0.6605437161234052
600 0.6639972332539588
601 0.6674150218549386
602 0.6674150218549386
603 0.6606273057563864
604 0.653909764843807
605 0.6472616504852575
606 0.650847243058988
607 0.6543958024252609
608 0.6543958024252609
609 0.6543958024252609
610 0.6477460393635246
611 0.6411649131495745
612 0.6448101089066464
613 0.6484177037547522
614 0.6484177037547522
615 0.6484177037547522
616 0.6484177037547522
617 0.6519880971021311
618 0.6555216838810797
619 0.6488667766400492
620 0.6488667766400492
621 0.6422804321740128
622 0.6459109303990217
623 0.6393565528021835
624 0.6430156404944478
625 0.6364925574521324
626 0.6401796320075448
627 0.6336871860551504
628 0.6374016582310497
629 0.6309392063978324
630 0.6245431631138286
631 0.6283487729014602
632 0.6283487729014602
633 0.6321152971986759
634 0.6358431477566614
635 0.6358431477566614
636 0.6395327317808204
637 0.6431844519851332
638 0.6467987066457827
639 0.6402480020285483
640 0.6337644713748853
641 0.6273474091468328
642 0.6209961175533179
643 0.6209961175533179
644 0.6209961175533179
645 0.6248326929255738
646 0.6286299652109218
647 0.6222680328130101
648 0.6260903389091922
649 0.629873516160601
650 0.623501275715643
651 0.6171942373277304
652 0.6210660686506481
653 0.6147851075163798
654 0.6147851075163798
655 0.6147851075163798
656 0.6147851075163798
657 0.6147851075163798
658 0.6186804192198998
659 0.6186804192198998
660 0.6124249936815938
661 0.6062335029565848
662 0.6001052797734865
663 0.6001052797734865
664 0.6001052797734865
665 0.6041472500133109
666 0.6081479352743225
667 0.6081479352743225
668 0.6081479352743225
669 0.612107765898978
670 0.6160271675699631
671 0.6098032585611256
672 0.6137451271865507
673 0.617646775053911
674 0.617646775053911
675 0.6114084167111971
676 0.6114084167111971
677 0.6114084167111971
678 0.6052336857913928
679 0.5991219209014528
680 0.5930724677731503
681 0.5870846791813307
682 0.591253160963636
683 0.5953791679104117
684 0.5994631407125771
685 0.5934131242707736
686 0.5874247202358103
687 0.5874247202358103
688 0.5814972900478909
689 0.5756302019883687
690 0.5799115492865401
691 0.5740615040992142
692 0.5783579190197436
693 0.5826106265530685
694 0.5868200787534584
695 0.5868200787534584
696 0.5868200787534584
697 0.5909867228508248
698 0.5951110013051816
699 0.5951110013051816
700 0.5991933518604345
701 0.6032342075975039
702 0.6032342075975039
703 0.6032342075975039
704 0.6032342075975039
705 0.6032342075975039
706 0.607233996986794
707 0.607233996986794
708 0.607233996986794
709 0.6111931439400167
710 0.6050327087650028
711 0.5989348507488099
712 0.5989348507488099
713 0.5928989245340227
714 0.5928989245340227
715 0.5928989245340227
716 0.5970012755197732
717 0.590985766371651
718 0.5951067648927909
719 0.5991859348049838
720 0.6032237068421373
721 0.6032237068421373
722 0.5971473238619005
723 0.6012050357616042
724 0.6052215855928755
725 0.6091973967414808
726 0.6131328881214684
727 0.6069589025716974
728 0.6008475115913775
729 0.5947980720511832
730 0.5988774389595821
731 0.5988774389595821
732 0.602915464345057
733 0.596846433235618
734 0.596846433235618
735 0.6009043648484025
736 0.604921188461169
737 0.604921188461169
738 0.6088973257764955
739 0.6128331940654965
740 0.6128331940654965
741 0.6128331940654965
742 0.6066663286885633
743 0.6106241483926637
744 0.6106241483926637
745 0.6106241483926637
746 0.6145418996860754
747 0.6145418996860754
748 0.618419993097867
749 0.618419993097867
750 0.618419993097867
751 0.618419993097867
752 0.618419993097867
753 0.618419993097867
754 0.6222588348532156
755 0.6222588348532156
756 0.6222588348532156
757 0.6260588269204788
758 0.6197611908876856
759 0.6235858537263289
760 0.6235858537263289
761 0.6173138323634226
762 0.6111052549857214
763 0.6049594726269166
764 0.6089321027354804
765 0.6089321027354804
766 0.6028088679028408
767 0.6028088679028408
768 0.606802677917213
769 0.6007015321240089
770 0.604716091218634
771 0.604716091218634
772 0.6086900730950493
773 0.6025709422890382
774 0.6025709422890382
775 0.5965136475315344
776 0.5905175575313462
777 0.5905175575313462
778 0.5845820475705168
779 0.5845820475705168
780 0.5887573522804347
781 0.5887573522804347
782 0.5828401396771158
783 0.5870325277891487
784 0.5870325277891487
785 0.5911825762677911
786 0.585241877588165
787 0.5894095117460858
788 0.5935350685990675
789 0.5875715951485436
790 0.5875715951485436
791 0.5917152244678133
792 0.595817030735408
793 0.5898314718799897
794 0.5839063161254705
795 0.5839063161254705
796 0.5839063161254705
797 0.588085997637869
798 0.5922235076525973
799 0.5862751266601732
800 0.5862751266601732
801 0.5803867520554036
802 0.5846010396766097
803 0.5887728215868223
804 0.5929025301097194
805 0.596990593099759
806 0.596990593099759
807 0.6010374339898175
808 0.5950023346746305
809 0.5990688045000905
810 0.603094280089966
811 0.6070791779838632
812 0.6009844006326647
813 0.604990163382372
814 0.604990163382372
815 0.5989168362259311
816 0.6029430421082634
817 0.6029430421082634
818 0.606928678823325
819 0.606928678823325
820 0.6008365920650796
821 0.6008365920650796
822 0.6048430706664514
823 0.6088091879882598
824 0.6127353535759412
825 0.6127353535759412
826 0.616621972760451
827 0.6204694467028053
828 0.6142428124328924
829 0.6080788826360888
830 0.6120116754059803
831 0.6159048690472017
832 0.6197588649755712
833 0.6135404392973567
834 0.6174178977686396
835 0.6212563248407887
836 0.6150234966170903
837 0.6150234966170903
838 0.6150234966170903
839 0.6088534012508903
840 0.6027454033237643
841 0.5966988739336171
842 0.6007445206133574
843 0.6047494586015864
844 0.6047494586015864
845 0.6047494586015864
846 0.6047494586015864
847 0.6087141000277253
848 0.602608456172214
849 0.5965642380700756
850 0.5965642380700756
851 0.6006106140132109
852 0.6046162863269465
853 0.6085816668419985
854 0.6125071631747409
855 0.6163931787712779
856 0.6102117871578777
857 0.6102117871578777
858 0.6141205996263789
859 0.6179901058525972
860 0.6218207032574796
861 0.6218207032574796
862 0.6155855785932659
863 0.60941314274332
864 0.6133294258270365
865 0.6172063382840816
866 0.6110181462152545
867 0.6048921578582849
868 0.6088533551508215
869 0.6027493849445749
870 0.6027493849445749
871 0.6027493849445749
872 0.6067318618777756
873 0.6006494672715534
874 0.5946281973615365
875 0.5946281973615365
876 0.5886674348938624
877 0.5927906769804524
878 0.5968724888381366
879 0.6009132887196054
880 0.6009132887196054
881 0.6009132887196054
882 0.594890100251646
883 0.5889274240221085
884 0.5889274240221085
885 0.5889274240221085
886 0.5889274240221085
887 0.5889274240221085
888 0.5830246493102882
889 0.5771811716146683
890 0.5713963925884831
891 0.5713963925884831
892 0.5756919614300525
893 0.5756919614300525
894 0.5799443844634377
895 0.5741322990581741
896 0.5784001660520199
897 0.5826251711045459
898 0.5826251711045459
899 0.5868077464938942
900 0.5909483201022704
901 0.5909483201022704
902 0.5950473154613692
903 0.5950473154613692
904 0.5950473154613692
905 0.5950473154613692
906 0.5950473154613692
907 0.5950473154613692
908 0.599105151797316
909 0.599105151797316
910 0.6031222440751306
911 0.6031222440751306
912 0.5970788925471838
913 0.601116125374091
914 0.5950931164173283
915 0.5950931164173283
916 0.5950931164173283
917 0.5991500858077055
918 0.5991500858077055
919 0.5931470114483857
920 0.5872041985857607
921 0.5872041985857607
922 0.5813210399997708
923 0.5855156763701095
924 0.5855156763701095
925 0.5896682099362935
926 0.5896682099362935
927 0.5896682099362935
928 0.5937790648481502
929 0.5978486609516285
930 0.5918594119261642
931 0.5918594119261642
932 0.5959480915117509
933 0.5899780962624441
934 0.5840680105663372
935 0.578217231145971
936 0.578217231145971
937 0.5824422789642822
938 0.5824422789642822
939 0.5866249323803373
940 0.5866249323803373
941 0.5866249323803373
942 0.5866249323803373
943 0.5866249323803373
944 0.5907656182094921
945 0.5907656182094921
946 0.5848481500873557
947 0.589006494717704
948 0.5831068420405893
949 0.5872824917532518
950 0.5872824917532518
951 0.5872824917532518
952 0.5914162510646578
953 0.5955085415498568
954 0.5895441451279141
955 0.5895441451279141
956 0.5936550570370295
957 0.5936550570370295
958 0.5936550570370295
959 0.5877094094355385
960 0.5877094094355385
961 0.5877094094355385
962 0.5918385699113881
963 0.5918385699113881
964 0.5859112957646183
965 0.5800434715024093
966 0.5842492181525664
967 0.5884127841478101
968 0.5884127841478101
969 0.5884127841478101
970 0.5884127841478101
971 0.5884127841478101
972 0.5884127841478101
973 0.5825201680236788
974 0.5867009284833442
975 0.5908397625240834
976 0.5849230951099288
977 0.5890796156756607
978 0.5890796156756607
979 0.5931944564235437
980 0.5872544560472966
981 0.5913874606044314
982 0.5854657147611221
983 0.589616519727536
984 0.589616519727536
985 0.5837126632361072
986 0.5837126632361072
987 0.5878809125201631
988 0.5920073721938706
989 0.5860798056458666
990 0.5802116640574114
991 0.5744023502024019
992 0.5786635531529731
993 0.5828820399411881
994 0.5870582398046743
995 0.5870582398046743
996 0.5911925776472583
997 0.5852736782788424
998 0.5794141068406472
999 0.5836248280801245
1000 0.5836248280801245
1001 0.5836248280801245
1002 0.5777819001804059
1003 0.5820088651106032
1004 0.5861934650844652
1005 0.5803250209023041
1006 0.5845263844235132
1007 0.5845263844235132
1008 0.5845263844235132
1009 0.5886856423963536
1010 0.5928032177083515
1011 0.5968795289816127
1012 0.6009149906162048
1013 0.6009149906162048
1014 0.6009149906162048
1015 0.6049100128330948
1016 0.5988546521456342
1017 0.6028702157470782
1018 0.6068455418380979
1019 0.6007709925558473
1020 0.6047672515060571
1021 0.6047672515060571
1022 0.6047672515060571
1023 0.6047672515060571
1024 0.6087234688084057
1025 0.6026303031293972
1026 0.6066078330460534
1027 0.6105455113150411
1028 0.6144437379743379
1029 0.6082935499908726
1030 0.6122142437934941
1031 0.6160956583687215
1032 0.6199381879493566
1033 0.6199381879493566
1034 0.6237422227971481
1035 0.6237422227971481
1036 0.6174992492970764
1037 0.6174992492970764
1038 0.6213276269677769
1039 0.6213276269677769
1040 0.6213276269677769
1041 0.6151089310544265
1042 0.6151089310544265
1043 0.6089525300442522
1044 0.6028577988373671
1045 0.6068325820186959
1046 0.6007591717387848
1047 0.6047548916560951
1048 0.6087105884185847
1049 0.6126266635719277
1050 0.616503514620143
1051 0.6203415350665324
1052 0.6241411144542017
1053 0.6241411144542017
1054 0.6178948293676747
1055 0.6178948293676747
1056 0.6117111041984414
1057 0.6055893114134784
1058 0.5995288297936419
1059 0.5995288297936419
1060 0.6035365454701603
1061 0.6075041241664297
1062 0.6014246167252983
1063 0.6014246167252983
1064 0.6014246167252983
1065 0.6054132714487006
1066 0.6054132714487006
1067 0.60936198185555
1068 0.603264015330252
1069 0.5972271150307555
1070 0.601257659729927
1071 0.6052478429079188
1072 0.609198069296972
1073 0.609198069296972
1074 0.609198069296972
1075 0.609198069296972
1076 0.6131087395597415
1077 0.6131087395597415
1078 0.6131087395597415
1079 0.6169802503304375
1080 0.620812994255543
1081 0.6146007782655085
1082 0.6184572817087406
1083 0.6122687194049824
1084 0.6122687194049824
