0 1.0
1 1.0
2 1.0
3 1.0
4 1.0
5 1.0
6 1.0
7 1.0
8 1.0
9 1.0
10 0.9090909090909091
11 0.9166666666666666
12 0.9230769230769231
13 0.9285714285714286
14 0.9333333333333333
15 0.9375
16 0.8823529411764706
17 0.8888888888888888
18 0.8421052631578947
19 0.85
20 0.8571428571428571
21 0.8636363636363636
22 0.8695652173913043
23 0.875
24 0.88
25 0.8846153846153846
26 0.8888888888888888
27 0.8928571428571429
28 0.8620689655172413
29 0.8666666666666667
30 0.8709677419354839
31 0.84375
32 0.8484848484848485
33 0.8529411764705882
34 0.8571428571428571
35 0.8611111111111112
36 0.8648648648648649
37 0.868421052631579
38 0.8717948717948718
39 0.85
40 0.8536585365853658
41 0.8571428571428571
42 0.8604651162790697
43 0.8409090909090909
44 0.8222222222222222
45 0.8260869565217391
46 0.8297872340425532
47 0.8333333333333334
48 0.8367346938775511
49 0.84
50 0.8235294117647058
51 0.8269230769230769
52 0.8301886792452831
53 0.8148148148148148
54 0.8181818181818182
55 0.8214285714285714
56 0.8245614035087719
57 0.8275862068965517
58 0.8305084745762712
59 0.8333333333333334
60 0.8360655737704918
61 0.8387096774193549
62 0.8412698412698413
63 0.828125
64 0.8307692307692308
65 0.8333333333333334
66 0.835820895522388
67 0.8382352941176471
68 0.8405797101449275
69 0.8285714285714286
70 0.8309859154929577
71 0.8194444444444444
72 0.821917808219178
73 0.8243243243243243
74 0.8133333333333334
75 0.8157894736842105
76 0.8051948051948052
77 0.7948717948717948
78 0.7848101265822784
79 0.775
80 0.7777777777777778
81 0.7682926829268293
82 0.7710843373493976
83 0.7738095238095238
84 0.7764705882352941
85 0.7790697674418605
86 0.7816091954022989
87 0.7840909090909091
88 0.7865168539325843
89 0.7888888888888889
90 0.7802197802197802
91 0.782608695652174
92 0.7849462365591398
93 0.776595744680851
94 0.7789473684210526
95 0.7708333333333334
96 0.7731958762886598
97 0.7653061224489796
98 0.7676767676767676
99 0.77
100 0.7722772277227723
101 0.7647058823529411
102 0.7669902912621359
103 0.7692307692307693
104 0.7714285714285715
105 0.7641509433962265
106 0.7663551401869159
107 0.7592592592592593
108 0.7614678899082569
109 0.7636363636363637
110 0.7657657657657657
111 0.7589285714285714
112 0.7610619469026548
113 0.7631578947368421
114 0.7652173913043478
115 0.7672413793103449
116 0.7692307692307693
117 0.7627118644067796
118 0.7647058823529411
119 0.7583333333333333
120 0.7520661157024794
121 0.7459016393442623
122 0.7398373983739838
123 0.7419354838709677
124 0.744
125 0.746031746031746
126 0.7480314960629921
127 0.75
128 0.751937984496124
129 0.7538461538461538
130 0.7480916030534351
131 0.75
132 0.7518796992481203
133 0.753731343283582
134 0.7481481481481481
135 0.75
136 0.7518248175182481
137 0.7536231884057971
138 0.7482014388489209
139 0.75
140 0.75177304964539
141 0.7535211267605634
142 0.7552447552447552
143 0.7569444444444444
144 0.7517241379310344
145 0.7534246575342466
146 0.7551020408163265
147 0.7567567567567568
148 0.7583892617449665
149 0.76
150 0.7549668874172185
151 0.756578947368421
152 0.7581699346405228
153 0.7597402597402597
154 0.7612903225806451
155 0.7628205128205128
156 0.7643312101910829
157 0.7658227848101266
158 0.7672955974842768
159 0.76875
160 0.7701863354037267
161 0.7716049382716049
162 0.7730061349693251
163 0.7682926829268293
164 0.7696969696969697
165 0.7710843373493976
166 0.7724550898203593
167 0.7738095238095238
168 0.7751479289940828
169 0.7764705882352941
170 0.7777777777777778
171 0.7732558139534884
172 0.7745664739884393
173 0.7758620689655172
174 0.7771428571428571
175 0.7784090909090909
176 0.7796610169491526
177 0.7808988764044944
178 0.7821229050279329
179 0.7833333333333333
180 0.7790055248618785
181 0.7802197802197802
182 0.7814207650273224
183 0.782608695652174
184 0.7837837837837838
185 0.7849462365591398
186 0.786096256684492
187 0.7872340425531915
188 0.7883597883597884
189 0.7894736842105263
190 0.7905759162303665
191 0.7864583333333334
192 0.7875647668393783
193 0.788659793814433
194 0.7897435897435897
195 0.7908163265306123
196 0.7918781725888325
197 0.7929292929292929
198 0.7939698492462312
199 0.795
200 0.7910447761194029
201 0.7920792079207921
202 0.7881773399014779
203 0.7892156862745098
204 0.7902439024390244
205 0.7864077669902912
206 0.7874396135265701
207 0.7836538461538461
208 0.784688995215311
209 0.7857142857142857
210 0.7867298578199052
211 0.7877358490566038
212 0.784037558685446
213 0.780373831775701
214 0.7813953488372093
215 0.7824074074074074
216 0.7788018433179723
217 0.7752293577981652
218 0.776255707762557
219 0.7772727272727272
220 0.7782805429864253
221 0.7792792792792793
222 0.7802690582959642
223 0.78125
224 0.7822222222222223
225 0.7831858407079646
226 0.7841409691629956
227 0.7850877192982456
228 0.7860262008733624
229 0.7869565217391304
230 0.7878787878787878
231 0.7844827586206896
232 0.7854077253218884
233 0.7863247863247863
234 0.7829787234042553
235 0.7838983050847458
236 0.7848101265822784
237 0.7857142857142857
238 0.7866108786610879
239 0.7875
240 0.7883817427385892
241 0.7892561983471075
242 0.7901234567901234
243 0.7909836065573771
244 0.7918367346938775
245 0.7926829268292683
246 0.7935222672064778
247 0.7943548387096774
248 0.7951807228915663
249 0.796
250 0.796812749003984
251 0.7976190476190477
252 0.7944664031620553
253 0.7952755905511811
254 0.796078431372549
255 0.796875
256 0.7976653696498055
257 0.7984496124031008
258 0.7992277992277992
259 0.7961538461538461
260 0.7969348659003831
261 0.7977099236641222
262 0.7984790874524715
263 0.7992424242424242
264 0.8
265 0.7969924812030075
266 0.797752808988764
267 0.7985074626865671
268 0.7955390334572491
269 0.7962962962962963
270 0.7970479704797048
271 0.7977941176470589
272 0.7948717948717948
273 0.7956204379562044
274 0.7963636363636364
275 0.7971014492753623
276 0.7978339350180506
277 0.7949640287769785
278 0.7956989247311828
279 0.7964285714285714
280 0.7935943060498221
281 0.7943262411347518
282 0.7950530035335689
283 0.795774647887324
284 0.7964912280701755
285 0.7937062937062938
286 0.794425087108014
287 0.7951388888888888
288 0.7958477508650519
289 0.7931034482758621
290 0.7938144329896907
291 0.7945205479452054
292 0.7952218430034129
293 0.7959183673469388
294 0.7966101694915254
295 0.793918918918919
296 0.7912457912457912
297 0.7919463087248322
298 0.7926421404682275
299 0.7933333333333333
300 0.7940199335548173
301 0.7947019867549668
302 0.7920792079207921
303 0.7927631578947368
304 0.7934426229508197
305 0.7908496732026143
306 0.7915309446254072
307 0.7922077922077922
308 0.7928802588996764
309 0.7935483870967742
310 0.7942122186495176
311 0.7916666666666666
312 0.7891373801916933
313 0.7866242038216561
314 0.7873015873015873
315 0.7848101265822784
316 0.7854889589905363
317 0.7830188679245284
318 0.7836990595611285
319 0.784375
320 0.7850467289719626
321 0.7857142857142857
322 0.7863777089783281
323 0.7870370370370371
324 0.7876923076923077
325 0.7883435582822086
326 0.7889908256880734
327 0.7865853658536586
328 0.7872340425531915
329 0.7878787878787878
330 0.7854984894259819
331 0.786144578313253
332 0.7867867867867868
333 0.7844311377245509
334 0.7850746268656716
335 0.7857142857142857
336 0.7863501483679525
337 0.7840236686390533
338 0.7846607669616519
339 0.7852941176470588
340 0.782991202346041
341 0.7807017543859649
342 0.7813411078717201
343 0.7819767441860465
344 0.782608695652174
345 0.7832369942196532
346 0.7838616714697406
347 0.7844827586206896
348 0.7851002865329513
349 0.7857142857142857
350 0.7834757834757835
351 0.7840909090909091
352 0.7847025495750708
353 0.7853107344632768
354 0.7859154929577464
355 0.7865168539325843
356 0.7871148459383753
357 0.7849162011173184
358 0.7855153203342619
359 0.7861111111111111
360 0.7867036011080333
361 0.787292817679558
362 0.7878787878787878
363 0.7884615384615384
364 0.7890410958904109
365 0.7896174863387978
366 0.7874659400544959
367 0.7880434782608695
368 0.7886178861788617
369 0.7891891891891892
370 0.7870619946091644
371 0.7876344086021505
372 0.7855227882037533
373 0.786096256684492
374 0.7866666666666666
375 0.7872340425531915
376 0.7877984084880637
377 0.7883597883597884
378 0.7889182058047494
379 0.7894736842105263
380 0.7900262467191601
381 0.7905759162303665
382 0.7911227154046997
383 0.7916666666666666
384 0.7922077922077922
385 0.7927461139896373
386 0.7932816537467701
387 0.7938144329896907
388 0.794344473007712
389 0.7948717948717948
390 0.7953964194373402
391 0.7959183673469388
392 0.7964376590330788
393 0.7969543147208121
394 0.7949367088607595
395 0.7929292929292929
396 0.7934508816120907
397 0.7939698492462312
398 0.7944862155388471
399 0.795
400 0.7955112219451371
401 0.7960199004975125
402 0.794044665012407
403 0.7945544554455446
404 0.7950617283950617
405 0.7955665024630542
406 0.7960687960687961
407 0.7965686274509803
408 0.7970660146699267
409 0.7975609756097561
410 0.7980535279805353
411 0.7985436893203883
412 0.7966101694915254
413 0.7971014492753623
414 0.7975903614457831
415 0.7980769230769231
416 0.7961630695443646
417 0.7942583732057417
418 0.7947494033412887
419 0.7952380952380952
420 0.7957244655581948
421 0.7938388625592417
422 0.7943262411347518
423 0.7948113207547169
424 0.7952941176470588
425 0.795774647887324
426 0.7939110070257611
427 0.794392523364486
428 0.7948717948717948
429 0.7953488372093023
430 0.7958236658932715
431 0.7962962962962963
432 0.7967667436489607
433 0.7972350230414746
434 0.7977011494252874
435 0.7958715596330275
436 0.7940503432494279
437 0.7945205479452054
438 0.7949886104783599
439 0.7954545454545454
440 0.7959183673469388
441 0.7963800904977375
442 0.7968397291196389
443 0.795045045045045
444 0.7955056179775281
445 0.7959641255605381
446 0.796420581655481
447 0.796875
448 0.7973273942093542
449 0.7977777777777778
450 0.7982261640798226
451 0.7986725663716814
452 0.7991169977924945
453 0.7995594713656388
454 0.8
455 0.8004385964912281
456 0.7986870897155361
457 0.7991266375545851
458 0.7995642701525054
459 0.7978260869565217
460 0.7982646420824295
461 0.7987012987012987
462 0.796976241900648
463 0.7974137931034483
464 0.7978494623655914
465 0.796137339055794
466 0.7965738758029979
467 0.7970085470085471
468 0.7974413646055437
469 0.7978723404255319
470 0.7961783439490446
471 0.7966101694915254
472 0.7970401691331924
473 0.7974683544303798
474 0.7957894736842105
475 0.7962184873949579
476 0.7966457023060797
477 0.7949790794979079
478 0.7954070981210856
479 0.7958333333333333
480 0.7962577962577962
481 0.7966804979253111
482 0.7971014492753623
483 0.7954545454545454
484 0.7958762886597938
485 0.7962962962962963
486 0.7967145790554415
487 0.7971311475409836
488 0.7955010224948875
489 0.7959183673469388
490 0.7963340122199593
491 0.7967479674796748
492 0.7971602434077079
493 0.7975708502024291
494 0.797979797979798
495 0.7983870967741935
496 0.7967806841046278
497 0.7971887550200804
498 0.7975951903807615
499 0.798
500 0.7984031936127745
501 0.798804780876494
502 0.7972166998011928
503 0.7976190476190477
504 0.7980198019801981
505 0.7984189723320159
506 0.7988165680473372
507 0.7992125984251969
508 0.7976424361493124
509 0.7980392156862746
510 0.7984344422700587
511 0.798828125
512 0.7992202729044834
513 0.7996108949416343
514 0.8
515 0.8003875968992248
516 0.8007736943907157
517 0.8011583011583011
518 0.7996146435452793
519 0.8
520 0.800383877159309
521 0.8007662835249042
522 0.7992351816443595
523 0.799618320610687
524 0.8
525 0.7984790874524715
526 0.7988614800759013
527 0.7992424242424242
528 0.7977315689981096
529 0.7981132075471699
530 0.7984934086629002
531 0.7988721804511278
532 0.799249530956848
533 0.799625468164794
534 0.8
535 0.8003731343283582
536 0.8007448789571695
537 0.8011152416356877
538 0.7996289424860853
539 0.8
540 0.800369685767098
541 0.8007380073800738
542 0.8011049723756906
543 0.8014705882352942
544 0.8018348623853211
545 0.8021978021978022
546 0.8025594149908593
547 0.8029197080291971
548 0.8014571948998178
549 0.8018181818181818
550 0.8003629764065335
551 0.7989130434782609
552 0.7992766726943942
553 0.7978339350180506
554 0.7963963963963964
555 0.7967625899280576
556 0.7953321364452424
557 0.7956989247311828
558 0.7960644007155635
559 0.7946428571428571
560 0.7950089126559715
561 0.7935943060498221
562 0.7939609236234458
563 0.7943262411347518
564 0.7946902654867256
565 0.7950530035335689
566 0.7954144620811288
567 0.7940140845070423
568 0.7943760984182777
569 0.7947368421052632
570 0.7950963222416813
571 0.7954545454545454
572 0.7958115183246073
573 0.7961672473867596
574 0.7947826086956522
575 0.7951388888888888
576 0.7954939341421143
577 0.7958477508650519
578 0.7962003454231433
579 0.7965517241379311
580 0.7969018932874354
581 0.7972508591065293
582 0.7975986277873071
583 0.797945205479452
584 0.7982905982905983
585 0.7969283276450512
586 0.797274275979557
587 0.7976190476190477
588 0.797962648556876
589 0.7983050847457627
590 0.7986463620981388
591 0.7989864864864865
592 0.7993254637436762
593 0.7996632996632996
594 0.8
595 0.8003355704697986
596 0.8006700167504187
597 0.8010033444816054
598 0.7996661101836394
599 0.8
600 0.800332778702163
601 0.8006644518272426
602 0.8009950248756219
603 0.8013245033112583
604 0.8016528925619835
605 0.801980198019802
606 0.8023064250411862
607 0.8026315789473685
608 0.8029556650246306
609 0.8032786885245902
610 0.8019639934533551
611 0.8022875816993464
612 0.800978792822186
613 0.8013029315960912
614 0.8016260162601626
615 0.801948051948052
616 0.8022690437601296
617 0.8009708737864077
618 0.8012924071082391
619 0.8016129032258065
620 0.8019323671497585
621 0.8022508038585209
622 0.8025682182985554
623 0.8028846153846154
624 0.8032
625 0.8019169329073482
626 0.8022328548644339
627 0.802547770700637
628 0.8012718600953895
629 0.8015873015873016
630 0.8019017432646592
631 0.8006329113924051
632 0.7993680884676145
633 0.7996845425867508
634 0.8
635 0.800314465408805
636 0.7990580847723705
637 0.799373040752351
638 0.7996870109546166
639 0.8
640 0.8003120124804992
641 0.7990654205607477
642 0.7993779160186625
643 0.7996894409937888
644 0.8
645 0.8003095975232198
646 0.8006182380216383
647 0.8009259259259259
648 0.8012326656394453
649 0.8015384615384615
650 0.8018433179723502
651 0.8021472392638037
652 0.8024502297090352
653 0.8027522935779816
654 0.8015267175572519
655 0.801829268292683
656 0.802130898021309
657 0.8024316109422492
658 0.802731411229135
659 0.803030303030303
660 0.8033282904689864
661 0.8021148036253777
662 0.8024132730015083
663 0.802710843373494
664 0.8030075187969925
665 0.8033033033033034
666 0.8035982008995503
667 0.8038922155688623
668 0.804185351270553
669 0.8044776119402985
670 0.8032786885245902
671 0.8035714285714286
672 0.8038632986627043
673 0.8041543026706232
674 0.8044444444444444
675 0.8047337278106509
676 0.8050221565731167
677 0.8053097345132744
678 0.8055964653902798
679 0.8058823529411765
680 0.8061674008810573
681 0.8064516129032258
682 0.8067349926793558
683 0.8070175438596491
684 0.8072992700729927
685 0.8075801749271136
686 0.8078602620087336
687 0.8066860465116279
688 0.8055152394775036
689 0.8057971014492754
690 0.8060781476121563
691 0.8063583815028902
692 0.8066378066378066
693 0.8069164265129684
694 0.8071942446043165
695 0.8074712643678161
696 0.8077474892395983
697 0.8080229226361032
698 0.8068669527896996
699 0.8071428571428572
700 0.8074179743223966
701 0.8076923076923077
702 0.8079658605974396
703 0.8082386363636364
704 0.8085106382978723
705 0.8087818696883853
706 0.809052333804809
707 0.809322033898305
708 0.8095909732016925
709 0.8098591549295775
710 0.810126582278481
711 0.8103932584269663
712 0.8106591865357644
713 0.8109243697478992
714 0.8111888111888111
715 0.8100558659217877
716 0.810320781032078
717 0.8105849582172702
718 0.8108484005563282
719 0.8111111111111111
720 0.811373092926491
721 0.8116343490304709
722 0.8118948824343015
723 0.8121546961325967
724 0.8124137931034483
725 0.8112947658402204
726 0.8101788170563962
727 0.8104395604395604
728 0.8106995884773662
729 0.8095890410958904
730 0.8098495212038304
731 0.8087431693989071
732 0.8090040927694406
733 0.8092643051771117
734 0.8095238095238095
735 0.8084239130434783
736 0.8073270013568521
737 0.8075880758807588
738 0.8078484438430311
739 0.8081081081081081
740 0.8083670715249662
741 0.8086253369272237
742 0.8088829071332436
743 0.8077956989247311
744 0.8080536912751678
745 0.8083109919571045
746 0.8072289156626506
747 0.8074866310160428
748 0.807743658210948
749 0.808
750 0.8082556591211718
751 0.8085106382978723
752 0.8074369189907038
753 0.8076923076923077
754 0.8079470198675497
755 0.8082010582010583
756 0.808454425363276
757 0.8073878627968337
758 0.8076416337285902
759 0.8078947368421052
760 0.8068331143232589
761 0.8057742782152231
762 0.8060288335517694
763 0.806282722513089
764 0.8065359477124183
765 0.8054830287206266
766 0.8044328552803129
767 0.8046875
768 0.8049414824447334
769 0.8051948051948052
770 0.8054474708171206
771 0.805699481865285
772 0.8059508408796895
773 0.8062015503875969
774 0.8064516129032258
775 0.8067010309278351
776 0.806949806949807
777 0.8071979434447301
778 0.8074454428754814
779 0.8076923076923077
780 0.8079385403329066
781 0.8081841432225064
782 0.8084291187739464
783 0.8073979591836735
784 0.8076433121019109
785 0.8078880407124682
786 0.8081321473951716
787 0.8083756345177665
788 0.8073510773130546
789 0.8075949367088607
790 0.8078381795195955
791 0.8080808080808081
792 0.8083228247162674
793 0.8085642317380353
794 0.8088050314465409
795 0.8090452261306532
796 0.8092848180677541
797 0.8095238095238095
798 0.8097622027534418
799 0.80875
800 0.8089887640449438
801 0.8079800498753117
802 0.8082191780821918
803 0.8084577114427861
804 0.808695652173913
805 0.8089330024813896
806 0.8091697645600991
807 0.8094059405940595
808 0.8096415327564895
809 0.8098765432098766
810 0.8101109741060419
811 0.8103448275862069
812 0.8105781057810578
813 0.8095823095823096
814 0.8098159509202454
815 0.8100490196078431
816 0.8102815177478581
817 0.8105134474327629
818 0.8107448107448108
819 0.8109756097560976
820 0.8112058465286236
821 0.8114355231143552
822 0.8116646415552855
823 0.8118932038834952
824 0.8109090909090909
825 0.8111380145278451
826 0.81136638452237
827 0.8115942028985508
828 0.8118214716525934
829 0.8120481927710843
830 0.8122743682310469
831 0.8125
832 0.8115246098439376
833 0.8117505995203836
834 0.8119760479041916
835 0.812200956937799
836 0.8112305854241338
837 0.8102625298329356
838 0.8104886769964244
839 0.8107142857142857
840 0.8097502972651606
841 0.8099762470308789
842 0.8102016607354685
843 0.8092417061611374
844 0.8094674556213017
845 0.8096926713947991
846 0.8099173553719008
847 0.8101415094339622
848 0.8091872791519434
849 0.8094117647058824
850 0.8096357226792009
851 0.8086854460093896
852 0.8089097303634232
853 0.8091334894613583
854 0.8093567251461988
855 0.8095794392523364
856 0.809801633605601
857 0.8088578088578089
858 0.8090803259604191
859 0.8081395348837209
860 0.8083623693379791
861 0.808584686774942
862 0.8088064889918888
863 0.8090277777777778
864 0.8092485549132948
865 0.8094688221709007
866 0.8096885813148789
867 0.8099078341013825
868 0.80897583429229
869 0.8080459770114943
870 0.8071182548794489
871 0.8073394495412844
872 0.8075601374570447
873 0.8077803203661327
874 0.808
875 0.8082191780821918
876 0.8084378563283923
877 0.8086560364464692
878 0.8088737201365188
879 0.8090909090909091
880 0.8093076049943246
881 0.8095238095238095
882 0.8097395243488109
883 0.8099547511312217
884 0.8101694915254237
885 0.8103837471783296
886 0.8105975197294251
887 0.8108108108108109
888 0.8098987626546682
889 0.8101123595505618
890 0.8103254769921436
891 0.8094170403587444
892 0.8096304591265397
893 0.8087248322147651
894 0.8089385474860336
895 0.8080357142857143
896 0.8071348940914158
897 0.8073496659242761
898 0.8075639599555061
899 0.8077777777777778
900 0.8079911209766926
901 0.8082039911308204
902 0.8073089700996677
903 0.8064159292035398
904 0.8066298342541437
905 0.8068432671081678
906 0.8070562293274531
907 0.8072687224669604
908 0.8074807480748075
909 0.8065934065934066
910 0.8057080131723381
911 0.805921052631579
912 0.8061336254107339
913 0.8063457330415755
914 0.8065573770491803
915 0.8067685589519651
916 0.806979280261723
917 0.8071895424836601
918 0.8073993471164309
919 0.8076086956521739
920 0.8067318132464713
921 0.806941431670282
922 0.8060671722643553
923 0.8062770562770563
924 0.8054054054054054
925 0.8056155507559395
926 0.8058252427184466
927 0.8060344827586207
928 0.806243272335845
929 0.8064516129032258
930 0.8066595059076263
931 0.8068669527896996
932 0.8070739549839229
933 0.8072805139186295
934 0.8074866310160428
935 0.8066239316239316
936 0.8057630736392742
937 0.8059701492537313
938 0.8061767838125665
939 0.8063829787234043
940 0.8055260361317748
941 0.8057324840764332
942 0.8059384941675504
943 0.8061440677966102
944 0.8063492063492064
945 0.806553911205074
946 0.8067581837381204
947 0.8069620253164557
948 0.8061116965226555
949 0.8063157894736842
950 0.8065194532071503
951 0.8067226890756303
952 0.8069254984260231
953 0.8071278825995807
954 0.8073298429319372
955 0.8075313807531381
956 0.8077324973876698
957 0.8079331941544885
958 0.808133472367049
959 0.8083333333333333
960 0.8085327783558793
961 0.8087318087318087
962 0.8089304257528557
963 0.8091286307053942
964 0.8093264248704664
965 0.8095238095238095
966 0.8097207859358841
967 0.8088842975206612
968 0.8090815273477813
969 0.8092783505154639
970 0.8094747682801235
971 0.808641975308642
972 0.8088386433710175
973 0.8080082135523614
974 0.8082051282051282
975 0.8084016393442623
976 0.8085977482088025
977 0.8087934560327198
978 0.8089887640449438
979 0.8091836734693878
980 0.8093781855249745
981 0.8095723014256619
982 0.8097660223804679
983 0.8099593495934959
984 0.8091370558375635
985 0.8093306288032455
986 0.8095238095238095
987 0.8097165991902834
988 0.8099089989888777
989 0.8101010101010101
990 0.8102926337033299
991 0.8104838709677419
992 0.81067472306143
993 0.8098591549295775
994 0.8100502512562814
995 0.8102409638554217
996 0.8104312938816449
997 0.8106212424849699
998 0.8108108108108109
999 0.811
1000 0.8111888111888111
1001 0.811377245508982
1002 0.8115653040877367
1003 0.8117529880478087
1004 0.8119402985074626
1005 0.8121272365805169
1006 0.8123138033763655
1007 0.8125
1008 0.8126858275520317
1009 0.8128712871287128
1010 0.8130563798219584
1011 0.8132411067193676
1012 0.8134254689042448
1013 0.8136094674556213
1014 0.812807881773399
1015 0.812992125984252
1016 0.8131760078662733
1017 0.8133595284872298
1018 0.8135426889106968
1019 0.8137254901960784
1020 0.8139079333986288
1021 0.8140900195694716
1022 0.8132942326490714
1023 0.8134765625
1024 0.8136585365853658
1025 0.8138401559454191
1026 0.8140214216163584
1027 0.8142023346303502
1028 0.8134110787172012
1029 0.8135922330097087
1030 0.8137730358874878
1031 0.812984496124031
1032 0.8121974830590513
1033 0.8123791102514507
1034 0.81256038647343
1035 0.8127413127413128
1036 0.8119575699132112
1037 0.8121387283236994
1038 0.8123195380173244
1039 0.8125
1040 0.8126801152737753
1041 0.8128598848368522
1042 0.8120805369127517
1043 0.8122605363984674
1044 0.8124401913875599
1045 0.8126195028680688
1046 0.8127984718242598
1047 0.8129770992366412
1048 0.8122020972354623
1049 0.8123809523809524
1050 0.8116079923882017
1051 0.811787072243346
1052 0.811965811965812
1053 0.8111954459203036
1054 0.8113744075829384
1055 0.8115530303030303
1056 0.8117313150425733
1057 0.8109640831758034
1058 0.8111425873465533
1059 0.8113207547169812
1060 0.8105560791705938
1061 0.8107344632768362
1062 0.8099717779868297
1063 0.8101503759398496
1064 0.8093896713615023
1065 0.8095684803001876
1066 0.8088097469540768
1067 0.8089887640449438
1068 0.8091674462114126
1069 0.8093457943925234
1070 0.8095238095238095
1071 0.808768656716418
1072 0.8089468779123952
1073 0.8091247672253259
1074 0.8093023255813954
1075 0.8085501858736059
1076 0.8087279480037141
1077 0.8079777365491652
1078 0.8081556997219648
1079 0.8083333333333333
1080 0.8085106382978723
1081 0.8077634011090573
1082 0.8070175438596491
1083 0.8071955719557196
1084 0.8073732718894009
1085 0.8075506445672191
1086 0.8077276908923643
1087 0.8079044117647058
1088 0.8080808080808081
1089 0.808256880733945
1090 0.8075160403299725
1091 0.8076923076923077
1092 0.807868252516011
1093 0.8071297989031079
1094 0.8073059360730593
1095 0.8074817518248175
1096 0.8076572470373746
1097 0.807832422586521
1098 0.8070973612374887
1099 0.8072727272727273
1100 0.8074477747502271
1101 0.8076225045372051
1102 0.8077969174977334
1103 0.8070652173913043
1104 0.8063348416289593
1105 0.8065099457504521
1106 0.8066847335140018
1107 0.8068592057761733
1108 0.8070333633904418
1109 0.8072072072072072
1110 0.8073807380738074
1111 0.8075539568345323
1112 0.8077268643306379
1113 0.8070017953321365
1114 0.8071748878923767
1115 0.807347670250896
1116 0.8075201432408237
1117 0.8076923076923077
1118 0.8078641644325291
1119 0.8071428571428572
1120 0.8073148974130241
1121 0.8074866310160428
1122 0.8067675868210151
1123 0.8069395017793595
1124 0.8062222222222222
1125 0.80550621669627
1126 0.805678793256433
1127 0.8058510638297872
1128 0.8060230292294066
1129 0.8061946902654867
1130 0.8063660477453581
1131 0.8065371024734982
1132 0.8067078552515445
1133 0.8059964726631393
1134 0.8061674008810573
1135 0.8063380281690141
1136 0.8065083553210203
1137 0.8066783831282952
1138 0.8068481123792801
1139 0.8070175438596491
1140 0.8063102541630149
1141 0.8056042031523643
1142 0.8057742782152231
1143 0.8059440559440559
1144 0.8061135371179039
1145 0.8054101221640488
1146 0.8055797733217088
1147 0.8057491289198606
1148 0.8050478677110531
1149 0.8052173913043478
1150 0.8053866203301477
1151 0.8055555555555556
1152 0.805724197745013
1153 0.8050259965337955
1154 0.8051948051948052
1155 0.8053633217993079
1156 0.8046672428694901
1157 0.8048359240069085
1158 0.8050043140638481
1159 0.8051724137931034
1160 0.8053402239448751
1161 0.8055077452667814
1162 0.8048151332760103
1163 0.8049828178694158
1164 0.8051502145922746
1165 0.8053173241852487
1166 0.805484147386461
1167 0.8056506849315068
1168 0.8058169375534645
1169 0.8051282051282052
1170 0.8052946199829206
1171 0.8054607508532423
1172 0.8047740835464621
1173 0.8049403747870528
1174 0.8051063829787234
1175 0.8052721088435374
1176 0.8054375531011045
1177 0.8056027164685908
1178 0.8057675996607294
1179 0.8050847457627118
1180 0.8052497883149873
1181 0.805414551607445
1182 0.8055790363482671
1183 0.8048986486486487
1184 0.8042194092827004
1185 0.8043844856661045
1186 0.8045492839090144
1187 0.8047138047138047
1188 0.8048780487804879
1189 0.8042016806722689
1190 0.8043660789252729
1191 0.8045302013422819
1192 0.8038558256496228
1193 0.8040201005025126
1194 0.80418410041841
1195 0.8043478260869565
1196 0.8045112781954887
1197 0.8046744574290484
1198 0.804837364470392
1199 0.805
1200 0.8051623646960866
1201 0.8044925124792013
1202 0.8046550290939318
1203 0.8048172757475083
1204 0.8049792531120332
1205 0.8051409618573798
1206 0.8053024026512013
1207 0.8054635761589404
1208 0.8056244830438379
1209 0.8057851239669421
1210 0.805945499587118
1211 0.8061056105610561
1212 0.8062654575432812
1213 0.8064250411861614
1214 0.8065843621399177
1215 0.8067434210526315
1216 0.8069022185702547
1217 0.8070607553366174
1218 0.8063986874487284
1219 0.8065573770491803
1220 0.8067158067158067
1221 0.806873977086743
1222 0.8070318887980377
1223 0.8071895424836601
1224 0.8073469387755102
1225 0.8075040783034257
1226 0.8076609616951915
1227 0.8078175895765473
1228 0.807160292921074
1229 0.8073170731707318
1230 0.8074735987002437
1231 0.8068181818181818
1232 0.8069748580697486
1233 0.807131280388979
1234 0.8072874493927126
1235 0.8066343042071198
1236 0.8067906224737268
1237 0.8069466882067852
1238 0.8062953995157385
1239 0.8064516129032258
1240 0.806607574536664
1241 0.8067632850241546
1242 0.8061142397425584
1243 0.8062700964630225
1244 0.8064257028112449
1245 0.8065810593900482
1246 0.8067361668003208
1247 0.8068910256410257
1248 0.8070456365092074
1249 0.8072
1250 0.8073541167066347
1251 0.8075079872204473
1252 0.8076616121308858
1253 0.8078149920255183
1254 0.8079681274900399
1255 0.8081210191082803
1256 0.8082736674622116
1257 0.8084260731319555
1258 0.8085782366957903
1259 0.8087301587301587
1260 0.8088818398096749
1261 0.8090332805071315
1262 0.8091844813935075
1263 0.8093354430379747
1264 0.8094861660079051
1265 0.8088467614533965
1266 0.8089976322020521
1267 0.8083596214511041
1268 0.8077226162332545
1269 0.8078740157480315
1270 0.8080251770259638
1271 0.8081761006289309
1272 0.8083267871170463
1273 0.8084772370486656
1274 0.8086274509803921
1275 0.8087774294670846
1276 0.8089271730618638
1277 0.8082942097026604
1278 0.8076622361219703
1279 0.8078125
1280 0.8079625292740047
1281 0.8081123244929798
1282 0.8082618862042089
1283 0.8084112149532711
1284 0.8085603112840467
1285 0.8087091757387247
1286 0.8080808080808081
1287 0.8082298136645962
1288 0.8083785880527541
1289 0.8077519379844961
1290 0.8079008520526724
1291 0.8080495356037152
1292 0.8081979891724671
1293 0.8083462132921174
1294 0.8084942084942085
1295 0.808641975308642
1296 0.8087895142636854
1297 0.8081664098613252
1298 0.8083140877598153
1299 0.8076923076923077
1300 0.8078401229823213
1301 0.8079877112135176
1302 0.8081350729086723
1303 0.808282208588957
1304 0.8084291187739464
1305 0.8078101071975498
1306 0.8079571537872992
1307 0.8081039755351682
1308 0.8082505729564553
1309 0.8083969465648855
1310 0.8085430968726163
1311 0.8086890243902439
1312 0.8080731150038081
1313 0.8082191780821918
1314 0.8083650190114069
1315 0.8085106382978723
1316 0.8086560364464692
1317 0.8088012139605463
1318 0.8089461713419257
1319 0.8090909090909091
1320 0.8092354277062831
1321 0.8093797276853253
1322 0.8087679516250945
1323 0.8089123867069486
1324 0.8090566037735849
1325 0.8092006033182504
1326 0.8085908063300679
1327 0.8087349397590361
1328 0.8088788562829194
1329 0.8090225563909774
1330 0.8091660405709993
1331 0.8085585585585585
1332 0.808702175543886
1333 0.8088455772113943
1334 0.8082397003745319
1335 0.8083832335329342
1336 0.8077786088257293
1337 0.8079222720478326
1338 0.8080657206870799
1339 0.8082089552238806
1340 0.808351976137211
1341 0.8084947839046199
1342 0.8086373790022338
1343 0.8080357142857143
1344 0.80817843866171
1345 0.8075780089153046
1346 0.807720861172977
1347 0.8078635014836796
1348 0.8080059303187547
1349 0.8081481481481482
1350 0.8082901554404145
1351 0.8084319526627219
1352 0.8085735402808574
1353 0.808714918759232
1354 0.8081180811808119
1355 0.8082595870206489
1356 0.8084008843036109
1357 0.8085419734904271
1358 0.8086828550404709
1359 0.8080882352941177
1360 0.8082292432035268
1361 0.8083700440528634
1362 0.8085106382978723
1363 0.8079178885630498
1364 0.8080586080586081
1365 0.808199121522694
1366 0.8083394294074616
1367 0.8084795321637427
1368 0.8086194302410519
1369 0.8087591240875912
1370 0.8088986141502553
1371 0.8083090379008746
1372 0.8084486525855791
1373 0.8085880640465793
1374 0.8087272727272727
1375 0.8088662790697675
1376 0.8090050835148874
1377 0.8084179970972424
1378 0.807831762146483
1379 0.8072463768115942
1380 0.8066618392469225
1381 0.8068017366136034
1382 0.806941431670282
1383 0.8070809248554913
1384 0.8072202166064982
1385 0.8073593073593074
1386 0.8067772170151406
1387 0.8061959654178674
1388 0.8063354931605472
1389 0.8064748201438849
1390 0.8058950395398994
1391 0.8060344827586207
1392 0.8061737257717158
1393 0.806312769010043
1394 0.8057347670250896
1395 0.8058739255014327
1396 0.8060128847530422
1397 0.8061516452074392
1398 0.8055754110078628
1399 0.8057142857142857
1400 0.8058529621698787
1401 0.8059914407988588
1402 0.8061297220242338
1403 0.8062678062678063
1404 0.8064056939501779
1405 0.8065433854907539
1406 0.806680881307747
1407 0.8068181818181818
1408 0.8062455642299503
1409 0.8063829787234043
1410 0.8058114812189936
1411 0.8059490084985835
1412 0.8060863411181882
1413 0.8062234794908062
1414 0.8063604240282686
1415 0.806497175141243
1416 0.8066337332392378
1417 0.8067700987306065
1418 0.8062015503875969
1419 0.8063380281690141
1420 0.8064743138634765
1421 0.8066104078762306
1422 0.8067463106113844
1423 0.8061797752808989
1424 0.8063157894736842
1425 0.8057503506311361
1426 0.8051857042747022
1427 0.8053221288515406
1428 0.8047585724282715
1429 0.8041958041958042
1430 0.8043326345213138
1431 0.8044692737430168
1432 0.8046057222609909
1433 0.8047419804741981
1434 0.8048780487804879
1435 0.8050139275766016
1436 0.8051496172581768
1437 0.8052851182197497
1438 0.8054204308547602
1439 0.8048611111111111
1440 0.8049965301873698
1441 0.805131761442441
1442 0.8052668052668053
1443 0.8047091412742382
1444 0.8048442906574395
1445 0.8049792531120332
1446 0.8051140290255702
1447 0.8052486187845304
1448 0.8053830227743272
1449 0.8055172413793104
1450 0.8056512749827704
1451 0.8057851239669421
1452 0.805230557467309
1453 0.8053645116918845
1454 0.8054982817869416
1455 0.8056318681318682
1456 0.8057652711050103
1457 0.8058984910836763
1458 0.8060315284441398
1459 0.8061643835616439
1460 0.8062970568104039
1461 0.8064295485636115
1462 0.8065618591934381
1463 0.8066939890710383
1464 0.8068259385665529
1465 0.8069577080491133
1466 0.8070892978868439
1467 0.8072207084468664
1468 0.8066712049012934
1469 0.8068027210884354
1470 0.8069340584636302
1471 0.8070652173913043
1472 0.8071961982348947
1473 0.8073270013568521
1474 0.8074576271186441
1475 0.8075880758807588
1476 0.8077183480027081
1477 0.8071718538565629
1478 0.8073022312373225
1479 0.8074324324324325
1480 0.8075624577987845
1481 0.8076923076923077
1482 0.8078219824679703
1483 0.8079514824797843
1484 0.8074074074074075
1485 0.8075370121130552
1486 0.8076664425016813
1487 0.8077956989247311
1488 0.8079247817327065
1489 0.8073825503355705
1490 0.8075117370892019
1491 0.8076407506702413
1492 0.8077695914266577
1493 0.8078982597054887
1494 0.8080267558528428
1495 0.8081550802139037
1496 0.8082832331329325
1497 0.8084112149532711
1498 0.8085390260173448
1499 0.8086666666666666
1500 0.8087941372418388
1501 0.8089214380825566
1502 0.8090485695276114
1503 0.8091755319148937
1504 0.8086378737541529
1505 0.8087649402390438
1506 0.8088918380889184
1507 0.8090185676392573
1508 0.8091451292246521
1509 0.8086092715231789
1510 0.8087359364659166
1511 0.8088624338624338
1512 0.8089887640449438
1513 0.8091149273447821
1514 0.8092409240924092
1515 0.8093667546174143
1516 0.8094924192485168
1517 0.8089591567852438
1518 0.8090849242922976
1519 0.8092105263157895
1520 0.809335963182117
1521 0.80946123521682
1522 0.8095863427445831
1523 0.8097112860892388
1524 0.8091803278688524
1525 0.809305373525557
1526 0.8094302554027505
1527 0.8089005235602095
1528 0.8083714846304775
1529 0.807843137254902
1530 0.8079686479425212
1531 0.8080939947780679
1532 0.8082191780821918
1533 0.8083441981747066
1534 0.8084690553745928
1535 0.80859375
1536 0.8087182823682498
1537 0.8088426527958388
1538 0.8083170890188434
1539 0.8084415584415584
1540 0.808565866320571
1541 0.8086900129701686
1542 0.8088139987038238
1543 0.8089378238341969
1544 0.8090614886731392
1545 0.8091849935316947
1546 0.8093083387201034
1547 0.8087855297157622
1548 0.8089089735313105
1549 0.8090322580645162
1550 0.8091553836234687
1551 0.8086340206185567
1552 0.8081133290405667
1553 0.8082368082368082
1554 0.8083601286173634
1555 0.8084832904884319
1556 0.8079640333975594
1557 0.8080872913992297
1558 0.8082103912764592
1559 0.8083333333333333
1560 0.8084561178731582
1561 0.8085787451984635
1562 0.8087012156110045
1563 0.8081841432225064
1564 0.807667731629393
1565 0.8077905491698595
1566 0.8079132099553287
1567 0.8080357142857143
1568 0.8081580624601657
1569 0.8082802547770701
1570 0.8084022915340547
1571 0.8085241730279898
1572 0.8086458995549904
1573 0.8087674714104193
1574 0.8088888888888889
1575 0.809010152284264
1576 0.8091312618896639
1577 0.8092522179974652
1578 0.8093730208993034
1579 0.8094936708860759
1580 0.8096141682479443
1581 0.809102402022756
1582 0.8092229943145925
1583 0.8093434343434344
1584 0.8094637223974763
1585 0.8095838587641866
1586 0.8097038437303088
1587 0.809823677581864
1588 0.8099433606041535
1589 0.810062893081761
1590 0.8101822752985544
1591 0.8096733668341709
1592 0.8097928436911488
1593 0.8092848180677541
1594 0.8094043887147335
1595 0.8095238095238095
1596 0.8090169067000627
1597 0.809136420525657
1598 0.809255784865541
1599 0.809375
1600 0.8094940662086196
1601 0.8089887640449438
1602 0.8084840923268871
1603 0.8079800498753117
1604 0.8080996884735202
1605 0.8082191780821918
1606 0.8083385189794648
1607 0.8084577114427861
1608 0.8085767557489124
1609 0.808695652173913
1610 0.8088144009931719
1611 0.8089330024813896
1612 0.8090514569125853
1613 0.8091697645600991
1614 0.8092879256965945
1615 0.8094059405940595
1616 0.8089053803339518
1617 0.8090234857849197
1618 0.8091414453366276
1619 0.8092592592592592
1620 0.809376927822332
1621 0.8094944512946979
1622 0.8089956869993838
1623 0.8091133004926109
1624 0.8092307692307692
1625 0.8087330873308733
1626 0.8088506453595574
1627 0.808968058968059
1628 0.809085328422345
1629 0.8085889570552147
1630 0.8080931943592887
1631 0.8082107843137255
1632 0.8083282302510717
1633 0.8084455324357405
1634 0.8085626911314985
1635 0.808679706601467
1636 0.8081857055589493
1637 0.8083028083028083
1638 0.8084197681513118
1639 0.8085365853658537
1640 0.8086532602071907
1641 0.8087697929354446
1642 0.8088861838101035
1643 0.8083941605839416
1644 0.8079027355623101
1645 0.8080194410692588
1646 0.8075288403157256
1647 0.8076456310679612
1648 0.8077622801697999
1649 0.8078787878787879
1650 0.8079951544518473
1651 0.8081113801452785
1652 0.8076225045372051
1653 0.8077388149939541
1654 0.8078549848942598
1655 0.8079710144927537
1656 0.8074834037417019
1657 0.8075995174909529
1658 0.807715491259795
1659 0.8078313253012048
1660 0.8079470198675497
1661 0.8074608904933814
1662 0.8075766686710764
1663 0.8076923076923077
1664 0.8078078078078078
1665 0.8079231692677071
1666 0.8080383923215357
1667 0.8081534772182254
1668 0.8082684242061114
1669 0.8077844311377246
1670 0.8078994614003591
1671 0.8080143540669856
1672 0.8081291093843395
1673 0.8082437275985663
1674 0.8077611940298507
1675 0.8072792362768496
1676 0.8073941562313656
1677 0.8075089392133492
1678 0.8070279928528886
1679 0.8071428571428572
1680 0.8072575847709696
1681 0.8067776456599287
1682 0.8068924539512775
1683 0.8070071258907363
1684 0.8071216617210683
1685 0.8072360616844603
1686 0.8067575577949022
1687 0.806872037914692
1688 0.8069863824748372
1689 0.8071005917159764
1690 0.8072146658781786
1691 0.8073286052009456
1692 0.8074424099232133
1693 0.807556080283353
1694 0.8070796460176991
1695 0.8071933962264151
1696 0.8067177371832646
1697 0.806831566548881
1698 0.8069452619187758
1699 0.8070588235294117
1700 0.807172251616696
1701 0.8072855464159812
1702 0.8073987081620669
1703 0.8075117370892019
1704 0.8070381231671554
1705 0.8071512309495897
1706 0.8072642062097246
1707 0.8073770491803278
1708 0.807489760093622
1709 0.8076023391812865
1710 0.8077147866744594
1711 0.8072429906542056
1712 0.8073555166374781
1713 0.8074679113185531
1714 0.8075801749271136
1715 0.8076923076923077
1716 0.807804309842749
1717 0.8079161816065192
1718 0.8080279232111692
1719 0.8081395348837209
1720 0.8082510168506682
1721 0.8083623693379791
1722 0.808473592571097
1723 0.808584686774942
1724 0.808695652173913
1725 0.8082271147161066
1726 0.80833815865663
1727 0.8084490740740741
1728 0.8085598611914402
1729 0.8086705202312139
1730 0.8087810514153668
1731 0.808891454965358
1732 0.809001731102135
1733 0.8091118800461361
1734 0.809221902017291
1735 0.809331797235023
1736 0.8094415659182499
1737 0.8095512082853855
1738 0.8096607245543416
1739 0.8091954022988506
1740 0.8093049971280873
1741 0.8094144661308841
1742 0.8095238095238095
1743 0.8096330275229358
1744 0.8097421203438395
1745 0.8092783505154639
1746 0.8088151116199198
1747 0.8089244851258581
1748 0.8090337335620355
1749 0.8091428571428572
1750 0.8092518560822387
1751 0.8093607305936074
1752 0.809469480889903
1753 0.8090079817559863
1754 0.8091168091168092
1755 0.8092255125284739
1756 0.8093340922026181
1757 0.8094425483503982
1758 0.8095508811824901
1759 0.8096590909090909
1760 0.8097671777399205
1761 0.8098751418842225
1762 0.8094157685762904
1763 0.8095238095238095
1764 0.8096317280453258
1765 0.8097395243488109
1766 0.8098471986417657
1767 0.8099547511312217
1768 0.8094968908988129
1769 0.8096045197740113
1770 0.8097120271033315
1771 0.8098194130925508
1772 0.8099266779469825
1773 0.8100338218714769
1774 0.8101408450704225
1775 0.8102477477477478
1776 0.8097917839054586
1777 0.8093363329583803
1778 0.8094435075885329
1779 0.8095505617977528
1780 0.8096574957888827
1781 0.8097643097643098
1782 0.8098710039259674
1783 0.8099775784753364
1784 0.8100840336134454
1785 0.8101903695408734
1786 0.8097369893676553
1787 0.8098434004474273
1788 0.8099496925656792
1789 0.8100558659217877
1790 0.8096035734226689
1791 0.8091517857142857
1792 0.8092582264361405
1793 0.8093645484949833
1794 0.8094707520891364
1795 0.8095768374164811
1796 0.8096828046744574
1797 0.8097886540600667
1798 0.8098943857698722
1799 0.81
1800 0.810105496946141
1801 0.8102108768035516
1802 0.8097615085967831
1803 0.8098669623059866
1804 0.8099722991689751
1805 0.8095238095238095
1806 0.8090758162700609
1807 0.8091814159292036
1808 0.8092868988391376
1809 0.8093922651933702
1810 0.8094975151849807
1811 0.8096026490066225
1812 0.809707666850524
1813 0.8098125689084895
1814 0.809366391184573
1815 0.8094713656387665
1816 0.8095762245459549
1817 0.8096809680968097
1818 0.8092358438702584
1819 0.8093406593406594
1820 0.8094453596924767
1821 0.8095499451152579
1822 0.8091058694459682
1823 0.8092105263157895
1824 0.8093150684931507
1825 0.8094194961664841
1826 0.8089764641488779
1827 0.8085339168490153
1828 0.8086386003280481
1829 0.8087431693989071
1830 0.8088476242490442
1831 0.8089519650655022
1832 0.8090561920349154
1833 0.8091603053435115
1834 0.8092643051771117
1835 0.8088235294117647
1836 0.8089275993467611
1837 0.809031556039173
1838 0.8091353996737357
1839 0.8092391304347826
1840 0.8087995654535578
1841 0.8089033659066233
1842 0.8090070537167662
1843 0.8091106290672451
1844 0.8092140921409214
1845 0.8087757313109426
1846 0.8083378451543043
1847 0.8084415584415584
1848 0.8085451595457004
1849 0.8086486486486486
1850 0.8082117774176121
1851 0.8083153347732182
1852 0.8078791149487318
1853 0.807982740021575
1854 0.8080862533692722
1855 0.8076508620689655
1856 0.8077544426494345
1857 0.8078579117330463
1858 0.807961269499731
1859 0.8080645161290323
1860 0.8081676518001075
1861 0.807733619763695
1862 0.807836822329576
1863 0.8074034334763949
1864 0.8075067024128686
1865 0.8070739549839229
1866 0.807177289769684
1867 0.8072805139186295
1868 0.8073836276083467
1869 0.8074866310160428
1870 0.8075895243185462
1871 0.8076923076923077
1872 0.807261078483716
1873 0.8073639274279616
1874 0.8074666666666667
1875 0.8075692963752665
1876 0.8071390516782099
1877 0.8067092651757188
1878 0.8062799361362427
1879 0.8058510638297872
1880 0.8059542796384902
1881 0.80605738575983
1882 0.8061603823685608
1883 0.8062632696390658
1884 0.8063660477453581
1885 0.8059384941675504
1886 0.8060413354531002
1887 0.8061440677966102
1888 0.8062466913710958
1889 0.8063492063492064
1890 0.8059227921734532
1891 0.8060253699788583
1892 0.8055995773903857
1893 0.805702217529039
1894 0.8058047493403694
1895 0.805379746835443
1896 0.8054823405376911
1897 0.8055848261327714
1898 0.8056872037914692
1899 0.8057894736842105
1900 0.8058916359810626
1901 0.805993690851735
1902 0.8060956384655806
1903 0.805672268907563
1904 0.8057742782152231
1905 0.8058761804826863
1906 0.805977975878343
1907 0.8060796645702306
1908 0.8061812467260345
1909 0.806282722513089
1910 0.8063840920983778
1911 0.8064853556485355
1912 0.8065865133298484
1913 0.8066875653082549
1914 0.8067885117493473
1915 0.8068893528183716
1916 0.8064684402712572
1917 0.8060479666319083
1918 0.8061490359562272
1919 0.8057291666666667
1920 0.8058302967204581
1921 0.8059313215400624
1922 0.8060322412896516
1923 0.8061330561330561
1924 0.8057142857142857
1925 0.8058151609553479
1926 0.8059159314997405
1927 0.8060165975103735
1928 0.8061171591498185
1929 0.8062176165803109
1930 0.8063179699637494
1931 0.8064182194616977
1932 0.8065183652353854
1933 0.8066184074457083
1934 0.8062015503875969
1935 0.8057851239669421
1936 0.8058853897780073
1937 0.8059855521155831
1938 0.8060856111397627
1939 0.8061855670103093
1940 0.8062854198866564
1941 0.8063851699279093
1942 0.8064848172928462
1943 0.8065843621399177
1944 0.8066838046272493
1945 0.8062692702980473
1946 0.8063687724704673
1947 0.8059548254620124
1948 0.806054386865059
1949 0.8061538461538461
1950 0.805740645822655
1951 0.8058401639344263
1952 0.8059395801331285
1953 0.8055271238485159
1954 0.8056265984654731
1955 0.8052147239263804
1956 0.8048032703117016
1957 0.804902962206333
1958 0.8050025523226135
1959 0.8051020408163265
1960 0.8052014278429372
1961 0.8053007135575942
1962 0.8053998981151299
1963 0.804989816700611
1964 0.8045801526717558
1965 0.8046795523906409
1966 0.8047788510421963
1967 0.8048780487804879
1968 0.8044692737430168
1969 0.8045685279187818
1970 0.8041603247082699
1971 0.8042596348884381
1972 0.8038520020273695
1973 0.8039513677811551
1974 0.8035443037974683
1975 0.8036437246963563
1976 0.8037430450177036
1977 0.8038422649140546
1978 0.8034360788276907
1979 0.8035353535353535
1980 0.8036345280161534
1981 0.8037336024217961
1982 0.8038325769036813
1983 0.8039314516129032
1984 0.8040302267002519
1985 0.8041289023162135
1986 0.8042274786109713
1987 0.8043259557344065
1988 0.8044243338360986
1989 0.8045226130653267
1990 0.8046207935710699
1991 0.804718875502008
1992 0.8043151028600101
1993 0.8044132397191575
1994 0.8045112781954887
1995 0.8046092184368737
1996 0.8047070605908864
1997 0.8048048048048048
1998 0.8049024512256128
1999 0.805
2000 0.8050974512743628
2001 0.8046953046953047
2002 0.8042935596605092
2003 0.8038922155688623
2004 0.8039900249376558
2005 0.8040877367896311
2006 0.804185351270553
2007 0.8037848605577689
2008 0.8038825286212046
2009 0.8039800995024876
2010 0.8035803083043263
2011 0.8036779324055666
2012 0.8037754595131644
2013 0.8033763654419066
2014 0.8034739454094293
2015 0.8035714285714286
2016 0.8036688150718889
2017 0.8032705649157582
2018 0.8033680039623576
2019 0.8034653465346535
2020 0.8030677882236517
2021 0.8026706231454006
2022 0.8027681660899654
2023 0.8028656126482213
2024 0.802962962962963
2025 0.8025666337611056
2026 0.8026640355204736
2027 0.8027613412228797
2028 0.80285855101035
2029 0.8029556650246306
2030 0.8030526834071886
2031 0.8031496062992126
2032 0.8027545499262174
2033 0.8023598820058997
2034 0.8024570024570025
2035 0.8025540275049116
2036 0.8021600392734414
2037 0.8022571148184494
2038 0.8023540951446788
2039 0.8019607843137255
2040 0.8020578147966683
2041 0.8021547502448579
2042 0.8022515907978464
2043 0.8023483365949119
2044 0.8019559902200489
2045 0.8020527859237536
2046 0.8021494870542257
2047 0.80224609375
2048 0.8023426061493412
2049 0.8019512195121952
2050 0.8020477815699659
2051 0.8016569200779727
2052 0.8012664393570385
2053 0.8008763388510224
2054 0.8009732360097324
2055 0.8010700389105059
2056 0.8011667476908119
2057 0.8012633624878522
2058 0.800874210781933
2059 0.8009708737864077
2060 0.8010674429888404
2061 0.8006789524733269
2062 0.8007755695588948
2063 0.8003875968992248
2064 0.8004842615012107
2065 0.8005808325266215
2066 0.8006773101112724
2067 0.8007736943907157
2068 0.8008699855002417
2069 0.8004830917874396
2070 0.8005794302269436
2071 0.8006756756756757
2072 0.8007718282682104
2073 0.8003857280617165
2074 0.8004819277108434
2075 0.8005780346820809
2076 0.8006740491092923
2077 0.8007699711260827
2078 0.8008658008658008
2079 0.8009615384615385
2080 0.8010571840461317
2081 0.8011527377521613
2082 0.8012481997119539
2083 0.8013435700575816
2084 0.8014388489208633
2085 0.8015340364333653
2086 0.8016291327264016
2087 0.8017241379310345
2088 0.8018190521780756
2089 0.8019138755980861
2090 0.8020086083213773
2091 0.8021032504780115
2092 0.8021978021978022
2093 0.8022922636103151
2094 0.8023866348448687
2095 0.8024809160305344
2096 0.8025751072961373
2097 0.8026692087702574
2098 0.8027632205812292
2099 0.8023809523809524
2100 0.8024750118990956
2101 0.80209324452902
2102 0.802187351402758
2103 0.8022813688212928
2104 0.8023752969121141
2105 0.8024691358024691
2106 0.8025628856193641
2107 0.8026565464895635
2108 0.8027501185395922
2109 0.8028436018957346
2110 0.802936996684036
2111 0.803030303030303
2112 0.8031235210601041
2113 0.8032166508987701
2114 0.8028368794326242
2115 0.802930056710775
2116 0.8030231459612659
2117 0.8031161473087819
2118 0.8032090608777726
2119 0.8033018867924528
2120 0.8033946251768034
2121 0.8034872761545712
2122 0.80357983984927
2123 0.8036723163841808
2124 0.8032941176470588
2125 0.8029162746942615
2126 0.8025387870239774
2127 0.8026315789473685
2128 0.8022545796148427
2129 0.8023474178403756
2130 0.8019709056780854
2131 0.8020637898686679
2132 0.8021565869667135
2133 0.8022492970946579
2134 0.8023419203747073
2135 0.8019662921348315
2136 0.8020589611605053
2137 0.8021515434985969
2138 0.8022440392706872
2139 0.8023364485981308
2140 0.8024287716020552
2141 0.8020541549953315
2142 0.8021465235650956
2143 0.8022388059701493
2144 0.8023310023310023
2145 0.8024231127679403
2146 0.8020493712156498
2147 0.8021415270018621
2148 0.801768264308981
2149 0.8013953488372093
2150 0.801487680148768
2151 0.8015799256505576
2152 0.8016720854621459
2153 0.8017641597028784
2154 0.8018561484918794
2155 0.801948051948052
2156 0.8020398701900788
2157 0.8016682113067656
2158 0.8017600741083835
2159 0.8018518518518518
2160 0.8019435446552522
2161 0.8015726179463459
2162 0.8016643550624133
2163 0.8017560073937153
2164 0.8018475750577367
2165 0.801477377654663
2166 0.8015689893862483
2167 0.801660516605166
2168 0.801751959428308
2169 0.8018433179723502
2170 0.8014739751266697
2171 0.8015653775322283
2172 0.8016566958122412
2173 0.8017479300827967
2174 0.8018390804597701
2175 0.8019301470588235
2176 0.8020211299954065
2177 0.8021120293847567
2178 0.8022028453419
2179 0.8022935779816514
2180 0.8023842274186153
2181 0.8024747937671861
2182 0.8025652771415483
2183 0.8026556776556777
2184 0.8027459954233409
2185 0.8028362305580969
2186 0.8029263831732968
2187 0.803016453382084
2188 0.8031064412973961
2189 0.8031963470319635
2190 0.8032861706983113
2191 0.8033759124087592
2192 0.8030095759233926
2193 0.8030993618960802
2194 0.8031890660592255
2195 0.8032786885245902
2196 0.8033682294037323
2197 0.8034576888080073
2198 0.8035470668485676
2199 0.8036363636363636
2200 0.8037255792821445
2201 0.8038147138964578
2202 0.8039037675896504
2203 0.8039927404718693
2204 0.8036281179138322
2205 0.8037171350861287
2206 0.803352967829633
2207 0.8034420289855072
2208 0.8030783159800815
2209 0.8031674208144797
2210 0.8028041610131162
2211 0.8028933092224232
2212 0.8029823768639855
2213 0.8030713640469738
2214 0.8031602708803611
2215 0.8032490974729242
2216 0.8033378439332431
2217 0.8034265103697025
2218 0.8035150968904912
2219 0.8036036036036036
2220 0.8036920306168392
2221 0.8037803780378038
2222 0.8034188034188035
2223 0.8030575539568345
2224 0.8031460674157304
2225 0.8032345013477089
2226 0.8028738212842389
2227 0.8029622980251346
2228 0.8030506953790938
2229 0.8031390134529148
2230 0.8032272523532048
2231 0.8033154121863799
2232 0.8034034930586654
2233 0.8034914950760967
2234 0.8035794183445191
2235 0.8036672629695886
2236 0.8033080017881091
2237 0.803395889186774
2238 0.8034836980794998
2239 0.8035714285714286
2240 0.8036590807675145
2241 0.8037466547725245
2242 0.8038341506910388
2243 0.803921568627451
2244 0.8040089086859689
2245 0.8040961709706145
2246 0.8037383177570093
2247 0.8038256227758007
2248 0.8039128501556247
2249 0.804
2250 0.8040870724122612
2251 0.8041740674955595
2252 0.8042609853528628
2253 0.8043478260869565
2254 0.8044345898004435
2255 0.8045212765957447
2256 0.8046078865750997
2257 0.804251550044287
2258 0.8043382027445772
2259 0.8039823008849557
2260 0.8040689960194605
2261 0.804155614500442
2262 0.8042421564295184
2263 0.803886925795053
2264 0.8039735099337748
2265 0.8040600176522507
2266 0.80414644905161
2267 0.8042328042328042
2268 0.8043190832966064
2269 0.8044052863436123
2270 0.8040510788199031
2271 0.804137323943662
2272 0.8042234931808183
2273 0.8038698328935796
2274 0.8039560439560439
2275 0.8040421792618629
2276 0.8041282389108476
2277 0.8042142230026339
2278 0.8038613426941641
2279 0.8039473684210526
2280 0.8035949145111793
2281 0.803680981595092
2282 0.803766973280771
2283 0.8038528896672504
2284 0.8039387308533917
2285 0.8040244969378828
2286 0.8041101880192392
2287 0.8041958041958042
2288 0.8042813455657493
2289 0.8039301310043668
2290 0.8040157136621563
2291 0.8041012216404887
2292 0.8041866550370693
2293 0.8042720139494333
2294 0.8043572984749455
2295 0.804006968641115
2296 0.804092294296909
2297 0.8037423846823325
2298 0.8033927794693345
2299 0.8034782608695652
2300 0.8035636679704476
2301 0.8036490008688097
2302 0.8037342596613113
2303 0.8038194444444444
2304 0.8039045553145336
2305 0.8039895923677364
2306 0.8040745557000434
2307 0.804159445407279
2308 0.8042442615851018
2309 0.8043290043290043
2310 0.8044136737343142
2311 0.8040657439446367
2312 0.8041504539559015
2313 0.8042350907519447
2314 0.8038876889848812
2315 0.803972366148532
2316 0.8040569702201122
2317 0.8041415012942191
2318 0.8042259594652867
2319 0.8038793103448276
2320 0.8039638087031452
2321 0.8040482342807924
2322 0.8041325871717606
2323 0.8042168674698795
2324 0.8043010752688172
2325 0.8043852106620808
2326 0.8044692737430168
2327 0.804553264604811
2328 0.8046371833404895
2329 0.8047210300429185
2330 0.8043758043758044
2331 0.8044596912521441
2332 0.8041148735533648
2333 0.8041988003427593
2334 0.8042826552462526
2335 0.8043664383561644
2336 0.8040222507488233
2337 0.8041060735671514
2338 0.8041898247114151
2339 0.8042735042735043
2340 0.8043571123451516
2341 0.8044406490179334
2342 0.8045241143832693
2343 0.8046075085324232
2344 0.8046908315565032
2345 0.8047740835464621
2346 0.8048572645930976
2347 0.8049403747870528
2348 0.8045977011494253
2349 0.8046808510638298
2350 0.8047639302424501
2351 0.8048469387755102
2352 0.8049298767530811
2353 0.8045879354290569
2354 0.8046709129511678
2355 0.8047538200339559
2356 0.804412388629614
2357 0.8044953350296862
2358 0.804578211106401
2359 0.8042372881355933
2360 0.8043202033036849
2361 0.8044030482641829
2362 0.8044858231062209
2363 0.8045685279187818
2364 0.8046511627906977
2365 0.8047337278106509
2366 0.8048162230671736
2367 0.8048986486486487
2368 0.8049810046433095
2369 0.8050632911392405
2370 0.8051455082243779
2371 0.8052276559865092
2372 0.8053097345132744
2373 0.8053917438921652
2374 0.8054736842105263
2375 0.8055555555555556
2376 0.8056373580143037
2377 0.8057190916736754
2378 0.8058007566204287
2379 0.8054621848739496
2380 0.8055438891222175
2381 0.8056255247691015
2382 0.8057070919009651
2383 0.8057885906040269
2384 0.8058700209643606
2385 0.805951383067896
2386 0.8060326770004189
2387 0.8056951423785594
2388 0.8057764755127669
2389 0.8058577405857741
2390 0.8059389376829779
2391 0.8056020066889632
2392 0.8056832427914752
2393 0.8057644110275689
2394 0.8058455114822547
2395 0.8055091819699499
2396 0.805590321234877
2397 0.8056713928273561
2398 0.8057523968320134
2399 0.8058333333333333
2400 0.8059142024156601
2401 0.8059950041631974
2402 0.8060757386600084
2403 0.8061564059900166
2404 0.8062370062370062
2405 0.8063175394846218
2406 0.8063980058163689
2407 0.8064784053156147
2408 0.8065587380655874
2409 0.8066390041493776
2410 0.8067192036499378
2411 0.806799336650083
2412 0.8068794032324906
2413 0.8069594034797017
2414 0.80703933747412
2415 0.8071192052980133
2416 0.8071990070335127
2417 0.8072787427626137
2418 0.8073584125671766
2419 0.8070247933884298
2420 0.8066914498141264
2421 0.8063583815028902
2422 0.8064382996285596
2423 0.8065181518151815
2424 0.8065979381443299
2425 0.8066776586974443
2426 0.8067573135558302
2427 0.8064250411861614
2428 0.8065047344586249
2429 0.8065843621399177
2430 0.8062525709584533
2431 0.8063322368421053
2432 0.8064118372379778
2433 0.8064913722267871
2434 0.8065708418891171
2435 0.8066502463054187
2436 0.8067295855560115
2437 0.8063986874487284
2438 0.8060680606806068
2439 0.8061475409836065
2440 0.806226956165506
2441 0.8063063063063063
2442 0.8063855914858781
2443 0.8064648117839607
2444 0.8065439672801636
2445 0.8066230580539656
2446 0.806702084184716
2447 0.806781045751634
2448 0.8068599428338097
2449 0.8069387755102041
2450 0.8070175438596491
2451 0.8070962479608483
2452 0.8067672238075826
2453 0.8068459657701712
2454 0.8069246435845214
2455 0.8070032573289903
2456 0.8070818070818071
2457 0.807160292921074
2458 0.8072387149247662
2459 0.8073170731707318
2460 0.8073953677366924
2461 0.8070674248578391
2462 0.8071457572066586
2463 0.807224025974026
2464 0.8068965517241379
2465 0.8069748580697486
2466 0.8070531009323064
2467 0.807131280388979
2468 0.8072093965168085
2469 0.8068825910931174
2470 0.8069607446377984
2471 0.8070388349514563
2472 0.8067124949454104
2473 0.8067906224737268
2474 0.8064646464646464
2475 0.8061389337641357
2476 0.8062171982236577
2477 0.8058918482647296
2478 0.8059701492537313
2479 0.8060483870967742
2480 0.8061265618702136
2481 0.806204673650282
2482 0.806282722513089
2483 0.8063607085346216
2484 0.8064386317907445
2485 0.8065164923572004
2486 0.8065942903096099
2487 0.8062700964630225
2488 0.8063479308959421
2489 0.8060240963855422
2490 0.8061019670814934
2491 0.8061797752808989
2492 0.8062575210589651
2493 0.8063352044907779
2494 0.8060120240480962
2495 0.8060897435897436
2496 0.8061674008810573
2497 0.8062449959967974
2498 0.8063225290116046
2499 0.8064
2500 0.8064774090363854
2501 0.806554756195044
2502 0.8066320415501398
2503 0.8067092651757188
2504 0.8067864271457086
2505 0.8068635275339185
2506 0.8069405664140407
2507 0.8070175438596491
2508 0.8070944599442009
2509 0.8071713147410359
2510 0.8072481083233771
2511 0.8073248407643312
2512 0.8074015121368882
2513 0.8070803500397773
2514 0.8071570576540755
2515 0.8072337042925278
2516 0.8069129916567342
2517 0.80659253375695
2518 0.8066693132195316
2519 0.8067460317460318
2520 0.8068226894089647
2521 0.8068992862807296
2522 0.8069758224336108
2523 0.8066561014263075
2524 0.8067326732673268
2525 0.8064133016627079
2526 0.8060941828254847
2527 0.8061708860759493
2528 0.8062475286674575
2529 0.8063241106719368
2530 0.8064006321612011
2531 0.806477093206951
2532 0.8065534938807738
2533 0.8066298342541437
2534 0.8067061143984221
2535 0.806782334384858
2536 0.8068584942845881
2537 0.8069345941686368
2538 0.8070106341079165
2539 0.8070866141732284
2540 0.8071625344352618
2541 0.8072383949645948
2542 0.8073141958316948
2543 0.8073899371069182
2544 0.8074656188605108
2545 0.8075412411626081
2546 0.8076168040832352
2547 0.8076923076923077
2548 0.8077677520596312
2549 0.807843137254902
2550 0.8079184633477068
2551 0.8079937304075235
2552 0.8080689385037211
2553 0.8081440877055599
2554 0.8078277886497065
2555 0.8079029733959311
2556 0.8079780993351584
2557 0.8080531665363565
2558 0.8081281750683861
2559 0.808203125
2560 0.8082780163998438
2561 0.8083528493364559
2562 0.8084276238782676
2563 0.8085023400936038
2564 0.8085769980506823
2565 0.808651597817615
2566 0.8087261394624075
2567 0.8088006230529595
2568 0.808875048657065
2569 0.8089494163424125
2570 0.809023726176585
2571 0.8090979782270606
2572 0.8091721725612125
2573 0.8092463092463092
2574 0.8093203883495146
2575 0.8093944099378882
2576 0.8090803259604191
2577 0.8091543832428238
2578 0.8092283830942225
2579 0.8093023255813954
2580 0.809376210771019
2581 0.8094500387296669
2582 0.8095238095238095
2583 0.8095975232198143
2584 0.8096711798839459
2585 0.8093580819798917
2586 0.8094317742558949
2587 0.8095054095826894
2588 0.8095789880262649
2589 0.8096525096525097
2590 0.8097259745272096
2591 0.8097993827160493
2592 0.8098727342846124
2593 0.8099460292983809
2594 0.810019267822736
2595 0.8100924499229584
2596 0.810165575664228
2597 0.8102386451116244
2598 0.810311658330127
2599 0.8103846153846154
2600 0.8104575163398693
2601 0.8105303612605688
2602 0.8106031502112947
2603 0.8102918586789555
2604 0.8103646833013436
2605 0.8100537221795856
2606 0.8097429996164174
2607 0.8098159509202454
2608 0.8098888463012649
2609 0.8099616858237548
2610 0.8100344695518958
2611 0.8101071975497703
2612 0.8101798698813624
2613 0.8102524866105585
2614 0.8103250478011472
2615 0.8103975535168195
2616 0.8104700038211693
2617 0.8105423987776929
2618 0.81061473844979
2619 0.8103053435114503
2620 0.8099961846623426
2621 0.8096872616323417
2622 0.8097598170034311
2623 0.8098323170731707
2624 0.8099047619047619
2625 0.8095963442498096
2626 0.8096688237533308
2627 0.8097412480974124
2628 0.8094332445796881
2629 0.8095057034220532
2630 0.8095781071835804
2631 0.8096504559270516
2632 0.8097227497151538
2633 0.8097949886104784
2634 0.8094876660341556
2635 0.8095599393019727
2636 0.8096321577550246
2637 0.8097043214556482
2638 0.8093974990526714
2639 0.809469696969697
2640 0.8091631957591822
2641 0.8088569265707797
2642 0.8089292470677261
2643 0.8090015128593041
2644 0.8090737240075614
2645 0.809145880574452
2646 0.8092179826218361
2647 0.8092900302114804
2648 0.8093620234050585
2649 0.809433962264151
2650 0.8095058468502452
2651 0.8095776772247361
2652 0.8096494534489257
2653 0.8097211755840241
2654 0.8094161958568739
2655 0.8094879518072289
2656 0.809559653744825
2657 0.809255079006772
2658 0.8093268145919519
2659 0.8093984962406015
2660 0.8094701240135288
2661 0.80954169797145
2662 0.8096132181749907
2663 0.8096846846846847
2664 0.8097560975609757
2665 0.8098274568642161
2666 0.8098987626546682
2667 0.8099700149925038
2668 0.8096665417759461
2669 0.8097378277153559
2670 0.8098090602770498
2671 0.8098802395209581
2672 0.8095772540216984
2673 0.8092744951383695
2674 0.8093457943925234
2675 0.8094170403587444
2676 0.8094882330967501
2677 0.8095593726661687
2678 0.8096304591265397
2679 0.8097014925373134
2680 0.8097724729578516
2681 0.8098434004474273
2682 0.8099142750652255
2683 0.809612518628912
2684 0.8093109869646182
2685 0.8090096798212956
2686 0.809080759211016
2687 0.8091517857142857
2688 0.8092227593901078
2689 0.8089219330855019
2690 0.8086213303604608
2691 0.8086924219910847
2692 0.8083921277385815
2693 0.8080920564216778
2694 0.8081632653061225
2695 0.8082344213649851
2696 0.8079347423062663
2697 0.8080059303187547
2698 0.8080770655798444
2699 0.8081481481481482
2700 0.8082191780821918
2701 0.807920059215396
2702 0.8079911209766926
2703 0.8080621301775148
2704 0.8077634011090573
2705 0.8078344419807835
2706 0.8079054303657185
2707 0.8076070901033974
2708 0.8076781100036914
2709 0.807749077490775
2710 0.8074511250461085
2711 0.8075221238938053
2712 0.8075930704017693
2713 0.8076639646278556
2714 0.8077348066298342
2715 0.8078055964653903
2716 0.8075082811924917
2717 0.8075791022810891
2718 0.80728208900331
2719 0.8073529411764706
2720 0.8074237412715913
2721 0.807494489346069
2722 0.8071979434447301
2723 0.8072687224669604
2724 0.8073394495412844
2725 0.8070432868672047
2726 0.8067473414008067
2727 0.8068181818181818
2728 0.8065225357273726
2729 0.8065934065934066
2730 0.8062980593189308
2731 0.8063689604685212
2732 0.8064398097328943
2733 0.8065106071689832
2734 0.8065813528336381
2735 0.8062865497076024
2736 0.8063573255389113
2737 0.8064280496712929
2738 0.8064987221613727
2739 0.8065693430656934
2740 0.8066399124407151
2741 0.8067104303428154
2742 0.8067808968282902
2743 0.8068513119533528
2744 0.8069216757741348
2745 0.8069919883466861
2746 0.8070622497269749
2747 0.8071324599708879
2748 0.8072026191342306
2749 0.8072727272727273
2750 0.8073427844420211
2751 0.8074127906976745
2752 0.8074827460951689
2753 0.8071895424836601
2754 0.8072595281306715
2755 0.8073294629898403
2756 0.8073993471164309
2757 0.8074691805656272
2758 0.8075389633925335
2759 0.8076086956521739
2760 0.8076783773994929
2761 0.8073859522085446
2762 0.8070937386898299
2763 0.807163531114327
2764 0.806871609403255
2765 0.806941431670282
2766 0.8070112034694615
2767 0.8070809248554913
2768 0.8071505958829902
2769 0.8072202166064982
2770 0.8069289065319379
2771 0.806998556998557
2772 0.8070681572304363
2773 0.8071377072819034
2774 0.8068468468468468
2775 0.8069164265129684
2776 0.8066258552394671
2777 0.806695464362851
2778 0.8067650233897086
2779 0.8064748201438849
2780 0.806544408486156
2781 0.8066139468008627
2782 0.8066834351419332
2783 0.8067528735632183
2784 0.8064631956912028
2785 0.8065326633165829
2786 0.8066020810907786
2787 0.806312769010043
2788 0.8063822158479742
2789 0.8064516129032258
2790 0.8065209602293085
2791 0.8062320916905444
2792 0.8063014679556033
2793 0.8063707945597709
2794 0.8064400715563507
2795 0.8065092989985694
2796 0.8062209510189489
2797 0.806290207290922
2798 0.8063594140764558
2799 0.8064285714285714
2800 0.8064976794002142
2801 0.806566738044254
2802 0.8066357474134855
2803 0.8067047075606276
2804 0.8067736185383244
2805 0.8068424803991446
2806 0.8069112931955825
2807 0.8069800569800569
2808 0.8070487718049127
2809 0.80711743772242
2810 0.8068303094983992
2811 0.8068990042674253
2812 0.8069676501955207
2813 0.8070362473347548
2814 0.8067495559502664
2815 0.8064630681818182
2816 0.8065317713880015
2817 0.8066004258339248
2818 0.8066690315714793
2819 0.8067375886524822
2820 0.8068060971286778
2821 0.8068745570517364
2822 0.8069429684732554
2823 0.8070113314447592
2824 0.8067256637168142
2825 0.8067940552016986
2826 0.8065086664308454
2827 0.8065770862800565
2828 0.8062919759632379
2829 0.8063604240282686
2830 0.8060755916637231
2831 0.8061440677966102
2832 0.8062124955877162
2833 0.8062808750882146
2834 0.8059964726631393
2835 0.8057122708039492
2836 0.8057807543179415
2837 0.8058491895701198
2838 0.8059175766114829
2839 0.8059859154929577
2840 0.805702217529039
2841 0.8057705840957072
2842 0.8058389025677102
2843 0.8059071729957806
2844 0.8059753954305799
2845 0.8060435699226985
2846 0.8061116965226555
2847 0.8061797752808989
2848 0.8062478062478062
2849 0.8063157894736842
2850 0.8063837250087689
2851 0.8064516129032258
2852 0.8065194532071503
2853 0.8065872459705676
2854 0.8066549912434325
2855 0.8067226890756303
2856 0.8067903395169759
2857 0.8065080475857243
2858 0.8065757257782441
2859 0.8066433566433566
2860 0.8067109402306886
2861 0.806429070580014
2862 0.8064966818023053
2863 0.8062150837988827
2864 0.806282722513089
2865 0.8063503140265178
2866 0.8064178583885595
2867 0.8064853556485355
2868 0.8065528058556989
2869 0.8066202090592335
2870 0.8066875653082549
2871 0.8067548746518106
2872 0.8068221371388792
2873 0.8065414057063326
2874 0.806608695652174
2875 0.8066759388038943
2876 0.8067431352102885
2877 0.8068102849200834
2878 0.8068773879819382
2879 0.8069444444444445
2880 0.806664352655328
2881 0.806384455239417
2882 0.8061047519944502
2883 0.8061719833564494
2884 0.8062391681109186
2885 0.8063063063063063
2886 0.8063733979909941
2887 0.8060941828254847
2888 0.8061613014884043
2889 0.8062283737024222
2890 0.8062953995157385
2891 0.8063623789764869
2892 0.8060836501901141
2893 0.8061506565307532
2894 0.8062176165803109
2895 0.8062845303867403
2896 0.8060062133241284
2897 0.8060731538992408
2898 0.8061400482925146
2899 0.8062068965517242
2900 0.8062736987245778
2901 0.8063404548587181
2902 0.8064071650017224
2903 0.8064738292011019
2904 0.8065404475043029
2905 0.8066070199587061
2906 0.8063295493636051
2907 0.8063961485557084
2908 0.8064627019594363
2909 0.8065292096219931
2910 0.8065956715905187
2911 0.8066620879120879
2912 0.8067284586337109
2913 0.8067947838023336
2914 0.8068610634648371
2915 0.8069272976680384
2916 0.8069934864586904
2917 0.8070596298834818
2918 0.8071257279890374
2919 0.8071917808219178
2920 0.8072577884286203
2921 0.8073237508555784
2922 0.8073896681491618
2923 0.8071135430916553
2924 0.8071794871794872
2925 0.8072453861927547
2926 0.8073112401776563
2927 0.8073770491803278
2928 0.807442813246842
2929 0.8071672354948806
2930 0.806891845786421
2931 0.8066166439290586
2932 0.8066825775656324
2933 0.8067484662576687
2934 0.8068143100511074
2935 0.8068801089918256
2936 0.8069458631256384
2937 0.8070115724982981
2938 0.8070772371554951
2939 0.8071428571428572
2940 0.8072084325059503
2941 0.8072739632902787
2942 0.8073394495412844
2943 0.8074048913043478
2944 0.8074702886247878
2945 0.8075356415478615
2946 0.8076009501187649
2947 0.8076662143826323
2948 0.8077314343845371
2949 0.8077966101694916
2950 0.8078617417824466
2951 0.8075880758807588
2952 0.8076532339993228
2953 0.8077183480027081
2954 0.8074450084602369
2955 0.807510148849797
2956 0.8072370645924923
2957 0.8073022312373225
2958 0.8070294018249409
2959 0.8070945945945946
2960 0.8071597433299561
2961 0.8072248480756246
2962 0.807289908876139
2963 0.8073549257759784
2964 0.8074198988195616
2965 0.8074848280512474
2966 0.8075497135153353
2967 0.8076145552560647
2968 0.8076793533176153
2969 0.8077441077441078
2970 0.8078088185796028
2971 0.8078734858681023
2972 0.8079381096535486
2973 0.8076664425016813
2974 0.8077310924369748
2975 0.8074596774193549
2976 0.8075243533758818
2977 0.8075889858965749
2978 0.8076535750251762
2979 0.8077181208053691
2980 0.8077826232807782
2981 0.8078470824949698
2982 0.8079114984914516
2983 0.8079758713136729
2984 0.8080402010050252
2985 0.8081044876088412
2986 0.8081687311683964
2987 0.8078982597054887
2988 0.8076279692204751
2989 0.8076923076923077
2990 0.8077566031427617
2991 0.8078208556149733
2992 0.8078850651520214
2993 0.8079492317969272
2994 0.8080133555926544
2995 0.8080774365821095
2996 0.8078078078078078
2997 0.8078719146097398
2998 0.8079359786595531
2999 0.8076666666666666
3000 0.8073975341552816
3001 0.8074616922051966
3002 0.8075258075258075
3003 0.8075898801597869
3004 0.8076539101497504
3005 0.8077178975382568
3006 0.8077818423678085
3007 0.807845744680851
3008 0.807909604519774
3009 0.8079734219269104
3010 0.8080371969445367
3011 0.8077689243027888
3012 0.8078327248589445
3013 0.8078964830789648
3014 0.8079601990049752
3015 0.8080238726790451
3016 0.807756049055353
3017 0.8074884029158383
3018 0.8075521695925804
3019 0.8076158940397351
3020 0.8076795762992387
3021 0.8077432164129715
3022 0.8078068144227588
3023 0.8078703703703703
3024 0.8079338842975207
3025 0.8079973562458691
3026 0.8080607862570202
3027 0.8081241743725232
3028 0.8081875206338726
3029 0.8082508250825082
3030 0.8083140877598153
3031 0.808377308707124
3032 0.8084404879657106
3033 0.8085036255767963
3034 0.8085667215815486
3035 0.8086297760210803
3036 0.8086927889364505
3037 0.8084265964450297
3038 0.8084896347482725
3039 0.8085526315789474
3040 0.8082867477803354
3041 0.8083497698882314
3042 0.8084127505750903
3043 0.8084756898817346
3044 0.8085385878489326
3045 0.8086014445173999
3046 0.8086642599277978
3047 0.8087270341207349
3048 0.8087897671367662
3049 0.8088524590163935
3050 0.8089151098000655
3051 0.8086500655307994
3052 0.8087127415656731
3053 0.8084479371316307
3054 0.8085106382978723
3055 0.8085732984293194
3056 0.8086359175662414
3057 0.8086984957488554
3058 0.8084341288002616
3059 0.8084967320261438
3060 0.8085592943482522
3061 0.8086218158066623
3062 0.8086842964413973
3063 0.8087467362924282
3064 0.8088091353996737
3065 0.8088714938030006
3066 0.8089338115422237
3067 0.8089960886571056
3068 0.8090583251873574
3069 0.8091205211726384
3070 0.8091826766525562
3071 0.8092447916666666
3072 0.8093068662544745
3073 0.8090435914118412
3074 0.8091056910569105
3075 0.8091677503250976
3076 0.8092297692557686
3077 0.8089668615984406
3078 0.809028905488795
3079 0.8087662337662338
3080 0.8085037325543655
3081 0.808565866320571
3082 0.8086279597794356
3083 0.8086900129701686
3084 0.8084278768233387
3085 0.8084899546338302
3086 0.8082280531260123
3087 0.8082901554404145
3088 0.8083522175461314
3089 0.8084142394822007
3090 0.8081527013911356
3091 0.8082147477360931
3092 0.8082767539605561
3093 0.808338720103426
3094 0.8084006462035541
3095 0.8084625322997416
3096 0.8085243784307394
3097 0.8085861846352486
3098 0.80864795095192
3099 0.8087096774193548
3100 0.8087713640761045
3101 0.8085106382978723
3102 0.808250080567193
3103 0.8083118556701031
3104 0.8083735909822867
3105 0.8084352865421764
3106 0.8084969423881557
3107 0.8085585585585585
3108 0.8086201350916693
3109 0.8086816720257235
3110 0.8087431693989071
3111 0.8088046272493573
3112 0.8088660456151622
3113 0.808927424534361
3114 0.8089887640449438
3115 0.8090500641848524
3116 0.8091113249919795
3117 0.8091725465041694
3118 0.8089131131773004
3119 0.8086538461538462
3120 0.8087151553989106
3121 0.8084561178731582
3122 0.808517451168748
3123 0.8085787451984635
3124 0.80864
3125 0.8087012156110045
3126 0.8087623920690757
3127 0.8088235294117647
3128 0.808884627676574
3129 0.8089456869009585
3130 0.8086873203449377
3131 0.8084291187739464
3132 0.8084902649218002
3133 0.8085513720485004
3134 0.8086124401913876
3135 0.8086734693877551
3136 0.8087344596748486
3137 0.8087954110898662
3138 0.8088563236699586
3139 0.8089171974522293
3140 0.8089780324737345
3141 0.8090388287714831
3142 0.8090995863824372
3143 0.8091603053435115
3144 0.809220985691574
3145 0.8092816274634457
3146 0.8093422306959008
3147 0.8094027954256671
3148 0.8091457605589076
3149 0.8092063492063492
3150 0.8092668993970168
3151 0.809010152284264
3152 0.8090707262924199
3153 0.8091312618896639
3154 0.8091917591125198
3155 0.8092522179974652
3156 0.8089958821666139
3157 0.8090563647878404
3158 0.8091168091168092
3159 0.8091772151898734
3160 0.8092375830433407
3161 0.8092979127134725
3162 0.8090420486879545
3163 0.809102402022756
3164 0.8091627172195892
3165 0.8089071383449147
3166 0.8089674771076729
3167 0.8090277777777778
3168 0.8090880403912907
3169 0.8091482649842271
3170 0.8092084515925575
3171 0.8092686002522068
3172 0.8090135518436811
3173 0.8090737240075614
3174 0.8091338582677166
3175 0.8091939546599496
3176 0.8092540132200189
3177 0.8093140339836375
3178 0.8093740169864737
3179 0.809433962264151
3180 0.8091795033008488
3181 0.8092394720301697
3182 0.8092994030788564
3183 0.809359296482412
3184 0.8094191522762951
3185 0.8091650973006905
3186 0.8092249764668967
3187 0.8092848180677541
3188 0.8093446221386015
3189 0.8094043887147335
3190 0.8094641178314008
3191 0.8092105263157895
3192 0.8092702787347322
3193 0.8093299937382592
3194 0.8093896713615023
3195 0.8094493116395495
3196 0.8095089146074445
3197 0.8095684803001876
3198 0.8096280087527352
3199 0.8096875
3200 0.8094345517025929
3201 0.8094940662086196
3202 0.8092413362472682
3203 0.8089887640449438
3204 0.8090483619344774
3205 0.8091079226450405
3206 0.8091674462114126
3207 0.8092269326683291
3208 0.809286382050483
3209 0.8093457943925234
3210 0.8094051697290564
3211 0.8094645080946451
3212 0.8095238095238095
3213 0.8095830740510268
3214 0.8096423017107309
3215 0.8097014925373134
3216 0.8097606465651228
3217 0.8098197638284649
3218 0.809878844361603
3219 0.8099378881987578
3220 0.8099968953741075
3221 0.8100558659217877
3222 0.8101147998758921
3223 0.8101736972704715
3224 0.8102325581395349
3225 0.810291382517049
3226 0.8103501704369384
3227 0.8104089219330854
3228 0.8104676370393311
3229 0.8102167182662539
3230 0.8099659548127515
3231 0.8100247524752475
3232 0.8100835137643057
3233 0.8101422387136673
3234 0.8102009273570324
3235 0.8102595797280593
3236 0.8100092678405931
3237 0.8100679431747992
3238 0.810126582278481
3239 0.8101851851851852
3240 0.8102437519284171
3241 0.8103022825416409
3242 0.8103607770582794
3243 0.8104192355117139
3244 0.810477657935285
3245 0.8105360443622921
3246 0.8105943948259933
3247 0.8106527093596059
3248 0.8107109879963066
3249 0.8107692307692308
3250 0.8108274377114734
3251 0.8108856088560885
3252 0.8109437442360897
3253 0.8106945298094653
3254 0.8104454685099847
3255 0.8105036855036855
3256 0.8105618667485416
3257 0.8106200122774708
3258 0.8103712795335992
3259 0.810122699386503
3260 0.8101809260962894
3261 0.8099325567136726
3262 0.8099908060067422
3263 0.8100490196078431
3264 0.8101071975497703
3265 0.8101653398652786
3266 0.8102234465870829
3267 0.8102815177478581
3268 0.8103395533802386
3269 0.8103975535168195
3270 0.8104555181901559
3271 0.8105134474327629
3272 0.8105713412771158
3273 0.8106291997556506
3274 0.8103816793893129
3275 0.8104395604395604
3276 0.8101922490082393
3277 0.8102501525320317
3278 0.8103080207380299
3279 0.8103658536585366
3280 0.8104236513258153
3281 0.8104814137720902
3282 0.8102345415778252
3283 0.8102923264311814
3284 0.8103500761035007
3285 0.810407790626902
3286 0.8104654700334651
3287 0.8105231143552312
3288 0.8105807236242019
3289 0.8106382978723404
3290 0.810695837131571
3291 0.8107533414337789
3292 0.810507136349833
3293 0.8105646630236795
3294 0.8106221547799697
3295 0.8106796116504854
3296 0.8107370336669699
3297 0.810794420861128
3298 0.8108517732646257
3299 0.8109090909090909
3300 0.8109663738261133
3301 0.8110236220472441
3302 0.8110808356039964
3303 0.8108353510895884
3304 0.81089258698941
3305 0.8109497882637628
3306 0.8110069549440581
3307 0.8107617896009673
3308 0.8105167724388033
3309 0.8102719033232628
3310 0.8103292056780429
3311 0.8103864734299517
3312 0.810443706610323
3313 0.8105009052504526
3314 0.8105580693815988
3315 0.8106151990349819
3316 0.8106722942417848
3317 0.8107293550331525
3318 0.8104850858692377
3319 0.8105421686746987
3320 0.8102981029810298
3321 0.8103552077062011
3322 0.8104122780619922
3323 0.8104693140794224
3324 0.8102255639097744
3325 0.8102826217678893
3326 0.8103396453261196
3327 0.8103966346153846
3328 0.8104535896665666
3329 0.8102102102102102
3330 0.8102671870309216
3331 0.8103241296518607
3332 0.8103810381038103
3333 0.8104379124175165
3334 0.8104947526236882
3335 0.810251798561151
3336 0.810008990110878
3337 0.8100659077291792
3338 0.8101227912548667
3339 0.8101796407185629
3340 0.810236456150853
3341 0.8102932375822861
3342 0.8103499850433742
3343 0.8104066985645934
3344 0.8104633781763827
3345 0.8105200239091452
3346 0.8105766357932477
3347 0.8106332138590203
3348 0.8106897581367573
3349 0.8107462686567164
3350 0.8108027454491197
3351 0.8105608591885441
3352 0.8106173575902177
3353 0.8106738223017292
3354 0.8104321907600596
3355 0.8104886769964244
3356 0.8105451295799821
3357 0.8106015485407981
3358 0.8106579339089015
3359 0.8107142857142857
3360 0.8107706039869087
3361 0.8108268887566924
3362 0.8108831400535237
3363 0.8109393579072532
3364 0.8109955423476969
3365 0.8110516934046346
3366 0.8111078111078112
3367 0.8111638954869359
3368 0.8109231225883051
3369 0.8109792284866468
3370 0.8110353010975971
3371 0.8107947805456702
3372 0.8105544026089535
3373 0.8106105512744517
3374 0.8106666666666666
3375 0.8107227488151659
3376 0.8107787977494818
3377 0.8108348134991119
3378 0.8108907960935188
3379 0.8109467455621302
3380 0.8107068914522331
3381 0.810762862211709
3382 0.8108187998817618
3383 0.8105791962174941
3384 0.8106351550960118
3385 0.8106910809214413
3386 0.8107469737230587
3387 0.8108028335301063
3388 0.8108586603717911
3389 0.8109144542772861
3390 0.8106753170156296
3391 0.8107311320754716
3392 0.8104921898025347
3393 0.8105480259281084
3394 0.8106038291605302
3395 0.8106595995288575
3396 0.8104209596702974
3397 0.8104767510300177
3398 0.8105325095616358
3399 0.8105882352941176
3400 0.8106439282563952
3401 0.8106995884773662
3402 0.8104613576256244
3403 0.8105170387779084
3404 0.8105726872246696
3405 0.8103347034644744
3406 0.8103903727619607
3407 0.8101525821596244
3408 0.8102082722205926
3409 0.8102639296187684
3410 0.810319554382879
3411 0.8103751465416178
3412 0.8104307061236449
3413 0.8104862331575864
3414 0.8105417276720351
3415 0.8105971896955504
3416 0.8106526192566579
3417 0.8107080163838501
3418 0.8107633811055864
3419 0.8108187134502924
3420 0.8108740134463607
3421 0.8109292811221508
3422 0.810692375109553
3423 0.8104556074766355
3424 0.8102189781021898
3425 0.8102743724460012
3426 0.8103297344616283
3427 0.8103850641773629
3428 0.8104403616214639
3429 0.810204081632653
3430 0.8102593995919557
3431 0.8100233100233101
3432 0.8100786484124672
3433 0.8101339545719278
3434 0.8101892285298399
3435 0.810244470314319
3436 0.8102996799534478
3437 0.8103548574752764
3438 0.8104100029078221
3439 0.8101744186046511
3440 0.8102295844231329
3441 0.8102847181871006
3442 0.8100493755445832
3443 0.8101045296167247
3444 0.8098693759071117
3445 0.8096343586767266
3446 0.8096895851465042
3447 0.8097447795823666
3448 0.8097999420121774
3449 0.8098550724637681
3450 0.8099101709649377
3451 0.8096755504055619
3452 0.8097306689834927
3453 0.8097857556456283
3454 0.8098408104196816
3455 0.8098958333333334
3456 0.8099508244142319
3457 0.8100057836899942
3458 0.8100607111882047
3459 0.8101156069364162
3460 0.8101704709621497
3461 0.8099364529173888
3462 0.8099913369910482
3463 0.8100461893764435
3464 0.8101010101010101
3465 0.8101557991921523
3466 0.8102105566772426
3467 0.8102652825836217
3468 0.810319976938599
3469 0.8103746397694525
3470 0.8101411696917314
3471 0.8101958525345622
3472 0.8102505038871293
3473 0.8100172711571675
3474 0.8100719424460432
3475 0.810126582278481
3476 0.8101811906816221
3477 0.8102357676825762
3478 0.8102903133084219
3479 0.8103448275862069
3480 0.8103993105429474
3481 0.8101665709362436
3482 0.8102210737869653
3483 0.8102755453501722
3484 0.8103299856527977
3485 0.8103843947217442
3486 0.8101519931172928
3487 0.8102064220183486
3488 0.8102608197191172
3489 0.8103151862464183
3490 0.810369521627041
3491 0.8104238258877434
3492 0.8104780990552534
3493 0.8105323411562679
3494 0.8105865522174535
3495 0.8106407322654462
3496 0.8106948813268516
3497 0.8107489994282447
3498 0.8108030865961703
3499 0.8108571428571428
3500 0.8109111682376464
3501 0.8109651627641348
3502 0.8110191264630316
3503 0.8107876712328768
3504 0.8108416547788873
3505 0.8108956075299487
3506 0.8106643855146849
3507 0.8107183580387686
3508 0.8104873183243089
3509 0.8105413105413105
3510 0.8105952720022785
3511 0.8106492027334852
3512 0.8107031027611727
3513 0.8104723961297666
3514 0.8105263157894737
3515 0.810580204778157
3516 0.8106340631219789
3517 0.8106878908470722
3518 0.8107416879795396
3519 0.8107954545454545
3520 0.8105651803464925
3521 0.8106189664963089
3522 0.8106727221118365
3523 0.8107264472190693
3524 0.8107801418439716
3525 0.8108338060124787
3526 0.8108874397504962
3527 0.8109410430839002
3528 0.8109946160385378
3529 0.8110481586402266
3530 0.8108184650240725
3531 0.8108720271800679
3532 0.8109255590150014
3533 0.8109790605546123
3534 0.811032531824611
3535 0.8110859728506787
3536 0.8111393836584676
3537 0.8111927642736009
3538 0.8112461147216727
3539 0.8112994350282486
3540 0.8110703191188929
3541 0.810841332580463
3542 0.8106124753034152
3543 0.8103837471783296
3544 0.8104372355430184
3545 0.8104906937394247
3546 0.8105441217930646
3547 0.8105975197294251
3548 0.8106508875739645
3549 0.8107042253521127
3550 0.8107575330892707
3551 0.8108108108108109
3552 0.8108640585420771
3553 0.810917276308385
3554 0.810970464135021
3555 0.8110236220472441
3556 0.8110767500702839
3557 0.8111298482293423
3558 0.8111829165495926
3559 0.8109550561797753
3560 0.8110081437798371
3561 0.8110612015721504
3562 0.8111142295818131
3563 0.8108866442199776
3564 0.8109396914446003
3565 0.8107122826696579
3566 0.8107653490328006
3567 0.8108183856502242
3568 0.810871392546932
3569 0.8109243697478992
3570 0.8109773172780733
3571 0.811030235162374
3572 0.8110831234256927
3573 0.8108561835478455
3574 0.8109090909090909
3575 0.8109619686800895
3576 0.8110148168856584
