0 1.0
1 1.0
2 1.0
3 0.75
4 0.8
5 0.8333333333333334
6 0.8571428571428571
7 0.875
8 0.8888888888888888
9 0.9
10 0.8181818181818182
11 0.8333333333333334
12 0.8461538461538461
13 0.7857142857142857
14 0.8
15 0.8125
16 0.7647058823529411
17 0.7777777777777778
18 0.7894736842105263
19 0.8
20 0.8095238095238095
21 0.8181818181818182
22 0.8260869565217391
23 0.7916666666666666
24 0.8
25 0.8076923076923077
26 0.8148148148148148
27 0.8214285714285714
28 0.7931034482758621
29 0.8
30 0.7741935483870968
31 0.75
32 0.7575757575757576
33 0.7352941176470589
34 0.7428571428571429
35 0.75
36 0.7567567567567568
37 0.7631578947368421
38 0.7692307692307693
39 0.775
40 0.7804878048780488
41 0.7857142857142857
42 0.7906976744186046
43 0.7727272727272727
44 0.7555555555555555
45 0.7608695652173914
46 0.7446808510638298
47 0.75
48 0.7551020408163265
49 0.76
50 0.7450980392156863
51 0.75
52 0.7547169811320755
53 0.7407407407407407
54 0.7454545454545455
55 0.75
56 0.7543859649122807
57 0.7586206896551724
58 0.7627118644067796
59 0.7666666666666667
60 0.7540983606557377
61 0.7580645161290323
62 0.7619047619047619
63 0.765625
64 0.7692307692307693
65 0.7727272727272727
66 0.7761194029850746
67 0.7794117647058824
68 0.782608695652174
69 0.7857142857142857
70 0.7887323943661971
71 0.7916666666666666
72 0.7808219178082192
73 0.7837837837837838
74 0.7866666666666666
75 0.7763157894736842
76 0.7792207792207793
77 0.7692307692307693
78 0.759493670886076
79 0.7625
80 0.7530864197530864
81 0.7560975609756098
82 0.7590361445783133
83 0.7619047619047619
84 0.7647058823529411
85 0.7674418604651163
86 0.7701149425287356
87 0.7613636363636364
88 0.7640449438202247
89 0.7666666666666667
90 0.7692307692307693
91 0.7717391304347826
92 0.7741935483870968
93 0.776595744680851
94 0.7789473684210526
95 0.78125
96 0.7835051546391752
97 0.7857142857142857
98 0.7878787878787878
99 0.79
100 0.7920792079207921
101 0.7843137254901961
102 0.7864077669902912
103 0.7884615384615384
104 0.7904761904761904
105 0.7924528301886793
106 0.794392523364486
107 0.7962962962962963
108 0.7981651376146789
109 0.8
110 0.8018018018018018
111 0.8035714285714286
112 0.8053097345132744
113 0.8070175438596491
114 0.808695652173913
115 0.8103448275862069
116 0.811965811965812
117 0.8050847457627118
118 0.8067226890756303
119 0.8083333333333333
120 0.8016528925619835
121 0.8032786885245902
122 0.8048780487804879
123 0.8064516129032258
124 0.808
125 0.8095238095238095
126 0.8110236220472441
127 0.8125
128 0.813953488372093
129 0.8153846153846154
130 0.8091603053435115
131 0.8106060606060606
132 0.8045112781954887
133 0.8059701492537313
134 0.8074074074074075
135 0.8088235294117647
136 0.8102189781021898
137 0.8043478260869565
138 0.8057553956834532
139 0.8071428571428572
140 0.8014184397163121
141 0.8028169014084507
142 0.8041958041958042
143 0.8055555555555556
144 0.8068965517241379
145 0.8082191780821918
146 0.8095238095238095
147 0.8108108108108109
148 0.8120805369127517
149 0.8133333333333334
150 0.8145695364238411
151 0.8157894736842105
152 0.8169934640522876
153 0.8181818181818182
154 0.8129032258064516
155 0.8141025641025641
156 0.8152866242038217
157 0.810126582278481
158 0.8113207547169812
159 0.80625
160 0.8074534161490683
161 0.808641975308642
162 0.803680981595092
163 0.7987804878048781
164 0.8
165 0.7951807228915663
166 0.7964071856287425
167 0.7976190476190477
168 0.7988165680473372
169 0.8
170 0.8011695906432749
171 0.7965116279069767
172 0.7976878612716763
173 0.7988505747126436
174 0.8
175 0.8011363636363636
176 0.8022598870056498
177 0.8033707865168539
178 0.8044692737430168
179 0.8055555555555556
180 0.8066298342541437
181 0.8076923076923077
182 0.8032786885245902
183 0.8043478260869565
184 0.8054054054054054
185 0.8064516129032258
186 0.8074866310160428
187 0.8085106382978723
188 0.8095238095238095
189 0.8105263157894737
190 0.806282722513089
191 0.8020833333333334
192 0.7979274611398963
193 0.7989690721649485
194 0.8
195 0.8010204081632653
196 0.8020304568527918
197 0.803030303030303
198 0.8040201005025126
199 0.805
200 0.8059701492537313
201 0.801980198019802
202 0.8029556650246306
203 0.803921568627451
204 0.8048780487804879
205 0.8058252427184466
206 0.8019323671497585
207 0.7980769230769231
208 0.7990430622009569
209 0.7952380952380952
210 0.7962085308056872
211 0.7924528301886793
212 0.7887323943661971
213 0.7850467289719626
214 0.786046511627907
215 0.7870370370370371
216 0.783410138248848
217 0.7844036697247706
218 0.7853881278538812
219 0.7863636363636364
220 0.7873303167420814
221 0.7882882882882883
222 0.7892376681614349
223 0.7901785714285714
224 0.7911111111111111
225 0.7920353982300885
226 0.7929515418502202
227 0.793859649122807
228 0.7947598253275109
229 0.7913043478260869
230 0.7922077922077922
231 0.7931034482758621
232 0.7939914163090128
233 0.7948717948717948
234 0.7914893617021277
235 0.7923728813559322
236 0.7932489451476793
237 0.7941176470588235
238 0.7949790794979079
239 0.7958333333333333
240 0.7966804979253111
241 0.7975206611570248
242 0.7983539094650206
243 0.7991803278688525
244 0.8
245 0.8008130081300813
246 0.8016194331983806
247 0.8024193548387096
248 0.7991967871485943
249 0.8
250 0.8007968127490039
251 0.7976190476190477
252 0.7984189723320159
253 0.7992125984251969
254 0.8
255 0.80078125
256 0.8015564202334631
257 0.8023255813953488
258 0.803088803088803
259 0.8038461538461539
260 0.8045977011494253
261 0.8053435114503816
262 0.8060836501901141
263 0.8068181818181818
264 0.8037735849056604
265 0.8045112781954887
266 0.8052434456928839
267 0.8059701492537313
268 0.8066914498141264
269 0.8074074074074075
270 0.8044280442804428
271 0.8051470588235294
272 0.8021978021978022
273 0.8029197080291971
274 0.8036363636363636
275 0.8043478260869565
276 0.8014440433212996
277 0.802158273381295
278 0.8028673835125448
279 0.8035714285714286
280 0.8042704626334519
281 0.8014184397163121
282 0.8021201413427562
283 0.7992957746478874
284 0.8
285 0.8006993006993007
286 0.8013937282229965
287 0.8020833333333334
288 0.8027681660899654
289 0.8
290 0.8006872852233677
291 0.8013698630136986
292 0.8020477815699659
293 0.8027210884353742
294 0.8033898305084746
295 0.8006756756756757
296 0.797979797979798
297 0.7986577181208053
298 0.7993311036789298
299 0.8
300 0.7973421926910299
301 0.7980132450331126
302 0.7986798679867987
303 0.7993421052631579
304 0.8
305 0.7973856209150327
306 0.7980456026058632
307 0.7987012987012987
308 0.7993527508090615
309 0.8
310 0.8006430868167203
311 0.7980769230769231
312 0.7987220447284346
313 0.7961783439490446
314 0.7968253968253968
315 0.7943037974683544
316 0.7917981072555205
317 0.7924528301886793
318 0.7931034482758621
319 0.79375
320 0.794392523364486
321 0.7950310559006211
322 0.7956656346749226
323 0.7962962962962963
324 0.796923076923077
325 0.7975460122699386
326 0.7951070336391437
327 0.7957317073170732
328 0.7963525835866262
329 0.796969696969697
330 0.7945619335347432
331 0.7951807228915663
332 0.7957957957957958
333 0.7964071856287425
334 0.7940298507462686
335 0.7946428571428571
336 0.7922848664688428
337 0.7928994082840237
338 0.7935103244837758
339 0.7941176470588235
340 0.7947214076246334
341 0.7953216374269005
342 0.7959183673469388
343 0.7965116279069767
344 0.7971014492753623
345 0.7947976878612717
346 0.7953890489913544
347 0.7959770114942529
348 0.7965616045845272
349 0.7971428571428572
350 0.7948717948717948
351 0.7954545454545454
352 0.7960339943342776
353 0.7966101694915254
354 0.7971830985915493
355 0.797752808988764
356 0.7983193277310925
357 0.7988826815642458
358 0.7994428969359332
359 0.7972222222222223
360 0.7977839335180056
361 0.7983425414364641
362 0.7988980716253443
363 0.7994505494505495
364 0.8
365 0.8005464480874317
366 0.8010899182561307
367 0.8016304347826086
368 0.7994579945799458
369 0.8
370 0.8005390835579514
371 0.8010752688172043
372 0.8016085790884718
373 0.8021390374331551
374 0.8026666666666666
375 0.8031914893617021
376 0.8037135278514589
377 0.8042328042328042
378 0.8047493403693932
379 0.8052631578947368
380 0.8031496062992126
381 0.8010471204188482
382 0.8015665796344648
383 0.8020833333333334
384 0.8025974025974026
385 0.8031088082901554
386 0.8036175710594315
387 0.8041237113402062
388 0.8046272493573264
389 0.8051282051282052
390 0.8056265984654731
391 0.8061224489795918
392 0.806615776081425
393 0.8071065989847716
394 0.8050632911392405
395 0.803030303030303
396 0.8035264483627204
397 0.8040201005025126
398 0.8045112781954887
399 0.805
400 0.8054862842892768
401 0.8059701492537313
402 0.8039702233250621
403 0.8044554455445545
404 0.8049382716049382
405 0.8054187192118226
406 0.8058968058968059
407 0.8063725490196079
408 0.8068459657701712
409 0.8073170731707318
410 0.8077858880778589
411 0.808252427184466
412 0.8062953995157385
413 0.8067632850241546
414 0.8072289156626506
415 0.8076923076923077
416 0.8057553956834532
417 0.8038277511961722
418 0.8042959427207638
419 0.8023809523809524
420 0.8028503562945368
421 0.8009478672985783
422 0.8014184397163121
423 0.8018867924528302
424 0.8023529411764706
425 0.8028169014084507
426 0.8009367681498829
427 0.8014018691588785
428 0.8018648018648019
429 0.8023255813953488
430 0.802784222737819
431 0.8032407407407407
432 0.8036951501154734
433 0.8018433179723502
434 0.8022988505747126
435 0.8027522935779816
436 0.8009153318077803
437 0.8013698630136986
438 0.8018223234624146
439 0.8022727272727272
440 0.8027210884353742
441 0.8031674208144797
442 0.8036117381489842
443 0.8018018018018018
444 0.802247191011236
445 0.8026905829596412
446 0.8031319910514542
447 0.8035714285714286
448 0.8040089086859689
449 0.8044444444444444
450 0.8048780487804879
451 0.8053097345132744
452 0.8057395143487859
453 0.8061674008810573
454 0.8043956043956044
455 0.8048245614035088
456 0.8052516411378556
457 0.8056768558951966
458 0.8061002178649237
459 0.8065217391304348
460 0.806941431670282
461 0.8073593073593074
462 0.8077753779697624
463 0.8081896551724138
464 0.8086021505376344
465 0.8090128755364807
466 0.8094218415417559
467 0.8076923076923077
468 0.8081023454157783
469 0.8085106382978723
470 0.8089171974522293
471 0.809322033898305
472 0.8097251585623678
473 0.810126582278481
474 0.8084210526315789
475 0.8088235294117647
476 0.8071278825995807
477 0.8075313807531381
478 0.8079331941544885
479 0.80625
480 0.8066528066528067
481 0.8070539419087137
482 0.8074534161490683
483 0.8057851239669421
484 0.8061855670103093
485 0.8065843621399177
486 0.8069815195071869
487 0.8073770491803278
488 0.8077709611451943
489 0.8061224489795918
490 0.8065173116089613
491 0.806910569105691
492 0.8073022312373225
493 0.8076923076923077
494 0.8080808080808081
495 0.8084677419354839
496 0.8088531187122736
497 0.8092369477911646
498 0.8096192384769539
499 0.81
500 0.810379241516966
501 0.8107569721115537
502 0.8111332007952287
503 0.8115079365079365
504 0.8118811881188119
505 0.8122529644268774
506 0.8126232741617357
507 0.812992125984252
508 0.8133595284872298
509 0.8137254901960784
510 0.8140900195694716
511 0.814453125
512 0.8128654970760234
513 0.8132295719844358
514 0.8135922330097087
515 0.812015503875969
516 0.8104448742746615
517 0.8108108108108109
518 0.8111753371868978
519 0.8115384615384615
520 0.8119001919385797
521 0.8122605363984674
522 0.8107074569789675
523 0.8110687022900763
524 0.8114285714285714
525 0.8098859315589354
526 0.8102466793168881
527 0.8106060606060606
528 0.8090737240075614
529 0.809433962264151
530 0.8097928436911488
531 0.8101503759398496
532 0.8105065666041276
533 0.8089887640449438
534 0.8093457943925234
535 0.8097014925373134
536 0.8100558659217877
537 0.8104089219330854
538 0.8107606679035251
539 0.8111111111111111
540 0.8114602587800369
541 0.8099630996309963
542 0.8103130755064457
543 0.8106617647058824
544 0.8110091743119267
545 0.8095238095238095
546 0.8098720292504571
547 0.8102189781021898
548 0.8105646630236795
549 0.8109090909090909
550 0.8112522686025408
551 0.8115942028985508
552 0.8119349005424955
553 0.8122743682310469
554 0.8126126126126126
555 0.8111510791366906
556 0.8114901256732495
557 0.8100358422939068
558 0.8103756708407871
559 0.8089285714285714
560 0.8074866310160428
561 0.806049822064057
562 0.8063943161634103
563 0.8067375886524822
564 0.8070796460176991
565 0.8074204946996466
566 0.8077601410934744
567 0.8080985915492958
568 0.8084358523725835
569 0.8087719298245614
570 0.809106830122592
571 0.8076923076923077
572 0.8080279232111692
573 0.8083623693379791
574 0.8069565217391305
575 0.8072916666666666
576 0.8076256499133448
577 0.8062283737024222
578 0.8048359240069085
579 0.803448275862069
580 0.802065404475043
581 0.802405498281787
582 0.8027444253859348
583 0.803082191780822
584 0.8034188034188035
585 0.8020477815699659
586 0.8023850085178875
587 0.8027210884353742
588 0.8030560271646859
589 0.8033898305084746
590 0.8037225042301185
591 0.8040540540540541
592 0.8043844856661045
593 0.8047138047138047
594 0.8050420168067227
595 0.8053691275167785
596 0.8056951423785594
597 0.8043478260869565
598 0.8046744574290484
599 0.805
600 0.8053244592346089
601 0.8056478405315615
602 0.8059701492537313
603 0.8062913907284768
604 0.8066115702479338
605 0.806930693069307
606 0.8056013179571664
607 0.8042763157894737
608 0.8045977011494253
609 0.8032786885245902
610 0.8019639934533551
611 0.8022875816993464
612 0.800978792822186
613 0.8013029315960912
614 0.8016260162601626
615 0.8003246753246753
616 0.8006482982171799
617 0.7993527508090615
618 0.7996768982229402
619 0.8
620 0.8003220611916264
621 0.8006430868167203
622 0.8009630818619583
623 0.8012820512820513
624 0.8016
625 0.8003194888178914
626 0.8006379585326954
627 0.8009554140127388
628 0.8012718600953895
629 0.8015873015873016
630 0.8003169572107766
631 0.8006329113924051
632 0.7993680884676145
633 0.7981072555205048
634 0.7984251968503937
635 0.7987421383647799
636 0.7990580847723705
637 0.799373040752351
638 0.7996870109546166
639 0.8
640 0.8003120124804992
641 0.8006230529595015
642 0.8009331259720062
643 0.8012422360248447
644 0.8015503875968992
645 0.8018575851393189
646 0.8021638330757341
647 0.8009259259259259
648 0.8012326656394453
649 0.8015384615384615
650 0.8003072196620584
651 0.8006134969325154
652 0.7993874425727412
653 0.7996941896024465
654 0.7984732824427481
655 0.7987804878048781
656 0.7990867579908676
657 0.7993920972644377
658 0.7981790591805766
659 0.796969696969697
660 0.7972768532526475
661 0.797583081570997
662 0.7963800904977375
663 0.7966867469879518
664 0.7969924812030075
665 0.7972972972972973
666 0.7961019490254873
667 0.7949101796407185
668 0.7952167414050823
669 0.7940298507462686
670 0.7928464977645305
671 0.7931547619047619
672 0.7934621099554234
673 0.7937685459940653
674 0.794074074074074
675 0.7943786982248521
676 0.793205317577548
677 0.7935103244837758
678 0.7938144329896907
679 0.7941176470588235
680 0.7944199706314243
681 0.7947214076246334
682 0.7950219619326501
683 0.7953216374269005
684 0.7941605839416058
685 0.7944606413994169
686 0.7947598253275109
687 0.7950581395348837
688 0.795355587808418
689 0.7956521739130434
690 0.7959479015918958
691 0.796242774566474
692 0.7950937950937951
693 0.7953890489913544
694 0.7956834532374101
695 0.7959770114942529
696 0.7962697274031564
697 0.7965616045845272
698 0.7968526466380543
699 0.7957142857142857
700 0.7960057061340942
701 0.7962962962962963
702 0.7965860597439545
703 0.796875
704 0.7957446808510639
705 0.7960339943342776
706 0.7963224893917963
707 0.7966101694915254
708 0.7968970380818053
709 0.7971830985915493
710 0.7960618846694796
711 0.7963483146067416
712 0.7966339410939691
713 0.7969187675070029
714 0.7972027972027972
715 0.797486033519553
716 0.797768479776848
717 0.7980501392757661
718 0.7983310152990264
719 0.7986111111111112
720 0.7988904299583911
721 0.7991689750692521
722 0.7980636237897649
723 0.7983425414364641
724 0.7972413793103448
725 0.7975206611570248
726 0.797799174690509
727 0.7980769230769231
728 0.7969821673525377
729 0.7958904109589041
730 0.7961696306429549
731 0.796448087431694
732 0.7967257844474761
733 0.7970027247956403
734 0.7972789115646258
735 0.7975543478260869
736 0.7964721845318861
737 0.7953929539295393
738 0.7956698240866035
739 0.7959459459459459
740 0.796221322537112
741 0.7964959568733153
742 0.7967698519515478
743 0.7956989247311828
744 0.7959731543624161
745 0.7962466487935657
746 0.7965194109772423
747 0.7967914438502673
748 0.7970627503337784
749 0.7973333333333333
750 0.7976031957390146
751 0.7978723404255319
752 0.798140770252324
753 0.7984084880636605
754 0.7986754966887417
755 0.798941798941799
756 0.7992073976221928
757 0.7994722955145118
758 0.7997364953886693
759 0.7986842105263158
760 0.7989487516425755
761 0.7979002624671916
762 0.7968545216251638
763 0.7958115183246073
764 0.796078431372549
765 0.7963446475195822
766 0.7953063885267275
767 0.7955729166666666
768 0.7958387516254877
769 0.7961038961038961
770 0.795071335927367
771 0.7940414507772021
772 0.7943078913324709
773 0.7945736434108527
774 0.7948387096774193
775 0.7938144329896907
776 0.7940797940797941
777 0.7930591259640103
778 0.79204107830552
779 0.7923076923076923
780 0.7925736235595391
781 0.7928388746803069
782 0.7931034482758621
783 0.7920918367346939
784 0.7923566878980892
785 0.7926208651399491
786 0.7928843710292249
787 0.7931472081218274
788 0.7934093789607097
789 0.7924050632911392
790 0.7926675094816688
791 0.7916666666666666
792 0.7919293820933165
793 0.792191435768262
794 0.7924528301886793
795 0.7914572864321608
796 0.7917189460476788
797 0.7919799498746867
798 0.7922403003754693
799 0.7925
800 0.7927590511860175
801 0.7917705735660848
802 0.7920298879202988
803 0.7910447761194029
804 0.7913043478260869
805 0.7915632754342432
806 0.7905824039653035
807 0.7908415841584159
808 0.7911001236093943
809 0.7901234567901234
810 0.7903822441430333
811 0.7906403940886699
812 0.7908979089790897
813 0.7911547911547911
814 0.7914110429447853
815 0.7916666666666666
816 0.791921664626683
817 0.7921760391198044
818 0.7924297924297924
819 0.7914634146341464
820 0.7917174177831913
821 0.791970802919708
822 0.7922235722964763
823 0.7924757281553398
824 0.7927272727272727
825 0.7929782082324455
826 0.7932285368802902
827 0.7934782608695652
828 0.7925211097708083
829 0.7927710843373494
830 0.7930204572803851
831 0.7932692307692307
832 0.7935174069627852
833 0.7937649880095923
834 0.7940119760479042
835 0.7942583732057417
836 0.7933094384707288
837 0.7923627684964201
838 0.7926102502979738
839 0.7928571428571428
840 0.7931034482758621
841 0.7933491686460807
842 0.7935943060498221
843 0.7938388625592417
844 0.7940828402366864
845 0.7943262411347518
846 0.79456906729634
847 0.7948113207547169
848 0.7950530035335689
849 0.7952941176470588
850 0.7955346650998825
851 0.795774647887324
852 0.7960140679953107
853 0.7962529274004684
854 0.7964912280701755
855 0.7967289719626168
856 0.7969661610268378
857 0.796037296037296
858 0.7962747380675204
859 0.7953488372093023
860 0.7955865272938444
861 0.7958236658932715
862 0.7960602549246814
863 0.7962962962962963
864 0.7953757225433526
865 0.7956120092378753
866 0.7958477508650519
867 0.7960829493087558
868 0.7951668584579977
869 0.7942528735632184
870 0.7944890929965557
871 0.7947247706422018
872 0.7949599083619702
873 0.7951945080091534
874 0.7954285714285714
875 0.795662100456621
876 0.7958950969213227
877 0.7961275626423691
878 0.7963594994311718
879 0.7954545454545454
880 0.7956867196367764
881 0.7959183673469388
882 0.796149490373726
883 0.7963800904977375
884 0.7966101694915254
885 0.7968397291196389
886 0.7970687711386697
887 0.7972972972972973
888 0.796400449943757
889 0.7966292134831461
890 0.7968574635241302
891 0.7959641255605381
892 0.7961926091825308
893 0.796420581655481
894 0.7966480446927374
895 0.7957589285714286
896 0.7948717948717948
897 0.7951002227171492
898 0.7953281423804227
899 0.7955555555555556
900 0.7957824639289678
901 0.7960088691796009
902 0.7962347729789591
903 0.7964601769911505
904 0.7966850828729282
905 0.7969094922737306
906 0.7971334068357222
907 0.7973568281938326
908 0.7975797579757976
909 0.7978021978021979
910 0.7969264544456641
911 0.7971491228070176
912 0.7973713033953997
913 0.7975929978118161
914 0.7978142076502732
915 0.7980349344978166
916 0.7982551799345693
917 0.7973856209150327
918 0.7976060935799782
919 0.7978260869565217
920 0.7969598262757872
921 0.797180043383948
922 0.7973997833152763
923 0.7965367965367965
924 0.7967567567567567
925 0.796976241900648
926 0.7971952535059331
927 0.7974137931034483
928 0.7976318622174381
929 0.7978494623655914
930 0.7980665950590763
931 0.7982832618025751
932 0.7984994640943194
933 0.7987152034261242
934 0.7989304812834225
935 0.7980769230769231
936 0.7982924226254002
937 0.7985074626865671
938 0.7987220447284346
939 0.798936170212766
940 0.7991498405951116
941 0.7993630573248408
942 0.799575821845175
943 0.7997881355932204
944 0.8
945 0.8002114164904862
946 0.8004223864836325
947 0.8006329113924051
948 0.8008429926238145
949 0.8
950 0.7991587802313355
951 0.7993697478991597
952 0.7995802728226653
953 0.79979035639413
954 0.8
955 0.8002092050209205
956 0.800417972831766
957 0.8006263048016702
958 0.8008342022940563
959 0.8010416666666667
960 0.8012486992715921
961 0.8014553014553014
962 0.8016614745586709
963 0.8018672199170125
964 0.8010362694300518
965 0.8012422360248447
966 0.8014477766287487
967 0.8006198347107438
968 0.8008255933952528
969 0.8010309278350516
970 0.8012358393408857
971 0.801440329218107
972 0.8006166495375129
973 0.8008213552361396
974 0.801025641025641
975 0.8012295081967213
976 0.8014329580348004
977 0.8016359918200409
978 0.8018386108273748
979 0.8020408163265306
980 0.8022426095820592
981 0.8024439918533605
982 0.8026449643947101
983 0.8028455284552846
984 0.8020304568527918
985 0.8022312373225152
986 0.8024316109422492
987 0.8026315789473685
988 0.8028311425682507
989 0.803030303030303
990 0.8032290615539859
991 0.8034274193548387
992 0.8036253776435045
993 0.8028169014084507
994 0.8030150753768844
995 0.8032128514056225
996 0.8034102306920762
997 0.8036072144288577
998 0.8038038038038038
999 0.804
1000 0.8031968031968032
1001 0.8033932135728543
1002 0.8035892323030908
1003 0.8037848605577689
1004 0.8039800995024876
1005 0.8041749502982107
1006 0.8043694141012909
1007 0.8045634920634921
1008 0.8047571853320119
1009 0.804950495049505
1010 0.8051434223541049
1011 0.8053359683794467
1012 0.805528134254689
1013 0.8057199211045365
1014 0.8059113300492611
1015 0.8061023622047244
1016 0.8062930186823992
1017 0.806483300589391
1018 0.8066732090284593
1019 0.8058823529411765
1020 0.8060724779627816
1021 0.8062622309197651
1022 0.8064516129032258
1023 0.806640625
1024 0.806829268292683
1025 0.8070175438596491
1026 0.807205452775073
1027 0.8073929961089494
1028 0.8066083576287658
1029 0.8067961165048544
1030 0.8069835111542192
1031 0.8071705426356589
1032 0.8063891577928364
1033 0.8065764023210832
1034 0.8067632850241546
1035 0.806949806949807
1036 0.8061716489874639
1037 0.8063583815028902
1038 0.8065447545717036
1039 0.8067307692307693
1040 0.8069164265129684
1041 0.8071017274472169
1042 0.8072866730584851
1043 0.8074712643678161
1044 0.8076555023923445
1045 0.8078393881453155
1046 0.8080229226361032
1047 0.808206106870229
1048 0.8083889418493804
1049 0.8085714285714286
1050 0.8087535680304472
1051 0.80893536121673
1052 0.8091168091168092
1053 0.8083491461100569
1054 0.8085308056872038
1055 0.8087121212121212
1056 0.8079470198675497
1057 0.8071833648393195
1058 0.8064211520302171
1059 0.8066037735849056
1060 0.8067860508953817
1061 0.8069679849340866
1062 0.8071495766698025
1063 0.8073308270676691
1064 0.8065727699530516
1065 0.8067542213883677
1066 0.8069353327085286
1067 0.8071161048689138
1068 0.8072965388213283
1069 0.8065420560747664
1070 0.8067226890756303
1071 0.8069029850746269
1072 0.8070829450139795
1073 0.8072625698324022
1074 0.8074418604651162
1075 0.8076208178438662
1076 0.807799442896936
1077 0.8070500927643784
1078 0.8063021316033364
1079 0.8064814814814815
1080 0.8057354301572618
1081 0.8059149722735675
1082 0.8060941828254847
1083 0.8062730627306273
1084 0.8064516129032258
1085 0.8066298342541437
1086 0.8058877644894205
1087 0.8060661764705882
1088 0.8062442607897153
1089 0.8055045871559633
1090 0.8056828597616865
1091 0.8058608058608059
1092 0.8060384263494969
1093 0.8062157221206582
1094 0.806392694063927
1095 0.8056569343065694
1096 0.8058340929808568
1097 0.8060109289617486
1098 0.8061874431301183
1099 0.8063636363636364
1100 0.8065395095367848
1101 0.8058076225045372
1102 0.8059836808703535
1103 0.8061594202898551
1104 0.8063348416289593
1105 0.8065099457504521
1106 0.8066847335140018
1107 0.8068592057761733
1108 0.8070333633904418
1109 0.8063063063063063
1110 0.8064806480648065
1111 0.8066546762589928
1112 0.8068283917340521
1113 0.8070017953321365
1114 0.8071748878923767
1115 0.8064516129032258
1116 0.8066248880931065
1117 0.8067978533094812
1118 0.806970509383378
1119 0.8071428571428572
1120 0.8073148974130241
1121 0.8074866310160428
1122 0.8076580587711487
1123 0.8069395017793595
1124 0.8071111111111111
1125 0.8063943161634103
1126 0.8065661047027507
1127 0.8067375886524822
1128 0.8069087688219664
1129 0.8070796460176991
1130 0.8072502210433244
1131 0.8065371024734982
1132 0.8067078552515445
1133 0.8059964726631393
1134 0.8061674008810573
1135 0.8063380281690141
1136 0.8065083553210203
1137 0.8066783831282952
1138 0.8068481123792801
1139 0.8070175438596491
1140 0.8071866783523225
1141 0.8064798598949212
1142 0.8066491688538933
1143 0.8068181818181818
1144 0.8069868995633188
1145 0.8071553228621291
1146 0.8073234524847428
1147 0.8074912891986062
1148 0.8076588337684943
1149 0.8069565217391305
1150 0.8071242397914856
1151 0.8072916666666666
1152 0.8074588031222897
1153 0.8076256499133448
1154 0.8077922077922078
1155 0.8079584775086506
1156 0.808124459809853
1157 0.8082901554404145
1158 0.808455565142364
1159 0.8086206896551724
1160 0.8087855297157622
1161 0.8089500860585198
1162 0.8091143594153053
1163 0.8092783505154639
1164 0.8094420600858369
1165 0.8096054888507719
1166 0.8097686375321337
1167 0.809931506849315
1168 0.8092386655260907
1169 0.8094017094017094
1170 0.8095644748078565
1171 0.8097269624573379
1172 0.8090366581415175
1173 0.8091993185689949
1174 0.8093617021276596
1175 0.8095238095238095
1176 0.8096856414613424
1177 0.8098471986417657
1178 0.8100084817642069
1179 0.809322033898305
1180 0.8094834885690093
1181 0.8087986463620981
1182 0.8089602704987321
1183 0.8091216216216216
1184 0.8084388185654009
1185 0.8086003372681282
1186 0.8087615838247684
1187 0.8089225589225589
1188 0.8090832632464255
1189 0.8084033613445378
1190 0.8085642317380353
1191 0.8087248322147651
1192 0.8080469404861693
1193 0.8073701842546064
1194 0.8075313807531381
1195 0.8076923076923077
1196 0.8078529657477026
1197 0.8071786310517529
1198 0.8073394495412844
1199 0.8075
1200 0.8076602830974188
1201 0.8069883527454242
1202 0.8071487946799667
1203 0.8073089700996677
1204 0.8074688796680498
1205 0.8076285240464345
1206 0.8077879038939519
1207 0.8079470198675497
1208 0.8072787427626137
1209 0.8074380165289257
1210 0.8067712634186622
1211 0.806930693069307
1212 0.8070898598516076
1213 0.8072487644151565
1214 0.8074074074074075
1215 0.8075657894736842
1216 0.8077239112571898
1217 0.8070607553366174
1218 0.8072190319934373
1219 0.8073770491803278
1220 0.8075348075348076
1221 0.8076923076923077
1222 0.8078495502861816
1223 0.8080065359477124
1224 0.8081632653061225
1225 0.8083197389885808
1226 0.8084759576202118
1227 0.8086319218241043
1228 0.8087876322213181
1229 0.8089430894308943
1230 0.8090982940698619
1231 0.8092532467532467
1232 0.8085969180859692
1233 0.8087520259319287
1234 0.8089068825910931
1235 0.8090614886731392
1236 0.809215844785772
1237 0.8093699515347335
1238 0.8095238095238095
1239 0.8096774193548387
1240 0.8098307816277196
1241 0.8099838969404187
1242 0.8101367658889783
1243 0.8102893890675241
1244 0.8104417670682731
1245 0.8105939004815409
1246 0.8107457898957497
1247 0.8108974358974359
1248 0.811048839071257
1249 0.8104
1250 0.8105515587529976
1251 0.810702875399361
1252 0.810853950518755
1253 0.8110047846889952
1254 0.8111553784860558
1255 0.8113057324840764
1256 0.8114558472553699
1257 0.8116057233704292
1258 0.8117553613979349
1259 0.8119047619047619
1260 0.8120539254559873
1261 0.812202852614897
1262 0.8123515439429929
1263 0.8125
1264 0.8126482213438735
1265 0.8127962085308057
1266 0.8129439621152328
1267 0.8123028391167192
1268 0.8124507486209613
1269 0.8125984251968504
1270 0.8127458693941778
1271 0.8128930817610063
1272 0.8130400628436764
1273 0.8131868131868132
1274 0.8133333333333334
1275 0.8134796238244514
1276 0.8136256851996868
1277 0.8137715179968701
1278 0.8139171227521501
1279 0.8140625
1280 0.8142076502732241
1281 0.8143525741029641
1282 0.8144972720187061
1283 0.8146417445482866
1284 0.8147859922178988
1285 0.8149300155520995
1286 0.8142968142968143
1287 0.8144409937888198
1288 0.8145849495733126
1289 0.8147286821705426
1290 0.814872192099148
1291 0.815015479876161
1292 0.8151585460170147
1293 0.8145285935085008
1294 0.8138996138996138
1295 0.8140432098765432
1296 0.8134155744024673
1297 0.8135593220338984
1298 0.8137028483448807
1299 0.813076923076923
1300 0.8132205995388163
1301 0.8133640552995391
1302 0.8135072908672295
1303 0.8128834355828221
1304 0.8130268199233717
1305 0.8131699846860643
1306 0.8133129303749044
1307 0.8134556574923547
1308 0.813598166539343
1309 0.8137404580152672
1310 0.813119755911518
1311 0.8132621951219512
1312 0.8126428027418127
1313 0.8127853881278538
1314 0.8129277566539924
1315 0.8130699088145896
1316 0.8132118451025057
1317 0.8133535660091047
1318 0.8134950720242609
1319 0.8136363636363636
1320 0.8130204390613172
1321 0.813161875945537
1322 0.8133030990173847
1323 0.8134441087613293
1324 0.8135849056603773
1325 0.8137254901960784
1326 0.813112283345893
1327 0.8132530120481928
1328 0.8133935289691497
1329 0.8135338345864662
1330 0.8136739293764087
1331 0.8130630630630631
1332 0.8132033008252063
1333 0.8133433283358321
1334 0.8134831460674158
1335 0.813622754491018
1336 0.8130142109199701
1337 0.8131539611360239
1338 0.813293502613891
1339 0.8134328358208955
1340 0.8135719612229679
1341 0.8137108792846498
1342 0.813849590469099
1343 0.8139880952380952
1344 0.8133828996282528
1345 0.8135215453194651
1346 0.8136599851521901
1347 0.8137982195845698
1348 0.8139362490733877
1349 0.8140740740740741
1350 0.8142116950407106
1351 0.8136094674556213
1352 0.8137472283813747
1353 0.8138847858197932
1354 0.8132841328413284
1355 0.8134218289085545
1356 0.812822402358143
1357 0.812960235640648
1358 0.8130978660779985
1359 0.8132352941176471
1360 0.813372520205731
1361 0.8135095447870778
1362 0.8136463683052091
1363 0.8137829912023461
1364 0.8139194139194139
1365 0.8140556368960469
1366 0.8141916605705926
1367 0.814327485380117
1368 0.8144631117604091
1369 0.8145985401459854
1370 0.8147337709700948
1371 0.8141399416909622
1372 0.8142753095411508
1373 0.8144104803493449
1374 0.8138181818181818
1375 0.813953488372093
1376 0.813362381989833
1377 0.8127721335268505
1378 0.8129079042784626
1379 0.8123188405797102
1380 0.8124547429398986
1381 0.8125904486251809
1382 0.8127259580621836
1383 0.8128612716763006
1384 0.8129963898916968
1385 0.8131313131313131
1386 0.8132660418168709
1387 0.8134005763688761
1388 0.8135349172066235
1389 0.8136690647482014
1390 0.8130841121495327
1391 0.8125
1392 0.8126346015793252
1393 0.8127690100430416
1394 0.8121863799283154
1395 0.8123209169054442
1396 0.8124552612741589
1397 0.8125894134477826
1398 0.812723373838456
1399 0.8128571428571428
1400 0.8122769450392576
1401 0.8124108416547788
1402 0.812544547398432
1403 0.8126780626780626
1404 0.8128113879003559
1405 0.8129445234708392
1406 0.8130774697938877
1407 0.8132102272727273
1408 0.8133427963094393
1409 0.8134751773049645
1410 0.8128986534372785
1411 0.8130311614730878
1412 0.8124557678697806
1413 0.8118811881188119
1414 0.8120141342756184
1415 0.8121468926553672
1416 0.8122794636556104
1417 0.8124118476727785
1418 0.8125440451021846
1419 0.8126760563380282
1420 0.812807881773399
1421 0.8129395218002813
1422 0.8123682361208714
1423 0.8117977528089888
1424 0.8119298245614035
1425 0.8120617110799438
1426 0.8121934127540295
1427 0.8123249299719888
1428 0.8117564730580826
1429 0.8118881118881119
1430 0.8120195667365478
1431 0.8121508379888268
1432 0.8122819260293092
1433 0.8124128312412832
1434 0.8118466898954704
1435 0.8119777158774373
1436 0.8121085594989561
1437 0.8122392211404729
1438 0.812369701181376
1439 0.8118055555555556
1440 0.8119361554476058
1441 0.8120665742024965
1442 0.8115038115038115
1443 0.8109418282548476
1444 0.8110726643598616
1445 0.8112033195020747
1446 0.8113337940566689
1447 0.81146408839779
1448 0.8115942028985508
1449 0.8117241379310345
1450 0.8111647139903515
1451 0.8112947658402204
1452 0.8107364074328974
1453 0.8108665749656121
1454 0.8109965635738832
1455 0.8111263736263736
1456 0.8105696636925189
1457 0.8100137174211248
1458 0.8101439342015079
1459 0.8102739726027397
1460 0.810403832991102
1461 0.8105335157318742
1462 0.8099794941900205
1463 0.8101092896174863
1464 0.8102389078498293
1465 0.810368349249659
1466 0.8104976141785958
1467 0.8106267029972752
1468 0.8107556160653506
1469 0.8108843537414966
1470 0.8110129163834127
1471 0.811141304347826
1472 0.8112695179904956
1473 0.8113975576662144
1474 0.8115254237288135
1475 0.8116531165311653
1476 0.8117806364251862
1477 0.8119079837618404
1478 0.8120351588911426
1479 0.8121621621621622
1480 0.812288993923025
1481 0.8124156545209177
1482 0.8118678354686446
1483 0.8119946091644205
1484 0.8121212121212121
1485 0.8122476446837147
1486 0.8117014122394082
1487 0.8118279569892473
1488 0.8119543317662861
1489 0.8114093959731543
1490 0.8108651911468813
1491 0.8109919571045576
1492 0.8111185532484929
1493 0.8112449799196787
1494 0.811371237458194
1495 0.8114973262032086
1496 0.811623246492986
1497 0.8117489986648865
1498 0.8118745830553702
1499 0.812
1500 0.8121252498334444
1501 0.8122503328894807
1502 0.812375249500998
1503 0.8118351063829787
1504 0.8119601328903654
1505 0.8120849933598937
1506 0.8115461181154612
1507 0.8110079575596817
1508 0.8111332007952287
1509 0.8112582781456954
1510 0.8113831899404368
1511 0.8115079365079365
1512 0.8116325181758096
1513 0.8117569352708058
1514 0.8118811881188119
1515 0.8120052770448549
1516 0.8121292023731048
1517 0.8115942028985508
1518 0.8110599078341014
1519 0.8111842105263158
1520 0.8106508875739645
1521 0.8107752956636005
1522 0.8108995403808273
1523 0.8110236220472441
1524 0.8104918032786885
1525 0.8106159895150721
1526 0.8107400130975769
1527 0.8108638743455497
1528 0.8109875735775016
1529 0.8104575163398693
1530 0.8105813193990856
1531 0.8107049608355091
1532 0.8108284409654273
1533 0.8109517601043025
1534 0.8104234527687296
1535 0.810546875
1536 0.8106701366297983
1537 0.8107932379713915
1538 0.8102664067576348
1539 0.8103896103896104
1540 0.8105126541207008
1541 0.8106355382619974
1542 0.8101101749837978
1543 0.8095854922279793
1544 0.8097087378640777
1545 0.8091849935316947
1546 0.8093083387201034
1547 0.8094315245478036
1548 0.8095545513234345
1549 0.8096774193548387
1550 0.8098001289490652
1551 0.8092783505154639
1552 0.8094011590470058
1553 0.8095238095238095
1554 0.8096463022508038
1555 0.8097686375321337
1556 0.8092485549132948
1557 0.8093709884467266
1558 0.809493264913406
1559 0.8096153846153846
1560 0.8097373478539398
1561 0.8098591549295775
1562 0.8093410108765196
1563 0.809462915601023
1564 0.8089456869009585
1565 0.8090676883780332
1566 0.8091895341416719
1567 0.8093112244897959
1568 0.8094327597195666
1569 0.8089171974522293
1570 0.8090388287714831
1571 0.8091603053435115
1572 0.8092816274634457
1573 0.8094027954256671
1574 0.8095238095238095
1575 0.8096446700507615
1576 0.8097653772986684
1577 0.8098859315589354
1578 0.8093730208993034
1579 0.8094936708860759
1580 0.8089816571790006
1581 0.809102402022756
1582 0.8092229943145925
1583 0.8093434343434344
1584 0.8094637223974763
1585 0.8095838587641866
1586 0.8097038437303088
1587 0.809823677581864
1588 0.8099433606041535
1589 0.809433962264151
1590 0.809553739786298
1591 0.8096733668341709
1592 0.8097928436911488
1593 0.8099121706398996
1594 0.8100313479623824
1595 0.8101503759398496
1596 0.8102692548528491
1597 0.8103879849812266
1598 0.8105065666041276
1599 0.810625
1600 0.8107432854465959
1601 0.8108614232209738
1602 0.8103555832813475
1603 0.809850374064838
1604 0.8099688473520249
1605 0.8100871731008717
1606 0.8095830740510268
1607 0.8097014925373134
1608 0.8098197638284649
1609 0.8099378881987578
1610 0.8100558659217877
1611 0.8101736972704715
1612 0.810291382517049
1613 0.8104089219330854
1614 0.8105263157894737
1615 0.8106435643564357
1616 0.8101422387136673
1617 0.8102595797280593
1618 0.8103767757875232
1619 0.8104938271604938
1620 0.8106107341147439
1621 0.810727496917386
1622 0.8102279728897104
1623 0.8103448275862069
1624 0.8098461538461539
1625 0.8099630996309963
1626 0.8100799016594961
1627 0.8095823095823096
1628 0.8096992019643954
1629 0.8098159509202454
1630 0.809319435928878
1631 0.8094362745098039
1632 0.8095529699938763
1633 0.8096695226438189
1634 0.8097859327217125
1635 0.8099022004889975
1636 0.8094074526573
1637 0.8095238095238095
1638 0.8096400244051251
1639 0.8097560975609757
1640 0.8092626447288239
1641 0.8093788063337394
1642 0.8094948265368229
1643 0.809610705596107
1644 0.8097264437689969
1645 0.8098420413122722
1646 0.8093503339404978
1647 0.8094660194174758
1648 0.8095815645845967
1649 0.8096969696969697
1650 0.8098122350090854
1651 0.8099273607748184
1652 0.809437386569873
1653 0.8095525997581621
1654 0.8090634441087613
1655 0.8091787439613527
1656 0.8086904043452021
1657 0.8088057901085646
1658 0.8089210367691381
1659 0.8090361445783133
1660 0.8085490668272125
1661 0.8086642599277978
1662 0.8087793144918821
1663 0.8088942307692307
1664 0.809009009009009
1665 0.8091236494597839
1666 0.8092381523695261
1667 0.8093525179856115
1668 0.8094667465548232
1669 0.8095808383233533
1670 0.8096947935368043
1671 0.8098086124401914
1672 0.8099222952779438
1673 0.8100358422939068
1674 0.8101492537313433
1675 0.8102625298329356
1676 0.8103756708407871
1677 0.8104886769964244
1678 0.8100059559261465
1679 0.8101190476190476
1680 0.810232004759072
1681 0.8103448275862069
1682 0.8104575163398693
1683 0.8099762470308789
1684 0.8100890207715133
1685 0.8102016607354685
1686 0.8103141671606402
1687 0.8104265402843602
1688 0.8105387803433984
1689 0.8106508875739645
1690 0.8101714961561206
1691 0.8102836879432624
1692 0.8103957471943296
1693 0.8105076741440378
1694 0.8106194690265487
1695 0.8107311320754716
1696 0.8102533883323512
1697 0.8103651354534747
1698 0.8104767510300177
1699 0.8105882352941176
1700 0.8106995884773662
1701 0.8108108108108109
1702 0.810921902524956
1703 0.8110328638497653
1704 0.8105571847507331
1705 0.8106682297772567
1706 0.8107791446983011
1707 0.810304449648712
1708 0.8104154476301931
1709 0.8099415204678363
1710 0.8100526008182349
1711 0.8095794392523364
1712 0.8096906012842966
1713 0.809801633605601
1714 0.8099125364431486
1715 0.8100233100233101
1716 0.8101339545719278
1717 0.810244470314319
1718 0.8103548574752764
1719 0.8104651162790698
1720 0.810575246949448
1721 0.81068524970964
1722 0.8107951247823564
1723 0.8109048723897911
1724 0.8110144927536231
1725 0.8105446118192352
1726 0.8106543138390272
1727 0.8107638888888888
1728 0.8108733371891267
1729 0.8109826589595376
1730 0.8110918544194108
1731 0.8112009237875288
1732 0.8113098672821697
1733 0.8114186851211073
1734 0.8115273775216139
1735 0.8116359447004609
1736 0.8117443868739206
1737 0.8118527042577676
1738 0.81196089706728
1739 0.8120689655172414
1740 0.8121769098219415
1741 0.812284730195178
1742 0.8123924268502581
1743 0.8125
1744 0.8126074498567335
1745 0.8127147766323024
1746 0.8128219805380652
1747 0.812929061784897
1748 0.8130360205831904
1749 0.8131428571428572
1750 0.8132495716733296
1751 0.8133561643835616
1752 0.8134626354820308
1753 0.8129988597491448
1754 0.8131054131054131
1755 0.8126423690205011
1756 0.8127490039840638
1757 0.8128555176336746
1758 0.8129619101762365
1759 0.8125
1760 0.8126064735945485
1761 0.8127128263337117
1762 0.8128190584231424
1763 0.812358276643991
1764 0.8124645892351274
1765 0.812004530011325
1766 0.812110922467459
1767 0.8122171945701357
1768 0.8117580553985303
1769 0.8112994350282486
1770 0.8114059853190287
1771 0.8115124153498872
1772 0.8116187253243091
1773 0.8117249154453213
1774 0.811830985915493
1775 0.8119369369369369
1776 0.8120427687113112
1777 0.81214848143982
1778 0.8122540753232153
1779 0.8123595505617978
1780 0.8124649073554183
1781 0.8125701459034792
1782 0.8126752664049355
1783 0.8127802690582959
1784 0.8128851540616246
1785 0.812989921612542
1786 0.8130945719082261
1787 0.8131991051454138
1788 0.8133035215204024
1789 0.8134078212290503
1790 0.8135120044667783
1791 0.8136160714285714
1792 0.8137200223089793
1793 0.8138238573021181
1794 0.8139275766016713
1795 0.8140311804008908
1796 0.8141346688925988
1797 0.814238042269188
1798 0.8143413007226237
1799 0.8144444444444444
1800 0.8145474736257635
1801 0.8140954495005549
1802 0.8136439267886856
1803 0.8137472283813747
1804 0.8138504155124654
1805 0.813953488372093
1806 0.8140564471499724
1807 0.8136061946902655
1808 0.8137092316196793
1809 0.8138121546961326
1810 0.8139149641082275
1811 0.8140176600441501
1812 0.8141202426916713
1813 0.8142227122381478
1814 0.8137741046831956
1815 0.8138766519823789
1816 0.813979086406164
1817 0.8140814081408141
1818 0.8136338647608576
1819 0.8137362637362637
1820 0.8132894014277869
1821 0.8133918770581778
1822 0.8134942402633023
1823 0.8135964912280702
1824 0.8136986301369863
1825 0.8138006571741512
1826 0.8133552271483306
1827 0.812910284463895
1828 0.8130125751776928
1829 0.8131147540983606
1830 0.813216821409066
1831 0.8133187772925764
1832 0.8134206219312602
1833 0.8135223555070883
1834 0.8136239782016349
1835 0.8137254901960784
1836 0.813826891671203
1837 0.8139281828073993
1838 0.8140293637846656
1839 0.8135869565217392
1840 0.8136882129277566
1841 0.8132464712269273
1842 0.8133478024959305
1843 0.8134490238611713
1844 0.813550135501355
1845 0.8131094257854822
1846 0.8132106118029236
1847 0.8133116883116883
1848 0.8134126554894537
1849 0.812972972972973
1850 0.8130740140464614
1851 0.8131749460043196
1852 0.8132757690232056
1853 0.8133764832793959
1854 0.813477088948787
1855 0.8135775862068966
1856 0.8136779752288638
1857 0.8132400430570506
1858 0.8133405056481979
1859 0.8134408602150538
1860 0.8135411069317571
1861 0.813641245972073
1862 0.8137412775093934
1863 0.8133047210300429
1864 0.8134048257372655
1865 0.8135048231511254
1866 0.8136047134440278
1867 0.8137044967880086
1868 0.8138041733547352
1869 0.813903743315508
1870 0.8140032068412614
1871 0.8141025641025641
1872 0.8142018152696209
1873 0.8143009605122732
1874 0.8144
1875 0.814498933901919
1876 0.8140649973361748
1877 0.8141640042598509
1878 0.814262905800958
1879 0.8143617021276596
1880 0.8144603934077618
1881 0.8140276301806588
1882 0.8141263940520446
1883 0.8142250530785563
1884 0.8143236074270557
1885 0.8144220572640509
1886 0.8145204027556969
1887 0.8140889830508474
1888 0.8136580201164637
1889 0.8137566137566138
1890 0.8138551031200423
1891 0.8134249471458774
1892 0.8129952456418383
1893 0.8130939809926082
1894 0.8126649076517151
1895 0.8127637130801688
1896 0.8128624143384291
1897 0.8129610115911485
1898 0.8130595050026329
1899 0.8126315789473684
1900 0.8127301420305103
1901 0.8128286014721346
1902 0.8129269574356279
1903 0.8125
1904 0.8125984251968504
1905 0.8126967471143757
1906 0.8122705820660724
1907 0.8123689727463312
1908 0.8124672603457308
1909 0.812565445026178
1910 0.8126635269492413
1911 0.8127615062761506
1912 0.8128593831677993
1913 0.812957157784744
1914 0.812532637075718
1915 0.8121085594989561
1916 0.812206572769953
1917 0.8123044838373306
1918 0.8124022928608651
1919 0.8125
1920 0.812597605413847
1921 0.8126951092611863
1922 0.8127925117004681
1923 0.8128898128898129
1924 0.8124675324675324
1925 0.8125649013499481
1926 0.8126621691748832
1927 0.8127593360995851
1928 0.8128564022809746
1929 0.8129533678756476
1930 0.8125323666494044
1931 0.8126293995859213
1932 0.8122090015519917
1933 0.812306101344364
1934 0.8124031007751938
1935 0.8119834710743802
1936 0.8115642746515229
1937 0.8116615067079463
1938 0.8117586384734399
1939 0.8118556701030928
1940 0.8119526017516744
1941 0.8120494335736355
1942 0.8121461657231086
1943 0.8117283950617284
1944 0.8113110539845758
1945 0.8108941418293937
1946 0.8109912686183872
1947 0.8105749486652978
1948 0.8106721395587481
1949 0.8107692307692308
1950 0.8108662224500256
1951 0.8109631147540983
1952 0.8110599078341014
1953 0.8111566018423746
1954 0.8112531969309463
1955 0.810838445807771
1956 0.8109351047521717
1957 0.8105209397344229
1958 0.810617662072486
1959 0.8107142857142857
1960 0.8108108108108109
1961 0.8109072375127421
1962 0.8110035659704534
1963 0.8110997963340122
1964 0.8111959287531807
1965 0.811291963377416
1966 0.8113879003558719
1967 0.8114837398373984
1968 0.8115794819705434
1969 0.8111675126903554
1970 0.8112633181126332
1971 0.8113590263691683
1972 0.8109477952356817
1973 0.8110435663627154
1974 0.810632911392405
1975 0.8107287449392713
1976 0.8108244815376834
1977 0.8104145601617796
1978 0.810510358767054
1979 0.8106060606060606
1980 0.8101968702675416
1981 0.8102926337033299
1982 0.8103883005547151
1983 0.8104838709677419
1984 0.8105793450881612
1985 0.81067472306143
1986 0.8107700050327127
1987 0.8108651911468813
1988 0.8109602815485168
1989 0.8110552763819096
1990 0.8111501757910597
1991 0.8107429718875502
1992 0.8108379327646764
1993 0.8109327983951855
1994 0.8110275689223058
1995 0.811122244488978
1996 0.8107160741111668
1997 0.8108108108108109
1998 0.8109054527263632
1999 0.8105
2000 0.8105947026486756
2001 0.8101898101898102
2002 0.8097853220169745
2003 0.8093812375249501
2004 0.8094763092269327
2005 0.8095712861415753
2006 0.8091679123069258
2007 0.8092629482071713
2008 0.8093578894972623
2009 0.809452736318408
2010 0.8095474888115366
2011 0.8096421471172962
2012 0.8097367113760556
2013 0.8098311817279047
2014 0.8099255583126551
2015 0.8100198412698413
2016 0.8101140307387209
2017 0.8097125867195243
2018 0.8093115403665181
2019 0.8094059405940595
2020 0.8095002474022761
2021 0.8090999010880316
2022 0.8091942659416708
2023 0.8092885375494071
2024 0.8093827160493827
2025 0.8089832181638696
2026 0.8085841144548594
2027 0.8086785009861933
2028 0.8087727944800395
2029 0.8088669950738916
2030 0.8089611029049729
2031 0.8090551181102362
2032 0.809149040826365
2033 0.8092428711897739
2034 0.8093366093366093
2035 0.8089390962671905
2036 0.8090328915071183
2037 0.8091265947006869
2038 0.8092202059833251
2039 0.8088235294117647
2040 0.8084272415482606
2041 0.8085210577864839
2042 0.8086147821830642
2043 0.8087084148727984
2044 0.8088019559902201
2045 0.8088954056695992
2046 0.8089887640449438
2047 0.80908203125
2048 0.8091752074182528
2049 0.8092682926829269
2050 0.8093612871769869
2051 0.8089668615984406
2052 0.8090599123234291
2053 0.8091528724440117
2054 0.8092457420924575
2055 0.8093385214007782
2056 0.8094312105007292
2057 0.8095238095238095
2058 0.8096163186012627
2059 0.8092233009708738
2060 0.8088306647258612
2061 0.8084384093113482
2062 0.8085312651478429
2063 0.8086240310077519
2064 0.8087167070217918
2065 0.808809293320426
2066 0.8089017900338655
2067 0.8089941972920697
2068 0.8086031899468342
2069 0.808695652173913
2070 0.8087880251086431
2071 0.8083976833976834
2072 0.8084901109503135
2073 0.8081002892960463
2074 0.8081927710843374
2075 0.8082851637764933
2076 0.8083774675012037
2077 0.8084696823869105
2078 0.8085618085618086
2079 0.8086538461538462
2080 0.8087457952907257
2081 0.808837656099904
2082 0.8089294287085934
2083 0.809021113243762
2084 0.8091127098321343
2085 0.8087248322147651
2086 0.8088164829899377
2087 0.8089080459770115
2088 0.8089995213020584
2089 0.8090909090909091
2090 0.8091822094691535
2091 0.8092734225621415
2092 0.8088867654085046
2093 0.8089780324737345
2094 0.8090692124105012
2095 0.8091603053435115
2096 0.8092513113972342
2097 0.8093422306959008
2098 0.8094330633635064
2099 0.8095238095238095
2100 0.809138505473584
2101 0.8092293054234063
2102 0.809320019020447
2103 0.8094106463878327
2104 0.809501187648456
2105 0.8095916429249762
2106 0.8092074038917892
2107 0.8092979127134725
2108 0.8093883357041252
2109 0.809478672985782
2110 0.8095689246802463
2111 0.8096590909090909
2112 0.8097491717936584
2113 0.8093661305581835
2114 0.808983451536643
2115 0.8090737240075614
2116 0.8091639111950873
2117 0.8092540132200189
2118 0.8088721094856064
2119 0.8089622641509434
2120 0.809052333804809
2121 0.8091423185673893
2122 0.8092322185586435
2123 0.809322033898305
2124 0.8094117647058824
2125 0.8095014111006585
2126 0.8095909732016925
2127 0.8096804511278195
2128 0.8097698449976515
2129 0.8098591549295775
2130 0.8099483810417645
2131 0.8100375234521576
2132 0.8096577590248476
2133 0.8092783505154639
2134 0.8093676814988291
2135 0.8089887640449438
2136 0.8086102012166588
2137 0.8086997193638915
2138 0.8087891538101917
2139 0.8088785046728972
2140 0.8089677720691266
2141 0.8085901027077498
2142 0.8086794213719085
2143 0.808768656716418
2144 0.8088578088578089
2145 0.8089468779123952
2146 0.808570097810899
2147 0.8081936685288641
2148 0.808282922289437
2149 0.8079069767441861
2150 0.807996280799628
2151 0.8080855018587361
2152 0.8081746400371574
2153 0.808263695450325
2154 0.8083526682134571
2155 0.8084415584415584
2156 0.8085303662494205
2157 0.8081556997219648
2158 0.8082445576655859
2159 0.8083333333333333
2160 0.8079592781119852
2161 0.8075855689176689
2162 0.8076745261211281
2163 0.8077634011090573
2164 0.8078521939953811
2165 0.8079409048938134
2166 0.8080295339178588
2167 0.8076568265682657
2168 0.8077455048409405
2169 0.8078341013824885
2170 0.8079226163058498
2171 0.8080110497237569
2172 0.8076392084675563
2173 0.8077276908923643
2174 0.807816091954023
2175 0.8079044117647058
2176 0.8079926504363804
2177 0.8076216712580349
2178 0.8077099586966499
2179 0.8073394495412844
2180 0.8069692801467216
2181 0.807057745187901
2182 0.8071461291800275
2183 0.8067765567765568
2184 0.8068649885583524
2185 0.8069533394327539
2186 0.8070416095107453
2187 0.8071297989031079
2188 0.806761078117862
2189 0.8068493150684931
2190 0.8069374714742127
2191 0.8070255474452555
2192 0.8071135430916553
2193 0.8072014585232452
2194 0.8072892938496583
2195 0.8073770491803278
2196 0.8074647246244879
2197 0.8075523202911737
2198 0.8076398362892224
2199 0.8077272727272727
2200 0.8078146297137665
2201 0.8079019073569482
2202 0.807989105764866
2203 0.808076225045372
2204 0.8081632653061225
2205 0.8077969174977334
2206 0.8078840054372451
2207 0.8079710144927537
2208 0.8080579447713898
2209 0.8081447963800905
2210 0.8077792853912257
2211 0.8078661844484629
2212 0.807953004970628
2213 0.8080397470641373
2214 0.8081264108352144
2215 0.8082129963898917
2216 0.80829950383401
2217 0.8083859332732192
2218 0.80802163136548
2219 0.8081081081081081
2220 0.8081945069788383
2221 0.8082808280828083
2222 0.8083670715249662
2223 0.8080035971223022
2224 0.8080898876404494
2225 0.8081761006289309
2226 0.8082622361921868
2227 0.8083482944344704
2228 0.8084342754598475
2229 0.8080717488789237
2230 0.8081577767817122
2231 0.8082437275985663
2232 0.8083296014330497
2233 0.8079677708146822
2234 0.8080536912751678
2235 0.8081395348837209
2236 0.8077782744747429
2237 0.8078641644325291
2238 0.8075033497096918
2239 0.8075892857142857
2240 0.8076751450245426
2241 0.8073148974130241
2242 0.8074008024966562
2243 0.8074866310160428
2244 0.8075723830734967
2245 0.8076580587711487
2246 0.807743658210948
2247 0.8078291814946619
2248 0.8079146287238773
2249 0.808
2250 0.8080852954242559
2251 0.8081705150976909
2252 0.8082556591211718
2253 0.808340727595386
2254 0.8084257206208426
2255 0.8085106382978723
2256 0.8085954807266282
2257 0.8086802480070859
2258 0.8087649402390438
2259 0.8088495575221238
2260 0.8089340999557718
2261 0.8090185676392573
2262 0.8091029606716748
2263 0.8091872791519434
2264 0.8092715231788079
2265 0.8093556928508385
2266 0.8089986766651963
2267 0.8090828924162258
2268 0.8087263111502865
2269 0.8088105726872247
2270 0.808454425363276
2271 0.8085387323943662
2272 0.8086229652441707
2273 0.8087071240105541
2274 0.8087912087912088
2275 0.8088752196836555
2276 0.8089591567852438
2277 0.8090430201931519
2278 0.8086880210618692
2279 0.8087719298245614
2280 0.8084173608066637
2281 0.8085013146362839
2282 0.8081471747700394
2283 0.808231173380035
2284 0.8083150984682713
2285 0.8083989501312336
2286 0.8080454744206383
2287 0.8081293706293706
2288 0.8082131935342944
2289 0.8082969432314411
2290 0.8079441292012222
2291 0.8080279232111692
2292 0.8081116441343218
2293 0.8081952920662598
2294 0.8082788671023965
2295 0.8083623693379791
2296 0.8084457988680888
2297 0.8085291557876414
2298 0.8081774684645499
2299 0.8082608695652174
2300 0.8083441981747066
2301 0.8084274543874891
2302 0.8085106382978723
2303 0.80859375
2304 0.8086767895878525
2305 0.8087597571552472
2306 0.8088426527958388
2307 0.8089254766031195
2308 0.8090082286704201
2309 0.8086580086580086
2310 0.8083080917351796
2311 0.8083910034602076
2312 0.8084738434932988
2313 0.8085566119273985
2314 0.8086393088552916
2315 0.8087219343696027
2316 0.8088044885627967
2317 0.8088869715271786
2318 0.8089693833548943
2319 0.809051724137931
2320 0.8091339939681171
2321 0.8092161929371232
2322 0.8092983211364615
2323 0.8093803786574871
2324 0.8094623655913978
2325 0.8095442820292348
2326 0.8096261280618823
2327 0.8097079037800687
2328 0.8097896092743667
2329 0.8098712446351931
2330 0.8099528099528099
2331 0.8096054888507719
2332 0.8096870981568796
2333 0.8097686375321337
2334 0.8098501070663812
2335 0.809931506849315
2336 0.8095849379546427
2337 0.8096663815226689
2338 0.8097477554510475
2339 0.8098290598290598
2340 0.8099102947458351
2341 0.8095644748078565
2342 0.8096457533077251
2343 0.8097269624573379
2344 0.8098081023454158
2345 0.8098891730605285
2346 0.809970174691095
2347 0.8100511073253833
2348 0.80970625798212
2349 0.8097872340425532
2350 0.8098681412165036
2351 0.8095238095238095
2352 0.809604759881003
2353 0.8092608326253186
2354 0.8093418259023355
2355 0.8094227504244482
2356 0.8090793381417055
2357 0.8091603053435115
2358 0.8092412038999576
2359 0.809322033898305
2360 0.8094027954256671
2361 0.8094834885690093
2362 0.8095641134151502
2363 0.8096446700507615
2364 0.8097251585623678
2365 0.8098055790363483
2366 0.8098859315589354
2367 0.8099662162162162
2368 0.8100464330941326
2369 0.810126582278481
2370 0.8102066638549136
2371 0.8102866779089376
2372 0.8103666245259166
2373 0.81044650379107
2374 0.8105263157894737
2375 0.8106060606060606
2376 0.8106857383256205
2377 0.8107653490328006
2378 0.8104245481294662
2379 0.8100840336134454
2380 0.8101637967240655
2381 0.8102434928631402
2382 0.809903483004616
2383 0.80998322147651
2384 0.810062893081761
2385 0.8101424979044426
2386 0.8102220360284876
2387 0.8103015075376885
2388 0.810380912515697
2389 0.8104602510460251
2390 0.8105395232120451
2391 0.81061872909699
2392 0.8106978687839532
2393 0.8107769423558897
2394 0.8108559498956158
2395 0.8105175292153589
2396 0.8105965790571548
2397 0.810675562969141
2398 0.810754481033764
2399 0.8108333333333333
2400 0.8109121199500208
2401 0.8109908409658618
2402 0.8110694964627548
2403 0.8111480865224625
2404 0.8108108108108109
2405 0.8104738154613467
2406 0.8105525550477773
2407 0.8102159468438538
2408 0.8098796180987962
2409 0.8099585062240664
2410 0.8100373289091664
2411 0.8101160862354893
2412 0.8101947782842934
2413 0.8102734051367025
2414 0.810351966873706
2415 0.8104304635761589
2416 0.8105088953247828
2417 0.8105872622001654
2418 0.8106655642827615
2419 0.8103305785123966
2420 0.8104089219330854
2421 0.8100743187448389
2422 0.810152703260421
2423 0.8102310231023102
2424 0.8103092783505155
2425 0.8103874690849134
2426 0.8104655953852493
2427 0.8105436573311368
2428 0.8106216550020584
2429 0.8106995884773662
2430 0.8103661044837516
2431 0.8104440789473685
2432 0.8105219893136046
2433 0.8105998356614627
2434 0.8106776180698152
2435 0.8103448275862069
2436 0.8104226508001642
2437 0.8105004101722724
2438 0.8105781057810578
2439 0.8106557377049181
2440 0.8107333060221221
2441 0.8108108108108109
2442 0.8108882521489972
2443 0.8109656301145662
2444 0.811042944785276
2445 0.8111201962387572
2446 0.8111973845525133
2447 0.8112745098039216
2448 0.8113515720702328
2449 0.8114285714285714
2450 0.8115055079559363
2451 0.8115823817292006
2452 0.8116591928251121
2453 0.8117359413202934
2454 0.8118126272912424
2455 0.8118892508143323
2456 0.811965811965812
2457 0.8120423108218063
2458 0.8121187474583164
2459 0.8121951219512196
2460 0.8118650954896384
2461 0.8115353371242892
2462 0.8116118554608202
2463 0.8116883116883117
2464 0.8117647058823529
2465 0.8118410381184104
2466 0.8119173084718281
2467 0.8119935170178282
2468 0.8120696638315107
2469 0.8121457489878543
2470 0.8122217725617159
2471 0.8122977346278317
2472 0.8123736352608169
2473 0.8124494745351657
2474 0.8125252525252525
2475 0.8121970920840065
2476 0.8122729107791683
2477 0.8123486682808717
2478 0.8124243646631706
2479 0.8125
2480 0.8125755743651754
2481 0.8122481869460113
2482 0.8123238018525977
2483 0.8123993558776168
2484 0.8124748490945674
2485 0.8125502815768303
2486 0.8126256533976679
2487 0.8127009646302251
2488 0.8127762153475291
2489 0.8124497991967872
2490 0.8125250903251706
2491 0.812199036918138
2492 0.8122743682310469
2493 0.8123496391339214
2494 0.8124248496993988
2495 0.8125
2496 0.8125750901081298
2497 0.8126501200960768
2498 0.8127250900360145
2499 0.8128
2500 0.8128748500599761
2501 0.8129496402877698
2502 0.8130243707550939
2503 0.8130990415335463
2504 0.8131736526946107
2505 0.8132482043096568
2506 0.8129238133226965
2507 0.8125996810207337
2508 0.8126743722598645
2509 0.8127490039840638
2510 0.8128235762644365
2511 0.8125
2512 0.8125746120175089
2513 0.8122513922036595
2514 0.8123260437375746
2515 0.8124006359300477
2516 0.8124751688518077
2517 0.812549642573471
2518 0.8126240571655419
2519 0.8126984126984127
2520 0.8127727092423641
2521 0.8124504361617764
2522 0.8125247720967103
2523 0.812202852614897
2524 0.8122772277227723
2525 0.8123515439429929
2526 0.8124258013454689
2527 0.8125
2528 0.8125741399762753
2529 0.8126482213438735
2530 0.8127222441722639
2531 0.8127962085308057
2532 0.8128701144887486
2533 0.8129439621152328
2534 0.8130177514792899
2535 0.8130914826498423
2536 0.8131651556957036
2537 0.8132387706855791
2538 0.8133123276880662
2539 0.8133858267716535
2540 0.8134592680047226
2541 0.8135326514555468
2542 0.8136059771922926
2543 0.8136792452830188
2544 0.8137524557956778
2545 0.8138256087981147
2546 0.8138987043580683
2547 0.8139717425431711
2548 0.8140447234209494
2549 0.8141176470588235
2550 0.8141905135241082
2551 0.8142633228840125
2552 0.8143360752056404
2553 0.8140172278778387
2554 0.8140900195694716
2555 0.8141627543035994
2556 0.8142354321470473
2557 0.8143080531665363
2558 0.8143806174286831
2559 0.814453125
2560 0.8145255759468958
2561 0.8142076502732241
2562 0.814280140460398
2563 0.8143525741029641
2564 0.8144249512670565
2565 0.8144972720187061
2566 0.8145695364238411
2567 0.8142523364485982
2568 0.814324639937719
2569 0.8143968871595331
2570 0.8144690781796966
2571 0.8145412130637636
2572 0.8146132918771861
2573 0.8142968142968143
2574 0.814368932038835
2575 0.8144409937888198
2576 0.8141249514939852
2577 0.8141970519782777
2578 0.81426909654905
2579 0.8143410852713179
2580 0.8144130182099961
2581 0.8144848954298993
2582 0.8141695702671312
2583 0.8142414860681114
2584 0.8143133462282398
2585 0.8139984532095901
2586 0.8140703517587939
2587 0.8141421947449768
2588 0.8138277327153342
2589 0.8138996138996138
2590 0.8139714395986106
2591 0.8140432098765432
2592 0.8141149247975318
2593 0.8141865844255975
2594 0.8142581888246628
2595 0.8139445300462249
2596 0.8140161725067385
2597 0.8140877598152425
2598 0.8141592920353983
2599 0.8142307692307692
2600 0.813917723952326
2601 0.813989239046887
2602 0.8140606991932385
2603 0.8141321044546851
2604 0.8142034548944338
2605 0.8138910207214122
2606 0.8135788262370541
2607 0.8136503067484663
2608 0.8137217324645458
2609 0.8137931034482758
2610 0.8134814247414783
2611 0.8135528330781011
2612 0.8136241867585151
2613 0.8136954858454476
2614 0.8137667304015297
2615 0.8138379204892966
2616 0.8139090561711884
2617 0.8139801375095492
2618 0.8140511645666285
2619 0.8137404580152672
2620 0.8134299885539871
2621 0.813119755911518
2622 0.8131910026686999
2623 0.8132621951219512
2624 0.8133333333333334
2625 0.813023610053313
2626 0.8130947849257708
2627 0.8127853881278538
2628 0.8128565994674781
2629 0.8125475285171103
2630 0.8126187761307487
2631 0.8126899696048632
2632 0.8127611090011394
2633 0.812452543659833
2634 0.8125237191650854
2635 0.8125948406676783
2636 0.8126659082290482
2637 0.8123578468536771
2638 0.8120500189465707
2639 0.8117424242424243
2640 0.8114350624763347
2641 0.8115064345193036
2642 0.811577752553916
2643 0.8116490166414524
2644 0.8113421550094518
2645 0.8114134542705971
2646 0.8114846996599925
2647 0.8115558912386707
2648 0.8116270290675727
2649 0.8116981132075471
2650 0.8117691437193512
2651 0.8114630467571644
2652 0.8115341123256691
2653 0.8116051243406179
2654 0.8112994350282486
2655 0.8109939759036144
2656 0.8110651110274746
2657 0.8107599699021821
2658 0.8104550582925912
2659 0.8105263157894737
2660 0.8102217211574596
2661 0.8102930127723517
2662 0.8103642508449117
2663 0.8104354354354354
2664 0.8105065666041276
2665 0.8105776444111028
2666 0.8106486689163854
2667 0.81071964017991
2668 0.8107905582615211
2669 0.8104868913857678
2670 0.8101834518906776
2671 0.8102544910179641
2672 0.8103254769921436
2673 0.8103964098728497
2674 0.8104672897196261
2675 0.8105381165919282
2676 0.8106088905491221
2677 0.8103061986557132
2678 0.8103770063456514
2679 0.8104477611940298
2680 0.8105184632599777
2681 0.8105891126025354
2682 0.810659709280656
2683 0.8103576751117735
2684 0.8100558659217877
2685 0.8097542814594192
2686 0.8098250837365091
2687 0.8098958333333334
2688 0.809966530308665
2689 0.8096654275092937
2690 0.8093645484949833
2691 0.8094353640416048
2692 0.8091347939101374
2693 0.8088344469190795
2694 0.8089053803339518
2695 0.8089762611275965
2696 0.8086763070077865
2697 0.8087472201630838
2698 0.8088180807706558
2699 0.8088888888888889
2700 0.8085894113291373
2701 0.8082901554404145
2702 0.808361080281169
2703 0.8080621301775148
2704 0.8077634011090573
2705 0.8078344419807835
2706 0.8079054303657185
2707 0.8079763663220089
2708 0.808047249907715
2709 0.8081180811808119
2710 0.8078199926226485
2711 0.8078908554572272
2712 0.8079616660523405
2713 0.8080324244657332
2714 0.8081031307550645
2715 0.8081737849779087
2716 0.8078763341921237
2717 0.8079470198675497
2718 0.8076498712762045
2719 0.8077205882352941
2720 0.8077912532157295
2721 0.807861866274798
2722 0.8079324274697025
2723 0.8080029368575624
2724 0.8080733944954128
2725 0.8077769625825385
2726 0.8078474514118078
2727 0.8079178885630498
2728 0.807621839501649
2729 0.8076923076923077
2730 0.8077627242768217
2731 0.8078330893118595
2732 0.8079034028540066
2733 0.8079736649597659
2734 0.8080438756855576
2735 0.8081140350877193
2736 0.8078187796857874
2737 0.8078889700511322
2738 0.8079591091639284
2739 0.808029197080292
2740 0.8077344035023714
2741 0.8078045222465354
2742 0.8075100255195042
2743 0.8075801749271136
2744 0.8076502732240437
2745 0.8077203204661325
2746 0.8077903167091373
2747 0.8078602620087336
2748 0.8079301564205166
2749 0.808
2750 0.8080697928026173
2751 0.8081395348837209
2752 0.8082092262985834
2753 0.8082788671023965
2754 0.8079854809437387
2755 0.8076923076923077
2756 0.8073993471164309
2757 0.8074691805656272
2758 0.807176513229431
2759 0.8068840579710145
2760 0.8069540021731256
2761 0.8070238957277335
2762 0.8067318132464713
2763 0.8068017366136034
2764 0.8065099457504521
2765 0.8062183658712943
2766 0.8062883989880737
2767 0.8063583815028902
2768 0.806428313470567
2769 0.8064981949458484
2770 0.8065680259833995
2771 0.8066378066378066
2772 0.8067075369635773
2773 0.8067772170151406
2774 0.8068468468468468
2775 0.8069164265129684
2776 0.806985956067699
2777 0.8070554355651548
2778 0.8071248650593739
2779 0.8071942446043165
2780 0.8072635742538655
2781 0.807332854061826
2782 0.8074020840819259
2783 0.8074712643678161
2784 0.8075403949730701
2785 0.8076094759511845
2786 0.8076785073555794
2787 0.8073888091822095
2788 0.8074578702043743
2789 0.8075268817204301
2790 0.8075958437835901
2791 0.8073065902578797
2792 0.807375581811672
2793 0.807444523979957
2794 0.8075134168157424
2795 0.8072246065808297
2796 0.8072935287808366
2797 0.8073624017155111
2798 0.8074312254376563
2799 0.8075
2800 0.8075687254551945
2801 0.8076374018558172
2802 0.8077060292543703
2803 0.8074179743223966
2804 0.8074866310160428
2805 0.8075552387740556
2806 0.8076237976487353
2807 0.8076923076923077
2808 0.8074047703809185
2809 0.8074733096085409
2810 0.8075418000711491
2811 0.8076102418207681
2812 0.8076786349093494
2813 0.8077469793887704
2814 0.8078152753108349
2815 0.8078835227272727
2816 0.8079517216897408
2817 0.8080198722498225
2818 0.808087974459028
2819 0.8081560283687943
2820 0.8082240340304856
2821 0.8082919914953933
2822 0.8083599008147361
2823 0.80842776203966
2824 0.8084955752212389
2825 0.8085633404104742
2826 0.8082773257870535
2827 0.807991513437058
2828 0.8080593849416755
2829 0.8081272084805654
2830 0.8078417520310844
2831 0.807909604519774
2832 0.8079774091069538
2833 0.808045165843331
2834 0.8077601410934744
2835 0.8078279266572638
2836 0.8078956644342615
2837 0.8079633544749824
2838 0.8080309968298697
2839 0.8080985915492958
2840 0.8078141499472017
2841 0.8078817733990148
2842 0.8079493492789307
2843 0.8076652601969058
2844 0.8073813708260106
2845 0.8074490513000703
2846 0.807516684229013
2847 0.8075842696629213
2848 0.8076518076518077
2849 0.8077192982456141
2850 0.8077867414942126
2851 0.8078541374474053
2852 0.8079214861549247
2853 0.8079887876664331
2854 0.8080560420315236
2855 0.8081232492997199
2856 0.807840392019601
2857 0.8075577326801959
2858 0.807625043721581
2859 0.8076923076923077
2860 0.8077595246417336
2861 0.8074772886093641
2862 0.8075445337059028
2863 0.8076117318435754
2864 0.8076788830715532
2865 0.8077459874389393
2866 0.807813044994768
2867 0.8078800557880056
2868 0.8079470198675497
2869 0.8080139372822299
2870 0.8080808080808081
2871 0.8081476323119777
2872 0.8082144100243648
2873 0.8082811412665275
2874 0.8083478260869565
2875 0.8084144645340751
2876 0.8084810566562391
2877 0.8085476025017373
2878 0.8086141021187913
2879 0.8086805555555555
2880 0.808746962860118
2881 0.8084663428174879
2882 0.8081859174471037
2883 0.8079056865464632
2884 0.8079722703639515
2885 0.808038808038808
2886 0.8081052996189816
2887 0.807825484764543
2888 0.8078920041536864
2889 0.8079584775086506
2890 0.8080249048772051
2891 0.808091286307054
2892 0.8081576218458347
2893 0.8078783690393918
2894 0.8079447322970639
2895 0.8080110497237569
2896 0.8077321366931308
2897 0.8077984817115252
2898 0.8078647809589513
2899 0.8079310344827586
2900 0.807997242330231
2901 0.8080634045485872
2902 0.808129521184981
2903 0.8081955922865014
2904 0.8082616179001721
2905 0.8083275980729525
2906 0.8080495356037152
2907 0.8081155433287482
2908 0.8081815056720523
2909 0.8079037800687285
2910 0.8079697698385434
2911 0.8080357142857143
2912 0.8081016134569172
2913 0.8081674673987645
2914 0.8082332761578045
2915 0.8082990397805213
2916 0.8083647583133357
2917 0.8084304318026045
2918 0.8084960602946214
2919 0.8085616438356165
2920 0.8086271824717562
2921 0.8086926762491444
2922 0.8087581252138214
2923 0.8084815321477428
2924 0.8085470085470086
2925 0.8086124401913876
2926 0.808677827126751
2927 0.8087431693989071
2928 0.8088084670536019
2929 0.8085324232081911
2930 0.8082565677243262
2931 0.8083219645293315
2932 0.8083873167405387
2933 0.8084526244035446
2934 0.8085178875638842
2935 0.80858310626703
2936 0.8086482805583929
2937 0.8083730428863172
2938 0.8084382443007826
2939 0.8085034013605442
2940 0.8085685141108466
2941 0.8086335825968729
2942 0.8086986068637445
2943 0.8087635869565217
2944 0.8088285229202037
2945 0.8088934147997284
2946 0.8089582626399728
2947 0.8090230664857531
2948 0.8090878263818243
2949 0.8091525423728814
2950 0.8092172145035581
2951 0.8092818428184282
2952 0.8093464273620048
2953 0.8094109681787407
2954 0.8094754653130287
2955 0.8095399188092016
2956 0.809604328711532
2957 0.8096686950642326
2958 0.8097330179114566
2959 0.8094594594594594
2960 0.8095238095238095
2961 0.8095881161377447
2962 0.8096523793452581
2963 0.8097165991902834
2964 0.8097807757166948
2965 0.8098449089683075
2966 0.809571958206943
2967 0.8096361185983828
2968 0.8097002357696194
2969 0.8097643097643098
2970 0.8098283406260518
2971 0.8095558546433378
2972 0.8092835519677094
2973 0.8090114324142569
2974 0.8090756302521008
2975 0.8088037634408602
2976 0.8088679879072892
2977 0.8089321692411015
2978 0.8089963074857335
2979 0.8090604026845638
2980 0.8091244548809124
2981 0.8091884641180416
2982 0.8089171974522293
2983 0.8089812332439679
2984 0.8090452261306532
2985 0.8091091761553918
2986 0.8091730833612321
2987 0.8092369477911646
2988 0.8089662094345935
2989 0.8090301003344481
2990 0.8090939485122033
2991 0.8091577540106952
2992 0.8088874039425326
2993 0.8089512358049432
2994 0.8090150250417363
2995 0.8090787716955942
2996 0.8088088088088088
2997 0.8085390260173448
2998 0.8086028676225409
2999 0.8086666666666666
3000 0.8087304231922693
3001 0.8087941372418388
3002 0.8088578088578089
3003 0.8089214380825566
3004 0.8086522462562395
3005 0.8087159015302728
3006 0.8087795144662454
3007 0.808843085106383
3008 0.8085742771684945
3009 0.8086378737541529
3010 0.8083693125207573
3011 0.8081009296148738
3012 0.8081646199800863
3013 0.8082282680822827
3014 0.8082918739635158
3015 0.8083554376657824
3016 0.8084189592310242
3017 0.8081510934393639
3018 0.8082146406094733
3019 0.8082781456953643
3020 0.8080105925190334
3021 0.8080741230972865
3022 0.8081376116440622
3023 0.8082010582010583
3024 0.8082644628099174
3025 0.8083278255122274
3026 0.808391146349521
3027 0.808454425363276
3028 0.8085176625949159
3029 0.8085808580858086
3030 0.8083140877598153
3031 0.808377308707124
3032 0.8084404879657106
3033 0.8085036255767963
3034 0.8082372322899506
3035 0.808300395256917
3036 0.8083635166282516
3037 0.8080974325213957
3038 0.8081605791378743
3039 0.8082236842105263
3040 0.8079579085827031
3041 0.8080210387902695
3042 0.8077555044364114
3043 0.8078186596583443
3044 0.8078817733990148
3045 0.8079448456992777
3046 0.8080078765999343
3047 0.8080708661417323
3048 0.8081338143653657
3049 0.8081967213114755
3050 0.8082595870206489
3051 0.8083224115334207
3052 0.8080576482148706
3053 0.8077930582842174
3054 0.8078559738134207
3055 0.8079188481675392
3056 0.8076545632973503
3057 0.8077174623937214
3058 0.8077803203661327
3059 0.807843137254902
3060 0.807905913100294
3061 0.8079686479425212
3062 0.8080313418217434
3063 0.8077676240208878
3064 0.8078303425774878
3065 0.8078930202217873
3066 0.807955656993805
3067 0.8080182529335072
3068 0.8080808080808081
3069 0.8081433224755701
3070 0.8082057961576034
3071 0.8082682291666666
3072 0.8083306215424666
3073 0.8083929733246584
3074 0.808130081300813
3075 0.8081924577373212
3076 0.8079298017549561
3077 0.8076673164392463
3078 0.8077297823968821
3079 0.8077922077922078
3080 0.8078545926647193
3081 0.8079169370538611
3082 0.807979240999027
3083 0.808041504539559
3084 0.8081037277147488
3085 0.8081659105638367
3086 0.807904114026563
3087 0.8079663212435233
3088 0.8080284881838783
3089 0.8080906148867314
3090 0.8081527013911356
3091 0.8082147477360931
3092 0.8082767539605561
3093 0.808338720103426
3094 0.8084006462035541
3095 0.8084625322997416
3096 0.8085243784307394
3097 0.8085861846352486
3098 0.80864795095192
3099 0.8087096774193548
3100 0.8087713640761045
3101 0.8088330109606705
3102 0.808894618111505
3103 0.8089561855670103
3104 0.8090177133655394
3105 0.809079201545396
3106 0.8091406501448343
3107 0.8092020592020592
3108 0.8092634287552267
3109 0.8093247588424437
3110 0.809386049501768
3111 0.8094473007712082
3112 0.8095085126887247
3113 0.8092485549132948
3114 0.8089887640449438
3115 0.8090500641848524
3116 0.8091113249919795
3117 0.8091725465041694
3118 0.8089131131773004
3119 0.808974358974359
3120 0.8090355655238706
3121 0.809096732863549
3122 0.8091578610310599
3123 0.808898847631242
3124 0.80896
3125 0.809021113243762
3126 0.809082187400064
3127 0.8091432225063938
3128 0.808884627676574
3129 0.8089456869009585
3130 0.8086873203449377
3131 0.8087484035759898
3132 0.8088094478135972
3133 0.8088704530950862
3134 0.8089314194577353
3135 0.8086734693877551
3136 0.8087344596748486
3137 0.8087954110898662
3138 0.8085377508760752
3139 0.8085987261146497
3140 0.8086596625278574
3141 0.8087205601527689
3142 0.8087814190264079
3143 0.8088422391857506
3144 0.8089030206677266
3145 0.8089637635092181
3146 0.8090244677470607
3147 0.8090851334180432
3148 0.8091457605589076
3149 0.8092063492063492
3150 0.8092668993970168
3151 0.809010152284264
3152 0.8090707262924199
3153 0.8091312618896639
3154 0.8091917591125198
3155 0.8092522179974652
3156 0.8093126385809313
3157 0.8093730208993034
3158 0.8094333649889205
3159 0.8094936708860759
3160 0.8092375830433407
3161 0.8092979127134725
3162 0.8090420486879545
3163 0.8087863463969659
3164 0.8088467614533965
3165 0.8089071383449147
3166 0.8089674771076729
3167 0.8090277777777778
3168 0.8090880403912907
3169 0.8091482649842271
3170 0.8092084515925575
3171 0.8092686002522068
3172 0.8093287109990546
3173 0.8093887838689351
3174 0.8094488188976378
3175 0.8095088161209067
3176 0.8095687755744413
3177 0.8093140339836375
3178 0.8093740169864737
3179 0.809433962264151
3180 0.8094938698522477
3181 0.809553739786298
3182 0.8092994030788564
3183 0.8090452261306532
3184 0.8091051805337519
3185 0.8088512241054614
3186 0.80859742704738
3187 0.8086574654956086
3188 0.8087174662903731
3189 0.8087774294670846
3190 0.8088373550611093
3191 0.8088972431077694
3192 0.808643908549953
3193 0.808703819661866
3194 0.8087636932707355
3195 0.8085106382978723
3196 0.8085705348764467
3197 0.808317698561601
3198 0.8083776180056268
3199 0.8084375
3200 0.8084973445798188
3201 0.8085571517801374
3202 0.8086169216359663
3203 0.8086766541822722
3204 0.8087363494539782
3205 0.8087960074859638
3206 0.8088556283130651
3207 0.8089152119700748
3208 0.8089747584917419
3209 0.8090342679127726
3210 0.8090937402678293
3211 0.8091531755915318
3212 0.8092125739184562
3213 0.8092719352831362
3214 0.8093312597200623
3215 0.8093905472636815
3216 0.8094497979483991
3217 0.8095090118085767
3218 0.8092575333954645
3219 0.8093167701863354
3220 0.8093759701955914
3221 0.8094351334574799
3222 0.8091839900713621
3223 0.80924317617866
3224 0.8093023255813954
3225 0.8093614383137012
3226 0.8094205144096684
3227 0.8094795539033457
3228 0.8095385568287395
3229 0.8092879256965945
3230 0.8090374497059734
3231 0.8090965346534653
3232 0.809155583049799
3233 0.8089053803339518
3234 0.8089644513137558
3235 0.8090234857849197
3236 0.809082483781279
3237 0.8091414453366276
3238 0.8092003704847175
3239 0.8092592592592592
3240 0.8093181116939216
3241 0.809376927822332
3242 0.8094357076780758
3243 0.8094944512946979
3244 0.8095531587057011
3245 0.8096118299445472
3246 0.8093624884508778
3247 0.8094211822660099
3248 0.8094798399507541
3249 0.8095384615384615
3250 0.8095970470624423
3251 0.8096555965559655
3252 0.8097141100522595
3253 0.8094652735095267
3254 0.8092165898617512
3255 0.8092751842751843
3256 0.8093337427080135
3257 0.809085328422345
3258 0.808837066584842
3259 0.8088957055214724
3260 0.8089543084943269
3261 0.8087063151440834
3262 0.8087649402390438
3263 0.8088235294117647
3264 0.8088820826952526
3265 0.8089406001224739
3266 0.8089990817263545
3267 0.8090575275397797
3268 0.809115937595595
3269 0.8091743119266055
3270 0.8092326505655763
3271 0.8092909535452323
3272 0.8093492208982584
3273 0.8094074526573
3274 0.8094656488549619
3275 0.8095238095238095
3276 0.8095819346963686
3277 0.8096400244051251
3278 0.8096980786825252
3279 0.8097560975609757
3280 0.8095092959463578
3281 0.8095673369896405
3282 0.8093207432226622
3283 0.8093788063337394
3284 0.8091324200913242
3285 0.8091905051734631
3286 0.8092485549132948
3287 0.8093065693430657
3288 0.8090605047126787
3289 0.8091185410334346
3290 0.8091765420844728
3291 0.8092345078979344
3292 0.8089887640449438
3293 0.8090467516697025
3294 0.8091047040971169
3295 0.8091626213592233
3296 0.8092205034880194
3297 0.8092783505154639
3298 0.8093361624734768
3299 0.8093939393939394
3300 0.8094516813086944
3301 0.8095093882495458
3302 0.8092643051771117
3303 0.8090193704600485
3304 0.8090771558245083
3305 0.809134906231095
3306 0.8091926217115211
3307 0.8089480048367593
3308 0.8087035358114234
3309 0.8084592145015106
3310 0.8085170643310178
3311 0.8085748792270532
3312 0.8083308179897374
3313 0.8083886541943271
3314 0.808446455505279
3315 0.8085042219541616
3316 0.8085619535725053
3317 0.8086196503918023
3318 0.808376016872552
3319 0.808433734939759
3320 0.8084914182475158
3321 0.8085490668272125
3322 0.8086066807102016
3323 0.8086642599277978
3324 0.8084210526315789
3325 0.8084786530366807
3326 0.8085362188157499
3327 0.80859375
3328 0.8086512466206068
3329 0.8084084084084084
3330 0.8084659261483038
3331 0.8085234093637454
3332 0.8085808580858086
3333 0.8086382723455309
3334 0.808695652173913
3335 0.8084532374100719
3336 0.8082109679352713
3337 0.8082684242061114
3338 0.8083258460616951
3339 0.8083832335329342
3340 0.8084405866507034
3341 0.8084979054458408
3342 0.8085551899491474
3343 0.8086124401913876
3344 0.8086696562032885
3345 0.8087268380155409
3346 0.8087839856587989
3347 0.8088410991636799
3348 0.8088981785607644
3349 0.8086567164179105
3350 0.8087138167711131
3351 0.8087708830548926
3352 0.8085296749179839
3353 0.808288610614192
3354 0.8080476900149032
3355 0.8081048867699643
3356 0.8078641644325291
3357 0.8079213817748659
3358 0.8079785650491218
3359 0.8080357142857143
3360 0.8080928295150253
3361 0.8081499107674004
3362 0.808206958073149
3363 0.8082639714625446
3364 0.8083209509658247
3365 0.8083778966131907
3366 0.8084348084348084
3367 0.8081947743467933
3368 0.8079548827545265
3369 0.8080118694362017
3370 0.8080688223079205
3371 0.8081257413997628
3372 0.8078861547583753
3373 0.8079430942501482
3374 0.808
3375 0.8080568720379147
3376 0.8081137103938407
3377 0.8081705150976909
3378 0.808227286179343
3379 0.808284023668639
3380 0.8080449571132801
3381 0.8081017149615612
3382 0.808158439255099
3383 0.807919621749409
3384 0.8079763663220089
3385 0.8080330773774365
3386 0.8080897549453794
3387 0.80814639905549
3388 0.8082030097373857
3389 0.8082595870206489
3390 0.8080212326747273
3391 0.8080778301886793
3392 0.8078396699086354
3393 0.8078962875662935
3394 0.8079528718703977
3395 0.8080094228504122
3396 0.8077715631439506
3397 0.8078281341965863
3398 0.8078846719623418
3399 0.8079411764705883
3400 0.8079976477506615
3401 0.8080540858318636
3402 0.8078166323831913
3403 0.8078730904817861
3404 0.8076358296622613
3405 0.8073987081620669
3406 0.8074552392133842
3407 0.8075117370892019
3408 0.8075682018187151
3409 0.807624633431085
3410 0.8076810319554383
3411 0.8077373974208675
3412 0.8077937298564313
3413 0.8075571177504394
3414 0.8076134699853587
3415 0.8076697892271663
3416 0.8077260755048288
3417 0.8077823288472791
3418 0.8078385492834163
3419 0.8076023391812865
3420 0.8076585793627594
3421 0.8077147866744594
3422 0.8074788197487583
3423 0.8075350467289719
3424 0.8072992700729927
3425 0.8070636310566258
3426 0.8071199299679019
3427 0.8068844807467911
3428 0.8069407990667833
3429 0.8067055393586006
3430 0.806761877003789
3431 0.8068181818181818
3432 0.806874453830469
3433 0.806930693069307
3434 0.8069868995633188
3435 0.8070430733410943
3436 0.80709921443119
3437 0.8071553228621291
3438 0.8072113986624019
3439 0.8069767441860465
3440 0.8070328392909039
3441 0.8070889018012783
3442 0.8068544873656694
3443 0.806910569105691
3444 0.8066763425253991
3445 0.8067324434126524
3446 0.8067885117493473
3447 0.8068445475638051
3448 0.8069005508843143
3449 0.8069565217391305
3450 0.8070124601564764
3451 0.8070683661645423
3452 0.8071242397914856
3453 0.8071800810654314
3454 0.8072358900144718
3455 0.8072916666666666
3456 0.8070581428984669
3457 0.8071139386928861
3458 0.8071697022260769
3459 0.8072254335260116
3460 0.8069921987864779
3461 0.8067590987868284
3462 0.806814900375397
3463 0.8065819861431871
3464 0.8066378066378066
3465 0.8066935949221004
3466 0.80674935102394
3467 0.8068050749711649
3468 0.8068607667915826
3469 0.8069164265129684
3470 0.8066839527513685
3471 0.8067396313364056
3472 0.8067952778577598
3473 0.8068508923431204
3474 0.8069064748201439
3475 0.8069620253164557
3476 0.8070175438596491
3477 0.8070730304772858
3478 0.8071284851968956
3479 0.8071839080459771
3480 0.8069520252800919
3481 0.8067202757036186
3482 0.8067757680160781
3483 0.8065442020665902
3484 0.8065997130559541
3485 0.8066551921973609
3486 0.8064238600516203
3487 0.8061926605504587
3488 0.8062482086557753
3489 0.8060171919770773
3490 0.8060727585219135
3491 0.8061282932416953
3492 0.8058975093043229
3493 0.8056668574699485
3494 0.805722460658083
3495 0.8057780320366132
3496 0.8058335716328281
3497 0.8058890794739851
3498 0.8059445555873107
3499 0.806
3500 0.8060554127392173
3501 0.8061107938320959
3502 0.806166143305738
3503 0.8059360730593608
3504 0.8059914407988588
3505 0.8060467769537935
3506 0.8061020815511833
3507 0.806157354618016
3508 0.8062125961812482
3509 0.8062678062678063
3510 0.8060381657647394
3511 0.8060933940774487
3512 0.8061485909479078
3513 0.8059191804211725
3514 0.8059743954480797
3515 0.8060295790671217
3516 0.8060847313050896
3517 0.8061398521887436
3518 0.8061949417448139
3519 0.805965909090909
3520 0.8057370065322351
3521 0.8057921635434412
3522 0.8058472892421232
3523 0.8059023836549376
3524 0.8059574468085107
3525 0.8060124787294385
3526 0.8060674794442869
3527 0.8061224489795918
3528 0.8061773873618588
3529 0.8062322946175637
3530 0.806287170773152
3531 0.8063420158550396
3532 0.8063968298896123
3533 0.8064516129032258
3534 0.8065063649222065
3535 0.8065610859728507
3536 0.806615776081425
3537 0.8066704352741662
3538 0.8067250635772817
3539 0.8067796610169492
3540 0.8065518215193448
3541 0.8063241106719368
3542 0.8060965283657917
3543 0.8058690744920993
3544 0.8059238363892807
3545 0.8059785673998872
3546 0.8060332675500423
3547 0.8060879368658399
3548 0.8061425753733445
3549 0.8061971830985916
3550 0.8062517600675866
3551 0.8060247747747747
3552 0.8060793695468618
3553 0.8061339335959482
3554 0.8061884669479606
3555 0.8062429696287964
3556 0.8062974416643238
3557 0.8063518830803822
3558 0.8064062939027817
3559 0.8061797752808989
3560 0.806234203875316
3561 0.8062886019090398
3562 0.8063429694078024
3563 0.8061167227833894
3564 0.805890603085554
3565 0.8059450364554123
3566 0.8059994393047378
3567 0.8060538116591929
3568 0.8061081535444102
3569 0.8061624649859944
3570 0.8062167460095211
3571 0.8059910414333706
3572 0.8060453400503779
3573 0.8058198097369894
3574 0.8058741258741259
3575 0.8059284116331096
3576 0.8059826670394185
