0 1.0
1 0.5
2 0.3333333333333333
3 0.25
4 0.2
5 0.3333333333333333
6 0.2857142857142857
7 0.25
8 0.3333333333333333
9 0.4
10 0.45454545454545453
11 0.5
12 0.5384615384615384
13 0.5
14 0.5333333333333333
15 0.5
16 0.47058823529411764
17 0.4444444444444444
18 0.47368421052631576
19 0.45
20 0.47619047619047616
21 0.5
22 0.4782608695652174
23 0.4583333333333333
24 0.44
25 0.46153846153846156
26 0.4444444444444444
27 0.4642857142857143
28 0.4827586206896552
29 0.5
30 0.4838709677419355
31 0.46875
32 0.45454545454545453
33 0.47058823529411764
34 0.4857142857142857
35 0.4722222222222222
36 0.4864864864864865
37 0.47368421052631576
38 0.46153846153846156
39 0.475
40 0.4878048780487805
41 0.47619047619047616
42 0.4883720930232558
43 0.4772727272727273
44 0.4888888888888889
45 0.4782608695652174
46 0.48936170212765956
47 0.4791666666666667
48 0.46938775510204084
49 0.48
50 0.49019607843137253
51 0.4807692307692308
52 0.49056603773584906
53 0.48148148148148145
54 0.4909090909090909
55 0.5
56 0.5087719298245614
57 0.5
58 0.5084745762711864
59 0.5166666666666667
60 0.5081967213114754
61 0.5
62 0.5079365079365079
63 0.5
64 0.49230769230769234
65 0.48484848484848486
66 0.4925373134328358
67 0.5
68 0.4927536231884058
69 0.5
70 0.5070422535211268
71 0.5
72 0.5068493150684932
73 0.5135135135135135
74 0.5066666666666667
75 0.5131578947368421
76 0.5194805194805194
77 0.5256410256410257
78 0.5316455696202531
79 0.5375
80 0.5432098765432098
81 0.5487804878048781
82 0.5421686746987951
83 0.5357142857142857
84 0.5411764705882353
85 0.5465116279069767
86 0.5517241379310345
87 0.5454545454545454
88 0.550561797752809
89 0.5555555555555556
90 0.5604395604395604
91 0.5543478260869565
92 0.5483870967741935
93 0.5531914893617021
94 0.5578947368421052
95 0.5625
96 0.5567010309278351
97 0.5510204081632653
98 0.5555555555555556
99 0.56
100 0.5544554455445545
101 0.5588235294117647
102 0.5533980582524272
103 0.5576923076923077
104 0.5619047619047619
105 0.5566037735849056
106 0.5607476635514018
107 0.5648148148148148
108 0.5688073394495413
109 0.5727272727272728
110 0.5765765765765766
111 0.5803571428571429
112 0.5752212389380531
113 0.5701754385964912
114 0.5739130434782609
115 0.5689655172413793
116 0.5641025641025641
117 0.559322033898305
118 0.5546218487394958
119 0.5583333333333333
120 0.5619834710743802
121 0.5573770491803278
122 0.5609756097560976
123 0.5645161290322581
124 0.568
125 0.5714285714285714
126 0.5748031496062992
127 0.578125
128 0.5813953488372093
129 0.5846153846153846
130 0.5877862595419847
131 0.5909090909090909
132 0.5864661654135338
133 0.582089552238806
134 0.5851851851851851
135 0.5882352941176471
136 0.583941605839416
137 0.5869565217391305
138 0.5899280575539568
139 0.5857142857142857
140 0.5886524822695035
141 0.5915492957746479
142 0.5944055944055944
143 0.5972222222222222
144 0.6
145 0.6027397260273972
146 0.5986394557823129
147 0.5945945945945946
148 0.5973154362416108
149 0.6
150 0.6026490066225165
151 0.6052631578947368
152 0.6013071895424836
153 0.6038961038961039
154 0.6
155 0.6025641025641025
156 0.6050955414012739
157 0.6075949367088608
158 0.610062893081761
159 0.60625
160 0.6024844720496895
161 0.6049382716049383
162 0.6073619631901841
163 0.6097560975609756
164 0.6060606060606061
165 0.6024096385542169
166 0.6047904191616766
167 0.6011904761904762
168 0.6035502958579881
169 0.6058823529411764
170 0.6081871345029239
171 0.6046511627906976
172 0.6069364161849711
173 0.603448275862069
174 0.6
175 0.6022727272727273
176 0.5988700564971752
177 0.5955056179775281
178 0.5977653631284916
179 0.5944444444444444
180 0.5966850828729282
181 0.5989010989010989
182 0.6010928961748634
183 0.6032608695652174
184 0.6054054054054054
185 0.6075268817204301
186 0.6042780748663101
187 0.6063829787234043
188 0.6084656084656085
189 0.6052631578947368
190 0.6020942408376964
191 0.6041666666666666
192 0.6062176165803109
193 0.6030927835051546
194 0.6051282051282051
195 0.6071428571428571
196 0.6040609137055838
197 0.6060606060606061
198 0.6080402010050251
199 0.61
200 0.6119402985074627
201 0.6138613861386139
202 0.6108374384236454
203 0.6127450980392157
204 0.6146341463414634
205 0.616504854368932
206 0.6183574879227053
207 0.6201923076923077
208 0.6220095693779905
209 0.6238095238095238
210 0.6255924170616114
211 0.6273584905660378
212 0.6244131455399061
213 0.6214953271028038
214 0.6232558139534884
215 0.6203703703703703
216 0.6221198156682027
217 0.6192660550458715
218 0.6210045662100456
219 0.6227272727272727
220 0.6244343891402715
221 0.6261261261261262
222 0.6278026905829597
223 0.6294642857142857
224 0.6266666666666667
225 0.6238938053097345
226 0.6255506607929515
227 0.6228070175438597
228 0.6200873362445415
229 0.6217391304347826
230 0.6190476190476191
231 0.6206896551724138
232 0.6180257510729614
233 0.6153846153846154
234 0.6127659574468085
235 0.614406779661017
236 0.6160337552742616
237 0.6176470588235294
238 0.6150627615062761
239 0.6166666666666667
240 0.6182572614107884
241 0.6198347107438017
242 0.6172839506172839
243 0.6147540983606558
244 0.6163265306122448
245 0.6178861788617886
246 0.6194331983805668
247 0.6209677419354839
248 0.6184738955823293
249 0.62
250 0.6215139442231076
251 0.623015873015873
252 0.6245059288537549
253 0.6259842519685039
254 0.6274509803921569
255 0.62890625
256 0.6264591439688716
257 0.624031007751938
258 0.6254826254826255
259 0.6230769230769231
260 0.6206896551724138
261 0.6183206106870229
262 0.6159695817490495
263 0.6136363636363636
264 0.6150943396226415
265 0.6165413533834586
266 0.6179775280898876
267 0.6194029850746269
268 0.620817843866171
269 0.6222222222222222
270 0.6236162361623616
