0 0.8468611836433411
1 0.6847968697547913
2 0.820635974407196
3 0.7281172275543213
4 0.6332893967628479
5 0.7210116386413574
6 0.5546807050704956
7 0.5486854314804077
8 0.5784565210342407
9 0.5498834848403931
10 0.6139842867851257
11 0.5170671343803406
12 0.5416877269744873
13 0.8676111698150635
14 0.7637343406677246
15 0.7522604465484619
16 0.7362162470817566
17 0.5789875388145447
18 0.5501750707626343
19 0.607373058795929
20 0.6892768144607544
21 0.7543619871139526
22 0.5092304944992065
23 0.7269806861877441
24 0.6181492209434509
25 0.6264629364013672
26 0.6020649075508118
27 0.8046505451202393
28 0.9190019965171814
29 0.8014397621154785
30 0.7384486198425293
31 0.5828610062599182
32 0.5455772876739502
33 0.7541701197624207
34 0.6234687566757202
35 0.5510960817337036
36 0.9152044057846069
37 0.5970807075500488
38 0.6365463733673096
39 0.5306073427200317
40 0.7825821042060852
41 0.6262558102607727
42 0.778380274772644
43 0.517692506313324
44 0.8449718952178955
45 0.7060233354568481
46 0.5781576037406921
47 0.68499356508255
48 0.7171517610549927
49 0.9585886001586914
50 0.9441755414009094
51 0.7294700741767883
52 0.6146706938743591
53 0.5371342897415161
54 0.583091139793396
55 0.6104442477226257
56 0.8790128827095032
57 0.5376154780387878
58 0.8710411787033081
59 0.8528227806091309
60 0.6006461977958679
61 0.9276219606399536
62 0.7006651759147644
63 0.6933232545852661
64 0.7717032432556152
65 0.8432140350341797
66 0.9413190484046936
67 0.9479072093963623
68 0.64832603931427
69 0.5935918688774109
70 0.7127799987792969
71 0.7327489256858826
72 0.7690762877464294
73 0.5680251717567444
74 0.902531623840332
75 0.576513409614563
76 0.8505330681800842
77 0.842903196811676
78 0.828316330909729
79 0.6748764514923096
80 0.7310933470726013
81 0.6482917666435242
82 0.8771471381187439
83 0.9060256481170654
84 0.753058671951294
85 0.5660611987113953
86 0.8256916999816895
87 0.9466767907142639
88 0.9412079453468323
89 0.7379754185676575
90 0.656253457069397
91 0.6314972043037415
92 0.8393639326095581
93 0.6666603088378906
94 0.8029627203941345
95 0.5418339967727661
96 0.9183192849159241
97 0.6644560694694519
98 0.6124087572097778
99 0.854152500629425
100 0.6787073612213135
101 0.5627113580703735
102 0.8556398749351501
103 0.7640319466590881
104 0.8287482261657715
105 0.8761727809906006
106 0.7112841010093689
107 0.7789962887763977
108 0.8138381838798523
109 0.9052965044975281
110 0.9433035850524902
111 0.7769136428833008
112 0.7063143253326416
113 0.7338025569915771
114 0.8631860613822937
115 0.5791624188423157
116 0.5662782192230225
117 0.58110511302948
118 0.9495426416397095
119 0.7503930330276489
120 0.7676081657409668
121 0.9085885286331177
122 0.5589907169342041
123 0.9262714385986328
124 0.6402861475944519
125 0.6815460920333862
126 0.8956369161605835
127 0.7478557229042053
128 0.6676441431045532
129 0.5402839183807373
130 0.6716892123222351
131 0.651085615158081
132 0.8646237254142761
133 0.748266339302063
134 0.7432799339294434
135 0.850275993347168
136 0.6944455504417419
137 0.8118797540664673
138 0.7330340147018433
139 0.7102629542350769
140 0.8621785640716553
141 0.5402839183807373
142 0.8946289420127869
143 0.6428573131561279
144 0.9391272068023682
145 0.7548783421516418
146 0.910031259059906
147 0.7456648945808411
148 0.8771822452545166
149 0.5115684866905212
150 0.7432037591934204
151 0.9221245646476746
152 0.5846289992332458
153 0.5209869742393494
154 0.5317250490188599
155 0.5643755793571472
156 0.9416449069976807
157 0.9339641332626343
158 0.9339463710784912
159 0.9166539311408997
160 0.5895485281944275
161 0.9507758617401123
162 0.8392617702484131
163 0.5476007461547852
164 0.646409273147583
165 0.6698623895645142
166 0.8956695199012756
167 0.9011570811271667
168 0.6401457190513611
169 0.744901716709137
170 0.9625389575958252
171 0.8078269958496094
172 0.7836120128631592
173 0.7150246500968933
174 0.6897273063659668
175 0.6509988307952881
176 0.6622394323348999
177 0.9325109124183655
178 0.6446609497070312
179 0.9296016097068787
180 0.634167492389679
181 0.8028970956802368
182 0.5936731696128845
183 0.7475994825363159
184 0.6161244511604309
185 0.8200158476829529
186 0.6419177055358887
187 0.9619702100753784
188 0.5019945502281189
189 0.7501316070556641
190 0.9230035543441772
191 0.5876620411872864
192 0.9049081206321716
193 0.9587802290916443
194 0.7279592156410217
195 0.7122973799705505
196 0.5745453834533691
197 0.5620414018630981
198 0.7587365508079529
199 0.5540680885314941
200 0.7865961194038391
201 0.6029836535453796
202 0.6776283979415894
203 0.8562421798706055
204 0.5780860781669617
205 0.5881668925285339
206 0.8824334144592285
207 0.8811333775520325
208 0.6599559187889099
209 0.7140547633171082
210 0.6365222930908203
211 0.9220315217971802
212 0.7795245051383972
213 0.8873529434204102
214 0.8139387369155884
215 0.9320038557052612
216 0.530551552772522
217 0.5294566750526428
218 0.8730399012565613
219 0.7479919195175171
220 0.727304995059967
221 0.7347517609596252
222 0.607373058795929
223 0.6710394024848938
224 0.5377805829048157
225 0.653264045715332
226 0.9060495495796204
227 0.603144109249115
228 0.5489771962165833
229 0.7151618003845215
230 0.6001031994819641
231 0.7579929828643799
232 0.6145466566085815
233 0.5628519654273987
234 0.9302411079406738
235 0.5699463486671448
236 0.9407615661621094
237 0.9162889719009399
238 0.9390532970428467
239 0.5484973192214966
240 0.7720143795013428
241 0.9295018315315247
242 0.7135335206985474
243 0.7376473546028137
244 0.7317383885383606
245 0.6015772223472595
246 0.7844085693359375
247 0.5240676403045654
248 0.8706556558609009
249 0.7593922019004822
250 0.575829029083252
251 0.9127781391143799
252 0.6387670636177063
253 0.6044055819511414
254 0.6717654466629028
255 0.7858456373214722
256 0.8969436287879944
257 0.8915336728096008
258 0.633621335029602
259 0.7085562944412231
260 0.9502913951873779
261 0.607794463634491
262 0.8480331301689148
263 0.9081035256385803
264 0.6434432864189148
265 0.7687912583351135
266 0.5170474648475647
267 0.9451318979263306
268 0.8722485303878784
269 0.6595492959022522
270 0.6002799272537231
271 0.6160648465156555
272 0.6210993528366089
273 0.8509774208068848
274 0.7468206286430359
275 0.6292029619216919
276 0.6177255511283875
277 0.5802191495895386
278 0.7575615048408508
279 0.9249280095100403
280 0.7840394973754883
281 0.7831178903579712
282 0.8226982951164246
283 0.7692098021507263
284 0.8529151082038879
285 0.8506109118461609
286 0.5149367451667786
287 0.9350394010543823
288 0.8617141246795654
289 0.7354168891906738
290 0.596157968044281
291 0.6393422484397888
292 0.5338250994682312
293 0.8581157326698303
294 0.8418656587600708
295 0.5999943614006042
296 0.9419883489608765
297 0.7681574821472168
298 0.9096745252609253
299 0.9370241761207581
300 0.7455503344535828
301 0.586097002029419
302 0.9244697690010071
303 0.5890910029411316
304 0.7864332795143127
305 0.910798192024231
306 0.8916125893592834
307 0.5587456822395325
308 0.5424299836158752
309 0.5087888836860657
310 0.8594862222671509
311 0.7580987811088562
312 0.6706995368003845
313 0.7302498817443848
314 0.6549522876739502
315 0.7661431431770325
316 0.877108633518219
317 0.5995368361473083
318 0.6882125735282898
319 0.5941490530967712
320 0.7462756633758545
321 0.5039019584655762
322 0.7809110879898071
323 0.5110858678817749
324 0.777902364730835
325 0.6914098858833313
326 0.736275315284729
327 0.7661656141281128
328 0.6496900320053101
329 0.7943710684776306
330 0.938147783279419
331 0.6974050402641296
332 0.581305742263794
333 0.9318026900291443
334 0.6049182415008545
335 0.6298325657844543
336 0.8183851838111877
337 0.7909333109855652
338 0.7241469621658325
339 0.6757630109786987
340 0.9543856382369995
341 0.9262545108795166
342 0.9256260395050049
343 0.74528968334198
344 0.7953639626502991
345 0.5785328149795532
346 0.7825379371643066
347 0.7581346035003662
348 0.9446322917938232
349 0.94416344165802
350 0.703544557094574
351 0.5976970195770264
352 0.7257434129714966
353 0.6209807395935059
354 0.6585003733634949
355 0.6190284490585327
356 0.650188684463501
357 0.8850945234298706
358 0.7640842795372009
359 0.6183329820632935
360 0.7173774242401123
361 0.735150158405304
362 0.927288830280304
363 0.7382636070251465
364 0.6919658780097961
365 0.6053303480148315
366 0.8415605425834656
367 0.6754350662231445
368 0.731691300868988
369 0.8570361137390137
370 0.8764656186103821
371 0.5482316613197327
372 0.6931555867195129
373 0.7490262985229492
374 0.8029231429100037
375 0.6432958841323853
376 0.7930966019630432
377 0.8390641212463379
378 0.7927097082138062
379 0.7138668298721313
380 0.6506081223487854
381 0.8605909943580627
382 0.8415133953094482
383 0.5659369230270386
384 0.7881700992584229
385 0.7267705202102661
386 0.8770061731338501
387 0.7154824137687683
388 0.9343382120132446
389 0.6375951766967773
390 0.9707809090614319
391 0.5878352522850037
392 0.5992481112480164
393 0.8601223230361938
394 0.7974900603294373
395 0.8437561988830566
396 0.6883032917976379
397 0.8168798089027405
398 0.5866692066192627
399 0.5941970944404602
400 0.9329373836517334
401 0.5137131214141846
402 0.8721820116043091
403 0.8017507791519165
404 0.666118860244751
405 0.6309289932250977
406 0.5616063475608826
407 0.5654016733169556
408 0.6621076464653015
409 0.9064956903457642
410 0.6863216161727905
411 0.951649010181427
412 0.7871049046516418
413 0.6468899846076965
414 0.8046547770500183
415 0.6300113201141357
416 0.7283921837806702
417 0.678898811340332
418 0.5075170993804932
419 0.7449349164962769
420 0.813987672328949
421 0.8875078558921814
422 0.5673246383666992
423 0.5628992319107056
424 0.8414207100868225
425 0.8655405044555664
426 0.9102923274040222
427 0.6701223254203796
428 0.8892056941986084
429 0.9155247211456299
430 0.7252574563026428
431 0.6759749054908752
432 0.5424188375473022
433 0.609549343585968
434 0.8701622486114502
435 0.6064451932907104
436 0.6587518453598022
437 0.6279096603393555
438 0.7374680638313293
439 0.918917715549469
440 0.8561118841171265
441 0.9476513862609863
442 0.6623672246932983
443 0.9344347715377808
444 0.5620276927947998
445 0.5661137700080872
446 0.7244356870651245
447 0.7031283974647522
448 0.8562470078468323
449 0.824005126953125
450 0.6958929896354675
451 0.6822205781936646
452 0.8676702976226807
453 0.6066862940788269
454 0.8544934391975403
455 0.7608696818351746
456 0.884300947189331
457 0.6880278587341309
458 0.772783637046814
459 0.6833040118217468
460 0.7440690398216248
461 0.5984411239624023
462 0.5487159490585327
463 0.7681615352630615
464 0.5709466934204102
465 0.7892524003982544
466 0.7589758038520813
467 0.6924458742141724
468 0.5893762707710266
469 0.8489170670509338
470 0.7814651727676392
471 0.6935476064682007
472 0.7505860328674316
473 0.8097684979438782
474 0.834198534488678
475 0.6489410400390625
476 0.8383945822715759
477 0.5588923692703247
478 0.7280896902084351
479 0.5463619232177734
480 0.7320000529289246
481 0.6307839751243591
482 0.5954378247261047
483 0.6139025092124939
484 0.7575604915618896
485 0.8247467279434204
486 0.8831232786178589
487 0.8352339863777161
488 0.6563463807106018
489 0.8792338967323303
490 0.8924537897109985
491 0.5584530234336853
492 0.8955481052398682
493 0.6690713167190552
494 0.5619692802429199
495 0.7540351152420044
496 0.718982994556427
497 0.6013962626457214
498 0.573926568031311
499 0.8116121292114258
500 0.9259803891181946
501 0.7544658184051514
502 0.835468053817749
503 0.9094793200492859
504 0.7179692387580872
505 0.6457995772361755
506 0.7681300044059753
507 0.5586261749267578
508 0.8219097256660461
509 0.847773015499115
510 0.6897759437561035
511 0.5935918688774109
512 0.6023674011230469
513 0.8457370400428772
514 0.728233814239502
515 0.9538680911064148
516 0.9641309976577759
517 0.9147499203681946
518 0.9136423468589783
519 0.7273387312889099
520 0.6435045599937439
521 0.646621823310852
522 0.8822648525238037
523 0.6431663036346436
524 0.5740706324577332
525 0.9270500540733337
526 0.6420822739601135
527 0.859405517578125
528 0.6300173401832581
529 0.8813496828079224
530 0.9309671521186829
531 0.7334440350532532
532 0.6648358702659607
533 0.8389427661895752
534 0.914160966873169
535 0.6167612671852112
536 0.6536360383033752
537 0.9524021744728088
538 0.5896643996238708
539 0.9542308449745178
540 0.6680139303207397
541 0.876985490322113
542 0.8714559674263
543 0.6375770568847656
544 0.5619766712188721
545 0.5057300925254822
546 0.9114526510238647
547 0.8433438539505005
548 0.8218767046928406
549 0.9403524994850159
550 0.9466244578361511
551 0.7654746174812317
552 0.5804838538169861
553 0.8589257597923279
554 0.56053626537323
555 0.873729407787323
556 0.5083472728729248
557 0.7346369028091431
558 0.6679353713989258
559 0.8966553211212158
560 0.7385439276695251
561 0.9540223479270935
562 0.931993305683136
563 0.9019854664802551
564 0.8851613998413086
565 0.71903395652771
566 0.7631194591522217
567 0.518326997756958
568 0.8608248233795166
569 0.5198080539703369
570 0.7075532674789429
571 0.9150955677032471
572 0.6244361996650696
573 0.8125587701797485
574 0.9290536046028137
575 0.5212205648422241
576 0.8216273188591003
577 0.9343019723892212
578 0.698919415473938
579 0.8213882446289062
580 0.5844636559486389
581 0.6395874619483948
582 0.69732666015625
583 0.754341721534729
584 0.8014384508132935
585 0.9100431799888611
586 0.7204042673110962
587 0.853604257106781
588 0.5359202027320862
589 0.5931171774864197
590 0.9338380098342896
591 0.5544382333755493
592 0.7658177614212036
593 0.5868414640426636
594 0.5444919466972351
595 0.6277311444282532
596 0.5528564453125
597 0.7827237248420715
598 0.8849674463272095
599 0.6873495578765869
600 0.6868721842765808
601 0.7293314933776855
602 0.778123140335083
603 0.5348629951477051
604 0.7352184057235718
605 0.7403731346130371
606 0.7726730704307556
607 0.559783399105072
608 0.935433030128479
609 0.7067767381668091
610 0.6705780029296875
611 0.7465509176254272
612 0.9638749957084656
613 0.9578622579574585
614 0.8821935057640076
615 0.9380847215652466
616 0.930070161819458
617 0.9014872908592224
618 0.6388221383094788
619 0.9214304685592651
620 0.6387876868247986
621 0.6029269099235535
622 0.9481443166732788
623 0.7014546990394592
624 0.5091220140457153
625 0.5916526913642883
626 0.8052092790603638
627 0.5861856341362
628 0.8970022201538086
629 0.8321349024772644
630 0.6520223617553711
631 0.775563657283783
632 0.9281965494155884
633 0.7349435687065125
634 0.6698549389839172
635 0.7283197641372681
636 0.7035418748855591
637 0.6830653548240662
638 0.6213648319244385
639 0.7886964678764343
640 0.8674483299255371
641 0.759547233581543
642 0.5948700904846191
643 0.6834025979042053
644 0.850381076335907
645 0.9347707033157349
646 0.7818096280097961
647 0.6194068193435669
648 0.598688006401062
649 0.725031852722168
650 0.790075957775116
651 0.7142000198364258
652 0.7563953995704651
653 0.6301802396774292
654 0.9291093945503235
655 0.8440585136413574
656 0.7927383780479431
657 0.9534368515014648
658 0.6300921440124512
659 0.6112901568412781
660 0.7781239748001099
661 0.5217164754867554
662 0.9308427572250366
663 0.9428266882896423
664 0.8701924085617065
665 0.8772857189178467
666 0.7085520029067993
667 0.942469596862793
668 0.6400099992752075
669 0.6812262535095215
670 0.8162403106689453
671 0.6666085124015808
672 0.6562919616699219
673 0.5490386486053467
674 0.8577178716659546
675 0.7778200507164001
676 0.8432362079620361
677 0.5944077372550964
678 0.5675492882728577
679 0.8173679709434509
680 0.5541028380393982
681 0.8514744639396667
682 0.8082966208457947
683 0.5969505906105042
684 0.9657748341560364
685 0.5370391607284546
686 0.8149731755256653
687 0.6509889960289001
688 0.562193751335144
689 0.5122573375701904
690 0.7359064817428589
691 0.7035351991653442
692 0.6851818561553955
693 0.8245526552200317
694 0.5110406875610352
695 0.6059077978134155
696 0.5463541150093079
697 0.6463955640792847
698 0.5943834185600281
699 0.6529002785682678
700 0.8373109102249146
701 0.5816630125045776
702 0.7367292046546936
703 0.8933214545249939
704 0.8512277007102966
705 0.953400194644928
706 0.8507606387138367
707 0.7071935534477234
708 0.9492737650871277
709 0.6236069798469543
710 0.6148256659507751
711 0.511482298374176
712 0.9636328220367432
713 0.6434565782546997
714 0.6368767023086548
715 0.5508002042770386
716 0.5780242681503296
717 0.9513468146324158
718 0.595248818397522
719 0.7083770632743835
720 0.6305174231529236
721 0.8328120708465576
722 0.6179539561271667
723 0.6800457239151001
724 0.9467242360115051
725 0.8098425269126892
726 0.6929931044578552
727 0.5655087828636169
728 0.7201457619667053
729 0.5907148122787476
730 0.8414351940155029
731 0.7633916139602661
732 0.6420581340789795
733 0.6454318165779114
734 0.562034547328949
735 0.9140015244483948
736 0.6834880709648132
737 0.9516546130180359
738 0.884483814239502
739 0.8835728764533997
740 0.6132153272628784
741 0.5734291076660156
742 0.607187032699585
743 0.6917912364006042
744 0.6977354288101196
745 0.9140552878379822
746 0.6230883002281189
747 0.7438270449638367
748 0.6987708210945129
749 0.5723217725753784
750 0.6250865459442139
751 0.8167498111724854
752 0.8375940918922424
753 0.5614687204360962
754 0.7726169228553772
755 0.5809528231620789
756 0.5617082715034485
757 0.688366711139679
758 0.777930498123169
759 0.9448903203010559
760 0.7575333714485168
761 0.9422352313995361
762 0.717348575592041
763 0.9464792609214783
764 0.9173474907875061
765 0.622298538684845
766 0.8251969218254089
767 0.6974909901618958
768 0.675881564617157
769 0.9072284698486328
770 0.5236291885375977
771 0.5739378333091736
772 0.8228625655174255
773 0.7381648421287537
774 0.626829206943512
775 0.8621012568473816
776 0.7534225583076477
777 0.9440761804580688
778 0.6779139041900635
779 0.5581291317939758
780 0.7506552338600159
781 0.6462024450302124
782 0.6934756636619568
783 0.7740347981452942
784 0.5203961133956909
785 0.9327306151390076
786 0.683525562286377
787 0.9398317933082581
788 0.9567404985427856
789 0.8303296566009521
790 0.9231449365615845
791 0.6526433825492859
792 0.6789981722831726
793 0.7365970015525818
794 0.5413953065872192
795 0.7322273850440979
796 0.7447105050086975
797 0.5202487707138062
798 0.9222934246063232
799 0.5224445462226868
800 0.9157246947288513
801 0.7006447315216064
802 0.6474396586418152
803 0.9132189154624939
804 0.7270324230194092
805 0.7008281946182251
806 0.6627516746520996
807 0.8137612342834473
808 0.5305498838424683
809 0.8220626711845398
810 0.7114121913909912
811 0.9294028282165527
812 0.7112531065940857
813 0.9083370566368103
814 0.8588312268257141
815 0.6245743632316589
816 0.6193774342536926
817 0.725860595703125
818 0.8097898364067078
819 0.7818096280097961
820 0.8924298882484436
821 0.6307133436203003
822 0.739760160446167
823 0.7576939463615417
824 0.8556833863258362
825 0.7616255879402161
826 0.8594127297401428
827 0.5527579188346863
828 0.5904911160469055
829 0.6069297194480896
830 0.8393579721450806
831 0.761476993560791
832 0.6259512305259705
833 0.6231595277786255
834 0.5864458084106445
835 0.7029154896736145
836 0.6179317831993103
837 0.784238874912262
838 0.581605076789856
839 0.5364670157432556
840 0.9579998850822449
841 0.5475131869316101
842 0.5466604232788086
843 0.7840098738670349
844 0.6883212924003601
845 0.9017387628555298
846 0.874466061592102
847 0.7310032248497009
848 0.629406750202179
849 0.5900874137878418
850 0.8653345704078674
851 0.6360388994216919
852 0.8742136359214783
853 0.563457190990448
854 0.5528052449226379
855 0.8429842591285706
856 0.8116986155509949
857 0.7077358365058899
858 0.6309877038002014
859 0.6955701112747192
860 0.5905770063400269
861 0.8771822452545166
862 0.6422919631004333
863 0.7393076419830322
864 0.5118628144264221
865 0.8492981791496277
866 0.7108809351921082
867 0.578761875629425
868 0.8732914328575134
869 0.8842521905899048
870 0.6705230474472046
871 0.7084595561027527
872 0.6820539832115173
873 0.8984988331794739
874 0.9317218661308289
875 0.7701236605644226
876 0.6771267056465149
877 0.835939347743988
878 0.8343409895896912
879 0.9616858959197998
880 0.5817338824272156
881 0.6040807366371155
882 0.939157247543335
883 0.679580807685852
884 0.91742342710495
885 0.9163510203361511
886 0.5368413925170898
887 0.6256446242332458
888 0.917432963848114
889 0.8821001052856445
890 0.7419921159744263
891 0.603144109249115
892 0.7078181505203247
893 0.761155903339386
894 0.8906413316726685
895 0.7156414985656738
896 0.5372439622879028
897 0.8065759539604187
898 0.8471882939338684
899 0.7675349712371826
900 0.9587140679359436
901 0.9345493912696838
902 0.5557020902633667
903 0.937936544418335
904 0.9175200462341309
905 0.6232900023460388
906 0.8330811262130737
907 0.6619719862937927
908 0.5398846864700317
909 0.7256060242652893
910 0.7885547280311584
911 0.6374144554138184
912 0.5457810163497925
913 0.6414890289306641
914 0.5663249492645264
915 0.6654293537139893
916 0.5801972150802612
917 0.8718398809432983
918 0.6273834705352783
919 0.7848414182662964
920 0.7800083160400391
921 0.9401973485946655
922 0.9083576798439026
923 0.735015332698822
924 0.9647895693778992
925 0.5652124881744385
926 0.5554870963096619
927 0.8926122784614563
928 0.7224257588386536
929 0.6625028848648071
930 0.7570648193359375
931 0.7602489590644836
932 0.6288155317306519
933 0.9244697690010071
934 0.9570557475090027
935 0.7781339287757874
936 0.6141889691352844
937 0.5346571803092957
938 0.727514386177063
939 0.6732968688011169
940 0.649823784828186
941 0.9137719869613647
942 0.8008428812026978
943 0.6467421650886536
944 0.8184338212013245
945 0.6801413297653198
946 0.8151534199714661
947 0.7085707187652588
948 0.8058260679244995
949 0.6506929993629456
950 0.6863800883293152
951 0.7098353505134583
952 0.6506120562553406
953 0.9289452433586121
954 0.5657094120979309
955 0.6035017371177673
956 0.6256681084632874
957 0.7829733490943909
958 0.7535421848297119
959 0.8812681436538696
960 0.5570124387741089
961 0.8933838605880737
962 0.5364124774932861
963 0.5583736300468445
964 0.6303975582122803
965 0.8081784844398499
966 0.6422422528266907
967 0.791713535785675
968 0.6861909627914429
969 0.8408864736557007
970 0.864264190196991
971 0.8146719932556152
972 0.8262099623680115
973 0.6546292901039124
974 0.782215416431427
975 0.7177674174308777
976 0.5485234260559082
977 0.6569175720214844
978 0.5330447554588318
979 0.6177754998207092
980 0.8834413886070251
981 0.9452576041221619
982 0.5801423788070679
983 0.824019730091095
984 0.6782492995262146
985 0.647888720035553
986 0.9583395719528198
987 0.8085052967071533
988 0.950066864490509
989 0.8903110027313232
990 0.8631570339202881
991 0.6595593094825745
992 0.6385068893432617
993 0.7374391555786133
994 0.9313191771507263
995 0.6227179169654846
996 0.9253042936325073
997 0.9261078238487244
998 0.5712586045265198
999 0.9077301025390625
1000 0.5021190047264099
1001 0.9466244578361511
1002 0.709353506565094
1003 0.7671882510185242
1004 0.6223963499069214
1005 0.7406403422355652
1006 0.5042369365692139
1007 0.5788531303405762
1008 0.5304031372070312
1009 0.5703469514846802
1010 0.6844128370285034
1011 0.5374271869659424
1012 0.6781949996948242
1013 0.6167604327201843
1014 0.681699812412262
1015 0.7635714411735535
1016 0.764130175113678
1017 0.561853289604187
1018 0.7283504009246826
1019 0.941555917263031
1020 0.7051562070846558
1021 0.6755691766738892
1022 0.561449408531189
1023 0.8570256233215332
1024 0.7641345262527466
1025 0.8403081297874451
1026 0.8870025277137756
1027 0.6156054735183716
1028 0.5615501999855042
1029 0.6121166348457336
1030 0.8825089931488037
1031 0.6426730155944824
1032 0.5924499034881592
1033 0.6620329022407532
1034 0.8896906971931458
1035 0.8472553491592407
1036 0.5312850475311279
1037 0.6490552425384521
1038 0.5784157514572144
1039 0.6901592016220093
1040 0.5369020104408264
1041 0.7008352279663086
1042 0.8912240266799927
1043 0.656184196472168
1044 0.5610527992248535
1045 0.6971579194068909
1046 0.9013194441795349
1047 0.8821752667427063
1048 0.8307410478591919
1049 0.7016868591308594
1050 0.7629603743553162
1051 0.532744288444519
1052 0.5643556118011475
1053 0.724131166934967
1054 0.7158811688423157
1055 0.9541569352149963
1056 0.8559277653694153
1057 0.7242639660835266
1058 0.5133928060531616
1059 0.8739262819290161
1060 0.6787902116775513
1061 0.558348536491394
1062 0.8770061731338501
1063 0.7164171934127808
1064 0.8547574281692505
1065 0.6233336329460144
1066 0.8118797540664673
1067 0.6262270212173462
1068 0.8257147073745728
1069 0.5809850692749023
1070 0.6106061935424805
1071 0.9118379354476929
1072 0.6326910853385925
1073 0.6497730612754822
1074 0.7510462999343872
1075 0.9169031977653503
1076 0.8054571747779846
1077 0.8485704660415649
1078 0.8180985450744629
1079 0.5825241208076477
1080 0.8620653748512268
1081 0.6568432450294495
1082 0.8085276484489441
1083 0.8641939759254456
1084 0.7080235481262207
1085 0.8706775307655334
1086 0.5433684587478638
1087 0.7928352355957031
1088 0.925136148929596
1089 0.7810608744621277
1090 0.874028742313385
1091 0.8492828011512756
1092 0.9588932394981384
1093 0.5568584203720093
1094 0.7647674083709717
1095 0.6765134930610657
1096 0.7238422632217407
1097 0.882542610168457
1098 0.720723569393158
1099 0.9217098951339722
1100 0.8439726829528809
1101 0.876771867275238
1102 0.6564924716949463
1103 0.6255301237106323
1104 0.6920424103736877
1105 0.5833994746208191
1106 0.870646059513092
1107 0.6468505263328552
1108 0.9418802857398987
1109 0.7248783707618713
1110 0.8909856081008911
1111 0.6097169518470764
1112 0.6504600048065186
1113 0.5752725601196289
1114 0.9524068236351013
1115 0.7891325950622559
1116 0.5488743185997009
1117 0.7635646462440491
1118 0.8253965973854065
1119 0.8397206664085388
1120 0.533101499080658
1121 0.9451403021812439
1122 0.5593041777610779
1123 0.9668197631835938
1124 0.7153624892234802
1125 0.5412962436676025
1126 0.7965179681777954
1127 0.6287698149681091
1128 0.8757568001747131
1129 0.5975611209869385
1130 0.6389210820198059
1131 0.7081360816955566
1132 0.8216302990913391
1133 0.7679871916770935
1134 0.9253838062286377
1135 0.5918281078338623
1136 0.8252304792404175
1137 0.5452761650085449
1138 0.6712524890899658
1139 0.640523374080658
1140 0.6021058559417725
1141 0.7311002612113953
1142 0.5890929698944092
1143 0.8382105231285095
1144 0.8259144425392151
1145 0.6731767058372498
1146 0.8467660546302795
1147 0.7050312161445618
1148 0.5650478005409241
1149 0.5992113351821899
1150 0.8349075317382812
1151 0.6081358790397644
1152 0.6725564002990723
1153 0.6731767058372498
1154 0.7613700032234192
1155 0.6387768387794495
1156 0.6568752527236938
1157 0.713623583316803
1158 0.7762928605079651
1159 0.5585946440696716
1160 0.5969505906105042
1161 0.7689531445503235
1162 0.6819685101509094
1163 0.5932589769363403
1164 0.7390313148498535
1165 0.7719858288764954
1166 0.7732716202735901
1167 0.9399140477180481
1168 0.5895187854766846
1169 0.6443958282470703
1170 0.8216893076896667
1171 0.6157861948013306
1172 0.5598627328872681
1173 0.526271641254425
1174 0.8380097150802612
1175 0.7013218998908997
1176 0.6208111643791199
1177 0.7036008834838867
1178 0.9596880078315735
1179 0.6014179587364197
1180 0.8715718388557434
1181 0.811444103717804
1182 0.8458412885665894
1183 0.8280014991760254
1184 0.634814977645874
1185 0.5714795589447021
1186 0.5254458785057068
1187 0.9468111991882324
1188 0.5333946943283081
1189 0.9409536123275757
1190 0.8363178968429565
1191 0.9374675750732422
1192 0.8843415975570679
1193 0.8640943169593811
1194 0.5752751231193542
1195 0.655983030796051
1196 0.7818406224250793
1197 0.9171479940414429
1198 0.5614021420478821
1199 0.9240256547927856
1200 0.5998197197914124
1201 0.58076012134552
1202 0.5332285761833191
1203 0.6905226111412048
1204 0.9154892563819885
1205 0.8253434300422668
1206 0.6705332398414612
1207 0.5500348210334778
1208 0.961189329624176
1209 0.9319964051246643
1210 0.5702121257781982
1211 0.6787651181221008
1212 0.5675897598266602
1213 0.9199880957603455
1214 0.8720381259918213
1215 0.8629906177520752
1216 0.7473822832107544
1217 0.8654718995094299
1218 0.8567027449607849
1219 0.8373033404350281
1220 0.843032956123352
1221 0.6600118279457092
1222 0.8897926211357117
1223 0.7332620620727539
1224 0.626910924911499
1225 0.6886404752731323
1226 0.6892356276512146
1227 0.65045166015625
1228 0.7596390247344971
1229 0.8384212851524353
1230 0.944756269454956
1231 0.6920424103736877
1232 0.5749331116676331
1233 0.6756196022033691
1234 0.7051478028297424
1235 0.8882485032081604
1236 0.8793684840202332
1237 0.6856864094734192
1238 0.9171159267425537
1239 0.5934144258499146
1240 0.7596074342727661
1241 0.7357726097106934
1242 0.8441168069839478
1243 0.6952356100082397
1244 0.734441339969635
1245 0.6500967144966125
1246 0.5625344514846802
1247 0.7498542070388794
1248 0.7490227222442627
1249 0.8885411024093628
1250 0.6466480493545532
1251 0.836937665939331
1252 0.8897263407707214
1253 0.5448460578918457
1254 0.6406883001327515
1255 0.873166561126709
1256 0.873209536075592
1257 0.6049448847770691
1258 0.7256390452384949
1259 0.8234907388687134
1260 0.8504871129989624
1261 0.745006799697876
1262 0.7671882510185242
1263 0.6230397820472717
1264 0.7887435555458069
1265 0.5908289551734924
1266 0.7803311347961426
1267 0.9593451619148254
1268 0.7341822385787964
1269 0.8651284575462341
1270 0.6200144290924072
1271 0.5752063989639282
1272 0.5871677994728088
1273 0.7042654752731323
1274 0.6681782007217407
1275 0.8020623326301575
1276 0.593967854976654
1277 0.5848338007926941
1278 0.9034936428070068
1279 0.7579929828643799
1280 0.6202920079231262
1281 0.773639440536499
1282 0.8152679204940796
1283 0.865430474281311
1284 0.8603258728981018
1285 0.6951382160186768
1286 0.8367257118225098
1287 0.7576364874839783
1288 0.6121296286582947
1289 0.7574251890182495
1290 0.8473930358886719
1291 0.8243246674537659
1292 0.580285906791687
1293 0.8524556159973145
1294 0.6503636837005615
1295 0.7074748277664185
1296 0.5347992777824402
1297 0.9327398538589478
1298 0.7931739091873169
1299 0.9155967831611633
1300 0.6276741623878479
1301 0.9056104421615601
1302 0.5119465589523315
1303 0.8539189696311951
1304 0.958816647529602
1305 0.7149209380149841
1306 0.9308803677558899
1307 0.6025760769844055
1308 0.6483643651008606
1309 0.9142327904701233
1310 0.7921304106712341
1311 0.6752115488052368
1312 0.5736343264579773
1313 0.7200177907943726
1314 0.8686402440071106
1315 0.588815450668335
1316 0.9181199073791504
1317 0.6022777557373047
1318 0.7101709842681885
1319 0.765826404094696
1320 0.8042764067649841
1321 0.7046297192573547
1322 0.7361426949501038
1323 0.9169812798500061
1324 0.5674451589584351
1325 0.8055493831634521
1326 0.7542798519134521
1327 0.5594931244850159
1328 0.6078011393547058
1329 0.712864339351654
1330 0.6128581762313843
1331 0.5862010717391968
1332 0.5909317135810852
1333 0.7643987536430359
1334 0.836064338684082
1335 0.5622597336769104
1336 0.8913633227348328
1337 0.773396909236908
1338 0.7223966121673584
1339 0.6076719760894775
1340 0.9224786758422852
1341 0.8312535881996155
1342 0.9394257664680481
1343 0.660451352596283
1344 0.742527425289154
1345 0.7380357384681702
1346 0.5213572382926941
1347 0.6189404726028442
1348 0.8669421076774597
1349 0.6508798003196716
1350 0.5994763374328613
1351 0.5673006176948547
1352 0.9446624517440796
1353 0.7479110360145569
1354 0.5637941956520081
1355 0.7475919127464294
1356 0.6533692479133606
1357 0.7661735415458679
1358 0.7598684430122375
1359 0.7074127793312073
1360 0.6307839751243591
1361 0.8690880537033081
1362 0.7416759133338928
1363 0.6067191362380981
1364 0.8173173069953918
1365 0.6878557205200195
1366 0.6803385019302368
1367 0.6626014709472656
1368 0.7441514730453491
1369 0.9111778736114502
1370 0.8290642499923706
1371 0.5172720551490784
1372 0.8156856298446655
1373 0.630620539188385
1374 0.8648706674575806
1375 0.5251328349113464
1376 0.9064607620239258
1377 0.8659941554069519
1378 0.5529397130012512
1379 0.5814650058746338
1380 0.6191458702087402
1381 0.5785567760467529
1382 0.6173369884490967
1383 0.8487131595611572
1384 0.6116171479225159
1385 0.8690937757492065
1386 0.7224518656730652
1387 0.5181337594985962
1388 0.6129131317138672
1389 0.8468503952026367
1390 0.5488626956939697
1391 0.6584302186965942
1392 0.5975536108016968
1393 0.8961452841758728
1394 0.624297559261322
1395 0.744486927986145
1396 0.8560011982917786
1397 0.7555637955665588
1398 0.795427143573761
1399 0.8851894736289978
1400 0.6701154112815857
1401 0.5300742983818054
1402 0.7411976456642151
1403 0.8616095185279846
1404 0.6033343076705933
1405 0.8829506039619446
1406 0.5735630393028259
1407 0.5483936667442322
1408 0.8602445721626282
1409 0.6238514184951782
1410 0.5527941584587097
1411 0.7784005403518677
1412 0.7924479842185974
1413 0.7278481721878052
1414 0.7389316558837891
1415 0.970373809337616
1416 0.5373413562774658
1417 0.5476191639900208
1418 0.611803412437439
1419 0.6660011410713196
1420 0.6893993020057678
1421 0.6651670336723328
1422 0.7563533186912537
1423 0.8279321789741516
1424 0.8060263991355896
1425 0.5157896876335144
1426 0.9574170708656311
1427 0.5703611373901367
1428 0.715383768081665
1429 0.9417241811752319
1430 0.7544975876808167
1431 0.5163354277610779
1432 0.8020661473274231
1433 0.8557655811309814
1434 0.8644593358039856
1435 0.7539021968841553
1436 0.8188996911048889
1437 0.7848922610282898
1438 0.6179082989692688
1439 0.9218482375144958
1440 0.8544960021972656
1441 0.7351464033126831
1442 0.95257169008255
1443 0.7385445237159729
1444 0.8784863352775574
1445 0.6731160283088684
1446 0.714865505695343
1447 0.9001765251159668
1448 0.6569175720214844
1449 0.7036624550819397
1450 0.6785081028938293
1451 0.859243631362915
1452 0.840593159198761
1453 0.5309077501296997
1454 0.872982919216156
1455 0.6266249418258667
1456 0.5546863079071045
1457 0.8100067377090454
1458 0.8577375411987305
1459 0.5444778203964233
1460 0.9383974671363831
1461 0.8449698686599731
1462 0.6574784517288208
1463 0.9472421407699585
1464 0.8318113684654236
1465 0.8771624565124512
1466 0.7295961976051331
1467 0.9279000759124756
1468 0.6231251358985901
1469 0.7387056946754456
1470 0.8621710538864136
1471 0.5762680768966675
1472 0.6395663022994995
1473 0.853760302066803
1474 0.6548720598220825
1475 0.7577222585678101
1476 0.6027535796165466
1477 0.6565191745758057
1478 0.7402576804161072
1479 0.6091511249542236
1480 0.560596227645874
1481 0.7449895143508911
1482 0.6013746857643127
1483 0.569905161857605
1484 0.748266339302063
1485 0.682253897190094
1486 0.6254428029060364
1487 0.7812539935112
1488 0.8577511310577393
1489 0.5931693315505981
1490 0.5791147351264954
1491 0.9141905307769775
1492 0.7768983840942383
1493 0.7998031973838806
1494 0.8948407173156738
1495 0.6416705846786499
1496 0.8956627249717712
1497 0.8857358694076538
1498 0.8445204496383667
1499 0.6201532483100891
1500 0.6681392192840576
1501 0.6929875016212463
1502 0.7121294736862183
1503 0.7566004991531372
1504 0.6861215829849243
1505 0.5700131058692932
1506 0.7447111010551453
1507 0.6756110191345215
1508 0.5736384987831116
1509 0.7724021077156067
1510 0.6044682264328003
1511 0.6065548062324524
1512 0.6012219190597534
1513 0.7670717239379883
1514 0.8323851823806763
1515 0.6832579374313354
1516 0.708217978477478
1517 0.704384446144104
1518 0.6161627769470215
1519 0.7879353761672974
1520 0.8548178672790527
1521 0.5856866240501404
1522 0.7281172275543213
1523 0.6264098882675171
1524 0.6767722964286804
1525 0.9295485615730286
1526 0.6369929313659668
1527 0.6835644841194153
1528 0.5340724587440491
1529 0.540965735912323
1530 0.9134237766265869
1531 0.7691124677658081
1532 0.6736342310905457
1533 0.6268233060836792
1534 0.9601550698280334
1535 0.5889484882354736
1536 0.866287887096405
1537 0.616523027420044
1538 0.5362753868103027
1539 0.8001574873924255
1540 0.9255986213684082
1541 0.9404062628746033
1542 0.7308967709541321
1543 0.8709855079650879
1544 0.7017531991004944
1545 0.67401522397995
1546 0.6768853664398193
1547 0.9227060079574585
1548 0.5717679858207703
1549 0.7327123880386353
1550 0.7005667090415955
1551 0.7344071865081787
1552 0.9026288986206055
1553 0.8662533164024353
1554 0.8220961093902588
1555 0.6381409168243408
1556 0.6376636624336243
1557 0.6597524881362915
1558 0.744486927986145
1559 0.8266027569770813
1560 0.5594144463539124
1561 0.8280869722366333
1562 0.5974947810173035
1563 0.854299008846283
1564 0.5482056736946106
1565 0.7120087742805481
1566 0.9218647480010986
1567 0.8046804070472717
1568 0.5098221302032471
1569 0.6493571996688843
1570 0.7292152047157288
1571 0.6524330377578735
1572 0.7606546878814697
1573 0.9657589197158813
1574 0.5293760299682617
1575 0.8491546511650085
1576 0.8959487080574036
1577 0.8631570339202881
1578 0.8814655542373657
1579 0.6042406558990479
1580 0.8374724984169006
1581 0.9412948489189148
1582 0.8613045811653137
1583 0.5439546704292297
1584 0.6834656000137329
1585 0.8349071741104126
1586 0.8113505244255066
1587 0.5330421328544617
1588 0.6157376766204834
1589 0.6699945330619812
1590 0.605638325214386
1591 0.7666667103767395
1592 0.7624662518501282
1593 0.6033914685249329
1594 0.6685547828674316
1595 0.6229623556137085
1596 0.8861058354377747
1597 0.5174763202667236
1598 0.8248346447944641
1599 0.5107463002204895
1600 0.8994405269622803
1601 0.7723582983016968
1602 0.9065043330192566
1603 0.605900764465332
1604 0.7303870916366577
1605 0.634387195110321
1606 0.9240984320640564
1607 0.690601646900177
1608 0.5091338753700256
1609 0.9398500323295593
1610 0.5990371704101562
1611 0.5948477387428284
1612 0.5871827602386475
1613 0.8798611760139465
1614 0.8132582902908325
1615 0.7164421677589417
1616 0.6955810785293579
1617 0.5939565300941467
1618 0.6287398338317871
1619 0.8089146018028259
1620 0.6486517190933228
1621 0.9414787888526917
1622 0.6179996132850647
1623 0.7647665739059448
1624 0.8650801777839661
1625 0.7221775054931641
1626 0.6097826361656189
1627 0.6607388854026794
1628 0.6542061567306519
1629 0.9104449152946472
1630 0.757668673992157
1631 0.7526994347572327
1632 0.6709132194519043
1633 0.5952044129371643
1634 0.6508392095565796
1635 0.640015721321106
1636 0.7170265316963196
1637 0.7161136269569397
1638 0.5204018950462341
1639 0.8507128357887268
1640 0.607335090637207
1641 0.6338594555854797
1642 0.7544981837272644
1643 0.8440727591514587
1644 0.7228487133979797
1645 0.8971847295761108
1646 0.5763636827468872
1647 0.7370726466178894
1648 0.6247366070747375
1649 0.8540158271789551
1650 0.5756850838661194
1651 0.9370905756950378
1652 0.5092304944992065
1653 0.8074867129325867
1654 0.6861491203308105
1655 0.7696142792701721
1656 0.6960687637329102
1657 0.8835856318473816
1658 0.7776652574539185
1659 0.8659750819206238
1660 0.7405037879943848
1661 0.8963595628738403
1662 0.599178671836853
1663 0.5740265846252441
1664 0.7263674139976501
1665 0.8867442011833191
1666 0.7087004780769348
1667 0.6599559187889099
1668 0.8276805877685547
1669 0.8688338994979858
1670 0.520045280456543
1671 0.5370910167694092
1672 0.8417254686355591
1673 0.8739093542098999
1674 0.8970609307289124
1675 0.7822114825248718
1676 0.6289781928062439
1677 0.6647197604179382
1678 0.5094283223152161
1679 0.5309283137321472
1680 0.90171879529953
1681 0.6425679922103882
1682 0.5222308039665222
1683 0.6741119027137756
1684 0.559684693813324
1685 0.9026994109153748
1686 0.8862831592559814
1687 0.7380404472351074
1688 0.5354490876197815
1689 0.8018612265586853
1690 0.6085548996925354
1691 0.5454089045524597
1692 0.6860141158103943
1693 0.6911107897758484
1694 0.8833392262458801
1695 0.9244464039802551
1696 0.8067283034324646
1697 0.7218734622001648
1698 0.6916286945343018
1699 0.773290753364563
1700 0.5625995397567749
1701 0.7750401496887207
1702 0.5872403979301453
1703 0.7014909982681274
1704 0.6726194024085999
1705 0.741231381893158
1706 0.5980612635612488
1707 0.9307364821434021
1708 0.7087444067001343
1709 0.616726815700531
1710 0.6723760962486267
1711 0.5456240177154541
1712 0.6254428029060364
1713 0.5890836119651794
1714 0.5520336031913757
1715 0.7956410050392151
1716 0.8203508853912354
1717 0.7224138379096985
1718 0.6724321246147156
1719 0.8915482759475708
1720 0.6218900084495544
1721 0.7625242471694946
1722 0.5467060208320618
1723 0.7579907774925232
1724 0.597636342048645
1725 0.671744167804718
1726 0.7637177109718323
1727 0.5043943524360657
1728 0.8821752667427063
1729 0.9485734701156616
1730 0.6932655572891235
1731 0.5069606304168701
1732 0.8541219830513
1733 0.8848944306373596
1734 0.8747996687889099
1735 0.8585126996040344
1736 0.7285813689231873
1737 0.6635646820068359
1738 0.8282386660575867
1739 0.5681360960006714
1740 0.5208277702331543
1741 0.5892645716667175
1742 0.5657094120979309
1743 0.8382553458213806
1744 0.6466075778007507
1745 0.5108935236930847
1746 0.6587518453598022
1747 0.8349775671958923
1748 0.5628992319107056
1749 0.7703114151954651
1750 0.6012219190597534
1751 0.802571713924408
1752 0.5944544076919556
1753 0.662144660949707
1754 0.5505685210227966
1755 0.7229388952255249
1756 0.5906152129173279
1757 0.7860188484191895
1758 0.6144030094146729
1759 0.7980281114578247
1760 0.9241093397140503
1761 0.6524694561958313
1762 0.7223076224327087
1763 0.678767740726471
1764 0.8560086488723755
1765 0.6315221786499023
1766 0.6287349462509155
1767 0.7324144840240479
1768 0.9375816583633423
1769 0.8020282983779907
1770 0.8505287170410156
1771 0.844213604927063
1772 0.5232853889465332
1773 0.9147626757621765
1774 0.6237165927886963
1775 0.929948627948761
1776 0.6142781972885132
1777 0.5914387106895447
1778 0.7662017345428467
1779 0.6128100752830505
1780 0.7638766765594482
1781 0.5914011001586914
1782 0.8386942148208618
1783 0.5340216159820557
1784 0.598929762840271
1785 0.736017644405365
1786 0.7280498743057251
1787 0.6418809294700623
1788 0.6068914532661438
1789 0.8860644698143005
1790 0.7460070252418518
1791 0.5697115063667297
1792 0.6184272766113281
1793 0.5630860924720764
1794 0.8106854557991028
1795 0.8993914723396301
1796 0.7048743963241577
1797 0.7147895097732544
1798 0.6737868189811707
1799 0.7500669956207275
1800 0.6703928709030151
1801 0.7783060669898987
1802 0.6885088682174683
1803 0.8859628438949585
1804 0.8412525057792664
1805 0.6989412903785706
1806 0.5227504372596741
1807 0.798564612865448
1808 0.7377727031707764
1809 0.773396909236908
1810 0.8859098553657532
1811 0.9376407861709595
1812 0.767005443572998
1813 0.8874939680099487
1814 0.5880277156829834
1815 0.681283175945282
1816 0.908534586429596
1817 0.6438325047492981
1818 0.8875176310539246
1819 0.552428126335144
1820 0.8849194645881653
1821 0.9439229965209961
1822 0.8528319001197815
1823 0.691534698009491
1824 0.5685892105102539
1825 0.7492498159408569
1826 0.5869266986846924
1827 0.7655264735221863
1828 0.9402250647544861
1829 0.8490906357765198
1830 0.8150848746299744
1831 0.6337022185325623
1832 0.6709055304527283
1833 0.9435380697250366
1834 0.8833139538764954
1835 0.5507580637931824
1836 0.8372462391853333
1837 0.5765482187271118
1838 0.7299599647521973
1839 0.8342595100402832
1840 0.9478177428245544
1841 0.8864748477935791
1842 0.6819591522216797
1843 0.7064816355705261
1844 0.8734217286109924
1845 0.6107650995254517
1846 0.7882785201072693
1847 0.5137131214141846
1848 0.6746631860733032
1849 0.894967257976532
1850 0.8391018509864807
1851 0.824362576007843
1852 0.9137579798698425
1853 0.6710633635520935
1854 0.5864977240562439
1855 0.8196009993553162
1856 0.8060483336448669
1857 0.7865077257156372
1858 0.9591140151023865
1859 0.6884652972221375
1860 0.5760267376899719
1861 0.5089278817176819
1862 0.9006384015083313
1863 0.864998996257782
1864 0.677442729473114
1865 0.6537693738937378
1866 0.6215718388557434
1867 0.8052092790603638
1868 0.8099207878112793
1869 0.903121829032898
1870 0.6144832968711853
1871 0.8407017588615417
1872 0.9125506281852722
1873 0.6154940724372864
1874 0.7085707187652588
1875 0.614489734172821
1876 0.7560964822769165
1877 0.7943536639213562
1878 0.9484747052192688
1879 0.6837559938430786
1880 0.8002976775169373
1881 0.7701942324638367
1882 0.8520057201385498
1883 0.7634270191192627
1884 0.6370897889137268
1885 0.9369888305664062
1886 0.92196124792099
1887 0.7078527212142944
1888 0.621025025844574
1889 0.9292072653770447
1890 0.7178499698638916
1891 0.9450917840003967
1892 0.6719074845314026
1893 0.7684757709503174
1894 0.620846688747406
1895 0.9078972339630127
1896 0.7064986228942871
1897 0.7898266315460205
1898 0.6836195588111877
1899 0.9349038600921631
1900 0.6263756155967712
1901 0.9426596760749817
1902 0.5581738352775574
1903 0.5579971075057983
1904 0.8323228359222412
1905 0.766903817653656
1906 0.7651473879814148
1907 0.9518771767616272
1908 0.9395621418952942
1909 0.5878352522850037
1910 0.9085597991943359
1911 0.5120946168899536
1912 0.8562741875648499
1913 0.9452475905418396
1914 0.7296801805496216
1915 0.809772789478302
1916 0.7362704277038574
1917 0.6006516218185425
1918 0.7796738743782043
1919 0.8793991804122925
1920 0.5496944189071655
1921 0.6927952766418457
1922 0.5370975136756897
1923 0.5320342183113098
1924 0.5810348391532898
1925 0.6826664209365845
1926 0.6220358610153198
1927 0.8916019201278687
1928 0.7425532341003418
1929 0.8435117602348328
1930 0.6063894033432007
1931 0.9542878270149231
1932 0.9204572439193726
1933 0.5762605667114258
1934 0.7282335162162781
1935 0.874028742313385
1936 0.7147573232650757
1937 0.6769428253173828
1938 0.5088658332824707
1939 0.5375312566757202
1940 0.8029928803443909
1941 0.8427553176879883
1942 0.9307689070701599
1943 0.6739712357521057
1944 0.6642232537269592
1945 0.5364375114440918
1946 0.9325755834579468
1947 0.718676745891571
1948 0.6007401347160339
1949 0.9430304765701294
1950 0.7219530344009399
1951 0.5972005724906921
1952 0.6241599321365356
1953 0.9457629323005676
1954 0.8701778054237366
1955 0.6196936964988708
1956 0.6570751667022705
1957 0.7861477136611938
1958 0.8937941193580627
1959 0.7263450622558594
1960 0.8914860486984253
1961 0.9061115980148315
1962 0.5338344573974609
1963 0.887394905090332
1964 0.6320258975028992
1965 0.6755432486534119
1966 0.8593342900276184
1967 0.9005956649780273
1968 0.8691607117652893
1969 0.6992495059967041
1970 0.8463222980499268
1971 0.6798456907272339
1972 0.9327248930931091
1973 0.607041597366333
1974 0.771902859210968
1975 0.6007401347160339
1976 0.922836422920227
1977 0.8865196704864502
1978 0.7842244505882263
1979 0.6739162802696228
1980 0.6270988583564758
1981 0.6965669393539429
1982 0.9550917148590088
1983 0.7986074090003967
1984 0.7590394616127014
1985 0.9337971806526184
1986 0.9141427278518677
1987 0.5788326859474182
1988 0.8348739147186279
1989 0.8067845106124878
1990 0.7474508285522461
1991 0.9400890469551086
1992 0.9330137372016907
1993 0.876985490322113
1994 0.6144070625305176
1995 0.5447115302085876
1996 0.8695698976516724
1997 0.9559710621833801
1998 0.7204013466835022
1999 0.8387834429740906
2000 0.576973557472229
2001 0.6142675876617432
2002 0.9103294014930725
2003 0.6744086742401123
2004 0.6287747025489807
2005 0.8777106404304504
2006 0.8982983231544495
2007 0.6492268443107605
2008 0.9265627264976501
2009 0.8765423893928528
2010 0.8026649951934814
2011 0.7138141989707947
2012 0.7138098478317261
2013 0.5717675685882568
2014 0.8849194645881653
2015 0.5534635782241821
2016 0.9629870653152466
2017 0.7573041319847107
2018 0.9536544680595398
2019 0.7124989628791809
2020 0.8268254995346069
2021 0.9639768004417419
2022 0.5739903450012207
2023 0.7947496771812439
2024 0.5808914303779602
2025 0.5656114816665649
2026 0.8474658131599426
2027 0.8193310499191284
2028 0.7988453507423401
2029 0.7609719634056091
2030 0.9332513213157654
2031 0.8917180895805359
2032 0.9442325234413147
2033 0.8609052300453186
2034 0.7391519546508789
2035 0.6648594737052917
2036 0.7438861131668091
2037 0.6974503397941589
2038 0.5570827126502991
2039 0.7087419033050537
2040 0.8375304937362671
2041 0.9271281361579895
2042 0.5914011001586914
2043 0.8969969749450684
2044 0.6826118230819702
2045 0.6047821044921875
2046 0.587973415851593
2047 0.9624708294868469
2048 0.5973511338233948
2049 0.9341942071914673
2050 0.7666912078857422
2051 0.5680234432220459
2052 0.536987841129303
2053 0.5372384190559387
2054 0.7146302461624146
2055 0.5118258595466614
2056 0.9071726202964783
2057 0.7244648933410645
2058 0.6742247343063354
2059 0.6495562791824341
2060 0.6971954703330994
2061 0.9460451602935791
2062 0.6620991826057434
2063 0.8897586464881897
2064 0.7029205560684204
2065 0.9541804790496826
2066 0.6122564673423767
2067 0.7539047598838806
2068 0.610670268535614
2069 0.8748701214790344
2070 0.9327967166900635
2071 0.8429487347602844
2072 0.8416746854782104
2073 0.6231282353401184
2074 0.7056045532226562
2075 0.8691935539245605
2076 0.859113872051239
2077 0.9379106163978577
2078 0.7224644422531128
2079 0.7208610773086548
2080 0.5659503936767578
2081 0.8803896903991699
2082 0.9386557936668396
2083 0.9386835098266602
2084 0.9438999891281128
2085 0.9262552261352539
2086 0.6796956062316895
2087 0.9468120336532593
2088 0.8619185090065002
2089 0.9534282684326172
2090 0.6860141158103943
2091 0.7416394948959351
2092 0.8388204574584961
2093 0.9378790855407715
2094 0.7978209853172302
2095 0.7400307059288025
2096 0.5618895888328552
2097 0.6609190702438354
2098 0.6504742503166199
2099 0.5881761908531189
2100 0.6027630567550659
2101 0.5692593455314636
2102 0.7851319313049316
2103 0.6312668919563293
2104 0.6596656441688538
2105 0.7508097290992737
2106 0.6141243577003479
2107 0.690991997718811
2108 0.798564612865448
2109 0.7246482968330383
2110 0.6202920079231262
2111 0.7705047130584717
2112 0.7290933132171631
2113 0.7407462000846863
2114 0.9417897462844849
2115 0.7041062116622925
2116 0.6052263975143433
2117 0.6294589042663574
2118 0.6688104271888733
2119 0.7594056725502014
2120 0.6136775016784668
2121 0.8317028284072876
2122 0.7855530381202698
2123 0.6679894924163818
2124 0.8345938324928284
2125 0.7258736491203308
2126 0.8435482382774353
2127 0.5728819370269775
2128 0.931962251663208
2129 0.7688958644866943
2130 0.9235474467277527
2131 0.7607824802398682
2132 0.8074290156364441
2133 0.867136538028717
2134 0.774547278881073
2135 0.6543890237808228
2136 0.9350517392158508
2137 0.7499290108680725
2138 0.7191528677940369
2139 0.5377762913703918
2140 0.5291675925254822
2141 0.8396968245506287
2142 0.9532511234283447
2143 0.6115837693214417
2144 0.7411447763442993
2145 0.8774821162223816
2146 0.9121118783950806
2147 0.7899094820022583
2148 0.7577884793281555
2149 0.7437654733657837
2150 0.7641345262527466
2151 0.7398735880851746
2152 0.5604146122932434
2153 0.652603030204773
2154 0.9046238660812378
2155 0.8967150449752808
2156 0.6738194823265076
2157 0.7226259708404541
2158 0.5751681923866272
2159 0.5954867601394653
2160 0.785024881362915
2161 0.7498910427093506
2162 0.8125216960906982
2163 0.7970600724220276
2164 0.5482478141784668
2165 0.5576834678649902
2166 0.6660128831863403
2167 0.8790488243103027
2168 0.5021919012069702
2169 0.5835763216018677
2170 0.7400991320610046
2171 0.778380274772644
2172 0.938523530960083
2173 0.9048407077789307
2174 0.5764119029045105
2175 0.5931149125099182
2176 0.554603099822998
2177 0.8374032974243164
2178 0.810904324054718
2179 0.7998031973838806
2180 0.8808663487434387
2181 0.7656998634338379
2182 0.8049282431602478
2183 0.9431054592132568
2184 0.530430793762207
2185 0.8743431568145752
2186 0.7172865867614746
2187 0.6605246067047119
2188 0.6092487573623657
2189 0.7685542702674866
2190 0.7563362717628479
2191 0.651710033416748
2192 0.6206013560295105
2193 0.5928118824958801
2194 0.9253061413764954
2195 0.913608729839325
2196 0.9339665174484253
2197 0.899570107460022
2198 0.8441985845565796
2199 0.9003403782844543
2200 0.8353219628334045
2201 0.5809890627861023
2202 0.8692856431007385
2203 0.5915011763572693
2204 0.9044590592384338
2205 0.5026000738143921
2206 0.8668516278266907
2207 0.9174251556396484
2208 0.6463543176651001
2209 0.7081365585327148
2210 0.6575873494148254
2211 0.8751010894775391
2212 0.5356271862983704
2213 0.5609214305877686
2214 0.7334232926368713
2215 0.885104238986969
2216 0.647888720035553
2217 0.7899697422981262
2218 0.7295365929603577
2219 0.7509169578552246
2220 0.7303189635276794
2221 0.7840759754180908
2222 0.8772222399711609
2223 0.75395268201828
2224 0.6694299578666687
2225 0.7506099343299866
2226 0.6297987103462219
2227 0.7460995316505432
2228 0.6675686836242676
2229 0.9184892177581787
2230 0.962604820728302
2231 0.9116573929786682
2232 0.9272912740707397
2233 0.8779632449150085
2234 0.6020629405975342
2235 0.883027195930481
2236 0.8806716799736023
2237 0.683742880821228
2238 0.5697217583656311
2239 0.6170691251754761
2240 0.590404212474823
2241 0.6221258640289307
2242 0.84586501121521
2243 0.9262552261352539
2244 0.7511512637138367
2245 0.7578849196434021
2246 0.7077286243438721
2247 0.7805605530738831
2248 0.8524847030639648
2249 0.7921671271324158
2250 0.6547629237174988
2251 0.8846305012702942
2252 0.730941653251648
2253 0.7026744484901428
2254 0.8994207978248596
2255 0.9288600087165833
2256 0.5959068536758423
2257 0.6958728432655334
2258 0.6885559558868408
2259 0.6828217506408691
2260 0.7292152047157288
2261 0.7408128976821899
2262 0.7262331247329712
2263 0.6385406851768494
2264 0.5898926854133606
2265 0.8068394660949707
2266 0.66684490442276
2267 0.7699856758117676
2268 0.7317367196083069
2269 0.9205811619758606
2270 0.8943696618080139
2271 0.5260502696037292
2272 0.6759059429168701
2273 0.5895787477493286
2274 0.9607263207435608
2275 0.9486640095710754
2276 0.7440741062164307
2277 0.9379241466522217
2278 0.9312328696250916
2279 0.6760349869728088
2280 0.890964686870575
2281 0.5727275609970093
2282 0.6758570671081543
2283 0.5941236615180969
2284 0.5444778203964233
2285 0.7317095398902893
2286 0.5877014398574829
2287 0.6700937747955322
2288 0.9237762689590454
2289 0.6160802841186523
2290 0.7451587319374084
2291 0.8965053558349609
2292 0.6880236864089966
2293 0.8528163433074951
2294 0.9556831121444702
2295 0.6527365446090698
2296 0.7325929999351501
2297 0.8292651772499084
2298 0.9647635817527771
2299 0.6038573980331421
2300 0.8209726810455322
2301 0.6167612671852112
2302 0.6817873120307922
2303 0.8928560018539429
2304 0.88778156042099
2305 0.5991993546485901
2306 0.9329466819763184
2307 0.9003298282623291
2308 0.7380781769752502
2309 0.8798370957374573
2310 0.9541645050048828
2311 0.7383216619491577
2312 0.7418916821479797
2313 0.6820172071456909
2314 0.9271612167358398
2315 0.6808506846427917
2316 0.549699604511261
2317 0.7283456921577454
2318 0.880844235420227
2319 0.629416823387146
2320 0.7332154512405396
2321 0.9407570362091064
2322 0.5620911121368408
2323 0.5565944314002991
2324 0.937583863735199
2325 0.9443211555480957
2326 0.5053573846817017
2327 0.9332144856452942
2328 0.8180168271064758
2329 0.8211895227432251
2330 0.5356271862983704
2331 0.5665290355682373
2332 0.5922117233276367
2333 0.5636237859725952
2334 0.8245032429695129
2335 0.5100756287574768
2336 0.7012624144554138
2337 0.8391013145446777
2338 0.5332541465759277
2339 0.7093165516853333
2340 0.9313304424285889
2341 0.6572734117507935
2342 0.7045034170150757
2343 0.5766995549201965
2344 0.5811892747879028
2345 0.6242361664772034
2346 0.5853764414787292
2347 0.8711057305335999
2348 0.6368921399116516
2349 0.602466344833374
2350 0.6506994962692261
2351 0.6232760548591614
2352 0.8068753480911255
2353 0.8052442669868469
2354 0.7980635762214661
2355 0.7753869295120239
2356 0.7436519265174866
2357 0.8903136253356934
2358 0.7872035503387451
2359 0.7799012064933777
2360 0.9342726469039917
2361 0.6028676629066467
2362 0.7931700944900513
2363 0.7269074320793152
2364 0.6955827474594116
2365 0.6624990105628967
2366 0.6669172644615173
2367 0.9347585439682007
2368 0.7536509037017822
2369 0.9622547626495361
2370 0.5012735724449158
2371 0.6976127028465271
2372 0.7379907369613647
2373 0.7215767502784729
2374 0.7547889351844788
2375 0.8233826160430908
2376 0.9553984999656677
2377 0.6625829935073853
2378 0.524795413017273
2379 0.7910617589950562
2380 0.5333269834518433
2381 0.8187869787216187
2382 0.9433689117431641
2383 0.7263660430908203
2384 0.871415913105011
2385 0.5425761938095093
2386 0.614313006401062
2387 0.6585003733634949
2388 0.7002518773078918
2389 0.9298257231712341
2390 0.6702742576599121
2391 0.6363973021507263
2392 0.7761982679367065
2393 0.5768141150474548
2394 0.8934440612792969
2395 0.5834879875183105
2396 0.5507147908210754
2397 0.6471225619316101
2398 0.8601065278053284
2399 0.8923665881156921
2400 0.5550167560577393
2401 0.9202156662940979
2402 0.7354989051818848
2403 0.7988914847373962
2404 0.7610318660736084
2405 0.9338782429695129
2406 0.6454416513442993
2407 0.8024782538414001
2408 0.8959991931915283
2409 0.8306407928466797
2410 0.9225583076477051
2411 0.515796422958374
2412 0.6146861910820007
2413 0.7425099611282349
2414 0.7295640110969543
2415 0.6326018571853638
2416 0.9197307229042053
2417 0.9414060711860657
2418 0.8800322413444519
2419 0.5895443558692932
2420 0.9660207033157349
2421 0.6214909553527832
2422 0.92423415184021
2423 0.6752104759216309
2424 0.7841391563415527
2425 0.7541545629501343
2426 0.5645314455032349
2427 0.57401442527771
2428 0.6101099252700806
2429 0.6510132551193237
2430 0.5592650771141052
2431 0.650731086730957
2432 0.6882807016372681
2433 0.8026114702224731
2434 0.5094335675239563
2435 0.7638159394264221
2436 0.64480060338974
2437 0.7179070115089417
2438 0.9032821655273438
2439 0.7517667412757874
2440 0.6879873275756836
2441 0.8477467894554138
2442 0.6466784477233887
2443 0.7610487937927246
2444 0.6501665711402893
2445 0.912006139755249
2446 0.7486314177513123
2447 0.7829818725585938
2448 0.776084303855896
2449 0.5165087580680847
2450 0.8850916028022766
2451 0.591596782207489
2452 0.6243595480918884
2453 0.843174159526825
2454 0.8911669254302979
2455 0.8005028367042542
2456 0.5502172112464905
2457 0.6061843633651733
2458 0.7701541185379028
2459 0.8974736332893372
2460 0.6691160798072815
2461 0.756645917892456
2462 0.5933550596237183
2463 0.7530295252799988
2464 0.504626989364624
2465 0.8947205543518066
2466 0.7869114279747009
2467 0.6761196255683899
2468 0.5851757526397705
2469 0.9162786602973938
2470 0.9232506155967712
2471 0.8064032196998596
2472 0.5767220854759216
2473 0.7376382350921631
2474 0.9418087005615234
2475 0.7399373650550842
2476 0.7460525631904602
2477 0.58931964635849
2478 0.9347761273384094
2479 0.8714337944984436
2480 0.9001401662826538
2481 0.72774738073349
2482 0.7355302572250366
2483 0.6546316146850586
2484 0.823639988899231
2485 0.502289354801178
2486 0.7804476618766785
2487 0.843704104423523
2488 0.6806765198707581
2489 0.723199188709259
2490 0.5817721486091614
2491 0.7998974919319153
2492 0.7396370768547058
2493 0.7080020904541016
2494 0.5890596508979797
2495 0.6478878259658813
2496 0.9290745854377747
2497 0.5995309948921204
2498 0.7078877091407776
2499 0.8617724776268005
2500 0.6764218807220459
2501 0.7056072950363159
2502 0.668269693851471
2503 0.5172773599624634
2504 0.6043277978897095
2505 0.8470386266708374
2506 0.7754894495010376
2507 0.7458853721618652
2508 0.6153247356414795
2509 0.7484360933303833
2510 0.7312467098236084
2511 0.5987541675567627
2512 0.5752063989639282
2513 0.5070899128913879
2514 0.6765064597129822
2515 0.6663808226585388
2516 0.6174229383468628
2517 0.7663487195968628
2518 0.9305323958396912
2519 0.9168521761894226
2520 0.8801092505455017
2521 0.8922210335731506
2522 0.7259116172790527
2523 0.7064816355705261
2524 0.5011380910873413
2525 0.6692017316818237
2526 0.5568181872367859
2527 0.5417780876159668
2528 0.7527354955673218
2529 0.931993305683136
2530 0.9534357190132141
2531 0.8374782204627991
2532 0.7454498410224915
2533 0.6286041736602783
2534 0.5753503441810608
2535 0.8556553721427917
2536 0.9075751304626465
2537 0.808216392993927
2538 0.7449005246162415
2539 0.9195939898490906
2540 0.7926128506660461
2541 0.912557065486908
2542 0.6009395122528076
2543 0.8556861281394958
2544 0.8395790457725525
2545 0.5811782479286194
2546 0.8362041115760803
2547 0.7612810134887695
2548 0.567816972732544
2549 0.6894029378890991
2550 0.5467831492424011
2551 0.6662999391555786
2552 0.8838151693344116
2553 0.5346527099609375
2554 0.789946973323822
2555 0.8846519589424133
2556 0.9307622313499451
2557 0.8833392262458801
2558 0.9523183703422546
2559 0.5787423253059387
2560 0.9596335887908936
2561 0.9425395131111145
2562 0.8250905871391296
2563 0.5517422556877136
2564 0.5922078490257263
2565 0.6769839525222778
2566 0.6754698157310486
2567 0.9056635499000549
2568 0.7887219190597534
2569 0.9514070153236389
2570 0.7216221690177917
2571 0.7478216886520386
2572 0.5883705019950867
2573 0.6016455292701721
2574 0.8132247924804688
2575 0.853999137878418
2576 0.6669216156005859
2577 0.6034060120582581
2578 0.6785792708396912
2579 0.7565532326698303
2580 0.6720593571662903
2581 0.8217568397521973
2582 0.5789273977279663
2583 0.6931992769241333
2584 0.961331307888031
2585 0.8502355813980103
2586 0.9005380868911743
2587 0.8671087622642517
2588 0.6551573872566223
2589 0.7129149436950684
2590 0.7998230457305908
2591 0.6265865564346313
2592 0.8662822842597961
2593 0.7459085583686829
2594 0.8537050485610962
2595 0.7474990487098694
2596 0.9450045824050903
2597 0.563157856464386
2598 0.7080962657928467
2599 0.6190476417541504
2600 0.6705430746078491
2601 0.6300334334373474
2602 0.6802104115486145
2603 0.7238765954971313
2604 0.5925808548927307
2605 0.9370130896568298
2606 0.8073384165763855
2607 0.7156414985656738
2608 0.7005407214164734
2609 0.6338594555854797
2610 0.6495385766029358
2611 0.8351014852523804
2612 0.5232853293418884
2613 0.5296078324317932
2614 0.7179741859436035
2615 0.6524121165275574
2616 0.9191811680793762
2617 0.855886697769165
2618 0.7667720913887024
2619 0.8467180132865906
2620 0.7749781012535095
2621 0.6573349833488464
2622 0.628136932849884
2623 0.7422673106193542
2624 0.7094122171401978
2625 0.7649100422859192
2626 0.6220007538795471
2627 0.5775653123855591
2628 0.7361723780632019
2629 0.6181610226631165
2630 0.5925586819648743
2631 0.614554762840271
2632 0.6686256527900696
2633 0.7543889880180359
2634 0.9009536504745483
2635 0.7758762240409851
2636 0.9216071367263794
2637 0.8969897031784058
2638 0.5874761939048767
2639 0.5049833059310913
2640 0.5781258344650269
2641 0.6187962293624878
2642 0.8696773648262024
2643 0.7574201226234436
2644 0.713157057762146
2645 0.6907833814620972
2646 0.6834025979042053
2647 0.6803860664367676
2648 0.8685725927352905
2649 0.8109244704246521
2650 0.7454007863998413
2651 0.661368191242218
2652 0.7396333813667297
2653 0.7071688175201416
2654 0.8320589065551758
2655 0.7424148321151733
2656 0.8517251014709473
2657 0.7383924722671509
2658 0.8170416951179504
2659 0.6927556395530701
2660 0.6160234212875366
2661 0.5670114159584045
2662 0.5631890892982483
2663 0.5245876908302307
2664 0.6045603156089783
2665 0.5519276261329651
2666 0.6886335611343384
2667 0.8972659111022949
2668 0.5235594511032104
2669 0.6666140556335449
2670 0.5196671485900879
2671 0.7240293025970459
2672 0.7047886252403259
2673 0.9376638531684875
2674 0.6853062510490417
2675 0.9447954297065735
2676 0.7905071973800659
2677 0.6182882785797119
2678 0.7039878368377686
2679 0.91590815782547
2680 0.5616092085838318
2681 0.7112843990325928
2682 0.8768601417541504
2683 0.7245824933052063
2684 0.9367675185203552
2685 0.5362753868103027
2686 0.6561205983161926
2687 0.6674209237098694
2688 0.7138939499855042
2689 0.8965012431144714
2690 0.9300095438957214
2691 0.5302320718765259
2692 0.8424044847488403
2693 0.7591257095336914
2694 0.7768517136573792
2695 0.9492010474205017
2696 0.7579658627510071
2697 0.7130947709083557
2698 0.7185332179069519
2699 0.7573676109313965
2700 0.5655161738395691
2701 0.8431388139724731
2702 0.9402866959571838
2703 0.7855237126350403
2704 0.5151968002319336
2705 0.7265981435775757
2706 0.6260890960693359
2707 0.6271106004714966
2708 0.799360990524292
2709 0.5907923579216003
2710 0.9448337554931641
2711 0.9611424207687378
2712 0.7836127281188965
2713 0.6532049775123596
2714 0.8299049735069275
2715 0.5086395144462585
2716 0.5174152255058289
2717 0.7031664848327637
2718 0.7478078007698059
2719 0.6083798408508301
2720 0.7638164162635803
2721 0.9602431058883667
2722 0.5563657283782959
2723 0.7817122936248779
2724 0.6640461087226868
2725 0.5876299738883972
2726 0.6035171151161194
2727 0.586062490940094
2728 0.5757298469543457
2729 0.7341986894607544
2730 0.8288623690605164
2731 0.9399588108062744
2732 0.8068416118621826
2733 0.9136558771133423
2734 0.5972340703010559
2735 0.7253372669219971
2736 0.7636794447898865
2737 0.7812747359275818
2738 0.7980329394340515
2739 0.6305010318756104
2740 0.591533362865448
2741 0.6450601816177368
2742 0.763887882232666
2743 0.6500645279884338
2744 0.6966687440872192
2745 0.5332480669021606
2746 0.936847984790802
2747 0.5870968103408813
2748 0.816415011882782
2749 0.8046396374702454
2750 0.7843385934829712
2751 0.7178499698638916
2752 0.7540609240531921
2753 0.8274839520454407
2754 0.647619903087616
2755 0.6031240224838257
2756 0.637050986289978
2757 0.6174635887145996
2758 0.7411662936210632
2759 0.7296705842018127
2760 0.6873257160186768
2761 0.632306694984436
2762 0.7212987542152405
2763 0.6991285085678101
2764 0.9049448370933533
2765 0.7793952226638794
2766 0.5715996026992798
2767 0.7307479977607727
2768 0.8911253809928894
2769 0.742207944393158
2770 0.5412490367889404
2771 0.6038121581077576
2772 0.5687470436096191
2773 0.633042573928833
2774 0.5069926381111145
2775 0.838469922542572
2776 0.5012853145599365
2777 0.5311607718467712
2778 0.7288490533828735
2779 0.5488626956939697
2780 0.9212013483047485
2781 0.7926416993141174
2782 0.672426700592041
2783 0.8070029616355896
2784 0.8286498188972473
2785 0.670630693435669
2786 0.8464391231536865
2787 0.7566938400268555
2788 0.884074866771698
2789 0.5995376110076904
2790 0.7465296983718872
2791 0.8683478832244873
2792 0.9265929460525513
2793 0.7927832007408142
2794 0.7711127400398254
2795 0.6805142164230347
2796 0.6836919188499451
2797 0.9447624087333679
2798 0.7632638812065125
2799 0.8208212852478027
2800 0.8223569989204407
2801 0.9160172939300537
2802 0.8779265880584717
2803 0.8430931568145752
2804 0.7669323682785034
2805 0.5718941688537598
2806 0.5677343606948853
2807 0.5870975852012634
2808 0.9524880647659302
2809 0.576116681098938
2810 0.605367124080658
2811 0.8710739016532898
2812 0.5837748646736145
2813 0.6322654485702515
2814 0.7868126630783081
2815 0.8971995711326599
2816 0.6642029285430908
2817 0.9304175972938538
2818 0.7297964096069336
2819 0.8632092475891113
2820 0.5799983143806458
2821 0.6936811208724976
2822 0.8875616788864136
2823 0.6878317594528198
2824 0.5983664989471436
2825 0.6620003581047058
2826 0.8307552337646484
2827 0.7542852163314819
2828 0.8183711767196655
2829 0.545185923576355
2830 0.6520928144454956
2831 0.9123105406761169
2832 0.9095125794410706
2833 0.8631766438484192
2834 0.933399498462677
2835 0.6324949860572815
2836 0.7225823998451233
2837 0.820386528968811
2838 0.8098638653755188
2839 0.6752115488052368
2840 0.7797268629074097
2841 0.87139493227005
2842 0.9132720828056335
2843 0.5507147908210754
2844 0.5524986386299133
2845 0.727604329586029
2846 0.6239553689956665
2847 0.7260388731956482
2848 0.6197368502616882
2849 0.8426771759986877
2850 0.693280816078186
2851 0.5017000436782837
2852 0.8738454580307007
2853 0.9135405421257019
2854 0.6099697947502136
2855 0.6544568538665771
2856 0.8122975826263428
2857 0.5839818716049194
2858 0.6100512742996216
2859 0.7125199437141418
2860 0.6062517762184143
2861 0.7499565482139587
2862 0.8521156311035156
2863 0.6805142164230347
2864 0.9035308361053467
2865 0.7403979897499084
2866 0.5957215428352356
2867 0.8761345148086548
2868 0.8035053014755249
2869 0.8821552991867065
2870 0.8638675212860107
2871 0.6699851751327515
2872 0.6002307534217834
2873 0.5764705538749695
2874 0.6560489535331726
2875 0.9432802200317383
2876 0.8515322208404541
2877 0.7810624837875366
2878 0.6616373062133789
2879 0.7262258529663086
2880 0.7853263020515442
2881 0.5497576594352722
2882 0.667264461517334
2883 0.852499783039093
2884 0.9356878399848938
2885 0.6281459927558899
2886 0.6284599304199219
2887 0.5971335172653198
2888 0.574222207069397
2889 0.6610181331634521
2890 0.747949481010437
2891 0.7955784201622009
2892 0.6584869623184204
2893 0.7628125548362732
2894 0.7882705926895142
2895 0.9368639588356018
2896 0.6839698553085327
2897 0.6011584997177124
2898 0.7795495986938477
2899 0.7531961798667908
2900 0.5841997861862183
2901 0.6445772051811218
2902 0.6805166006088257
2903 0.9314866065979004
2904 0.6650358438491821
2905 0.7067428827285767
2906 0.8429287672042847
2907 0.6087520122528076
2908 0.819039523601532
2909 0.8681079745292664
2910 0.6871749758720398
2911 0.7935655117034912
2912 0.6786366105079651
2913 0.5293001532554626
2914 0.8796661496162415
2915 0.5701151490211487
2916 0.8716264367103577
2917 0.5603591799736023
2918 0.849922776222229
2919 0.5467831492424011
2920 0.6598765254020691
2921 0.7852257490158081
2922 0.5267447829246521
2923 0.9296499490737915
2924 0.9578500986099243
2925 0.8890265226364136
2926 0.786047101020813
2927 0.6219200491905212
2928 0.7238724231719971
2929 0.9359931945800781
2930 0.7643467783927917
2931 0.5800536870956421
2932 0.6038980484008789
2933 0.7729904055595398
2934 0.8363813757896423
2935 0.7273367047309875
2936 0.9078124165534973
2937 0.8704109191894531
2938 0.5999240875244141
2939 0.7627514600753784
2940 0.6339810490608215
2941 0.6903811097145081
2942 0.903782308101654
2943 0.7721356749534607
2944 0.5687227845191956
2945 0.9329373836517334
2946 0.6043624877929688
2947 0.6367065906524658
2948 0.6823423504829407
2949 0.7298650741577148
2950 0.8489559888839722
2951 0.6462026238441467
2952 0.6905994415283203
2953 0.5379704833030701
2954 0.9478040337562561
2955 0.5297853350639343
2956 0.5859215259552002
2957 0.812613844871521
2958 0.6162042021751404
2959 0.7936478853225708
2960 0.72343510389328
2961 0.5951540470123291
2962 0.6708645224571228
2963 0.6248645782470703
2964 0.7347726225852966
2965 0.8648107647895813
2966 0.870370090007782
2967 0.6335412859916687
2968 0.5105785131454468
2969 0.7839100956916809
2970 0.6169567704200745
2971 0.6249454617500305
2972 0.614780068397522
2973 0.58262699842453
2974 0.922972559928894
2975 0.7638164162635803
2976 0.8439947962760925
2977 0.8962658047676086
2978 0.8853697180747986
2979 0.6240994334220886
2980 0.5463541150093079
2981 0.7490940690040588
2982 0.9272090792655945
2983 0.8615630865097046
2984 0.7375242710113525
2985 0.8506413102149963
2986 0.7306272983551025
2987 0.9253317713737488
2988 0.9117304086685181
2989 0.5792880654335022
2990 0.6480683088302612
2991 0.5984155535697937
2992 0.638622522354126
2993 0.7242149114608765
2994 0.6344011425971985
2995 0.9079713225364685
2996 0.7134529948234558
2997 0.8497175574302673
2998 0.669604480266571
2999 0.5917336344718933
3000 0.7285382151603699
3001 0.7310843467712402
3002 0.8479233980178833
3003 0.7255470752716064
3004 0.6812301874160767
3005 0.9415255784988403
3006 0.871415913105011
3007 0.751497209072113
3008 0.7441471815109253
3009 0.8594263792037964
3010 0.6314340829849243
3011 0.5784746408462524
3012 0.9353806972503662
3013 0.5848855972290039
3014 0.7007752656936646
3015 0.7171722054481506
3016 0.6595289707183838
3017 0.9003495573997498
3018 0.8840973973274231
3019 0.6232777237892151
3020 0.5685892105102539
3021 0.9353777766227722
3022 0.5663809180259705
3023 0.8800453543663025
3024 0.6196880340576172
3025 0.5329720973968506
3026 0.5970991849899292
3027 0.614082396030426
3028 0.5737825632095337
3029 0.812613844871521
3030 0.8772857189178467
3031 0.9005017876625061
3032 0.7480437755584717
3033 0.7078877091407776
3034 0.8326781392097473
3035 0.6404170393943787
3036 0.5928430557250977
3037 0.6913163065910339
3038 0.6681104898452759
3039 0.8148714900016785
3040 0.8799060583114624
3041 0.7142952084541321
3042 0.83024001121521
3043 0.6468170881271362
3044 0.5218047499656677
3045 0.9392893314361572
3046 0.8767654895782471
3047 0.9504134654998779
3048 0.5237670540809631
3049 0.7536192536354065
3050 0.844801127910614
3051 0.7518766522407532
3052 0.9366015195846558
3053 0.9085885286331177
3054 0.6634970903396606
3055 0.9452502131462097
3056 0.6905654072761536
3057 0.5548941493034363
3058 0.7291406393051147
3059 0.5767620205879211
3060 0.7391411662101746
3061 0.6387876868247986
3062 0.7347460985183716
3063 0.562034547328949
3064 0.7191619873046875
3065 0.8441884517669678
3066 0.8756160736083984
3067 0.574510395526886
3068 0.917351484298706
3069 0.7452752590179443
3070 0.701312780380249
3071 0.5923427939414978
3072 0.6781945824623108
3073 0.6883887648582458
3074 0.5373848676681519
3075 0.7776203751564026
3076 0.6382145881652832
3077 0.6502618193626404
3078 0.6618272066116333
3079 0.9237447381019592
3080 0.9134399890899658
3081 0.5654387474060059
3082 0.7356835603713989
3083 0.7180885076522827
3084 0.8438677787780762
3085 0.7208683490753174
3086 0.8208809494972229
3087 0.5866267681121826
3088 0.6897199153900146
3089 0.570566713809967
3090 0.6492703557014465
3091 0.5460984110832214
3092 0.7639227509498596
3093 0.6666762828826904
3094 0.8269950151443481
3095 0.6511474847793579
3096 0.6591961979866028
3097 0.5116294026374817
3098 0.7363890409469604
3099 0.7384307384490967
3100 0.7450467944145203
3101 0.7478811740875244
3102 0.6019656658172607
3103 0.9241008758544922
3104 0.7219917178153992
3105 0.595913290977478
3106 0.778647780418396
3107 0.6469720602035522
3108 0.6128373146057129
3109 0.7057565450668335
3110 0.687238872051239
3111 0.7624582648277283
3112 0.7435409426689148
3113 0.9433399438858032
3114 0.5589783191680908
3115 0.5799117088317871
3116 0.7622759938240051
3117 0.7082057595252991
3118 0.817894697189331
3119 0.6596547365188599
3120 0.7573128938674927
3121 0.7889074683189392
3122 0.916320264339447
3123 0.7408767938613892
3124 0.6489643454551697
3125 0.6335262060165405
3126 0.668050229549408
3127 0.7511330246925354
3128 0.8595961332321167
3129 0.8665434122085571
3130 0.753358006477356
3131 0.8823522329330444
3132 0.6324949860572815
3133 0.8130192160606384
3134 0.8760240077972412
3135 0.7379801273345947
3136 0.9050956964492798
3137 0.5882470011711121
3138 0.7840394973754883
3139 0.7043808102607727
3140 0.7960302233695984
3141 0.9621505737304688
3142 0.9602252244949341
3143 0.845986545085907
3144 0.666397213935852
3145 0.9085788726806641
3146 0.9447907209396362
3147 0.7358542084693909
3148 0.6617397665977478
3149 0.6522022485733032
3150 0.5309916138648987
3151 0.8394585847854614
3152 0.728819727897644
3153 0.5078115463256836
3154 0.5310540795326233
3155 0.7636842727661133
3156 0.8632749915122986
3157 0.6758703589439392
3158 0.5758705139160156
3159 0.7773706316947937
3160 0.5957311987876892
3161 0.5972113609313965
3162 0.804158091545105
3163 0.5446522831916809
3164 0.9300662875175476
3165 0.6409311294555664
3166 0.8123536705970764
3167 0.5860142111778259
3168 0.8750366568565369
3169 0.5256269574165344
3170 0.6972848773002625
3171 0.9502694606781006
3172 0.5049514174461365
3173 0.9711452722549438
3174 0.5768316388130188
3175 0.5140989422798157
3176 0.9314448237419128
3177 0.7870221138000488
3178 0.8693904280662537
3179 0.6867439150810242
3180 0.860090434551239
3181 0.9588541984558105
3182 0.8802101612091064
3183 0.5590819120407104
3184 0.5819318294525146
3185 0.8172523379325867
3186 0.6651685833930969
3187 0.6035578846931458
3188 0.7226955890655518
3189 0.8356047868728638
3190 0.5905093550682068
3191 0.524293839931488
3192 0.5276002287864685
3193 0.9073891639709473
3194 0.9577406644821167
3195 0.5201194286346436
3196 0.5771828889846802
3197 0.5069278478622437
3198 0.5104117393493652
3199 0.6016824245452881
3200 0.6096838712692261
3201 0.9316185116767883
3202 0.562868058681488
3203 0.6696375012397766
3204 0.9337305426597595
3205 0.7522793412208557
3206 0.6651638150215149
3207 0.8240410685539246
3208 0.7791581153869629
3209 0.6465157866477966
3210 0.9118239283561707
3211 0.7349005937576294
3212 0.7380939722061157
3213 0.8623790740966797
3214 0.5655019879341125
3215 0.816188633441925
3216 0.6367204785346985
3217 0.9383974671363831
3218 0.8718476891517639
3219 0.7188760042190552
3220 0.8904008269309998
3221 0.6865415573120117
3222 0.7636324763298035
3223 0.6796603798866272
3224 0.8207190632820129
3225 0.6638587117195129
3226 0.5270142555236816
3227 0.9014348983764648
3228 0.5363121032714844
3229 0.9124606847763062
3230 0.7563501000404358
3231 0.7352799773216248
3232 0.873727023601532
3233 0.614879310131073
3234 0.7424148321151733
3235 0.8896067142486572
3236 0.7200663089752197
3237 0.7509127259254456
3238 0.9228564500808716
3239 0.7097992897033691
3240 0.8733749389648438
3241 0.8692890405654907
3242 0.7994555830955505
3243 0.6456440687179565
3244 0.641666829586029
3245 0.8394302129745483
3246 0.9022759795188904
3247 0.7820106744766235
3248 0.5501274466514587
3249 0.5933889746665955
3250 0.6145108938217163
3251 0.535634458065033
3252 0.6068155169487
3253 0.7887714505195618
3254 0.7478011846542358
3255 0.8517323732376099
3256 0.8021975159645081
3257 0.7112253904342651
3258 0.7346656918525696
3259 0.8535884618759155
3260 0.6723266839981079
3261 0.7325676083564758
3262 0.5990852117538452
3263 0.5710368752479553
3264 0.6750967502593994
3265 0.8237212896347046
3266 0.8259792923927307
3267 0.8792904615402222
3268 0.926409125328064
3269 0.7978418469429016
3270 0.6870109438896179
3271 0.6791502237319946
3272 0.9015597701072693
3273 0.9166608452796936
3274 0.5755412578582764
3275 0.957533061504364
3276 0.6767492890357971
3277 0.5038053393363953
3278 0.9259243607521057
3279 0.6925443410873413
3280 0.9375501275062561
3281 0.6178835034370422
3282 0.9487065076828003
3283 0.6887437105178833
3284 0.7545447945594788
3285 0.5129758715629578
3286 0.573614239692688
3287 0.7284429669380188
3288 0.9428266882896423
3289 0.5948477387428284
3290 0.763496994972229
3291 0.6808506846427917
3292 0.9495785236358643
3293 0.6488678455352783
3294 0.5982986688613892
3295 0.5260827541351318
3296 0.902833104133606
3297 0.931339681148529
3298 0.6894878149032593
3299 0.7149974703788757
3300 0.9397907853126526
3301 0.7609763145446777
3302 0.6631035804748535
3303 0.932602047920227
3304 0.5227384567260742
3305 0.5822970271110535
3306 0.802318274974823
3307 0.6494696140289307
3308 0.686461329460144
3309 0.8452005386352539
3310 0.9199937582015991
3311 0.8547834753990173
3312 0.8316538333892822
3313 0.5528564453125
3314 0.7161948680877686
3315 0.6811426281929016
3316 0.5908289551734924
3317 0.7863958477973938
3318 0.9528089165687561
3319 0.7467423677444458
3320 0.6194000244140625
3321 0.7569440007209778
3322 0.8008942604064941
3323 0.7091209292411804
3324 0.7893372178077698
3325 0.5590997934341431
3326 0.687222957611084
3327 0.8129236698150635
3328 0.6255807876586914
3329 0.9293088316917419
3330 0.7344071865081787
3331 0.6084296703338623
3332 0.871389627456665
3333 0.7507193088531494
3334 0.8783937096595764
3335 0.8186606168746948
3336 0.7314279079437256
3337 0.5428023934364319
3338 0.715383768081665
3339 0.5963836312294006
3340 0.5958606004714966
3341 0.9120249152183533
3342 0.6903476715087891
3343 0.7647169828414917
3344 0.6681195497512817
3345 0.6182997226715088
3346 0.6611745357513428
3347 0.9151063561439514
3348 0.6854850649833679
3349 0.5914205312728882
3350 0.8811981678009033
3351 0.5678788423538208
3352 0.7864888310432434
3353 0.6547629237174988
3354 0.5847322344779968
3355 0.7107475399971008
3356 0.9273987412452698
3357 0.9016728401184082
3358 0.6831431984901428
3359 0.5765782594680786
3360 0.8983647227287292
3361 0.7352446913719177
3362 0.6550431251525879
3363 0.9241201281547546
3364 0.8689398765563965
3365 0.6357659697532654
3366 0.698405385017395
3367 0.6801738739013672
3368 0.9255954623222351
3369 0.7741052508354187
3370 0.5975611209869385
3371 0.8903921842575073
3372 0.9083718657493591
3373 0.6244233846664429
3374 0.9294070601463318
3375 0.5611395239830017
3376 0.8515474796295166
3377 0.6893892288208008
3378 0.7099341750144958
3379 0.5892220139503479
3380 0.6886125802993774
3381 0.6739327907562256
3382 0.8602094054222107
3383 0.8584393858909607
3384 0.8823414444923401
3385 0.7517644762992859
3386 0.5653179883956909
3387 0.9461196660995483
3388 0.8450179100036621
3389 0.7269806861877441
3390 0.9433132410049438
3391 0.642063558101654
3392 0.6013631820678711
3393 0.6225759983062744
3394 0.8259861469268799
3395 0.9364890456199646
3396 0.7807748317718506
3397 0.6577860713005066
3398 0.6657624244689941
3399 0.7697319388389587
3400 0.7348951697349548
3401 0.8542553186416626
3402 0.7924191951751709
3403 0.5615994930267334
3404 0.9611572027206421
3405 0.7765050530433655
3406 0.6186707019805908
3407 0.9539929628372192
3408 0.7011985778808594
3409 0.6178761124610901
3410 0.6454509496688843
3411 0.9285686016082764
3412 0.7595321536064148
3413 0.7707151174545288
3414 0.836100161075592
3415 0.6460690498352051
3416 0.8827582597732544
3417 0.6577709317207336
3418 0.5957759022712708
3419 0.6943225860595703
3420 0.6337580680847168
3421 0.6185221076011658
3422 0.6239392757415771
3423 0.8232504725456238
3424 0.6692310571670532
3425 0.8596189618110657
3426 0.5224565863609314
3427 0.6376107931137085
3428 0.9499204754829407
3429 0.9342458844184875
3430 0.8280161619186401
3431 0.673981249332428
3432 0.54709392786026
3433 0.507369875907898
3434 0.8409627079963684
3435 0.7396154403686523
3436 0.884300947189331
3437 0.867723286151886
3438 0.8451229929924011
3439 0.7308124303817749
3440 0.8921336531639099
3441 0.8022913932800293
3442 0.6198756694793701
3443 0.9491285681724548
3444 0.7346369028091431
3445 0.9520772695541382
3446 0.64859938621521
3447 0.6500645279884338
3448 0.5899825692176819
3449 0.7733003497123718
3450 0.6963179111480713
3451 0.7748430371284485
3452 0.6925426721572876
3453 0.811556339263916
3454 0.9071148633956909
3455 0.7701228260993958
3456 0.6162288784980774
3457 0.5719122290611267
3458 0.6834314465522766
3459 0.601823627948761
3460 0.5970337986946106
3461 0.6894916296005249
3462 0.9053426384925842
3463 0.9658721089363098
3464 0.6162042021751404
3465 0.9350097179412842
3466 0.7808510661125183
3467 0.6467938423156738
3468 0.9428132176399231
3469 0.9129059910774231
3470 0.6473578214645386
3471 0.5209502577781677
3472 0.6854462027549744
3473 0.9088594317436218
3474 0.8123798966407776
3475 0.5968088507652283
3476 0.8936198353767395
3477 0.6264157891273499
3478 0.799738883972168
3479 0.584774374961853
3480 0.9709588885307312
3481 0.9074285626411438
3482 0.8018593192100525
3483 0.8581405878067017
3484 0.6681447625160217
3485 0.6094315648078918
3486 0.9248469471931458
3487 0.9033451080322266
3488 0.728233814239502
3489 0.7718069553375244
3490 0.9481453895568848
3491 0.9496635794639587
3492 0.9005156755447388
3493 0.9480370283126831
3494 0.9247025847434998
3495 0.6362051367759705
3496 0.6201011538505554
3497 0.7453699707984924
3498 0.6046739220619202
3499 0.7199417948722839
3500 0.7379440665245056
3501 0.9477282166481018
3502 0.7011057734489441
3503 0.7868086099624634
3504 0.5989710688591003
3505 0.5662581920623779
3506 0.790574848651886
3507 0.6163434386253357
3508 0.7342108488082886
3509 0.720012366771698
3510 0.5500354170799255
3511 0.8844751119613647
3512 0.6683257222175598
3513 0.6764358878135681
3514 0.8629006743431091
3515 0.7768115997314453
3516 0.577610433101654
3517 0.7062115669250488
3518 0.6184726357460022
3519 0.7625994086265564
3520 0.6831457614898682
3521 0.6654869914054871
3522 0.6815336346626282
3523 0.6583544611930847
3524 0.7567991018295288
3525 0.7577446699142456
3526 0.6008044481277466
3527 0.7075744867324829
3528 0.6103448867797852
3529 0.9272224307060242
3530 0.6880241632461548
3531 0.8410695195198059
3532 0.6146742105484009
3533 0.8465428948402405
3534 0.5739693641662598
3535 0.7400349378585815
3536 0.7350715398788452
3537 0.9241201281547546
3538 0.6891175508499146
3539 0.761155903339386
3540 0.7499690651893616
3541 0.8962212800979614
3542 0.575654149055481
3543 0.8392539024353027
3544 0.5622612237930298
3545 0.7011343836784363
3546 0.7524800300598145
3547 0.9304901957511902
3548 0.6295650601387024
3549 0.6306993961334229
3550 0.7489298582077026
3551 0.520543098449707
3552 0.9424451589584351
3553 0.8987425565719604
3554 0.5549092292785645
3555 0.5719596147537231
3556 0.9094199538230896
3557 0.682489812374115
3558 0.704993724822998
3559 0.5932695865631104
3560 0.6973260641098022
3561 0.5350033044815063
3562 0.9618697166442871
3563 0.6345238089561462
3564 0.8135239481925964
3565 0.7463416457176208
3566 0.8720829486846924
3567 0.5681679248809814
3568 0.8605909943580627
3569 0.9413986206054688
3570 0.5070807337760925
3571 0.7828284502029419
3572 0.70896977186203
3573 0.889784038066864
3574 0.7047111392021179
3575 0.5821694135665894
3576 0.8305065035820007
3577 0.5027579069137573
3578 0.8305093050003052
3579 0.7637102007865906
3580 0.8062925338745117
3581 0.8221908807754517
3582 0.6019647121429443
3583 0.9654108285903931
3584 0.9753756523132324
3585 0.6062608361244202
3586 0.6711934208869934
3587 0.5579772591590881
3588 0.8740420341491699
3589 0.5437978506088257
3590 0.7987293601036072
3591 0.5059608221054077
3592 0.8892895579338074
3593 0.5577969551086426
3594 0.8579856157302856
3595 0.5374271869659424
3596 0.6719744205474854
3597 0.7272926568984985
3598 0.5614246129989624
3599 0.9294235706329346
3600 0.918116569519043
3601 0.7547692656517029
3602 0.9311769604682922
3603 0.6090898513793945
3604 0.5696032643318176
3605 0.7227005362510681
3606 0.602731466293335
3607 0.5349457859992981
3608 0.8134357333183289
3609 0.6136112213134766
3610 0.945556104183197
3611 0.5850356817245483
3612 0.5627155900001526
3613 0.5965011119842529
3614 0.6191535592079163
3615 0.7894460558891296
3616 0.7299908995628357
3617 0.6675275564193726
3618 0.9523061513900757
3619 0.9561857581138611
3620 0.8257301449775696
3621 0.7975842356681824
3622 0.6106061935424805
3623 0.5565677285194397
3624 0.9584855437278748
3625 0.7012118101119995
3626 0.9393938779830933
3627 0.5880640745162964
3628 0.9125506281852722
3629 0.9605751633644104
3630 0.8034122586250305
3631 0.5250824093818665
3632 0.69109046459198
3633 0.950057864189148
3634 0.8934036493301392
3635 0.916721761226654
3636 0.7418590188026428
3637 0.7577596306800842
3638 0.5438711047172546
3639 0.9056848287582397
3640 0.9078835844993591
3641 0.82431560754776
3642 0.7581735253334045
3643 0.8462721109390259
3644 0.6736572980880737
3645 0.646409273147583
3646 0.5752996206283569
3647 0.5988295078277588
3648 0.8390641212463379
3649 0.9029147624969482
3650 0.8744720816612244
3651 0.5733523368835449
3652 0.9431191086769104
3653 0.5637255907058716
3654 0.9558193683624268
3655 0.8441848158836365
3656 0.7276505827903748
3657 0.8344215750694275
3658 0.9023480415344238
3659 0.7571003437042236
3660 0.8169143795967102
3661 0.5778794288635254
3662 0.5889484882354736
3663 0.7119179368019104
3664 0.6087103486061096
3665 0.7808610200881958
3666 0.6067750453948975
3667 0.6679491996765137
3668 0.9401348233222961
3669 0.5674349665641785
3670 0.5772215127944946
3671 0.9519480466842651
3672 0.9459438323974609
3673 0.850827157497406
3674 0.773506760597229
3675 0.6972911357879639
3676 0.9191804528236389
3677 0.5840338468551636
3678 0.690064549446106
3679 0.7768158912658691
3680 0.7748382687568665
3681 0.6034060120582581
3682 0.9454876184463501
3683 0.8948158025741577
3684 0.5646032094955444
3685 0.7615604400634766
3686 0.8759995698928833
3687 0.6856502890586853
