0 0.0
1 0.0
2 0.3333333333333333
3 0.25
4 0.2
5 0.3333333333333333
6 0.42857142857142855
7 0.375
8 0.3333333333333333
9 0.4
10 0.36363636363636365
11 0.4166666666666667
12 0.46153846153846156
13 0.5
14 0.5333333333333333
15 0.5625
16 0.5882352941176471
17 0.5555555555555556
18 0.5789473684210527
19 0.55
20 0.5714285714285714
21 0.5909090909090909
22 0.6086956521739131
23 0.5833333333333334
24 0.56
25 0.5384615384615384
26 0.5555555555555556
27 0.5357142857142857
28 0.5517241379310345
29 0.5666666666666667
30 0.5483870967741935
31 0.5625
32 0.5454545454545454
33 0.5588235294117647
34 0.5714285714285714
35 0.5833333333333334
36 0.5945945945945946
37 0.5789473684210527
38 0.5897435897435898
39 0.575
40 0.5853658536585366
41 0.5714285714285714
42 0.5581395348837209
43 0.5454545454545454
44 0.5333333333333333
45 0.5434782608695652
46 0.5319148936170213
47 0.5416666666666666
48 0.5510204081632653
49 0.56
50 0.5686274509803921
51 0.5576923076923077
52 0.5660377358490566
53 0.5555555555555556
54 0.5636363636363636
55 0.5535714285714286
56 0.5614035087719298
57 0.5689655172413793
58 0.559322033898305
59 0.5666666666666667
60 0.5737704918032787
61 0.5806451612903226
62 0.5873015873015873
63 0.59375
64 0.5846153846153846
65 0.5909090909090909
66 0.5970149253731343
67 0.6029411764705882
68 0.5942028985507246
69 0.6
70 0.6056338028169014
71 0.6111111111111112
72 0.6164383561643836
73 0.6081081081081081
74 0.6133333333333333
75 0.6052631578947368
76 0.6103896103896104
77 0.6153846153846154
78 0.620253164556962
79 0.625
80 0.6296296296296297
81 0.6341463414634146
82 0.6385542168674698
83 0.6428571428571429
84 0.6470588235294118
85 0.6511627906976745
86 0.6551724137931034
87 0.6590909090909091
88 0.6629213483146067
89 0.6666666666666666
90 0.6703296703296703
91 0.6739130434782609
92 0.6774193548387096
93 0.6808510638297872
94 0.6842105263157895
95 0.6770833333333334
96 0.6804123711340206
97 0.673469387755102
98 0.6767676767676768
99 0.68
100 0.6732673267326733
101 0.6764705882352942
102 0.6796116504854369
103 0.6826923076923077
104 0.6761904761904762
105 0.6792452830188679
106 0.6728971962616822
107 0.6759259259259259
108 0.6788990825688074
109 0.6818181818181818
110 0.6846846846846847
111 0.6875
112 0.6902654867256637
113 0.6929824561403509
114 0.6956521739130435
115 0.6896551724137931
116 0.6923076923076923
117 0.6949152542372882
118 0.6974789915966386
119 0.7
120 0.7024793388429752
121 0.7049180327868853
122 0.7073170731707317
123 0.7096774193548387
124 0.712
125 0.7063492063492064
126 0.7086614173228346
127 0.7109375
128 0.7131782945736435
129 0.7153846153846154
130 0.7099236641221374
131 0.7045454545454546
132 0.706766917293233
133 0.7089552238805971
134 0.7037037037037037
135 0.7058823529411765
136 0.708029197080292
137 0.7101449275362319
138 0.7050359712230215
139 0.7071428571428572
140 0.7092198581560284
141 0.704225352112676
142 0.7062937062937062
143 0.7013888888888888
144 0.7034482758620689
145 0.7054794520547946
146 0.7074829931972789
147 0.7094594594594594
148 0.7046979865771812
149 0.7
150 0.695364238410596
151 0.6973684210526315
152 0.6928104575163399
153 0.6948051948051948
154 0.6903225806451613
155 0.6858974358974359
156 0.6878980891719745
157 0.689873417721519
158 0.6918238993710691
159 0.69375
160 0.6956521739130435
161 0.6975308641975309
162 0.6993865030674846
163 0.6951219512195121
164 0.696969696969697
165 0.6927710843373494
166 0.6946107784431138
167 0.6964285714285714
168 0.6982248520710059
169 0.6941176470588235
170 0.695906432748538
171 0.6976744186046512
172 0.6994219653179191
173 0.6954022988505747
174 0.6914285714285714
175 0.6875
176 0.6836158192090396
177 0.6853932584269663
178 0.6871508379888268
179 0.6888888888888889
180 0.6850828729281768
181 0.6868131868131868
182 0.6885245901639344
183 0.6847826086956522
184 0.6864864864864865
185 0.6881720430107527
186 0.6844919786096256
187 0.6861702127659575
188 0.6825396825396826
189 0.6842105263157895
190 0.6858638743455497
191 0.6875
192 0.689119170984456
193 0.6907216494845361
194 0.6923076923076923
195 0.6938775510204082
196 0.6954314720812182
197 0.696969696969697
198 0.6984924623115578
199 0.7
200 0.7014925373134329
201 0.698019801980198
202 0.6945812807881774
203 0.696078431372549
204 0.697560975609756
205 0.6990291262135923
206 0.7004830917874396
207 0.6971153846153846
208 0.6985645933014354
209 0.7
210 0.7014218009478673
211 0.7028301886792453
212 0.704225352112676
213 0.7009345794392523
214 0.7023255813953488
215 0.7037037037037037
216 0.7004608294930875
217 0.7018348623853211
218 0.7031963470319634
219 0.7
220 0.7013574660633484
221 0.6981981981981982
222 0.6995515695067265
223 0.7008928571428571
224 0.6977777777777778
225 0.6946902654867256
226 0.6960352422907489
227 0.6929824561403509
228 0.6899563318777293
229 0.6869565217391305
230 0.6883116883116883
231 0.6896551724137931
232 0.6866952789699571
233 0.6837606837606838
234 0.6808510638297872
235 0.6822033898305084
236 0.6835443037974683
237 0.6848739495798319
238 0.6861924686192469
239 0.6875
240 0.6846473029045643
241 0.6859504132231405
242 0.6872427983539094
243 0.6844262295081968
244 0.6857142857142857
245 0.6869918699186992
246 0.6842105263157895
247 0.6814516129032258
248 0.6827309236947792
249 0.684
250 0.6852589641434262
251 0.6865079365079365
252 0.6877470355731226
253 0.6850393700787402
254 0.6862745098039216
255 0.6875
256 0.688715953307393
257 0.689922480620155
258 0.6872586872586872
259 0.6884615384615385
260 0.6896551724137931
261 0.6908396946564885
262 0.6920152091254753
263 0.6931818181818182
264 0.6943396226415094
265 0.6954887218045113
266 0.6966292134831461
267 0.6977611940298507
268 0.6988847583643123
269 0.6962962962962963
270 0.6937269372693727
271 0.6948529411764706
272 0.6959706959706959
273 0.6970802919708029
274 0.6945454545454546
275 0.6956521739130435
276 0.6931407942238267
277 0.6906474820143885
278 0.6917562724014337
279 0.6928571428571428
280 0.693950177935943
281 0.6950354609929078
282 0.696113074204947
283 0.6971830985915493
284 0.6982456140350877
285 0.6993006993006993
286 0.6968641114982579
287 0.6944444444444444
288 0.6955017301038062
289 0.696551724137931
290 0.6941580756013745
291 0.6952054794520548
292 0.6928327645051194
293 0.6938775510204082
294 0.6949152542372882
295 0.6925675675675675
296 0.6902356902356902
297 0.6879194630872483
298 0.6889632107023411
299 0.69
300 0.6910299003322259
301 0.6920529801324503
302 0.693069306930693
303 0.694078947368421
304 0.6918032786885245
305 0.6928104575163399
306 0.6938110749185668
307 0.6948051948051948
308 0.6925566343042071
309 0.6903225806451613
310 0.6913183279742765
311 0.6923076923076923
312 0.6932907348242812
313 0.6910828025477707
314 0.692063492063492
315 0.6930379746835443
316 0.6908517350157729
317 0.6918238993710691
318 0.6927899686520376
319 0.69375
320 0.6947040498442367
321 0.6956521739130435
322 0.6965944272445821
323 0.6975308641975309
324 0.6984615384615385
325 0.6993865030674846
326 0.7003058103975535
327 0.698170731707317
328 0.6960486322188449
329 0.693939393939394
330 0.6948640483383686
331 0.6957831325301205
332 0.6936936936936937
333 0.6946107784431138
334 0.6955223880597015
335 0.6964285714285714
336 0.6943620178041543
337 0.6952662721893491
338 0.696165191740413
339 0.6941176470588235
340 0.6950146627565983
341 0.695906432748538
342 0.6967930029154519
343 0.6976744186046512
344 0.6985507246376812
345 0.6994219653179191
346 0.6974063400576369
347 0.6982758620689655
348 0.6991404011461319
349 0.7
350 0.7008547008547008
351 0.7017045454545454
352 0.6997167138810199
353 0.7005649717514124
354 0.6985915492957746
355 0.699438202247191
356 0.6974789915966386
357 0.6983240223463687
358 0.6991643454038997
359 0.6972222222222222
360 0.6980609418282548
361 0.6988950276243094
362 0.699724517906336
363 0.7005494505494505
364 0.7013698630136986
365 0.6994535519125683
366 0.7002724795640327
367 0.7010869565217391
368 0.7018970189701897
369 0.7
370 0.7008086253369272
371 0.6989247311827957
372 0.6997319034852547
373 0.7005347593582888
374 0.7013333333333334
375 0.7021276595744681
376 0.7029177718832891
377 0.7037037037037037
378 0.7018469656992085
379 0.7026315789473684
380 0.7034120734908137
381 0.7041884816753927
382 0.7049608355091384
383 0.7057291666666666
384 0.7064935064935065
385 0.7046632124352331
386 0.7028423772609819
387 0.7010309278350515
388 0.7017994858611826
389 0.7025641025641025
390 0.7033248081841432
391 0.7040816326530612
392 0.7048346055979644
393 0.7055837563451777
394 0.7037974683544304
395 0.7045454545454546
396 0.7052896725440806
397 0.7060301507537688
398 0.706766917293233
399 0.7075
400 0.7082294264339152
401 0.7064676616915423
402 0.707196029776675
403 0.7079207920792079
404 0.7086419753086419
405 0.7068965517241379
406 0.7076167076167076
407 0.7058823529411765
408 0.706601466992665
409 0.7073170731707317
410 0.708029197080292
411 0.7087378640776699
412 0.7094430992736077
413 0.7077294685990339
414 0.708433734939759
415 0.7067307692307693
416 0.7074340527577938
417 0.7081339712918661
418 0.7088305489260143
419 0.7095238095238096
420 0.7102137767220903
421 0.7085308056872038
422 0.706855791962175
423 0.7051886792452831
424 0.7058823529411765
425 0.7065727699530516
426 0.7072599531615925
427 0.705607476635514
428 0.7062937062937062
429 0.7069767441860465
430 0.7076566125290024
431 0.7083333333333334
432 0.7090069284064665
433 0.7073732718894009
434 0.7080459770114943
435 0.7064220183486238
436 0.7048054919908466
437 0.7054794520547946
438 0.7061503416856492
439 0.7068181818181818
440 0.7052154195011338
441 0.7036199095022625
442 0.7020316027088036
443 0.7027027027027027
444 0.7033707865168539
445 0.7040358744394619
446 0.7046979865771812
447 0.7053571428571429
448 0.7060133630289532
449 0.7044444444444444
450 0.70509977827051
451 0.7057522123893806
452 0.7064017660044151
453 0.7048458149779736
454 0.7054945054945055
455 0.706140350877193
456 0.7067833698030634
457 0.7052401746724891
458 0.7058823529411765
459 0.7065217391304348
460 0.7071583514099783
461 0.7056277056277056
462 0.7062634989200864
463 0.7068965517241379
464 0.7075268817204301
465 0.7081545064377682
466 0.708779443254818
467 0.7094017094017094
468 0.7100213219616205
469 0.7106382978723405
470 0.7091295116772823
471 0.7097457627118644
472 0.7082452431289641
473 0.7088607594936709
474 0.7094736842105264
475 0.7100840336134454
476 0.710691823899371
477 0.7092050209205021
478 0.7077244258872651
479 0.70625
480 0.7047817047817048
481 0.7053941908713693
482 0.7060041407867494
483 0.7045454545454546
484 0.7051546391752578
485 0.7037037037037037
486 0.704312114989733
487 0.7028688524590164
488 0.7034764826175869
489 0.7040816326530612
490 0.7026476578411406
491 0.7012195121951219
492 0.7018255578093306
493 0.7024291497975709
494 0.701010101010101
495 0.7016129032258065
496 0.7022132796780685
497 0.7028112449799196
498 0.7034068136272545
499 0.704
500 0.7045908183632734
501 0.7051792828685259
502 0.7037773359840954
503 0.7023809523809523
504 0.700990099009901
505 0.7015810276679841
506 0.7021696252465484
507 0.7007874015748031
508 0.7013752455795678
509 0.7019607843137254
510 0.7025440313111546
511 0.701171875
512 0.6998050682261209
513 0.7003891050583657
514 0.7009708737864078
515 0.7015503875968992
516 0.7021276595744681
517 0.7027027027027027
518 0.7032755298651252
519 0.7019230769230769
520 0.7024952015355086
521 0.7011494252873564
522 0.7017208413001912
523 0.7022900763358778
524 0.700952380952381
525 0.6996197718631179
526 0.7001897533206831
527 0.7007575757575758
528 0.7013232514177694
529 0.7018867924528301
530 0.7024482109227872
531 0.7011278195488722
532 0.701688555347092
533 0.702247191011236
534 0.702803738317757
535 0.7033582089552238
536 0.702048417132216
537 0.7007434944237918
538 0.7012987012987013
539 0.7018518518518518
540 0.7024029574861368
541 0.7029520295202952
542 0.7034990791896869
543 0.7040441176470589
544 0.7027522935779816
545 0.7032967032967034
546 0.7038391224862889
547 0.7043795620437956
548 0.7049180327868853
549 0.7054545454545454
550 0.7041742286751361
551 0.7047101449275363
552 0.705244122965642
553 0.7057761732851986
554 0.7045045045045045
555 0.7050359712230215
556 0.7055655296229802
557 0.7043010752688172
558 0.7048300536672629
559 0.7053571428571429
560 0.7040998217468806
561 0.702846975088968
562 0.7033747779751333
563 0.7039007092198581
564 0.7026548672566372
565 0.7014134275618374
566 0.7019400352733686
567 0.7024647887323944
568 0.70298769771529
569 0.7035087719298245
570 0.7040280210157618
571 0.7045454545454546
572 0.7050610820244329
573 0.705574912891986
574 0.7060869565217391
575 0.7048611111111112
576 0.7053726169844021
577 0.7058823529411765
578 0.7063903281519862
579 0.7068965517241379
580 0.7056798623063684
581 0.7044673539518901
582 0.7049742710120068
583 0.7037671232876712
584 0.7025641025641025
585 0.7030716723549488
586 0.7018739352640545
587 0.7023809523809523
588 0.7028862478777589
589 0.7033898305084746
590 0.7038917089678511
591 0.7027027027027027
592 0.7015177065767285
593 0.702020202020202
594 0.7025210084033613
595 0.7030201342281879
596 0.7018425460636516
597 0.7023411371237458
598 0.7028380634390651
599 0.7033333333333334
600 0.7038269550748752
601 0.7043189368770764
602 0.7048092868988391
603 0.7052980132450332
604 0.7057851239669422
605 0.7062706270627063
606 0.7067545304777595
607 0.7055921052631579
608 0.7060755336617406
609 0.7065573770491803
610 0.707037643207856
611 0.7075163398692811
612 0.7079934747145188
613 0.7084690553745928
614 0.7089430894308943
615 0.7094155844155844
616 0.7098865478119936
617 0.7103559870550162
618 0.7108239095315024
619 0.7112903225806452
620 0.711755233494364
621 0.7106109324758842
622 0.7110754414125201
623 0.7099358974358975
624 0.7088
625 0.7092651757188498
626 0.7081339712918661
627 0.7070063694267515
628 0.7074721780604134
629 0.707936507936508
630 0.7068145800316957
631 0.7072784810126582
632 0.707740916271722
633 0.7082018927444795
634 0.7086614173228346
635 0.7075471698113207
636 0.706436420722135
637 0.7068965517241379
638 0.7073552425665102
639 0.7078125
640 0.7082683307332294
641 0.7071651090342679
642 0.7076205287713841
643 0.7080745341614907
644 0.7085271317829457
645 0.7089783281733746
646 0.7094281298299846
647 0.7098765432098766
648 0.7103235747303543
649 0.7092307692307692
650 0.7096774193548387
651 0.7101226993865031
652 0.7105666156202144
653 0.7110091743119266
654 0.7114503816793893
655 0.711890243902439
656 0.7123287671232876
657 0.7127659574468085
658 0.7132018209408194
659 0.7136363636363636
660 0.7140695915279879
661 0.7145015105740181
662 0.7149321266968326
663 0.713855421686747
664 0.7142857142857143
665 0.7147147147147147
666 0.7136431784107946
667 0.7140718562874252
668 0.7130044843049327
669 0.7134328358208956
670 0.713859910581222
671 0.7142857142857143
672 0.7132243684992571
673 0.712166172106825
674 0.7125925925925926
675 0.7130177514792899
676 0.7134416543574594
677 0.7138643067846607
678 0.7142857142857143
679 0.7132352941176471
680 0.7136563876651982
681 0.7140762463343109
682 0.7144948755490483
683 0.7149122807017544
684 0.7153284671532847
685 0.7142857142857143
686 0.7132459970887919
687 0.7136627906976745
688 0.7126269956458636
689 0.7130434782608696
690 0.7134587554269175
691 0.7138728323699421
692 0.7142857142857143
693 0.7146974063400576
694 0.7151079136690648
695 0.7140804597701149
696 0.7130559540889526
697 0.7120343839541547
698 0.7124463519313304
699 0.7128571428571429
700 0.7132667617689016
701 0.7122507122507122
702 0.7126600284495022
703 0.7130681818181818
704 0.7134751773049646
705 0.7138810198300283
706 0.7142857142857143
707 0.7146892655367232
708 0.7136812411847673
709 0.7140845070422536
710 0.7130801687763713
711 0.7134831460674157
712 0.7138849929873773
713 0.7128851540616247
714 0.7132867132867133
715 0.7136871508379888
716 0.7140864714086471
717 0.7144846796657381
718 0.713490959666203
719 0.7138888888888889
720 0.7128987517337032
721 0.7132963988919667
722 0.7136929460580913
723 0.712707182320442
724 0.713103448275862
725 0.7134986225895317
726 0.7138927097661623
727 0.7142857142857143
728 0.7146776406035665
729 0.7136986301369863
730 0.7127222982216143
731 0.7131147540983607
732 0.7121418826739427
733 0.7125340599455041
734 0.7115646258503401
735 0.7119565217391305
736 0.7123473541383989
737 0.7127371273712737
738 0.713125845737483
739 0.7135135135135136
740 0.7139001349527665
741 0.7142857142857143
742 0.7133243606998654
743 0.7137096774193549
744 0.7127516778523489
745 0.7131367292225201
746 0.7121820615796519
747 0.7125668449197861
748 0.7129506008010681
749 0.7133333333333334
750 0.7123834886817576
751 0.711436170212766
752 0.7118193891102258
753 0.7122015915119363
754 0.7125827814569536
755 0.7116402116402116
756 0.7107001321003963
757 0.7097625329815304
758 0.7088274044795784
759 0.7092105263157895
760 0.709592641261498
761 0.7099737532808399
762 0.709043250327654
763 0.7094240837696335
764 0.7084967320261438
765 0.7088772845953003
766 0.7092568448500652
767 0.7096354166666666
768 0.7100130039011704
769 0.7103896103896103
770 0.7094682230869002
771 0.7098445595854922
772 0.7102199223803364
773 0.710594315245478
774 0.7109677419354838
775 0.711340206185567
776 0.7117117117117117
777 0.712082262210797
778 0.711168164313222
779 0.7115384615384616
780 0.7106274007682458
781 0.710997442455243
782 0.7113665389527458
783 0.7104591836734694
784 0.7095541401273885
785 0.7086513994910941
786 0.7077509529860229
787 0.7068527918781726
788 0.7072243346007605
789 0.7075949367088608
790 0.7079646017699115
791 0.7083333333333334
792 0.7087011349306431
793 0.707808564231738
794 0.7081761006289308
795 0.707286432160804
796 0.7076537013801757
797 0.7080200501253133
798 0.7083854818523154
799 0.70875
800 0.7091136079900124
801 0.7094763092269327
802 0.709838107098381
803 0.7101990049751243
804 0.7105590062111802
805 0.7096774193548387
806 0.7100371747211895
807 0.7103960396039604
808 0.7107540173053152
809 0.7111111111111111
810 0.7102342786683107
811 0.7105911330049262
812 0.7109471094710947
813 0.7113022113022113
814 0.7116564417177914
815 0.7120098039215687
816 0.7123623011015912
817 0.7114914425427873
818 0.7106227106227107
819 0.7097560975609756
820 0.7101096224116931
821 0.7104622871046229
822 0.7108140947752126
823 0.7111650485436893
824 0.7115151515151515
825 0.711864406779661
826 0.7110036275695284
827 0.711352657004831
828 0.7104945717732207
829 0.7108433734939759
830 0.7111913357400722
831 0.7115384615384616
832 0.7118847539015606
833 0.7122302158273381
834 0.7125748502994012
835 0.7117224880382775
836 0.7108721624850657
837 0.711217183770883
838 0.7103694874851013
839 0.7095238095238096
840 0.7098692033293698
841 0.7090261282660333
842 0.708185053380783
843 0.707345971563981
844 0.7076923076923077
845 0.7080378250591016
846 0.7083825265643447
847 0.7087264150943396
848 0.7090694935217904
849 0.7082352941176471
850 0.7085781433607521
851 0.7077464788732394
852 0.7080890973036342
853 0.7072599531615925
854 0.7064327485380117
855 0.7067757009345794
856 0.7071178529754959
857 0.7074592074592074
858 0.7077997671711292
859 0.708139534883721
860 0.7084785133565621
861 0.7088167053364269
862 0.709154113557358
863 0.7094907407407407
864 0.7098265895953757
865 0.7090069284064665
866 0.7093425605536332
867 0.7096774193548387
868 0.7088607594936709
869 0.7080459770114943
870 0.7083811710677382
871 0.7087155963302753
872 0.7079037800687286
873 0.7082379862700229
874 0.7085714285714285
875 0.7077625570776256
876 0.7080957810718358
877 0.7084282460136674
878 0.7087599544937428
879 0.7079545454545455
880 0.7082860385925085
881 0.7086167800453514
882 0.7089467723669309
883 0.7081447963800905
884 0.7084745762711865
885 0.708803611738149
886 0.7080045095828635
887 0.7083333333333334
888 0.7086614173228346
889 0.7089887640449438
890 0.7093153759820426
891 0.7096412556053812
892 0.70996640537514
893 0.70917225950783
894 0.7094972067039106
895 0.7098214285714286
896 0.7090301003344481
897 0.7093541202672605
898 0.7096774193548387
899 0.7088888888888889
900 0.709211986681465
901 0.7095343680709535
902 0.7098560354374308
903 0.7101769911504425
904 0.7104972375690608
905 0.7108167770419426
906 0.7111356119073869
907 0.710352422907489
908 0.7095709570957096
909 0.7098901098901099
910 0.7102085620197585
911 0.7094298245614035
912 0.7086527929901424
913 0.7078774617067833
914 0.7081967213114754
915 0.7074235807860262
916 0.7066521264994547
917 0.7058823529411765
918 0.705114254624592
919 0.7054347826086956
920 0.7057546145494028
921 0.7060737527114967
922 0.7063921993499458
923 0.7067099567099567
924 0.707027027027027
925 0.7062634989200864
926 0.7065803667745415
927 0.7068965517241379
928 0.7061356297093649
929 0.7064516129032258
930 0.706766917293233
931 0.7070815450643777
932 0.7063236870310825
933 0.7055674518201285
934 0.7058823529411765
935 0.7061965811965812
936 0.7065101387406617
937 0.7068230277185501
938 0.7071352502662407
939 0.7074468085106383
940 0.7066950053134963
941 0.7070063694267515
942 0.7073170731707317
943 0.7076271186440678
944 0.7068783068783069
945 0.7071881606765328
946 0.7074973600844773
947 0.7067510548523207
948 0.7060063224446786
949 0.7052631578947368
950 0.7055730809674028
951 0.7058823529411765
952 0.7061909758656874
953 0.7064989517819706
954 0.7057591623036649
955 0.7050209205020921
956 0.7053291536050157
957 0.7056367432150313
958 0.7059436913451512
959 0.70625
960 0.7065556711758585
961 0.7068607068607069
962 0.7061266874350987
963 0.7064315352697096
964 0.705699481865285
965 0.7060041407867494
966 0.7052740434332989
967 0.7055785123966942
968 0.7048503611971104
969 0.7051546391752578
970 0.7044284243048403
971 0.7047325102880658
972 0.7050359712230215
973 0.704312114989733
974 0.7046153846153846
975 0.7049180327868853
976 0.7052200614124872
977 0.7055214723926381
978 0.7058222676200204
979 0.7051020408163265
980 0.7054026503567788
981 0.7057026476578412
982 0.7049847405900305
983 0.7052845528455285
984 0.7055837563451777
985 0.7058823529411765
986 0.7061803444782169
987 0.7064777327935222
988 0.7057633973710818
989 0.706060606060606
990 0.7063572149344097
991 0.7066532258064516
992 0.7069486404833837
993 0.7072434607645876
994 0.7075376884422111
995 0.7068273092369478
996 0.7061183550651956
997 0.7064128256513026
998 0.7057057057057057
999 0.706
1000 0.7062937062937062
1001 0.7065868263473054
1002 0.7068793619142573
1003 0.7061752988047809
1004 0.7054726368159204
1005 0.705765407554672
1006 0.70506454816286
1007 0.7053571428571429
1008 0.7056491575817642
1009 0.7059405940594059
1010 0.7062314540059347
1011 0.7055335968379447
1012 0.7058242843040474
1013 0.7061143984220908
1014 0.7064039408866996
1015 0.7066929133858267
1016 0.7069813176007866
1017 0.7072691552062869
1018 0.7075564278704612
1019 0.707843137254902
1020 0.7071498530852106
1021 0.7074363992172211
1022 0.7067448680351907
1023 0.70703125
1024 0.7063414634146341
1025 0.7066276803118908
1026 0.7069133398247323
1027 0.7071984435797666
1028 0.7074829931972789
1029 0.7077669902912621
1030 0.7070805043646945
1031 0.7073643410852714
1032 0.707647628267183
1033 0.706963249516441
1034 0.7072463768115942
1035 0.7075289575289575
1036 0.7068466730954677
1037 0.7061657032755299
1038 0.7064485081809432
1039 0.7067307692307693
1040 0.7070124879923151
1041 0.7072936660268714
1042 0.7075743048897412
1043 0.7078544061302682
1044 0.707177033492823
1045 0.7074569789674953
1046 0.7077363896848138
1047 0.7070610687022901
1048 0.7073403241182078
1049 0.7076190476190476
1050 0.7078972407231209
1051 0.7081749049429658
1052 0.7075023741690408
1053 0.7077798861480076
1054 0.7080568720379147
1055 0.7083333333333334
1056 0.7076631977294229
1057 0.7079395085066162
1058 0.7072710103871577
1059 0.7066037735849057
1060 0.706880301602262
1061 0.7062146892655368
1062 0.7064910630291628
1063 0.706766917293233
1064 0.7070422535211267
1065 0.7073170731707317
1066 0.7066541705716963
1067 0.7059925093632958
1068 0.706267539756782
1069 0.705607476635514
1070 0.7058823529411765
1071 0.7061567164179104
1072 0.706430568499534
1073 0.7057728119180633
1074 0.706046511627907
1075 0.7063197026022305
1076 0.7065923862581244
1077 0.7059369202226345
1078 0.706209453197405
1079 0.7064814814814815
1080 0.7058279370952821
1081 0.7060998151571165
1082 0.7063711911357341
1083 0.7066420664206642
1084 0.7059907834101382
1085 0.7062615101289135
1086 0.7065317387304508
1087 0.7058823529411765
1088 0.7061524334251607
1089 0.7055045871559633
1090 0.7048579285059579
1091 0.7042124542124543
1092 0.7044830741079597
1093 0.7038391224862889
1094 0.7031963470319634
1095 0.7034671532846716
1096 0.7037374658158614
1097 0.7040072859744991
1098 0.7042766151046406
1099 0.7045454545454546
1100 0.7048138056312443
1101 0.70508166969147
1102 0.7044424297370807
1103 0.7038043478260869
1104 0.7040723981900453
1105 0.7034358047016275
1106 0.7037037037037037
1107 0.703971119133574
1108 0.7042380522993688
1109 0.7045045045045045
1110 0.7038703870387039
1111 0.704136690647482
1112 0.7044025157232704
1113 0.7046678635547576
1114 0.704932735426009
1115 0.7043010752688172
1116 0.7045658012533572
1117 0.7048300536672629
1118 0.7050938337801609
1119 0.7053571428571429
1120 0.7056199821587869
1121 0.7058823529411765
1122 0.705253784505788
1123 0.7055160142348754
1124 0.7057777777777777
1125 0.7060390763765542
1126 0.7062999112688554
1127 0.7065602836879432
1128 0.7068201948627104
1129 0.7070796460176991
1130 0.7073386383731212
1131 0.7075971731448764
1132 0.707855251544572
1133 0.7081128747795414
1134 0.707488986784141
1135 0.7068661971830986
1136 0.7071240105540897
1137 0.7065026362038664
1138 0.7067603160667252
1139 0.706140350877193
1140 0.7055214723926381
1141 0.7057793345008757
1142 0.7060367454068242
1143 0.7062937062937062
1144 0.7056768558951965
1145 0.7050610820244329
1146 0.7053182214472538
1147 0.705574912891986
1148 0.7058311575282855
1149 0.7060869565217391
1150 0.7063423110338836
1151 0.7065972222222222
1152 0.7068516912402428
1153 0.707105719237435
1154 0.7073593073593074
1155 0.7076124567474048
1156 0.7078651685393258
1157 0.7081174438687392
1158 0.7083692838654012
1159 0.7086206896551724
1160 0.7080103359173127
1161 0.7082616179001722
1162 0.7076526225279449
1163 0.7070446735395189
1164 0.7072961373390558
1165 0.7066895368782161
1166 0.7060839760068551
1167 0.7063356164383562
1168 0.7057313943541489
1169 0.7051282051282052
1170 0.7053800170794193
1171 0.7047781569965871
1172 0.7050298380221653
1173 0.7044293015332198
1174 0.7046808510638298
1175 0.7049319727891157
1176 0.7043330501274426
1177 0.7045840407470289
1178 0.7048346055979644
1179 0.7050847457627119
1180 0.7044877222692634
1181 0.7047377326565144
1182 0.7049873203719358
1183 0.7052364864864865
1184 0.7046413502109705
1185 0.7040472175379426
1186 0.7042965459140691
1187 0.7045454545454546
1188 0.704793944491169
1189 0.7050420168067227
1190 0.7044500419815282
1191 0.7046979865771812
1192 0.7049455155071249
1193 0.7043551088777219
1194 0.703765690376569
1195 0.7040133779264214
1196 0.7042606516290727
1197 0.7045075125208681
1198 0.7039199332777314
1199 0.7041666666666667
1200 0.704412989175687
1201 0.7038269550748752
1202 0.7032418952618454
1203 0.7026578073089701
1204 0.7029045643153526
1205 0.703150912106136
1206 0.7025683512841756
1207 0.7019867549668874
1208 0.7022332506203474
1209 0.7024793388429752
1210 0.7027250206440958
1211 0.7029702970297029
1212 0.7032151690024732
1213 0.7034596375617792
1214 0.702880658436214
1215 0.7023026315789473
1216 0.7025472473294988
1217 0.7019704433497537
1218 0.7022149302707137
1219 0.7016393442622951
1220 0.7018837018837019
1221 0.7021276595744681
1222 0.7023712183156173
1223 0.7026143790849673
1224 0.7028571428571428
1225 0.7030995106035889
1226 0.7033414832925835
1227 0.7035830618892508
1228 0.7038242473555736
1229 0.7040650406504065
1230 0.7043054427294883
1231 0.7045454545454546
1232 0.7047850770478508
1233 0.7050243111831442
1234 0.7052631578947368
1235 0.7055016181229773
1236 0.7057396928051738
1237 0.7051696284329564
1238 0.705407586763519
1239 0.7056451612903226
1240 0.7050765511684126
1241 0.7053140096618358
1242 0.7047465808527755
1243 0.704983922829582
1244 0.704417670682731
1245 0.7046548956661316
1246 0.7040898155573376
1247 0.7043269230769231
1248 0.7045636509207366
1249 0.7048
1250 0.7042366107114308
1251 0.7044728434504792
1252 0.7039106145251397
1253 0.70414673046252
1254 0.7035856573705179
1255 0.7038216560509554
1256 0.7032617342879872
1257 0.7027027027027027
1258 0.7029388403494837
1259 0.7031746031746032
1260 0.7034099920697859
1261 0.7036450079239303
1262 0.7038796516231196
1263 0.7041139240506329
1264 0.7035573122529645
1265 0.7037914691943128
1266 0.7032359905288083
1267 0.7034700315457413
1268 0.7037037037037037
1269 0.7031496062992126
1270 0.7025963808025177
1271 0.7020440251572327
1272 0.7022780832678712
1273 0.7025117739403454
1274 0.7019607843137254
1275 0.7021943573667712
1276 0.701644479248238
1277 0.7018779342723005
1278 0.7021110242376857
1279 0.7015625
1280 0.7010148321623731
1281 0.7012480499219969
1282 0.700701480904131
1283 0.7009345794392523
1284 0.7011673151750972
1285 0.7013996889580093
1286 0.7016317016317016
1287 0.7018633540372671
1288 0.7013188518231187
1289 0.7015503875968992
1290 0.7017815646785438
1291 0.7020123839009288
1292 0.7022428460943542
1293 0.7017001545595054
1294 0.7019305019305019
1295 0.7021604938271605
1296 0.7016191210485736
1297 0.7018489984591679
1298 0.7020785219399538
1299 0.7023076923076923
1300 0.7025365103766333
1301 0.7027649769585254
1302 0.7022256331542595
1303 0.7024539877300614
1304 0.7019157088122605
1305 0.7021439509954058
1306 0.7023718439173681
1307 0.7025993883792049
1308 0.7028265851795263
1309 0.7030534351145038
1310 0.7032799389778794
1311 0.7035060975609756
1312 0.7029702970297029
1313 0.7024353120243532
1314 0.7026615969581749
1315 0.7021276595744681
1316 0.7023538344722855
1317 0.7018209408194234
1318 0.7012888551933283
1319 0.7015151515151515
1320 0.7017411052233157
1321 0.7012102874432677
1322 0.7014361300075586
1323 0.7009063444108762
1324 0.700377358490566
1325 0.700603318250377
1326 0.7008289374529013
1327 0.7010542168674698
1328 0.7005267118133935
1329 0.7
1330 0.6994740796393689
1331 0.6996996996996997
1332 0.6991747936984246
1333 0.6986506746626686
1334 0.698876404494382
1335 0.6991017964071856
1336 0.6993268511593119
1337 0.6988041853512705
1338 0.6982823002240478
1339 0.6985074626865672
1340 0.6987322893363161
1341 0.698956780923994
1342 0.699180938198064
1343 0.6994047619047619
1344 0.6988847583643123
1345 0.6991084695393759
1346 0.6993318485523385
1347 0.6995548961424333
1348 0.6997776130467013
1349 0.7
1350 0.6994818652849741
1351 0.6997041420118343
1352 0.6999260901699926
1353 0.7001477104874446
1354 0.7003690036900369
1355 0.700589970501475
1356 0.7008106116433309
1357 0.7010309278350515
1358 0.7012509197939661
1359 0.7014705882352941
1360 0.700955180014695
1361 0.7011747430249633
1362 0.7013939838591343
1363 0.7008797653958945
1364 0.701098901098901
1365 0.7013177159590044
1366 0.7015362106803219
1367 0.7017543859649122
1368 0.7012417823228634
1369 0.7014598540145985
1370 0.7016776075857039
1371 0.7018950437317785
1372 0.7021121631463948
1373 0.7023289665211062
1374 0.7025454545454546
1375 0.7020348837209303
1376 0.7022512708787219
1377 0.7017416545718432
1378 0.7012327773749093
1379 0.7007246376811594
1380 0.7009413468501087
1381 0.7011577424023154
1382 0.7013738250180767
1383 0.7015895953757225
1384 0.7018050541516245
1385 0.702020202020202
1386 0.7022350396539293
1387 0.702449567723343
1388 0.7026637868970482
1389 0.7028776978417266
1390 0.7030913012221424
1391 0.7033045977011494
1392 0.7035175879396985
1393 0.7037302725968436
1394 0.7039426523297491
1395 0.7034383954154728
1396 0.7029348604151754
1397 0.7031473533619457
1398 0.7033595425303788
1399 0.7035714285714286
1400 0.7037830121341898
1401 0.7039942938659058
1402 0.7042052744119743
1403 0.7044159544159544
1404 0.7046263345195729
1405 0.7048364153627311
1406 0.7050461975835111
1407 0.7052556818181818
1408 0.7054648687012065
1409 0.7056737588652482
1410 0.7058823529411765
1411 0.7060906515580736
1412 0.7055909412597311
1413 0.7057991513437057
1414 0.7060070671378091
1415 0.7062146892655368
1416 0.7057163020465773
1417 0.7052186177715092
1418 0.7054263565891473
1419 0.7049295774647887
1420 0.705137227304715
1421 0.7053445850914205
1422 0.7048489107519326
1423 0.7050561797752809
1424 0.7045614035087719
1425 0.7040673211781207
1426 0.7035739313244569
1427 0.7037815126050421
1428 0.7032890132960112
1429 0.7034965034965035
1430 0.7030048916841369
1431 0.7032122905027933
1432 0.7034193998604327
1433 0.703626220362622
1434 0.7038327526132404
1435 0.7040389972144847
1436 0.7042449547668754
1437 0.7044506258692629
1438 0.7046560111188325
1439 0.7048611111111112
1440 0.7050659264399722
1441 0.7052704576976422
1442 0.7054747054747055
1443 0.7056786703601108
1444 0.7058823529411765
1445 0.7060857538035962
1446 0.7062888735314443
1447 0.7064917127071824
1448 0.7066942719116632
1449 0.7068965517241379
1450 0.7070985527222605
1451 0.7073002754820936
1452 0.7075017205781142
1453 0.7077028885832187
1454 0.7079037800687286
1455 0.7081043956043956
1456 0.7083047357584077
1457 0.7085048010973937
1458 0.7087045921864291
1459 0.708904109589041
1460 0.7091033538672142
1461 0.7093023255813954
1462 0.7088174982911825
1463 0.7090163934426229
1464 0.7092150170648465
1465 0.7094133697135061
1466 0.7096114519427403
1467 0.7098092643051771
1468 0.7093260721579305
1469 0.7095238095238096
1470 0.7097212780421482
1471 0.7099184782608695
1472 0.7101154107264087
1473 0.7096336499321574
1474 0.7091525423728814
1475 0.7086720867208672
1476 0.7081922816519973
1477 0.7083897158322057
1478 0.7079107505070994
1479 0.7074324324324325
1480 0.7069547602970966
1481 0.7064777327935222
1482 0.706001348617667
1483 0.7055256064690026
1484 0.705050505050505
1485 0.7052489905787349
1486 0.7047747141896435
1487 0.7049731182795699
1488 0.7051712558764271
1489 0.7053691275167785
1490 0.7055667337357479
1491 0.7057640750670241
1492 0.7059611520428667
1493 0.7061579651941098
1494 0.7063545150501672
1495 0.7065508021390374
1496 0.706746826987308
1497 0.7069425901201603
1498 0.7071380920613742
1499 0.7066666666666667
1500 0.7068620919387075
1501 0.7070572569906791
1502 0.7072521623419827
1503 0.7074468085106383
1504 0.707641196013289
1505 0.7078353253652059
1506 0.708029197080292
1507 0.7082228116710876
1508 0.7084161696487741
1509 0.7086092715231788
1510 0.7088021178027796
1511 0.7083333333333334
1512 0.7085261070720423
1513 0.7087186261558784
1514 0.7089108910891089
1515 0.7091029023746702
1516 0.7092946605141727
1517 0.7094861660079052
1518 0.7090190915075708
1519 0.7085526315789473
1520 0.7087442472057857
1521 0.7089356110381078
1522 0.7091267235718975
1523 0.7093175853018373
1524 0.7095081967213115
1525 0.7096985583224116
1526 0.7098886705959397
1527 0.7100785340314136
1528 0.71026814911707
1529 0.7104575163398693
1530 0.7099934683213586
1531 0.7101827676240209
1532 0.7103718199608611
1533 0.7105606258148631
1534 0.7107491856677525
1535 0.7102864583333334
1536 0.7104749512036435
1537 0.7106631989596879
1538 0.7102014294996751
1539 0.7103896103896103
1540 0.7105775470473719
1541 0.7107652399481194
1542 0.710952689565781
1543 0.7104922279792746
1544 0.7106796116504854
1545 0.7102199223803364
1546 0.7097608274078863
1547 0.7099483204134367
1548 0.709489993544222
1549 0.7090322580645161
1550 0.708575112830432
1551 0.7087628865979382
1552 0.708950418544752
1553 0.7091377091377091
1554 0.7093247588424437
1555 0.7095115681233933
1556 0.7096981374438022
1557 0.7098844672657253
1558 0.710070558050032
1559 0.7102564102564103
1560 0.7104420243433697
1561 0.7106274007682458
1562 0.7108125399872041
1563 0.7103580562659847
1564 0.7099041533546326
1565 0.7094508301404853
1566 0.7096362476068921
1567 0.7091836734693877
1568 0.7093690248565966
1569 0.7089171974522293
1570 0.7084659452577976
1571 0.7086513994910941
1572 0.7088366179275271
1573 0.7083862770012707
1574 0.7085714285714285
1575 0.708756345177665
1576 0.7089410272669626
1577 0.7084917617237009
1578 0.7086763774540848
1579 0.7082278481012658
1580 0.7084123972169513
1581 0.7085967130214917
1582 0.7087807959570436
1583 0.7089646464646465
1584 0.7085173501577287
1585 0.7087011349306431
1586 0.7088846880907372
1587 0.7090680100755667
1588 0.7092511013215859
1589 0.7094339622641509
1590 0.7089880578252671
1591 0.7091708542713567
1592 0.7087256748273697
1593 0.7089084065244667
1594 0.7090909090909091
1595 0.7092731829573935
1596 0.7094552285535379
1597 0.7096370463078848
1598 0.7091932457786116
1599 0.70875
1600 0.7089319175515303
1601 0.7091136079900124
1602 0.7092950717404866
1603 0.7088528678304239
1604 0.708411214953271
1605 0.7085927770859277
1606 0.7087741132545116
1607 0.7089552238805971
1608 0.7085146053449347
1609 0.7080745341614907
1610 0.707635009310987
1611 0.7078163771712159
1612 0.707997520148791
1613 0.70817843866171
1614 0.7077399380804954
1615 0.7073019801980198
1616 0.7068645640074211
1617 0.7064276885043264
1618 0.7066090179122916
1619 0.7067901234567902
1620 0.7069710055521283
1621 0.7071516646115906
1622 0.707332101047443
1623 0.7075123152709359
1624 0.7076923076923077
1625 0.7072570725707257
1626 0.7074370006146281
1627 0.7076167076167076
1628 0.7071823204419889
1629 0.7073619631901841
1630 0.7075413856529736
1631 0.7077205882352942
1632 0.70789957134109
1633 0.708078335373317
1634 0.7076452599388379
1635 0.7078239608801956
1636 0.7080024434941967
1637 0.7075702075702076
1638 0.7071384990848079
1639 0.7073170731707317
1640 0.7074954296160878
1641 0.707673568818514
1642 0.707242848447961
1643 0.7074209245742092
1644 0.7075987841945289
1645 0.707168894289186
1646 0.7073466909532483
1647 0.7075242718446602
1648 0.7077016373559734
1649 0.7078787878787879
1650 0.7080557238037553
1651 0.7082324455205811
1652 0.7078039927404719
1653 0.7079806529625151
1654 0.7081570996978852
1655 0.7083333333333334
1656 0.7079058539529269
1657 0.7080820265379976
1658 0.7082579867389994
1659 0.708433734939759
1660 0.7086092715231788
1661 0.7087845968712395
1662 0.708959711365003
1663 0.7091346153846154
1664 0.7093093093093094
1665 0.709483793517407
1666 0.7090581883623275
1667 0.7092326139088729
1668 0.7088076692630317
1669 0.7083832335329341
1670 0.708557749850389
1671 0.708732057416268
1672 0.7089061566049014
1673 0.7090800477897252
1674 0.7092537313432836
1675 0.7094272076372315
1676 0.7090041741204532
1677 0.7085816448152562
1678 0.7081596188207266
1679 0.7083333333333334
1680 0.7079119571683522
1681 0.7080856123662307
1682 0.7082590612002376
1683 0.7084323040380047
1684 0.7080118694362018
1685 0.708185053380783
1686 0.7077652637818613
1687 0.7079383886255924
1688 0.7081113084665482
1689 0.7082840236686391
1690 0.7084565345949142
1691 0.708628841607565
1692 0.7082102776137035
1693 0.7083825265643447
1694 0.7079646017699115
1695 0.7081367924528302
1696 0.7077195050088392
1697 0.7078916372202592
1698 0.7080635668040024
1699 0.7082352941176471
1700 0.7078189300411523
1701 0.7074030552291422
1702 0.7075748678802114
1703 0.7071596244131455
1704 0.7067448680351907
1705 0.7069167643610785
1706 0.7070884592852958
1707 0.7072599531615925
1708 0.7074312463428906
1709 0.7076023391812866
1710 0.7077732320280538
1711 0.7079439252336449
1712 0.7081144191476941
1713 0.7082847141190198
1714 0.707871720116618
1715 0.708041958041958
1716 0.7082119976703553
1717 0.7083818393480792
1718 0.7079697498545666
1719 0.708139534883721
1720 0.7077280650784428
1721 0.7078977932636469
1722 0.7080673244341266
1723 0.7082366589327146
1724 0.7084057971014492
1725 0.7085747392815759
1726 0.7081644470179502
1727 0.7083333333333334
1728 0.708502024291498
1729 0.7086705202312139
1730 0.708838821490468
1731 0.7084295612009238
1732 0.7085978072706289
1733 0.7087658592848904
1734 0.7089337175792507
1735 0.7091013824884793
1736 0.7092688543465746
1737 0.7088607594936709
1738 0.7090281771132835
1739 0.7091954022988506
1740 0.7087880528431936
1741 0.7083811710677382
1742 0.708548479632817
1743 0.7087155963302753
1744 0.7088825214899713
1745 0.709049255441008
1746 0.7086433886662851
1747 0.7088100686498856
1748 0.7089765580331618
1749 0.7091428571428572
1750 0.7087378640776699
1751 0.708904109589041
1752 0.708499714774672
1753 0.7086659064994298
1754 0.7088319088319088
1755 0.708997722095672
1756 0.7091633466135459
1757 0.7093287827076223
1758 0.7089255258669699
1759 0.7090909090909091
1760 0.7092561044860874
1761 0.7088535754824064
1762 0.7084515031196824
1763 0.7086167800453514
1764 0.7087818696883853
1765 0.7089467723669309
1766 0.7091114883984154
1767 0.7092760180995475
1768 0.70944036178632
1769 0.7096045197740113
1770 0.709768492377188
1771 0.7099322799097065
1772 0.709531866892273
1773 0.709695603156708
1774 0.7098591549295775
1775 0.7100225225225225
1776 0.7096229600450197
1777 0.7092238470191226
1778 0.7093872962338392
1779 0.7089887640449438
1780 0.7091521617069062
1781 0.7093153759820426
1782 0.7089175546831183
1783 0.7085201793721974
1784 0.7086834733893558
1785 0.7088465845464725
1786 0.7090095131505316
1787 0.70917225950783
1788 0.708775852431526
1789 0.7089385474860335
1790 0.7091010608598548
1791 0.7092633928571429
1792 0.709425543781372
1793 0.70958751393534
1794 0.70974930362117
1795 0.7099109131403119
1796 0.7100723427935448
1797 0.7102335928809789
1798 0.7098387993329628
1799 0.71
1800 0.7101610216546363
1801 0.7103218645948945
1802 0.7104825291181365
1803 0.7106430155210643
1804 0.710803324099723
1805 0.7109634551495017
1806 0.7105700055340343
1807 0.7107300884955752
1808 0.7103372028745163
1809 0.7104972375690608
1810 0.7106570955273329
1811 0.7108167770419426
1812 0.7109762824048539
1813 0.7111356119073869
1814 0.7112947658402203
1815 0.7109030837004405
1816 0.7110621904237755
1817 0.7112211221122112
1818 0.7113798790544255
1819 0.710989010989011
1820 0.7111477210323998
1821 0.7107574094401756
1822 0.7109160724081185
1823 0.7110745614035088
1824 0.7106849315068493
1825 0.7102957283680176
1826 0.7099069512862616
1827 0.7100656455142232
1828 0.7096774193548387
1829 0.7098360655737705
1830 0.70999453850355
1831 0.7101528384279476
1832 0.7097654118930715
1833 0.7099236641221374
1834 0.7100817438692099
1835 0.710239651416122
1836 0.7103973870440936
1837 0.7100108813928183
1838 0.710168569874932
1839 0.7103260869565218
1840 0.7099402498642042
1841 0.7100977198697068
1842 0.7102550189907759
1843 0.710412147505423
1844 0.7105691056910569
1845 0.7107258938244854
1846 0.7108825121819167
1847 0.711038961038961
1848 0.7111952406706328
1849 0.7113513513513513
1850 0.7115072933549432
1851 0.7116630669546437
1852 0.7118186724230977
1853 0.7119741100323624
1854 0.7115902964959568
1855 0.7117456896551724
1856 0.7113624124932687
1857 0.7115177610333692
1858 0.7116729424421732
1859 0.7118279569892473
1860 0.7114454594304137
1861 0.7110633727175081
1862 0.7106816961889426
1863 0.7108369098712446
1864 0.7109919571045576
1865 0.7106109324758842
1866 0.7102303160149973
1867 0.7103854389721628
1868 0.7105403959336544
1869 0.7101604278074867
1870 0.7103153393907001
1871 0.7104700854700855
1872 0.7106246663107314
1873 0.7107790821771611
1874 0.7109333333333333
1875 0.7110874200426439
1876 0.7112413425679276
1877 0.7108626198083067
1878 0.711016498137307
1879 0.7106382978723405
1880 0.7107921318447634
1881 0.7104144527098831
1882 0.7105682421667552
1883 0.7107218683651805
1884 0.7108753315649867
1885 0.7110286320254506
1886 0.7111817700052994
1887 0.7113347457627118
1888 0.7114875595553203
1889 0.7116402116402116
1890 0.7112638815441565
1891 0.7114164904862579
1892 0.7115689381933439
1893 0.7111932418162619
1894 0.7108179419525066
1895 0.7109704641350211
1896 0.7111228255139694
1897 0.7107481559536354
1898 0.7109004739336493
1899 0.7110526315789474
1900 0.7112046291425566
1901 0.7113564668769716
1902 0.7115081450341566
1903 0.7111344537815126
1904 0.7112860892388452
1905 0.7114375655823715
1906 0.7115888830624016
1907 0.7112159329140462
1908 0.7113672079622839
1909 0.7109947643979058
1910 0.7111459968602826
1911 0.7107740585774058
1912 0.7109252483010977
1913 0.7110762800417972
1914 0.7112271540469974
1915 0.7113778705636743
1916 0.711528429838289
1917 0.7116788321167883
1918 0.7118290776446066
1919 0.7119791666666667
1920 0.7121290994273816
1921 0.7122788761706556
1922 0.7119084763390535
1923 0.7115384615384616
1924 0.7116883116883117
1925 0.7118380062305296
1926 0.7114686040477426
1927 0.7116182572614108
1928 0.7112493519958528
1929 0.71139896373057
1930 0.7110305541170377
1931 0.7111801242236024
1932 0.7113295395757889
1933 0.7114788004136504
1934 0.7116279069767442
1935 0.7112603305785123
1936 0.7114093959731543
1937 0.7115583075335398
1938 0.7117070654976793
1939 0.7118556701030928
1940 0.7120041215868109
1941 0.712152420185376
1942 0.712300566134843
1943 0.7124485596707819
1944 0.7125964010282776
1945 0.7122302158273381
1946 0.7123780174627632
1947 0.7120123203285421
1948 0.7121600820933812
1949 0.7123076923076923
1950 0.7124551512045105
1951 0.7120901639344263
1952 0.7122375832053252
1953 0.7123848515864892
1954 0.7125319693094629
1955 0.7121676891615542
1956 0.7123147675012774
1957 0.7119509703779366
1958 0.7120980091883614
1959 0.7122448979591837
1960 0.7123916369199388
1961 0.7125382262996942
1962 0.7121752419765665
1963 0.7118126272912424
1964 0.7119592875318066
1965 0.7121057985757884
1966 0.7117437722419929
1967 0.711890243902439
1968 0.7120365667851701
1969 0.7121827411167513
1970 0.7123287671232876
1971 0.712474645030426
1972 0.712113532691333
1973 0.7117527862208713
1974 0.7113924050632912
1975 0.7115384615384616
1976 0.7116843702579666
1977 0.7118301314459049
1978 0.7119757453259222
1979 0.7116161616161616
1980 0.7117617364967188
1981 0.7119071644803229
1982 0.7120524457892082
1983 0.7121975806451613
1984 0.7123425692695214
1985 0.7124874118831823
1986 0.7126321087065929
1987 0.7122736418511066
1988 0.7124183006535948
1989 0.7120603015075377
1990 0.7117026619789051
1991 0.7118473895582329
1992 0.7119919719016558
1993 0.7116349047141425
1994 0.7112781954887218
1995 0.7114228456913828
1996 0.7110665998998498
1997 0.7107107107107107
1998 0.7103551775887944
1999 0.7105
2000 0.7101449275362319
2001 0.7102897102897103
2002 0.710434348477284
2003 0.7100798403193613
2004 0.7097256857855362
2005 0.7098703888334995
2006 0.7095166915794718
2007 0.7091633466135459
2008 0.7093081134892981
2009 0.709452736318408
2010 0.7090999502734958
2011 0.7087475149105368
2012 0.7088922006954794
2013 0.7090367428003972
2014 0.709181141439206
2015 0.7093253968253969
2016 0.7094695091720377
2017 0.709613478691774
2018 0.7097573055968301
2019 0.7099009900990099
2020 0.7095497278574963
2021 0.7096933728981206
2022 0.7093425605536332
2023 0.7094861660079052
2024 0.7096296296296296
2025 0.709279368213228
2026 0.7089294523926986
2027 0.7090729783037475
2028 0.7092163627402661
2029 0.7093596059113301
2030 0.7095027080256031
2031 0.7096456692913385
2032 0.7092966060009838
2033 0.7094395280235988
2034 0.7095823095823096
2035 0.7097249508840865
2036 0.7093765341188022
2037 0.7090284592737979
2038 0.708680725846003
2039 0.7088235294117647
2040 0.7089661930426262
2041 0.7091087169441724
2042 0.7087616250611846
2043 0.708904109589041
2044 0.7090464547677262
2045 0.7086999022482894
2046 0.7088422081094284
2047 0.708984375
2048 0.7086383601756955
2049 0.708780487804878
2050 0.7084349098000975
2051 0.7080896686159844
2052 0.7082318558207501
2053 0.7083739045764362
2054 0.7085158150851582
2055 0.7086575875486382
2056 0.7087992221682061
2057 0.7089407191448007
2058 0.708596406022341
2059 0.7087378640776699
2060 0.7083939835031539
2061 0.7085354025218235
2062 0.7081919534658264
2063 0.7083333333333334
2064 0.7079903147699758
2065 0.7081316553727008
2066 0.7082728592162555
2067 0.7079303675048356
2068 0.7080715321411309
2069 0.7077294685990339
2070 0.7078705939159826
2071 0.708011583011583
2072 0.7081524360829715
2073 0.7082931533269046
2074 0.7079518072289157
2075 0.708092485549133
2076 0.7082330284063553
2077 0.7083734359961501
2078 0.7085137085137085
2079 0.708173076923077
2080 0.7078327727054301
2081 0.7079731027857828
2082 0.7076332213154105
2083 0.7077735124760077
2084 0.7079136690647482
2085 0.7080536912751678
2086 0.7081935793004313
2087 0.7078544061302682
2088 0.7075155576831019
2089 0.7076555023923445
2090 0.7077953132472501
2091 0.7074569789674953
2092 0.707596751075012
2093 0.707258834765998
2094 0.7073985680190931
2095 0.7070610687022901
2096 0.7067238912732475
2097 0.7068636796949476
2098 0.7065269175797999
2099 0.7066666666666667
2100 0.7068062827225131
2101 0.7064700285442436
2102 0.7066096053257251
2103 0.7062737642585551
2104 0.7064133016627079
2105 0.7065527065527065
2106 0.7062173706691979
2107 0.7058823529411765
2108 0.705547652916074
2109 0.7056872037914692
2110 0.7058266224538133
2111 0.7059659090909091
2112 0.7061050638902036
2113 0.706244087038789
2114 0.7059101654846336
2115 0.7060491493383743
2116 0.7061880018894662
2117 0.7063267233238905
2118 0.7059933931099576
2119 0.7061320754716981
2120 0.7057991513437057
2121 0.705937794533459
2122 0.7056052755534621
2123 0.7052730696798494
2124 0.7054117647058824
2125 0.7055503292568204
2126 0.7056887635166902
2127 0.7058270676691729
2128 0.7059652418976045
2129 0.7056338028169014
2130 0.7057719380572501
2131 0.7059099437148217
2132 0.7060478199718706
2133 0.7061855670103093
2134 0.7063231850117097
2135 0.7064606741573034
2136 0.7065980346279832
2137 0.7067352666043031
2138 0.7068723702664796
2139 0.7065420560747664
2140 0.7062120504437179
2141 0.7058823529411765
2142 0.7060195986934205
2143 0.7061567164179104
2144 0.7062937062937062
2145 0.706430568499534
2146 0.7061015370284117
2147 0.7062383612662942
2148 0.7059097254536993
2149 0.7055813953488372
2150 0.705718270571827
2151 0.7058550185873605
2152 0.7055271713887599
2153 0.7056638811513464
2154 0.7053364269141531
2155 0.7054730983302412
2156 0.7056096430227168
2157 0.7052826691380908
2158 0.7049559981472904
2159 0.7050925925925926
2160 0.7052290606200833
2161 0.7053654024051804
2162 0.7055016181229773
2163 0.705637707948244
2164 0.7057736720554273
2165 0.7054478301015698
2166 0.7055837563451777
2167 0.705719557195572
2168 0.7058552328261872
2169 0.7059907834101382
2170 0.7061262091202211
2171 0.7062615101289135
2172 0.7063966866083755
2173 0.7065317387304508
2174 0.7062068965517241
2175 0.7058823529411765
2176 0.7060174552135967
2177 0.7061524334251607
2178 0.7062872877466728
2179 0.7059633027522936
2180 0.7060981201283815
2181 0.7057745187901008
2182 0.7059092991296381
2183 0.7060439560439561
2184 0.7061784897025172
2185 0.7063129002744739
2186 0.7059899405578418
2187 0.7061243144424132
2188 0.706258565555048
2189 0.7063926940639269
2190 0.7060702875399361
2191 0.7057481751824818
2192 0.7058823529411765
2193 0.7055606198723792
2194 0.7056947608200456
2195 0.7058287795992714
2196 0.7059626763768776
2197 0.7060964513193813
2198 0.7062301045929968
2199 0.7063636363636364
2200 0.7064970467969105
2201 0.7061762034514079
2202 0.7063095778483885
2203 0.706442831215971
2204 0.7065759637188208
2205 0.7062556663644606
2206 0.7059356592659719
2207 0.7060688405797102
2208 0.7057492077863287
2209 0.7054298642533937
2210 0.7051108095884215
2211 0.705244122965642
2212 0.7049254405784003
2213 0.7046070460704607
2214 0.7047404063205418
2215 0.7048736462093863
2216 0.7045557059088858
2217 0.7042380522993688
2218 0.7043713384407391
2219 0.7045045045045045
2220 0.7041873030166592
2221 0.7043204320432043
2222 0.7044534412955465
2223 0.704136690647482
2224 0.7042696629213483
2225 0.7044025157232704
2226 0.7045352492141895
2227 0.7046678635547576
2228 0.7048003589053388
2229 0.704932735426009
2230 0.7050649932765576
2231 0.7051971326164874
2232 0.7053291536050157
2233 0.7054610564010743
2234 0.705592841163311
2235 0.7057245080500895
2236 0.7058560572194904
2237 0.7059874888293118
2238 0.7061188030370701
2239 0.70625
2240 0.7059348505131637
2241 0.7060660124888493
2242 0.7061970575122604
2243 0.7058823529411765
2244 0.7055679287305122
2245 0.705253784505788
2246 0.7049399198931909
2247 0.7050711743772242
2248 0.7052023121387283
2249 0.7053333333333334
2250 0.7054642381163927
2251 0.705595026642984
2252 0.7057256990679095
2253 0.7054125998225377
2254 0.7055432372505543
2255 0.7056737588652482
2256 0.7053610988037218
2257 0.7054915854738707
2258 0.7056219566179726
2259 0.7057522123893806
2260 0.7058823529411765
2261 0.7060123784261715
2262 0.7057003977021653
2263 0.7053886925795053
2264 0.7055187637969095
2265 0.705207413945278
2266 0.7048963387737097
2267 0.705026455026455
2268 0.7051564565888057
2269 0.7048458149779736
2270 0.7049757815940114
2271 0.7051056338028169
2272 0.7052353717553893
2273 0.7053649956024626
2274 0.7054945054945055
2275 0.7056239015817223
2276 0.7057531840140536
2277 0.7054433713784021
2278 0.7055726195699868
2279 0.7052631578947368
2280 0.7049539675580886
2281 0.7046450482033304
2282 0.7047744196233027
2283 0.7049036777583187
2284 0.7045951859956237
2285 0.7047244094488189
2286 0.7048535198950591
2287 0.7045454545454546
2288 0.7046745303626037
2289 0.7048034934497817
2290 0.704932343954605
2291 0.7050610820244329
2292 0.7051897078063672
2293 0.7053182214472538
2294 0.7054466230936819
2295 0.705574912891986
2296 0.7057030909882456
2297 0.7058311575282855
2298 0.7059591126576773
2299 0.7056521739130435
2300 0.7053455019556715
2301 0.7050390964378801
2302 0.7047329570125923
2303 0.7048611111111112
2304 0.7049891540130152
2305 0.704683434518647
2306 0.7048114434330299
2307 0.7049393414211439
2308 0.7050671286271113
2309 0.7051948051948052
2310 0.7053223712678495
2311 0.7054498269896193
2312 0.7051448335495029
2313 0.7052722558340536
2314 0.7053995680345573
2315 0.7050949913644214
2316 0.7047906776003453
2317 0.7049180327868853
2318 0.705045278137128
2319 0.7051724137931035
2320 0.7052994398965963
2321 0.7054263565891473
2322 0.7055531640120534
2323 0.7056798623063684
2324 0.7058064516129032
2325 0.705932932072227
2326 0.706059303824667
2327 0.7061855670103093
2328 0.7063117217689996
2329 0.7064377682403433
2330 0.7065637065637066
2331 0.7066895368782161
2332 0.7063866266609515
2333 0.7060839760068551
2334 0.7062098501070664
2335 0.7063356164383562
2336 0.7064612751390672
2337 0.7065868263473054
2338 0.7067122702009405
2339 0.7068376068376069
2340 0.7069628363947031
2341 0.7070879590093937
2342 0.706786171574904
2343 0.7069112627986348
2344 0.7070362473347548
2345 0.7067348678601876
2346 0.7064337452066468
2347 0.7065587734241908
2348 0.7062579821200511
2349 0.7063829787234043
2350 0.7060825180774138
2351 0.70578231292517
2352 0.7059073523161921
2353 0.7060322854715378
2354 0.7061571125265392
2355 0.7062818336162988
2356 0.7064064488756895
2357 0.7065309584393554
2358 0.7062314540059347
2359 0.7063559322033899
2360 0.7060567556120289
2361 0.70575783234547
2362 0.7058823529411765
2363 0.7060067681895094
2364 0.7057082452431289
2365 0.7054099746407438
2366 0.7055344317701732
2367 0.7056587837837838
2368 0.7057830308146897
2369 0.7059071729957805
2370 0.7060312104597216
2371 0.7061551433389545
2372 0.7062789717656974
2373 0.706402695871946
2374 0.7065263157894737
2375 0.7062289562289562
2376 0.7063525452250736
2377 0.7064760302775441
2378 0.7065994115174443
2379 0.7067226890756303
2380 0.7068458630827383
2381 0.7069689336691856
2382 0.7070919009651699
2383 0.7072147651006712
2384 0.7073375262054508
2385 0.7070410729253982
2386 0.7067448680351907
2387 0.7064489112227805
2388 0.7061532021766429
2389 0.7058577405857741
2390 0.7059807611877875
2391 0.7061036789297659
2392 0.7062264939406603
2393 0.7059314954051796
2394 0.7060542797494781
2395 0.7061769616026711
2396 0.706299541093033
2397 0.7060050041701418
2398 0.7061275531471446
2399 0.70625
2400 0.7059558517284464
2401 0.7060782681099084
2402 0.7057844361215148
2403 0.7059068219633944
2404 0.7060291060291061
2405 0.7057356608478803
2406 0.7058579144162859
2407 0.7055647840531561
2408 0.70568700705687
2409 0.7058091286307054
2410 0.705931148900871
2411 0.7056384742951907
2412 0.7057604641525073
2413 0.7058823529411765
2414 0.7060041407867494
2415 0.7061258278145696
2416 0.7058336781133637
2417 0.705955334987593
2418 0.7060768912773874
2419 0.706198347107438
2420 0.7063197026022305
2421 0.7060280759702725
2422 0.7061494015683037
2423 0.7062706270627063
2424 0.705979381443299
2425 0.7061005770816158
2426 0.7062216728471363
2427 0.7059308072487644
2428 0.7060518731988472
2429 0.7061728395061728
2430 0.7058823529411765
2431 0.7055921052631579
2432 0.7057131113851213
2433 0.7058340180772391
2434 0.7059548254620123
2435 0.7060755336617406
2436 0.7057858022158392
2437 0.7059064807219032
2438 0.7060270602706027
2439 0.7061475409836065
2440 0.7062679229823843
2441 0.7063882063882064
2442 0.7065083913221449
2443 0.7066284779050737
2444 0.7067484662576687
2445 0.7064595257563369
2446 0.7065794850837761
2447 0.7066993464052288
2448 0.7068191098407514
2449 0.7069387755102041
2450 0.7070583435332517
2451 0.7067699836867863
2452 0.7064818589482267
2453 0.7061939690301549
2454 0.7063136456211813
2455 0.7060260586319218
2456 0.7057387057387058
2457 0.7054515866558178
2458 0.7055713704758032
2459 0.7056910569105691
2460 0.7054043071921983
2461 0.7051177904142973
2462 0.705237515225335
2463 0.7053571428571429
2464 0.7050709939148073
2465 0.7051905920519059
2466 0.7053100932306445
2467 0.7054294975688817
2468 0.7055488051842851
2469 0.705668016194332
2470 0.7057871307163092
2471 0.705906148867314
2472 0.7060250707642539
2473 0.706143896523848
2474 0.7062626262626263
2475 0.7063812600969306
2476 0.7064997981429149
2477 0.7062146892655368
2478 0.7063331988705123
2479 0.7064516129032258
2480 0.7065699314792422
2481 0.7066881547139404
2482 0.7068062827225131
2483 0.7069243156199678
2484 0.7070422535211267
2485 0.7067578439259855
2486 0.706875753920386
2487 0.7069935691318328
2488 0.707111289674568
2489 0.7072289156626506
2490 0.7073464472099559
2491 0.7074638844301766
2492 0.7075812274368231
2493 0.7072975140336808
2494 0.7074148296593187
2495 0.7075320512820513
2496 0.7076491790148178
2497 0.7077662129703763
2498 0.7078831532613046
2499 0.708
2500 0.7077169132347061
2501 0.7074340527577938
2502 0.707550938873352
2503 0.7072683706070287
2504 0.7073852295409182
2505 0.7071029529130087
2506 0.7072197846031113
2507 0.7073365231259968
2508 0.707453168593065
2509 0.7075697211155378
2510 0.7076861808044603
2511 0.7074044585987261
2512 0.7075208913649025
2513 0.7072394590294352
2514 0.7073558648111332
2515 0.7074721780604134
2516 0.7075883988875645
2517 0.7077045274027005
2518 0.7078205637157602
2519 0.7075396825396826
2520 0.7076556921856406
2521 0.7077716098334655
2522 0.7078874355925485
2523 0.7076069730586371
2524 0.7073267326732673
2525 0.7070467141726049
2526 0.7071626434507321
2527 0.7068829113924051
2528 0.7069988137603797
2529 0.7067193675889328
2530 0.7068352429869617
2531 0.7069510268562401
2532 0.7070667193051717
2533 0.7071823204419889
2534 0.7072978303747535
2535 0.7074132492113565
2536 0.7071344107213244
2537 0.7072498029944838
2538 0.7073651043717999
2539 0.7074803149606299
2540 0.7075954348681621
2541 0.7077104642014163
2542 0.7078254030672434
2543 0.7079402515723271
2544 0.7080550098231827
2545 0.7081696779261587
2546 0.7082842559874362
2547 0.7083987441130298
2548 0.7085131424087877
2549 0.7086274509803921
2550 0.7087416699333595
2551 0.7084639498432602
2552 0.7085781433607521
2553 0.7083007047768207
2554 0.7080234833659491
2555 0.7077464788732394
2556 0.7078607743449354
2557 0.7079749804534793
2558 0.7080890973036342
2559 0.708203125
2560 0.7083170636470129
2561 0.7084309133489461
2562 0.7081545064377682
2563 0.7078783151326054
2564 0.7079922027290448
2565 0.7081060015588464
2566 0.707830151928321
2567 0.7079439252336449
2568 0.7076683534449202
2569 0.7077821011673152
2570 0.7078957604045119
2571 0.7076205287713841
2572 0.7073455110765643
2573 0.7070707070707071
2574 0.7071844660194174
2575 0.7072981366459627
2576 0.7074117190531626
2577 0.7075252133436772
2578 0.7072508724311749
2579 0.7073643410852714
2580 0.7074777218132506
2581 0.7072037180480247
2582 0.7073170731707317
2583 0.7074303405572755
2584 0.7075435203094778
2585 0.7072699149265275
2586 0.7073830691921145
2587 0.7074961360123647
2588 0.7072228659714175
2589 0.7069498069498069
2590 0.7070629100733308
2591 0.7071759259259259
2592 0.7072888546085615
2593 0.7074016962220508
2594 0.707514450867052
2595 0.7076271186440678
2596 0.7077396996534463
2597 0.7074672825250192
2598 0.7075798383993844
2599 0.7073076923076923
2600 0.7074202229911573
2601 0.7071483474250576
2602 0.7072608528620822
2603 0.7073732718894009
2604 0.7074856046065259
2605 0.7072141212586339
2606 0.7073264288454162
2607 0.7070552147239264
2608 0.7067842085090073
2609 0.7065134099616859
2610 0.7066258138644198
2611 0.7067381316998469
2612 0.7064676616915423
2613 0.7065799540933435
2614 0.7066921606118547
2615 0.7068042813455657
2616 0.7069163163928162
2617 0.7070282658517952
2618 0.7071401298205422
2619 0.7072519083969465
2620 0.7073636016787486
2621 0.7070938215102975
2622 0.7072054898970644
2623 0.7073170731707317
2624 0.7074285714285714
2625 0.7075399847677075
2626 0.7072706509326228
2627 0.7073820395738204
2628 0.7074933434766071
2629 0.7072243346007605
2630 0.7073356138350437
2631 0.7074468085106383
2632 0.7075579187238891
2633 0.7076689445709947
2634 0.7074003795066414
2635 0.7075113808801214
2636 0.7076222980659841
2637 0.7077331311599697
2638 0.7078438802576733
2639 0.7075757575757575
2640 0.7076864823930329
2641 0.7077971233913701
2642 0.7075293227393114
2643 0.7076399394856279
2644 0.7077504725897921
2645 0.7074829931972789
2646 0.7072157159047979
2647 0.7069486404833837
2648 0.7070592676481691
2649 0.7071698113207547
2650 0.7072802715956243
2651 0.7070135746606335
2652 0.7071240105540897
2653 0.7072343632253203
2654 0.7073446327683616
2655 0.7074548192771084
2656 0.7075649228453142
2657 0.7076749435665914
2658 0.7077848815344114
2659 0.7078947368421052
2660 0.7080045095828635
2661 0.708114199849737
2662 0.707848291400676
2663 0.7075825825825826
2664 0.7073170731707317
2665 0.7074268567141786
2666 0.7075365579302587
2667 0.7072713643178411
2668 0.7070063694267515
2669 0.7071161048689139
2670 0.7072257581430176
2671 0.7073353293413174
2672 0.7070707070707071
2673 0.7071802543006731
2674 0.7069158878504673
2675 0.7066517189835575
2676 0.7063877474785207
2677 0.7064973861090366
2678 0.7066069428891377
2679 0.7063432835820895
2680 0.7060798209623275
2681 0.7061894108873975
2682 0.7062989191203877
2683 0.706408345752608
2684 0.7065176908752328
2685 0.7066269545793
2686 0.7063639746929661
2687 0.7064732142857143
2688 0.7065823726292302
2689 0.7066914498141263
2690 0.7068004459308808
2691 0.7069093610698366
2692 0.7070181953212031
2693 0.7071269487750557
2694 0.7072356215213358
2695 0.7073442136498517
2696 0.7074527252502781
2697 0.7071905114899926
2698 0.7072989996294924
2699 0.7074074074074074
2700 0.7071455016660496
2701 0.7072538860103627
2702 0.7073621901590825
2703 0.7074704142011834
2704 0.7075785582255083
2705 0.7073170731707317
2706 0.7074251939416328
2707 0.707533234859675
2708 0.7072720561092654
2709 0.7070110701107011
2710 0.7071191442272224
2711 0.7072271386430679
2712 0.7073350534463694
2713 0.7070744288872512
2714 0.7071823204419889
2715 0.7069219440353461
2716 0.7066617592933382
2717 0.7067696835908757
2718 0.7068775285031261
2719 0.7066176470588236
2720 0.7067254685777288
2721 0.7068332108743571
2722 0.7065736320235035
2723 0.7063142437591777
2724 0.7064220183486238
2725 0.7061628760088041
2726 0.7062706270627063
2727 0.7063782991202346
2728 0.7064858922682301
2729 0.7065934065934066
2730 0.7067008421823507
2731 0.7068081991215227
2732 0.7069154774972558
2733 0.7070226773957571
2734 0.7071297989031079
2735 0.7072368421052632
2736 0.7073438070880527
2737 0.7074506939371804
2738 0.7075575027382256
2739 0.7072992700729926
2740 0.7074060561838745
2741 0.7071480671043034
2742 0.7072548304775793
2743 0.706997084548105
2744 0.7071038251366121
2745 0.7072104879825201
2746 0.7073170731707317
2747 0.7070596797671034
2748 0.7068024736267734
2749 0.7069090909090909
2750 0.7066521264994547
2751 0.7067587209302325
2752 0.7065019978205593
2753 0.7062454611474219
2754 0.7063520871143376
2755 0.7064586357039188
2756 0.7065651070003627
2757 0.7066715010877448
2758 0.7067778180500182
2759 0.7068840579710145
2760 0.7069902209344441
2761 0.7067342505430847
2762 0.7064784654361201
2763 0.7065846599131693
2764 0.7066907775768535
2765 0.7064352856109906
2766 0.7061799783158655
2767 0.7062861271676301
2768 0.7063921993499458
2769 0.7064981949458484
2770 0.7066041140382533
2771 0.7067099567099567
2772 0.706455102776776
2773 0.7065609228550829
2774 0.7066666666666667
2775 0.7067723342939481
2776 0.7068779258192294
2777 0.706983441324694
2778 0.7070888808924073
2779 0.7068345323741008
2780 0.7069399496583962
2781 0.7070452911574406
2782 0.7071505569529285
2783 0.7072557471264368
2784 0.7073608617594255
2785 0.7071069633883704
2786 0.7072120559741658
2787 0.7073170731707317
2788 0.707422015059161
2789 0.7075268817204301
2790 0.7076316732353995
2791 0.7077363896848138
2792 0.7078410311493019
2793 0.7079455977093773
2794 0.7080500894454382
2795 0.7081545064377682
2796 0.7079013228459063
2797 0.7080057183702645
2798 0.7081100392997499
2799 0.7082142857142857
2800 0.7083184576936808
2801 0.7084225553176302
2802 0.7085265786657153
2803 0.7082738944365192
2804 0.7083778966131907
2805 0.7081254454739844
2806 0.7082294264339152
2807 0.7083333333333334
2808 0.708437166251335
2809 0.708185053380783
2810 0.7082888651725364
2811 0.7083926031294452
2812 0.7084962673302524
2813 0.7082444918265813
2814 0.708348134991119
2815 0.7084517045454546
2816 0.7082002129925452
2817 0.7079488999290277
2818 0.7080525008868394
2819 0.7081560283687943
2820 0.7079049982275789
2821 0.708008504606662
2822 0.7081119376549769
2823 0.7082152974504249
2824 0.7083185840707965
2825 0.7084217975937721
2826 0.7085249380969225
2827 0.7086280056577087
2828 0.7087310003534818
2829 0.7084805653710248
2830 0.7085835393853762
2831 0.7086864406779662
2832 0.708789269325803
2833 0.7085391672547636
2834 0.7086419753086419
2835 0.7087447108603667
2836 0.7088473739866056
2837 0.7085976039464411
2838 0.7087002465656922
2839 0.7084507042253522
2840 0.7085533262935586
2841 0.7086558761435608
2842 0.7087583538515653
2843 0.7085091420534458
2844 0.7086115992970123
2845 0.708362614195362
2846 0.7084650509308044
2847 0.7085674157303371
2848 0.7086697086697087
2849 0.7087719298245614
2850 0.7088740792704314
2851 0.708625525946704
2852 0.7087276550998949
2853 0.7088297126839523
2854 0.7085814360770578
2855 0.7086834733893558
2856 0.7087854392719636
2857 0.70888733379986
2858 0.7089891570479189
2859 0.7090909090909091
2860 0.7091925900034953
2861 0.7092941998602376
2862 0.709395738735592
2863 0.7091480446927374
2864 0.7089005235602094
2865 0.7086531751570132
2866 0.7087547959539588
2867 0.708507670850767
2868 0.7086092715231788
2869 0.7087108013937282
2870 0.7084639498432602
2871 0.7085654596100278
2872 0.7086668987121476
2873 0.708420320111343
2874 0.7085217391304348
2875 0.7086230876216968
2876 0.7087243656586723
2877 0.7088255733148019
2878 0.7089267106634248
2879 0.7090277777777778
2880 0.7091287747309962
2881 0.7088827203331021
2882 0.7089836975372875
2883 0.7090846047156727
2884 0.708838821490468
2885 0.7089397089397089
2886 0.7086941461724974
2887 0.7087950138504155
2888 0.7085496711664936
2889 0.7086505190311418
2890 0.7087512971290211
2891 0.7088520055325035
2892 0.708606982371241
2893 0.7087076710435384
2894 0.7088082901554404
2895 0.7089088397790055
2896 0.7090093199861927
2897 0.7091097308488613
2898 0.709210072438772
2899 0.7093103448275863
2900 0.709065839365736
2901 0.7088215024121296
2902 0.70892180502928
2903 0.7086776859504132
2904 0.7087779690189329
2905 0.708534067446662
2906 0.7086343309253526
2907 0.7087345254470426
2908 0.7084908903403231
2909 0.7085910652920963
2910 0.7083476468567502
2911 0.7084478021978022
2912 0.7082046000686577
2913 0.7083047357584077
2914 0.7084048027444254
2915 0.708161865569273
2916 0.7082619129242372
2917 0.7083618917066484
2918 0.7084618019869818
2919 0.7082191780821918
2920 0.7083190688120506
2921 0.7084188911704312
2922 0.708176530961341
2923 0.7082763337893296
2924 0.7083760683760684
2925 0.7084757347915243
2926 0.7085753331055689
2927 0.7086748633879781
2928 0.7087743257084329
2929 0.7085324232081911
2930 0.70863186625725
2931 0.708731241473397
2932 0.7088305489260143
2933 0.7089297886843899
2934 0.7090289608177172
2935 0.7091280653950953
2936 0.7088866189989785
2937 0.7089857045609258
2938 0.7090847226947942
2939 0.7091836734693877
2940 0.7092825569534172
2941 0.7093813732154997
2942 0.709140332993544
2943 0.7092391304347826
2944 0.7089983022071308
2945 0.7087576374745418
2946 0.7085171360705802
2947 0.7086160108548168
2948 0.7087148185825703
2949 0.7088135593220339
2950 0.708912233141308
2951 0.7090108401084011
2952 0.7091093802912293
2953 0.7092078537576167
2954 0.7093062605752961
2955 0.7090663058186739
2956 0.7091646939465674
2957 0.7089249492900609
2958 0.7086853666779317
2959 0.7087837837837838
2960 0.7088821344140493
2961 0.7089804186360568
2962 0.7090786365170435
2963 0.7091767881241565
2964 0.709274873524452
2965 0.7093728927848955
2966 0.709133805190428
2967 0.7092318059299192
2968 0.708992926911418
2969 0.7090909090909091
2970 0.709188825311343
2971 0.7092866756393001
2972 0.7090480995627313
2973 0.7088096839273705
2974 0.7089075630252101
2975 0.7086693548387096
2976 0.7087672153174337
2977 0.708865010073875
2978 0.7086270560590803
2979 0.7087248322147651
2980 0.7088225427708823
2981 0.7089201877934272
2982 0.7090177673483071
2983 0.7091152815013405
2984 0.7092127303182579
2985 0.709310113864702
2986 0.7094074322062269
2987 0.7095046854082999
2988 0.7092673134827702
2989 0.7093645484949833
2990 0.7094617184887997
2991 0.7095588235294118
2992 0.7093217507517541
2993 0.7094188376753507
2994 0.7095158597662772
2995 0.7096128170894526
2996 0.7097097097097097
2997 0.7098065376917946
2998 0.7099033011003668
2999 0.71
3000 0.7100966344551816
3001 0.7101932045303131
3002 0.7102897102897103
3003 0.7100532623169108
3004 0.7101497504159734
3005 0.7102461743180306
3006 0.71034253408713
3007 0.7101063829787234
3008 0.7102027251578598
3009 0.7102990033222591
3010 0.7100631019594819
3011 0.7101593625498008
3012 0.7102555592432791
3013 0.7103516921035169
3014 0.7104477611940299
3015 0.7105437665782494
3016 0.7103082532316871
3017 0.7104042412193505
3018 0.7105001656177542
3019 0.7105960264900663
3020 0.710691823899371
3021 0.7104566512243548
3022 0.7105524313595766
3023 0.7106481481481481
3024 0.7107438016528925
3025 0.7108393919365499
3026 0.7109349190617773
3027 0.7107001321003963
3028 0.7107956421261142
3029 0.7108910891089109
3030 0.7109864731111845
3031 0.7110817941952506
3032 0.7108473458621827
3033 0.7106130520764667
3034 0.7107084019769357
3035 0.7108036890645586
3036 0.7108989134013829
3037 0.7109940750493746
3038 0.7110891740704179
3039 0.7111842105263158
3040 0.7112791844787899
3041 0.7110453648915187
3042 0.7108116989812685
3043 0.7105781865965834
3044 0.7103448275862069
3045 0.7104399212081418
3046 0.7105349524122088
3047 0.7106299212598425
3048 0.7103968514266973
3049 0.7101639344262295
3050 0.7102589314978696
3051 0.7103538663171691
3052 0.7104487389452997
3053 0.7102161100196464
3054 0.7103109656301145
3055 0.7104057591623036
3056 0.7105004906771345
3057 0.71026814911707
3058 0.7103628636809415
3059 0.7104575163398693
3060 0.7102254165305456
3061 0.7103200522534291
3062 0.7104146261834803
3063 0.710509138381201
3064 0.7102773246329527
3065 0.7103718199608611
3066 0.7104662536680796
3067 0.7105606258148631
3068 0.7106549364613881
3069 0.7107491856677525
3070 0.7108433734939759
3071 0.7106119791666666
3072 0.7103807354376831
3073 0.7104749512036435
3074 0.7102439024390244
3075 0.7103381014304291
3076 0.7104322391940201
3077 0.7105263157894737
3078 0.7106203312763885
3079 0.7107142857142857
3080 0.7108081791626095
3081 0.7105775470473719
3082 0.710671423937723
3083 0.7107652399481194
3084 0.7108589951377634
3085 0.710952689565781
3086 0.7107223841917719
3087 0.7108160621761658
3088 0.7109096795079314
3089 0.7106796116504854
3090 0.710773212552572
3091 0.7108667529107374
3092 0.7109602327837051
3093 0.7107304460245637
3094 0.7108239095315024
3095 0.7109173126614987
3096 0.7106877623506619
3097 0.71078114912847
3098 0.7105517909002904
3099 0.7106451612903226
3100 0.7104159948403741
3101 0.7105093488072212
3102 0.7102803738317757
3103 0.7103737113402062
3104 0.7104669887278583
3105 0.710560206052801
3106 0.7106533633730286
3107 0.7104247104247104
3108 0.710196204567385
3109 0.7102893890675241
3110 0.7103825136612022
3111 0.7104755784061697
3112 0.7102473498233216
3113 0.7103403982016698
3114 0.7104333868378813
3115 0.7102053915275995
3116 0.710298363811357
3117 0.7103912764592688
3118 0.7104841295286951
3119 0.7105769230769231
3120 0.7106696571611663
3121 0.7107623318385651
3122 0.7108549471661864
3123 0.7109475032010243
3124 0.71072
3125 0.7104926423544465
3126 0.7102654301247202
3127 0.7103580562659847
3128 0.7101310322786832
3129 0.710223642172524
3130 0.7099968061322262
3131 0.7097701149425287
3132 0.7095435684647303
3133 0.7096362476068921
3134 0.7097288676236044
3135 0.7098214285714286
3136 0.7099139305068537
3137 0.710006373486297
3138 0.7097801847722205
3139 0.7098726114649682
3140 0.7099649793059535
3141 0.7100572883513686
3142 0.7101495386573338
3143 0.7102417302798982
3144 0.7103338632750398
3145 0.710425937698665
3146 0.7105179536066095
3147 0.7102922490470139
3148 0.7103842489679263
3149 0.7104761904761905
3150 0.7105680736274199
3151 0.7106598984771574
3152 0.7107516650808754
3153 0.7108433734939759
3154 0.7106180665610142
3155 0.7107097591888466
3156 0.710801393728223
3157 0.7108929702343255
3158 0.7106679328901551
3159 0.7107594936708861
3160 0.7108509965200885
3161 0.7109424414927261
3162 0.7110338286436927
3163 0.7111251580278128
3164 0.711216429699842
3165 0.7113076437144662
3166 0.7113988001263025
3167 0.7111742424242424
3168 0.711265383401704
3169 0.7110410094637224
3170 0.7108167770419426
3171 0.7109079445145019
3172 0.7106838953671604
3173 0.7107750472589792
3174 0.7108661417322835
3175 0.7106423173803527
3176 0.7107333962858042
3177 0.710824417872876
3178 0.7106008178672538
3179 0.710691823899371
3180 0.7107827727129833
3181 0.7108736643620365
3182 0.7106503298774741
3183 0.7107412060301508
3184 0.7108320251177394
3185 0.7109227871939736
3186 0.7110134923125196
3187 0.7107904642409034
3188 0.7108811539667608
3189 0.7106583072100313
3190 0.7107489815104983
3191 0.7108395989974937
3192 0.7109301597243971
3193 0.711020663744521
3194 0.7111111111111111
3195 0.7112015018773467
3196 0.7109790428526744
3197 0.7110694183864915
3198 0.7111597374179431
3199 0.7109375
3200 0.7110278038113089
3201 0.7111180512179888
3202 0.7112082422728692
3203 0.7112983770287141
3204 0.7110764430577223
3205 0.7111665626949469
3206 0.7112566261303399
3207 0.7113466334164589
3208 0.7111249610470551
3209 0.711214953271028
3210 0.7113048894425412
3211 0.7110834371108343
3212 0.7108621226268285
3213 0.7109520846297449
3214 0.7110419906687403
3215 0.7111318407960199
3216 0.7112216350637239
3217 0.7110006215040398
3218 0.7110904007455732
3219 0.7108695652173913
3220 0.7109593294008072
3221 0.7107386716325264
3222 0.7108284207260317
3223 0.7109181141439206
3224 0.7110077519379845
3225 0.7107873527588344
3226 0.7108769755190579
3227 0.7109665427509294
3228 0.711056054506039
3229 0.7111455108359133
3230 0.7112349117920148
3231 0.7113242574257426
3232 0.7111042375502629
3233 0.7111935683364254
3234 0.7109737248840804
3235 0.7107540173053152
3236 0.7108433734939759
3237 0.7109326744904262
3238 0.7110219203457857
3239 0.7111111111111111
3240 0.7112002468373959
3241 0.7112893275755706
3242 0.7110699969164354
3243 0.7111590628853267
3244 0.7109399075500771
3245 0.7110289587184226
3246 0.7111179550354173
3247 0.7112068965517241
3248 0.711295783317944
3249 0.7113846153846154
3250 0.7111657951399569
3251 0.7112546125461254
3252 0.7113433753458346
3253 0.7114320835894284
3254 0.7115207373271889
3255 0.7113022113022113
3256 0.7113908504758981
3257 0.7114794352363413
3258 0.7115679656336299
3259 0.7116564417177914
3260 0.7114382091383011
3261 0.7112201103617413
3262 0.7113086117070181
3263 0.7113970588235294
3264 0.7114854517611026
3265 0.711573790569504
3266 0.711662075298439
3267 0.7117503059975521
3268 0.7115325787702661
3269 0.7113149847094801
3270 0.7110975236930602
3271 0.710880195599022
3272 0.7106630003055301
3273 0.7107513744654856
3274 0.7105343511450382
3275 0.7106227106227107
3276 0.7107110161733292
3277 0.7107992678462477
3278 0.7108874656907593
3279 0.7109756097560975
3280 0.7110637000914355
3281 0.7108470444850701
3282 0.7109351203167834
3283 0.7110231425091352
3284 0.7111111111111111
3285 0.7111990261716372
3286 0.7109826589595376
3287 0.7110705596107056
3288 0.7111584068105807
3289 0.7109422492401216
3290 0.7110300820419325
3291 0.7108140947752126
3292 0.7109019131491041
3293 0.7109896782027929
3294 0.7107738998482549
3295 0.7105582524271845
3296 0.7106460418562329
3297 0.7104305639781686
3298 0.7105183388905729
3299 0.7103030303030303
3300 0.7103907906694941
3301 0.7104784978800727
3302 0.7105661519830457
3303 0.7103510895883777
3304 0.7104387291981845
3305 0.7105263157894737
3306 0.7106138494103417
3307 0.7107013301088271
3308 0.7107887579329103
3309 0.7108761329305135
3310 0.7109634551495017
3311 0.7110507246376812
3312 0.7111379414428011
3313 0.7112251056125528
3314 0.7113122171945702
3315 0.7113992762364294
3316 0.7111848055471812
3317 0.7112718505123569
3318 0.7113588430250075
3319 0.7111445783132531
3320 0.711231556760012
3321 0.7113184828416617
3322 0.7111044237135119
3323 0.7111913357400722
3324 0.7112781954887218
3325 0.7110643415514131
3326 0.711151187255786
3327 0.7112379807692307
3328 0.7113247221387804
3329 0.7114114114114114
3330 0.7111978384869408
3331 0.710984393757503
3332 0.7110711071107111
3333 0.7111577684463107
3334 0.7112443778110945
3335 0.7113309352517986
3336 0.7114174408151034
3337 0.7115038945476333
3338 0.7115902964959568
3339 0.7116766467065868
3340 0.711463633642622
3341 0.7115499700777977
3342 0.711337122345199
3343 0.7114234449760766
3344 0.7115097159940209
3345 0.7115959354453079
3346 0.7116821033761578
3347 0.711768219832736
3348 0.7115556882651538
3349 0.7116417910447761
3350 0.711727842435094
3351 0.7115155131264916
3352 0.7116015508499851
3353 0.7113893858079905
3354 0.711177347242921
3355 0.7112634088200238
3356 0.711349419124218
3357 0.7114353782013103
3358 0.7115212860970527
3359 0.7116071428571429
3360 0.7116929485272241
3361 0.711481261154075
3362 0.7115670532262861
3363 0.7116527942925089
3364 0.711738484398217
3365 0.7115270350564468
3366 0.7116127116127117
3367 0.7116983372921615
3368 0.711783912140101
3369 0.7118694362017804
3370 0.7119549095223969
3371 0.7120403321470937
3372 0.7121257041209605
3373 0.7122110254890338
3374 0.7122962962962963
3375 0.7120853080568721
3376 0.7121705655907611
3377 0.7122557726465364
3378 0.7123409292690145
3379 0.7121301775147929
3380 0.7119195504288672
3381 0.7120047309284447
3382 0.7117942654448715
3383 0.7118794326241135
3384 0.7119645494830132
3385 0.7117542823390431
3386 0.7118393858872158
3387 0.711629279811098
3388 0.7114192977279433
3389 0.7115044247787611
3390 0.7112946033618401
3391 0.7113797169811321
3392 0.7114647804302977
3393 0.711549793753683
3394 0.7116347569955818
3395 0.7117196702002355
3396 0.7115101560200177
3397 0.7113007651559741
3398 0.7110914974992645
3399 0.7111764705882353
3400 0.7109673625404292
3401 0.7110523221634333
3402 0.7108433734939759
3403 0.7109283196239718
3404 0.7110132158590309
3405 0.7108044627128597
3406 0.710595832110361
3407 0.7106807511737089
3408 0.7107656204165445
3409 0.7105571847507332
3410 0.7106420404573439
3411 0.7107268464243846
3412 0.710518605332552
3413 0.7106033977738723
3414 0.710688140556369
3415 0.7107728337236534
3416 0.710857477319286
3417 0.7106495026331188
3418 0.7107341327873647
3419 0.7108187134502923
3420 0.7106109324758842
3421 0.7106954997077732
3422 0.7104878761320479
3423 0.710572429906542
3424 0.7103649635036496
3425 0.7101576182136602
3426 0.7099503939305515
3427 0.7100350058343057
3428 0.7098279381743948
3429 0.7099125364431487
3430 0.7097056251821626
3431 0.7097902097902098
3432 0.7098747451208856
3433 0.7099592312172394
3434 0.7100436681222707
3435 0.710128055878929
3436 0.7102123945301134
3437 0.7102966841186736
3438 0.7100901424832801
3439 0.7098837209302326
3440 0.7099680325486777
3441 0.7097617664148751
3442 0.7095556200987511
3443 0.7096399535423926
3444 0.7097242380261248
3445 0.709808473592571
3446 0.7098926602843052
3447 0.7099767981438515
3448 0.7100608872136851
3449 0.7098550724637681
3450 0.7096493769921762
3451 0.7094438006952491
3452 0.7095279467130032
3453 0.7096120440069484
3454 0.7096960926193921
3455 0.7097800925925926
3456 0.709864043968759
3457 0.7096587622903412
3458 0.7097427002023706
3459 0.7095375722543352
3460 0.7096214966772609
3461 0.7097053726169844
3462 0.7097892001155068
3463 0.7098729792147807
3464 0.70995670995671
3465 0.7100403923831506
3466 0.71012402653591
3467 0.709919261822376
3468 0.7100028826751225
3469 0.7100864553314121
3470 0.7098818784212043
3471 0.7096774193548387
3472 0.7097610135329686
3473 0.7098445595854922
3474 0.7096402877697842
3475 0.7097238204833142
3476 0.7098073051481162
3477 0.7098907418056354
3478 0.7099741304972693
3479 0.7100574712643678
3480 0.7098534903763286
3481 0.7099368179207353
3482 0.7097329888027563
3483 0.7095292766934558
3484 0.7093256814921091
3485 0.7094090648307516
3486 0.7094924003441354
3487 0.7095756880733946
3488 0.709372312983663
3489 0.7094555873925501
3490 0.7095388140933829
3491 0.7096219931271478
3492 0.7097051245347838
3493 0.7095020034344591
3494 0.709585121602289
3495 0.7096681922196796
3496 0.7094652559336574
3497 0.70926243567753
3498 0.7093455272935124
3499 0.7094285714285714
3500 0.7092259354470152
3501 0.7093089663049685
3502 0.7093919497573509
3503 0.7094748858447488
3504 0.7092724679029957
3505 0.7090701654306902
3506 0.7088679783290561
3507 0.7089509692132269
3508 0.7090339127956683
3509 0.7091168091168091
3510 0.7091996582170322
3511 0.7092824601366743
3512 0.7093652149160262
3513 0.709447922595333
3514 0.7095305832147938
3515 0.7093287827076223
3516 0.7091270969576343
3517 0.7092097782831154
3518 0.7092924126172208
3519 0.7090909090909091
3520 0.7088895200227208
3521 0.7089721749006247
3522 0.7090547828555208
3523 0.7091373439273553
3524 0.7092198581560284
3525 0.7090187180941577
3526 0.7091012191664304
3527 0.7091836734693877
3528 0.7089827146500425
3529 0.7090651558073654
3530 0.7091475502690456
3531 0.7092298980747452
3532 0.7093121992640815
3533 0.709394453876627
3534 0.7094766619519095
3535 0.7095588235294118
3536 0.709358213175007
3537 0.7091577162238553
3538 0.7092398982763493
3539 0.7093220338983051
3540 0.7094041231290595
3541 0.7094861660079052
3542 0.7095681625740897
3543 0.7093679458239278
3544 0.7094499294781382
3545 0.7092498589960519
3546 0.7093318297152523
3547 0.7094137542277339
3548 0.7092138630600169
3549 0.7090140845070423
3550 0.7088144184736694
3551 0.7088963963963963
3552 0.7089783281733746
3553 0.7090602138435566
3554 0.7091420534458509
3555 0.7092238470191226
3556 0.7093055946021929
3557 0.7093872962338392
3558 0.7091879741500422
3559 0.7092696629213483
3560 0.7093513058129739
3561 0.7091521617069062
3562 0.7092337917485265
3563 0.7090347923681257
3564 0.7091164095371669
3565 0.7091979809310152
3566 0.7092795065881693
3567 0.7093609865470852
3568 0.7094424208461754
3569 0.7092436974789916
3570 0.7093251190142817
3571 0.7094064949608063
3572 0.709487825356843
3573 0.7095691102406267
3574 0.7096503496503497
3575 0.709731543624161
3576 0.7098126922001677
3577 0.7098937954164337
3578 0.7099748533109808
3579 0.7097765363128492
3580 0.7098575816810947
3581 0.7099385817978783
3582 0.7097404409712531
3583 0.7098214285714286
3584 0.7099023709902371
3585 0.7099832682654769
3586 0.709785335935322
3587 0.70958751393534
3588 0.7093898021733074
3589 0.7094707520891365
3590 0.7095516569200779
3591 0.7093541202672605
3592 0.7094350125243529
3593 0.7095158597662772
3594 0.709596662030598
3595 0.7096774193548387
3596 0.709480122324159
3597 0.7092829349638688
3598 0.7093637121422618
3599 0.7094444444444444
3600 0.7095251319078034
3601 0.7096057745696835
3602 0.7094088259783514
3603 0.709211986681465
3604 0.7092926490984743
3605 0.7093732667775929
3606 0.7091766010535071
3607 0.708980044345898
3608 0.7090606816292602
3609 0.7091412742382271
3610 0.7092218222099141
3611 0.7093023255813954
3612 0.7091060060891227
3613 0.7091864969562811
3614 0.7092669432918396
3615 0.7093473451327433
3616 0.7094277025158972
3617 0.7092316196793809
3618 0.7093119646311136
3619 0.7093922651933702
3620 0.7094725214029274
3621 0.7095527332965212
3622 0.709356886558101
3623 0.7094370860927153
3624 0.7095172413793104
3625 0.7095973524544953
3626 0.7096774193548387
3627 0.7097574421168688
3628 0.7098374207770736
3629 0.7099173553719008
3630 0.7099972459377581
3631 0.7098017621145375
3632 0.7096063859069639
3633 0.7096862960924601
3634 0.7097661623108665
3635 0.7098459845984598
3636 0.7099257629914765
3637 0.7100054975261132
3638 0.7100851882385271
3639 0.7098901098901099
3640 0.7096951386981598
3641 0.7097748489840747
3642 0.7095800164699424
3643 0.7096597145993414
3644 0.7094650205761317
3645 0.7095447065277016
3646 0.709350150808884
3647 0.7091557017543859
3648 0.7089613592765142
3649 0.7087671232876712
3650 0.7085729937003561
3651 0.7083789704271632
3652 0.7084588009854914
3653 0.7085385878489326
3654 0.7086183310533516
3655 0.7086980306345733
3656 0.7087776866283839
3657 0.7088572990705303
3658 0.7086635692812244
3659 0.7087431693989071
3660 0.708822726031139
3661 0.7086291643910432
3662 0.7087087087087087
3663 0.7087882096069869
3664 0.7085948158253752
3665 0.7084015275504637
3666 0.7084810471775294
3667 0.7082878953107961
3668 0.708367402562006
3669 0.7084468664850136
3670 0.7085262871152275
3671 0.7086056644880174
3672 0.7086849986387149
3673 0.708764289602613
3674 0.7085714285714285
3675 0.7083786724700761
3676 0.7084579820505847
3677 0.7082653616095704
3678 0.7080728458820331
3679 0.7078804347826086
3680 0.7079597935343657
3681 0.7077675176534493
3682 0.7075753461851751
3683 0.7076547231270358
3684 0.7077340569877884
3685 0.7078133478024959
3686 0.7076213723894765
3687 0.7074295010845987
