0 1.0
1 1.0
2 0.6666666666666666
3 0.75
4 0.8
5 0.8333333333333334
6 0.8571428571428571
7 0.875
8 0.7777777777777778
9 0.8
10 0.8181818181818182
11 0.75
12 0.7692307692307693
13 0.7142857142857143
14 0.7333333333333333
15 0.75
16 0.7647058823529411
17 0.7222222222222222
18 0.7368421052631579
19 0.75
20 0.7619047619047619
21 0.7272727272727273
22 0.6956521739130435
23 0.7083333333333334
24 0.72
25 0.7307692307692307
26 0.7037037037037037
27 0.6785714285714286
28 0.6896551724137931
29 0.6666666666666666
30 0.6774193548387096
31 0.6875
32 0.6666666666666666
33 0.6764705882352942
34 0.6857142857142857
35 0.6666666666666666
36 0.6756756756756757
37 0.6842105263157895
38 0.6666666666666666
39 0.675
40 0.6829268292682927
41 0.6904761904761905
42 0.6976744186046512
43 0.6818181818181818
44 0.6888888888888889
45 0.6956521739130435
46 0.6808510638297872
47 0.6666666666666666
48 0.673469387755102
49 0.68
50 0.6862745098039216
51 0.6730769230769231
52 0.6792452830188679
53 0.6851851851851852
54 0.6909090909090909
55 0.6964285714285714
56 0.6842105263157895
57 0.6896551724137931
58 0.6949152542372882
59 0.7
60 0.7049180327868853
61 0.7096774193548387
62 0.7142857142857143
63 0.71875
64 0.7076923076923077
65 0.7121212121212122
66 0.7014925373134329
67 0.6911764705882353
68 0.6956521739130435
69 0.6857142857142857
70 0.6901408450704225
71 0.6944444444444444
72 0.6986301369863014
73 0.6891891891891891
74 0.6933333333333334
75 0.6842105263157895
76 0.6883116883116883
77 0.6794871794871795
78 0.6708860759493671
79 0.675
80 0.6666666666666666
81 0.6707317073170732
82 0.6746987951807228
83 0.6666666666666666
84 0.6588235294117647
85 0.6627906976744186
86 0.6666666666666666
87 0.6590909090909091
88 0.651685393258427
89 0.6555555555555556
90 0.6593406593406593
91 0.6630434782608695
92 0.6666666666666666
93 0.6595744680851063
94 0.6526315789473685
95 0.65625
96 0.6597938144329897
97 0.6632653061224489
98 0.6666666666666666
99 0.66
100 0.6534653465346535
101 0.6568627450980392
102 0.6504854368932039
103 0.6538461538461539
104 0.6571428571428571
105 0.660377358490566
106 0.6542056074766355
107 0.6574074074074074
108 0.6605504587155964
109 0.6636363636363637
110 0.6666666666666666
111 0.6696428571428571
112 0.672566371681416
113 0.6754385964912281
114 0.6695652173913044
115 0.6724137931034483
116 0.6666666666666666
117 0.6694915254237288
118 0.6722689075630253
119 0.675
120 0.6776859504132231
121 0.680327868852459
122 0.6829268292682927
123 0.6854838709677419
124 0.68
125 0.6825396825396826
126 0.6850393700787402
127 0.6875
128 0.689922480620155
129 0.6923076923076923
130 0.6946564885496184
131 0.696969696969697
132 0.6917293233082706
133 0.6940298507462687
134 0.6962962962962963
135 0.6985294117647058
136 0.7007299270072993
137 0.7028985507246377
138 0.7050359712230215
139 0.7
140 0.6950354609929078
141 0.6971830985915493
142 0.6993006993006993
143 0.7013888888888888
144 0.7034482758620689
145 0.6986301369863014
146 0.7006802721088435
147 0.6959459459459459
148 0.697986577181208
149 0.7
150 0.7019867549668874
151 0.7039473684210527
152 0.6993464052287581
153 0.7012987012987013
154 0.6967741935483871
155 0.6923076923076923
156 0.6878980891719745
157 0.689873417721519
158 0.6855345911949685
159 0.6875
160 0.6832298136645962
161 0.6851851851851852
162 0.6871165644171779
163 0.6829268292682927
164 0.6848484848484848
165 0.6867469879518072
166 0.688622754491018
167 0.6904761904761905
168 0.6863905325443787
169 0.6882352941176471
170 0.6900584795321637
171 0.6918604651162791
172 0.6936416184971098
173 0.6896551724137931
174 0.6914285714285714
175 0.6931818181818182
176 0.6892655367231638
177 0.6853932584269663
178 0.6871508379888268
179 0.6888888888888889
180 0.6906077348066298
181 0.6868131868131868
182 0.6830601092896175
183 0.6793478260869565
184 0.6810810810810811
185 0.6827956989247311
186 0.6844919786096256
187 0.6861702127659575
188 0.6878306878306878
189 0.6842105263157895
190 0.6858638743455497
191 0.6875
192 0.689119170984456
193 0.6907216494845361
194 0.6923076923076923
195 0.6938775510204082
196 0.6954314720812182
197 0.696969696969697
198 0.6984924623115578
199 0.7
200 0.7014925373134329
201 0.7029702970297029
202 0.7044334975369458
203 0.7009803921568627
204 0.7024390243902439
205 0.7038834951456311
206 0.7053140096618358
207 0.7067307692307693
208 0.7081339712918661
209 0.7095238095238096
210 0.7109004739336493
211 0.7122641509433962
212 0.7136150234741784
213 0.7149532710280374
214 0.7116279069767442
215 0.7083333333333334
216 0.7096774193548387
217 0.7110091743119266
218 0.7077625570776256
219 0.7090909090909091
220 0.7104072398190046
221 0.7117117117117117
222 0.7130044843049327
223 0.7142857142857143
224 0.7155555555555555
225 0.7168141592920354
226 0.7180616740088106
227 0.7149122807017544
228 0.7161572052401747
229 0.717391304347826
230 0.7186147186147186
231 0.7198275862068966
232 0.721030042918455
233 0.717948717948718
234 0.7191489361702128
235 0.7203389830508474
236 0.7172995780590717
237 0.7184873949579832
238 0.7196652719665272
239 0.7166666666666667
240 0.7178423236514523
241 0.71900826446281
242 0.720164609053498
243 0.7213114754098361
244 0.7224489795918367
245 0.7195121951219512
246 0.7206477732793523
247 0.7217741935483871
248 0.7188755020080321
249 0.72
250 0.7211155378486056
251 0.7222222222222222
252 0.7233201581027668
253 0.7204724409448819
254 0.7215686274509804
255 0.71875
256 0.7198443579766537
257 0.7209302325581395
258 0.722007722007722
259 0.7230769230769231
260 0.7241379310344828
261 0.7251908396946565
262 0.7262357414448669
263 0.7272727272727273
264 0.7283018867924528
265 0.7255639097744361
266 0.7265917602996255
267 0.7276119402985075
268 0.7286245353159851
269 0.7296296296296296
270 0.7306273062730627
271 0.7279411764705882
272 0.7252747252747253
273 0.7262773722627737
274 0.7272727272727273
275 0.7282608695652174
276 0.7292418772563177
277 0.7302158273381295
278 0.7275985663082437
279 0.7285714285714285
280 0.7295373665480427
281 0.7269503546099291
282 0.7279151943462897
283 0.7288732394366197
284 0.7298245614035088
285 0.7272727272727273
286 0.7247386759581882
287 0.7222222222222222
288 0.7231833910034602
289 0.7241379310344828
290 0.7250859106529209
291 0.726027397260274
292 0.726962457337884
293 0.7278911564625851
294 0.7288135593220338
295 0.7263513513513513
296 0.7272727272727273
297 0.7248322147651006
298 0.725752508361204
299 0.7266666666666667
300 0.7242524916943521
301 0.7251655629139073
302 0.7260726072607261
303 0.7269736842105263
304 0.7278688524590164
305 0.7287581699346405
306 0.7296416938110749
307 0.7305194805194806
308 0.7281553398058253
309 0.7258064516129032
310 0.7266881028938906
311 0.7275641025641025
312 0.7284345047923323
313 0.7292993630573248
314 0.7301587301587301
315 0.7310126582278481
316 0.7287066246056783
317 0.7295597484276729
318 0.7304075235109718
319 0.73125
320 0.7320872274143302
321 0.7329192546583851
322 0.7337461300309598
323 0.7345679012345679
324 0.7353846153846154
325 0.7361963190184049
326 0.7370030581039755
327 0.7378048780487805
328 0.7386018237082067
329 0.7393939393939394
330 0.7371601208459214
331 0.7349397590361446
332 0.7357357357357357
333 0.7365269461077845
334 0.7343283582089553
335 0.7351190476190477
336 0.7359050445103857
337 0.7366863905325444
338 0.7345132743362832
339 0.7352941176470589
340 0.7360703812316716
341 0.7368421052631579
342 0.7376093294460642
343 0.7383720930232558
344 0.7391304347826086
345 0.7398843930635838
346 0.7406340057636888
347 0.7385057471264368
348 0.7392550143266475
349 0.7371428571428571
350 0.7350427350427351
351 0.7357954545454546
352 0.7337110481586402
353 0.7344632768361582
354 0.7352112676056338
355 0.7359550561797753
356 0.7338935574229691
357 0.7346368715083799
358 0.7325905292479109
359 0.7305555555555555
360 0.7313019390581718
361 0.7320441988950276
362 0.7300275482093664
363 0.728021978021978
364 0.726027397260274
365 0.726775956284153
366 0.7275204359673024
367 0.7255434782608695
368 0.7262872628726287
369 0.727027027027027
370 0.7250673854447439
371 0.7258064516129032
372 0.7265415549597856
373 0.7272727272727273
374 0.728
375 0.726063829787234
376 0.726790450928382
377 0.7248677248677249
378 0.7229551451187335
379 0.7236842105263158
380 0.7244094488188977
381 0.7225130890052356
382 0.7232375979112271
383 0.7239583333333334
384 0.7220779220779221
385 0.7202072538860104
386 0.7209302325581395
387 0.7216494845360825
388 0.7223650385604113
389 0.7230769230769231
390 0.7237851662404092
391 0.7219387755102041
392 0.7201017811704835
393 0.7208121827411168
394 0.7215189873417721
395 0.7222222222222222
396 0.7229219143576826
397 0.7236180904522613
398 0.7218045112781954
399 0.7225
400 0.7231920199501247
401 0.7213930348258707
402 0.7220843672456576
403 0.7227722772277227
404 0.7209876543209877
405 0.7216748768472906
406 0.7223587223587223
407 0.7205882352941176
408 0.7212713936430318
409 0.7219512195121951
410 0.7226277372262774
411 0.7233009708737864
412 0.7239709443099274
413 0.7222222222222222
414 0.7228915662650602
415 0.7235576923076923
416 0.7242206235011991
417 0.7248803827751196
418 0.7255369928400954
419 0.7238095238095238
420 0.7244655581947743
421 0.7251184834123223
422 0.7257683215130024
423 0.7264150943396226
424 0.7270588235294118
425 0.7253521126760564
426 0.7259953161592506
427 0.7266355140186916
428 0.7272727272727273
429 0.7255813953488373
430 0.7262180974477959
431 0.7268518518518519
432 0.7274826789838337
433 0.728110599078341
434 0.728735632183908
435 0.7293577981651376
436 0.7299771167048055
437 0.730593607305936
438 0.7312072892938497
439 0.7318181818181818
440 0.7324263038548753
441 0.7330316742081447
442 0.7336343115124153
443 0.7319819819819819
444 0.7325842696629213
445 0.7331838565022422
446 0.7337807606263982
447 0.7321428571428571
448 0.732739420935412
449 0.7333333333333333
450 0.7339246119733924
451 0.7323008849557522
452 0.7328918322295805
453 0.7334801762114538
454 0.734065934065934
455 0.7346491228070176
456 0.7352297592997812
457 0.7358078602620087
458 0.7342047930283224
459 0.7347826086956522
460 0.7331887201735358
461 0.7316017316017316
462 0.7300215982721382
463 0.7306034482758621
464 0.7311827956989247
465 0.7296137339055794
466 0.7301927194860813
467 0.7307692307692307
468 0.7313432835820896
469 0.7319148936170212
470 0.732484076433121
471 0.7330508474576272
472 0.733615221987315
473 0.7341772151898734
474 0.7347368421052631
475 0.7352941176470589
476 0.7358490566037735
477 0.7343096234309623
478 0.7348643006263048
479 0.7354166666666667
480 0.7338877338877339
481 0.7344398340248963
482 0.7349896480331263
483 0.7355371900826446
484 0.7360824742268042
485 0.7366255144032922
486 0.7371663244353183
487 0.7377049180327869
488 0.7361963190184049
489 0.736734693877551
490 0.7372708757637475
491 0.7378048780487805
492 0.7363083164300203
493 0.7348178137651822
494 0.7353535353535353
495 0.7358870967741935
496 0.7344064386317908
497 0.7349397590361446
498 0.7334669338677354
499 0.734
500 0.7345309381237525
501 0.7350597609561753
502 0.73558648111332
503 0.7361111111111112
504 0.7366336633663366
505 0.7371541501976284
506 0.73767258382643
507 0.7381889763779528
508 0.7387033398821218
509 0.7392156862745098
510 0.7397260273972602
511 0.73828125
512 0.7368421052631579
513 0.7373540856031129
514 0.7378640776699029
515 0.7364341085271318
516 0.7369439071566731
517 0.7374517374517374
518 0.7379576107899807
519 0.7384615384615385
520 0.7389635316698656
521 0.7394636015325671
522 0.739961759082218
523 0.7404580152671756
524 0.7409523809523809
525 0.7414448669201521
526 0.7419354838709677
527 0.7424242424242424
528 0.7429111531190926
529 0.7415094339622641
530 0.7401129943502824
531 0.7406015037593985
532 0.7392120075046904
533 0.7397003745318352
534 0.7401869158878505
535 0.7406716417910447
536 0.7411545623836127
537 0.741635687732342
538 0.7402597402597403
539 0.7407407407407407
540 0.7412199630314233
541 0.7416974169741697
542 0.7403314917127072
543 0.7389705882352942
544 0.7394495412844037
545 0.7380952380952381
546 0.7385740402193784
547 0.7372262773722628
548 0.7377049180327869
549 0.7381818181818182
550 0.7386569872958257
551 0.7373188405797102
552 0.7377938517179023
553 0.7382671480144405
554 0.7387387387387387
555 0.737410071942446
556 0.7378815080789947
557 0.7383512544802867
558 0.7370304114490162
559 0.7375
560 0.7361853832442068
561 0.7348754448398577
562 0.7353463587921847
563 0.7358156028368794
564 0.7345132743362832
565 0.734982332155477
566 0.7354497354497355
567 0.7359154929577465
568 0.7363796133567663
569 0.7350877192982456
570 0.7355516637478109
571 0.736013986013986
572 0.7347294938917975
573 0.735191637630662
574 0.7356521739130435
575 0.7361111111111112
576 0.7365684575389948
577 0.7370242214532872
578 0.7374784110535406
579 0.7379310344827587
580 0.7383820998278829
581 0.738831615120275
582 0.7392795883361921
583 0.7397260273972602
584 0.7401709401709402
585 0.7406143344709898
586 0.7410562180579217
587 0.7414965986394558
588 0.7419354838709677
589 0.7423728813559322
590 0.7428087986463621
591 0.7432432432432432
592 0.7436762225969646
593 0.7424242424242424
594 0.7428571428571429
595 0.7416107382550335
596 0.7420435510887772
597 0.7408026755852842
598 0.7412353923205343
599 0.7416666666666667
600 0.740432612312812
601 0.7408637873754153
602 0.7412935323383084
603 0.7400662251655629
604 0.7388429752066116
605 0.7392739273927392
606 0.7380560131795717
607 0.7384868421052632
608 0.7389162561576355
609 0.7377049180327869
610 0.7381342062193126
611 0.738562091503268
612 0.7373572593800979
613 0.737785016286645
614 0.7365853658536585
615 0.737012987012987
616 0.7374392220421394
617 0.7362459546925566
618 0.7366720516962844
619 0.7370967741935484
620 0.7375201288244766
621 0.7379421221864951
622 0.7383627608346709
623 0.7371794871794872
624 0.7376
625 0.7380191693290735
626 0.7384370015948963
627 0.7388535031847133
628 0.739268680445151
629 0.7396825396825397
630 0.7400950871632329
631 0.740506329113924
632 0.7393364928909952
633 0.7397476340694006
634 0.7401574803149606
635 0.7405660377358491
636 0.7394034536891679
637 0.7398119122257053
638 0.7386541471048513
639 0.7375
640 0.7363494539781591
641 0.7367601246105919
642 0.7356143079315708
643 0.7360248447204969
644 0.7348837209302326
645 0.7352941176470589
646 0.7341576506955177
647 0.7345679012345679
648 0.7334360554699538
649 0.7338461538461538
650 0.7342549923195084
651 0.7346625766871165
652 0.7335375191424196
653 0.7339449541284404
654 0.7343511450381679
655 0.7347560975609756
656 0.7351598173515982
657 0.7355623100303952
658 0.7344461305007587
659 0.7348484848484849
660 0.735249621785174
661 0.7341389728096677
662 0.7345399698340875
663 0.7349397590361446
664 0.7353383458646616
665 0.7357357357357357
666 0.7361319340329835
667 0.7365269461077845
668 0.7369207772795217
669 0.735820895522388
670 0.736214605067064
671 0.7366071428571429
672 0.736998514115899
673 0.7359050445103857
674 0.7362962962962963
675 0.735207100591716
676 0.7355982274741507
677 0.7359882005899705
678 0.7363770250368189
679 0.736764705882353
680 0.737151248164464
681 0.7375366568914956
682 0.7379209370424598
683 0.7383040935672515
684 0.7386861313868613
685 0.739067055393586
686 0.7394468704512372
687 0.7398255813953488
688 0.7402031930333817
689 0.7405797101449275
690 0.7409551374819102
691 0.7413294797687862
692 0.7417027417027418
693 0.7420749279538905
694 0.7424460431654676
695 0.742816091954023
696 0.7431850789096126
697 0.7421203438395415
698 0.7410586552217453
699 0.7414285714285714
700 0.7417974322396577
701 0.7421652421652422
702 0.7425320056899004
703 0.7428977272727273
704 0.7432624113475177
705 0.7436260623229461
706 0.743988684582744
707 0.7443502824858758
708 0.7433004231311706
709 0.7436619718309859
710 0.7426160337552743
711 0.7415730337078652
712 0.7405329593267882
713 0.7394957983193278
714 0.7398601398601399
715 0.7388268156424581
716 0.7377963737796374
717 0.7367688022284122
718 0.7371349095966621
719 0.7361111111111112
720 0.7364771151178918
721 0.7368421052631579
722 0.7372060857538036
723 0.7375690607734806
724 0.7379310344827587
725 0.7382920110192838
726 0.7386519944979367
727 0.7376373626373627
728 0.7379972565157751
729 0.7383561643835617
730 0.7387140902872777
731 0.7390710382513661
732 0.7394270122783083
733 0.7384196185286104
734 0.7387755102040816
735 0.7391304347826086
736 0.7381275440976933
737 0.7384823848238482
738 0.7388362652232747
739 0.7391891891891892
740 0.7395411605937922
741 0.7398921832884097
742 0.7402422611036339
743 0.7405913978494624
744 0.7409395973154362
745 0.739946380697051
746 0.7389558232931727
747 0.7393048128342246
748 0.7383177570093458
749 0.7386666666666667
750 0.7376830892143809
751 0.738031914893617
752 0.7383798140770252
753 0.7387267904509284
754 0.7390728476821192
755 0.7394179894179894
756 0.7397622192866579
757 0.7387862796833773
758 0.7391304347826086
759 0.7394736842105263
760 0.7398160315374507
761 0.7401574803149606
762 0.7391874180865007
763 0.7382198952879581
764 0.738562091503268
765 0.7389033942558747
766 0.7392438070404173
767 0.7395833333333334
768 0.7399219765929779
769 0.7402597402597403
770 0.7405966277561609
771 0.7396373056994818
772 0.7399741267787839
773 0.7403100775193798
774 0.7393548387096774
775 0.7396907216494846
776 0.7400257400257401
777 0.7403598971722365
778 0.7394094993581515
779 0.7384615384615385
780 0.7387964148527529
781 0.7378516624040921
782 0.7381864623243933
783 0.7385204081632653
784 0.7388535031847133
785 0.7391857506361323
786 0.7395171537484116
787 0.7398477157360406
788 0.7401774397972116
789 0.740506329113924
790 0.7408343868520859
791 0.7411616161616161
792 0.7414880201765448
793 0.7405541561712846
794 0.740880503144654
795 0.7412060301507538
796 0.7415307402760352
797 0.7418546365914787
798 0.7409261576971214
799 0.74
800 0.7403245942571786
801 0.7406483790523691
802 0.7409713574097135
803 0.7400497512437811
804 0.7403726708074534
805 0.7406947890818859
806 0.7410161090458488
807 0.7413366336633663
808 0.7404202719406675
809 0.7395061728395061
810 0.7398273736128237
811 0.7401477832512315
812 0.7404674046740467
813 0.7407862407862408
814 0.7411042944785277
815 0.741421568627451
816 0.7405140758873929
817 0.7408312958435208
818 0.73992673992674
819 0.7402439024390244
820 0.7405602923264312
821 0.7408759124087592
822 0.7399756986634265
823 0.7390776699029126
824 0.7381818181818182
825 0.738498789346247
826 0.7388149939540508
827 0.7391304347826086
828 0.7394451145958987
829 0.7397590361445783
830 0.740072202166065
831 0.7403846153846154
832 0.7406962785114045
833 0.7398081534772182
834 0.7401197604790419
835 0.7404306220095693
836 0.7407407407407407
837 0.7410501193317423
838 0.7401668653158522
839 0.7392857142857143
840 0.7384066587395958
841 0.7375296912114014
842 0.7378410438908659
843 0.7381516587677726
844 0.7384615384615385
845 0.7387706855791962
846 0.7378984651711924
847 0.7382075471698113
848 0.7373380447585395
849 0.7364705882352941
850 0.7356051703877791
851 0.7347417840375586
852 0.735052754982415
853 0.734192037470726
854 0.7333333333333333
855 0.7336448598130841
856 0.733955659276546
857 0.7342657342657343
858 0.7345750873108265
859 0.7337209302325581
860 0.7340301974448316
861 0.734338747099768
862 0.7334878331402086
863 0.7337962962962963
864 0.7341040462427746
865 0.7344110854503464
866 0.7335640138408305
867 0.7327188940092166
868 0.7330264672036824
869 0.7333333333333333
870 0.7336394948335246
871 0.7327981651376146
872 0.7319587628865979
873 0.7322654462242563
874 0.7325714285714285
875 0.7317351598173516
876 0.7309007981755986
877 0.7312072892938497
878 0.7315130830489193
879 0.7318181818181818
880 0.7309875141884222
881 0.7312925170068028
882 0.7315968289920725
883 0.7319004524886877
884 0.7322033898305085
885 0.7325056433408578
886 0.7316798196166855
887 0.7319819819819819
888 0.7322834645669292
889 0.7314606741573034
890 0.7317620650953984
891 0.7320627802690582
892 0.7323628219484882
893 0.732662192393736
894 0.7329608938547486
895 0.7332589285714286
896 0.7335562987736901
897 0.732739420935412
898 0.7330367074527252
899 0.7333333333333333
900 0.732519422863485
901 0.7317073170731707
902 0.7320044296788483
903 0.7311946902654868
904 0.7314917127071823
905 0.7317880794701986
906 0.7320837927232635
907 0.7312775330396476
908 0.7315731573157316
909 0.7318681318681318
910 0.7321624588364435
911 0.7324561403508771
912 0.732749178532311
913 0.7330415754923414
914 0.7333333333333333
915 0.7336244541484717
916 0.7339149400218102
917 0.7342047930283224
918 0.73449401523395
919 0.7347826086956522
920 0.7350705754614549
921 0.735357917570499
922 0.7356446370530878
923 0.7348484848484849
924 0.7351351351351352
925 0.7354211663066955
926 0.7346278317152104
927 0.7338362068965517
928 0.7341227125941873
929 0.7344086021505376
930 0.7336197636949516
931 0.7339055793991416
932 0.7331189710610932
933 0.7334047109207709
934 0.7336898395721925
935 0.7339743589743589
936 0.7331910352187834
937 0.732409381663113
938 0.7326943556975506
939 0.7319148936170212
940 0.7321997874601488
941 0.7314225053078556
942 0.7317073170731707
943 0.7309322033898306
944 0.7312169312169312
945 0.7304439746300211
946 0.7296726504751848
947 0.7289029535864979
948 0.7291886195995785
949 0.7294736842105263
950 0.7287066246056783
951 0.7289915966386554
952 0.7292759706190975
953 0.7295597484276729
954 0.7298429319371728
955 0.7301255230125523
956 0.7293625914315569
957 0.7286012526096033
958 0.7288842544316997
959 0.7291666666666666
960 0.72840790842872
961 0.7276507276507277
962 0.7279335410176532
963 0.7282157676348547
964 0.7284974093264248
965 0.7287784679089027
966 0.7290589451913133
967 0.7293388429752066
968 0.7296181630546955
969 0.7288659793814433
970 0.729145211122554
971 0.7294238683127572
972 0.7297019527235354
973 0.7299794661190965
974 0.7302564102564103
975 0.7305327868852459
976 0.7308085977482088
977 0.7300613496932515
978 0.7293156281920327
979 0.7295918367346939
980 0.7298674821610601
981 0.7291242362525459
982 0.728382502543235
983 0.7276422764227642
984 0.7279187817258883
985 0.7281947261663286
986 0.7284701114488349
987 0.7277327935222672
988 0.7280080889787665
989 0.7282828282828283
990 0.727547931382442
991 0.7268145161290323
992 0.7270896273917422
993 0.727364185110664
994 0.7276381909547739
995 0.7279116465863453
996 0.7271815446339017
997 0.7274549098196392
998 0.7277277277277278
999 0.728
1000 0.7282717282717283
1001 0.7285429141716567
1002 0.7278165503489531
1003 0.7280876494023905
1004 0.7283582089552239
1005 0.7286282306163022
1006 0.7279046673286991
1007 0.7271825396825397
1008 0.7274529236868187
1009 0.7277227722772277
1010 0.7279920870425322
1011 0.7282608695652174
1012 0.7285291214215203
1013 0.7287968441814595
1014 0.7280788177339902
1015 0.7283464566929134
1016 0.7286135693215339
1017 0.7278978388998035
1018 0.7281648675171737
1019 0.7284313725490196
1020 0.7286973555337904
1021 0.7289628180039139
1022 0.729227761485826
1023 0.7294921875
1024 0.7297560975609756
1025 0.7300194931773879
1026 0.7302823758519961
1027 0.730544747081712
1028 0.7308066083576288
1029 0.7300970873786408
1030 0.7303588748787585
1031 0.7306201550387597
1032 0.7308809293320426
1033 0.7311411992263056
1034 0.7314009661835749
1035 0.7316602316602316
1036 0.7319189971070396
1037 0.7312138728323699
1038 0.7314725697786333
1039 0.7317307692307692
1040 0.7319884726224783
1041 0.7322456813819578
1042 0.7325023969319271
1043 0.7327586206896551
1044 0.7330143540669857
1045 0.7323135755258127
1046 0.731614135625597
1047 0.7318702290076335
1048 0.7321258341277407
1049 0.7323809523809524
1050 0.7326355851569933
1051 0.7328897338403042
1052 0.7321937321937322
1053 0.7324478178368121
1054 0.7317535545023697
1055 0.7320075757575758
1056 0.7322611163670766
1057 0.7315689981096408
1058 0.7318224740321058
1059 0.7320754716981132
1060 0.7323279924599434
1061 0.731638418079096
1062 0.7318908748824082
1063 0.7321428571428571
1064 0.7323943661971831
1065 0.7317073170731707
1066 0.7319587628865979
1067 0.7312734082397003
1068 0.7315247895229187
1069 0.7317757009345794
1070 0.7320261437908496
1071 0.7322761194029851
1072 0.7315936626281454
1073 0.7318435754189944
1074 0.7320930232558139
1075 0.7323420074349443
1076 0.7325905292479109
1077 0.7319109461966605
1078 0.732159406858202
1079 0.7314814814814815
1080 0.7317298797409806
1081 0.7310536044362292
1082 0.7303785780240074
1083 0.7306273062730627
1084 0.7308755760368664
1085 0.7311233885819521
1086 0.7313707451701932
1087 0.7316176470588235
1088 0.7309458218549127
1089 0.7302752293577982
1090 0.7305224564619615
1091 0.7298534798534798
1092 0.7301006404391582
1093 0.7303473491773309
1094 0.730593607305936
1095 0.7299270072992701
1096 0.7301731996353692
1097 0.7304189435336976
1098 0.7306642402183804
1099 0.730909090909091
1100 0.7311534968210718
1101 0.7313974591651543
1102 0.7307343608340888
1103 0.7309782608695652
1104 0.7312217194570135
1105 0.7314647377938517
1106 0.7317073170731707
1107 0.7310469314079422
1108 0.7312894499549143
1109 0.7315315315315315
1110 0.7317731773177317
1111 0.7320143884892086
1112 0.7322551662174304
1113 0.7324955116696589
1114 0.7327354260089686
1115 0.7329749103942652
1116 0.7332139659803044
1117 0.7334525939177102
1118 0.7327971403038427
1119 0.7330357142857142
1120 0.7323818019625334
1121 0.732620320855615
1122 0.7328584149599288
1123 0.7322064056939501
1124 0.7315555555555555
1125 0.7317939609236235
1126 0.7320319432120674
1127 0.7322695035460993
1128 0.7325066430469442
1129 0.7327433628318584
1130 0.7329796640141468
1131 0.7332155477031802
1132 0.733451015004413
1133 0.7336860670194003
1134 0.733920704845815
1135 0.733274647887324
1136 0.7335092348284961
1137 0.7337434094903339
1138 0.7339771729587358
1139 0.7333333333333333
1140 0.733567046450482
1141 0.7338003502626971
1142 0.7340332458442694
1143 0.7342657342657343
1144 0.7344978165938865
1145 0.7347294938917975
1146 0.7340889276373147
1147 0.7334494773519163
1148 0.7336814621409922
1149 0.7339130434782609
1150 0.733275412684622
1151 0.7335069444444444
1152 0.7328707718993929
1153 0.733102253032929
1154 0.7333333333333333
1155 0.7326989619377162
1156 0.7329299913569577
1157 0.7331606217616581
1158 0.7333908541846419
1159 0.7336206896551725
1160 0.7338501291989664
1161 0.73407917383821
1162 0.7334479793637145
1163 0.7336769759450171
1164 0.7330472103004292
1165 0.7324185248713551
1166 0.7326478149100257
1167 0.7328767123287672
1168 0.7331052181351583
1169 0.7333333333333333
1170 0.7335610589239966
1171 0.7329351535836177
1172 0.73231031543052
1173 0.731686541737649
1174 0.7319148936170212
1175 0.7321428571428571
1176 0.7323704333050127
1177 0.732597623089983
1178 0.7319762510602206
1179 0.7313559322033898
1180 0.7315834038950042
1181 0.7309644670050761
1182 0.7303465765004227
1183 0.7305743243243243
1184 0.7308016877637131
1185 0.7310286677908938
1186 0.7312552653748947
1187 0.7314814814814815
1188 0.7317073170731707
1189 0.7319327731092437
1190 0.7313182199832073
1191 0.7315436241610739
1192 0.7317686504610227
1193 0.7319932998324958
1194 0.7322175732217573
1195 0.7316053511705686
1196 0.731829573934837
1197 0.7312186978297162
1198 0.7306088407005839
1199 0.7308333333333333
1200 0.7310574521232306
1201 0.7312811980033278
1202 0.7315045719035744
1203 0.7317275747508306
1204 0.7319502074688796
1205 0.7321724709784412
1206 0.7323943661971831
1207 0.7326158940397351
1208 0.7328370554177006
1209 0.7330578512396694
1210 0.7332782824112304
1211 0.7326732673267327
1212 0.7328936521022259
1213 0.7322899505766063
1214 0.7325102880658436
1215 0.7327302631578947
1216 0.7321281840591619
1217 0.7323481116584565
1218 0.7325676784249385
1219 0.7327868852459016
1220 0.7321867321867321
1221 0.7315875613747954
1222 0.731807031888798
1223 0.7320261437908496
1224 0.7314285714285714
1225 0.7308319738988581
1226 0.7310513447432763
1227 0.7312703583061889
1228 0.7306753458096013
1229 0.7300813008130081
1230 0.7294882209585702
1231 0.7288961038961039
1232 0.7291159772911597
1233 0.7293354943273906
1234 0.7295546558704453
1235 0.7297734627831716
1236 0.7299919159256265
1237 0.7294022617124394
1238 0.7296206618240516
1239 0.7290322580645161
1240 0.7284448025785657
1241 0.7286634460547504
1242 0.7280772325020113
1243 0.7282958199356914
1244 0.7285140562248996
1245 0.7279293739967897
1246 0.7281475541299118
1247 0.7283653846153846
1248 0.7285828662930345
1249 0.728
1250 0.7274180655475619
1251 0.7268370607028753
1252 0.7262569832402235
1253 0.726475279106858
1254 0.7258964143426295
1255 0.7253184713375797
1256 0.7255369928400954
1257 0.724960254372019
1258 0.7251787132644957
1259 0.7246031746031746
1260 0.7248215701823949
1261 0.7242472266244057
1262 0.7244655581947743
1263 0.7238924050632911
1264 0.7241106719367589
1265 0.7243285939968405
1266 0.7245461720599842
1267 0.7247634069400631
1268 0.7249802994483846
1269 0.7251968503937007
1270 0.7246262785208497
1271 0.7248427672955975
1272 0.7250589159465829
1273 0.7244897959183674
1274 0.7247058823529412
1275 0.7249216300940439
1276 0.7251370399373531
1277 0.7253521126760564
1278 0.72556684910086
1279 0.72578125
1280 0.7259953161592506
1281 0.7254290171606864
1282 0.72564302416212
1283 0.7258566978193146
1284 0.7260700389105058
1285 0.7255054432348367
1286 0.7249417249417249
1287 0.7251552795031055
1288 0.7245927075252133
1289 0.7248062015503876
1290 0.7250193648334624
1291 0.7244582043343654
1292 0.7246713070378964
1293 0.7248840803709428
1294 0.7250965250965251
1295 0.7245370370370371
1296 0.7247494217424827
1297 0.724191063174114
1298 0.7244033872209392
1299 0.7238461538461538
1300 0.7232897770945427
1301 0.7235023041474654
1302 0.7229470452801228
1303 0.7223926380368099
1304 0.7226053639846743
1305 0.7228177641653905
1306 0.7230298393267024
1307 0.7232415902140673
1308 0.7226890756302521
1309 0.7229007633587786
1310 0.7231121281464531
1311 0.7233231707317073
1312 0.7235338918507236
1313 0.7229832572298326
1314 0.7231939163498099
1315 0.723404255319149
1316 0.7228549734244495
1317 0.7230652503793626
1318 0.7225170583775588
1319 0.7227272727272728
1320 0.7229371688115064
1321 0.7231467473524962
1322 0.7233560090702947
1323 0.7235649546827795
1324 0.7237735849056603
1325 0.7239819004524887
1326 0.7241899020346647
1327 0.7243975903614458
1328 0.7238525206922498
1329 0.7233082706766917
1330 0.7235161532682194
1331 0.7237237237237237
1332 0.7231807951987997
1333 0.7233883058470765
1334 0.7228464419475655
1335 0.7223053892215568
1336 0.7225130890052356
1337 0.7227204783258595
1338 0.7229275578790142
1339 0.7231343283582089
1340 0.7233407904548844
1341 0.7235469448584203
1342 0.723752792256143
1343 0.7239583333333334
1344 0.7234200743494423
1345 0.7228826151560178
1346 0.7230883444691908
1347 0.723293768545994
1348 0.7227575982209044
1349 0.7222222222222222
1350 0.7224278312361214
1351 0.7226331360946746
1352 0.7228381374722838
1353 0.7230428360413589
1354 0.7232472324723247
1355 0.7227138643067846
1356 0.7229182019159912
1357 0.7231222385861561
1358 0.7233259749816041
1359 0.7227941176470588
1360 0.7229977957384276
1361 0.7224669603524229
1362 0.7226705796038151
1363 0.7228739002932552
1364 0.7230769230769231
1365 0.7225475841874085
1366 0.7220190197512801
1367 0.7222222222222222
1368 0.7216946676406136
1369 0.7218978102189781
1370 0.7221006564551422
1371 0.7215743440233237
1372 0.7217771303714494
1373 0.7219796215429404
1374 0.7221818181818181
1375 0.7223837209302325
1376 0.7225853304284677
1377 0.7220609579100146
1378 0.7222625090645395
1379 0.722463768115942
1380 0.722664735698769
1381 0.7228654124457308
1382 0.7230657989877078
1383 0.7232658959537572
1384 0.7227436823104693
1385 0.7229437229437229
1386 0.7231434751261716
1387 0.723342939481268
1388 0.7235421166306696
1389 0.7237410071942446
1390 0.723939611790079
1391 0.7241379310344828
1392 0.7236180904522613
1393 0.723816355810617
1394 0.7232974910394265
1395 0.7234957020057307
1396 0.7236936292054402
1397 0.7238912732474965
1398 0.7240886347390993
1399 0.7235714285714285
1400 0.7237687366167024
1401 0.723965763195435
1402 0.7241625089094796
1403 0.7236467236467237
1404 0.7238434163701067
1405 0.7240398293029872
1406 0.7242359630419332
1407 0.7244318181818182
1408 0.7239176721078779
1409 0.723404255319149
1410 0.7228915662650602
1411 0.7230878186968839
1412 0.7232837933474876
1413 0.7234794908062234
1414 0.7236749116607774
1415 0.7238700564971752
1416 0.7233592095977417
1417 0.7235543018335684
1418 0.7237491190979564
1419 0.723943661971831
1420 0.7234342012667135
1421 0.7229254571026723
1422 0.7224174279690794
1423 0.7226123595505618
1424 0.7228070175438597
1425 0.7230014025245441
1426 0.7231955150665732
1427 0.7226890756302521
1428 0.7228831350594822
1429 0.7230769230769231
1430 0.7232704402515723
1431 0.723463687150838
1432 0.7229588276343336
1433 0.7231520223152023
1434 0.7226480836236934
1435 0.7228412256267409
1436 0.7230340988169798
1437 0.7232267037552156
1438 0.7234190410006949
1439 0.7236111111111111
1440 0.7238029146426093
1441 0.7233009708737864
1442 0.7234927234927235
1443 0.7236842105263158
1444 0.7231833910034602
1445 0.7233748271092669
1446 0.7228749136143746
1447 0.7223756906077348
1448 0.7218771566597654
1449 0.7220689655172414
1450 0.7215713301171606
1451 0.721763085399449
1452 0.7212663454920853
1453 0.7214580467675378
1454 0.7209621993127148
1455 0.7211538461538461
1456 0.7213452299245025
1457 0.7208504801097394
1458 0.7210418094585332
1459 0.7212328767123287
1460 0.7214236824093087
1461 0.7216142270861833
1462 0.721120984278879
1463 0.7213114754098361
1464 0.7215017064846416
1465 0.7210095497953616
1466 0.7211997273346966
1467 0.720708446866485
1468 0.7208985704560926
1469 0.7210884353741497
1470 0.7212780421481985
1471 0.7214673913043478
1472 0.7216564833672776
1473 0.7218453188602443
1474 0.7220338983050848
1475 0.7215447154471545
1476 0.7217332430602573
1477 0.7219215155615697
1478 0.7221095334685599
1479 0.7222972972972973
1480 0.7218095881161377
1481 0.7219973009446694
1482 0.7221847606203641
1483 0.7216981132075472
1484 0.7218855218855219
1485 0.7220726783310901
1486 0.7222595830531271
1487 0.7217741935483871
1488 0.7219610476830087
1489 0.7221476510067114
1490 0.7223340040241448
1491 0.7225201072386059
1492 0.7227059611520429
1493 0.7222222222222222
1494 0.7217391304347827
1495 0.7219251336898396
1496 0.7221108884435538
1497 0.7222963951935915
1498 0.7224816544362909
1499 0.7226666666666667
1500 0.7228514323784144
1501 0.7230359520639148
1502 0.7232202262142382
1503 0.723404255319149
1504 0.7235880398671096
1505 0.7237715803452855
1506 0.7239548772395488
1507 0.7241379310344828
1508 0.7243207422133864
1509 0.7245033112582782
1510 0.7246856386499008
1511 0.7248677248677249
1512 0.7250495703899538
1513 0.7245706737120211
1514 0.7247524752475247
1515 0.7242744063324539
1516 0.7244561634805537
1517 0.7246376811594203
1518 0.7248189598420013
1519 0.725
1520 0.7245233399079553
1521 0.7247043363994744
1522 0.7248850952068286
1523 0.7244094488188977
1524 0.7245901639344262
1525 0.7247706422018348
1526 0.7242960052390308
1527 0.724476439790576
1528 0.724656638325703
1529 0.7248366013071895
1530 0.7250163291966035
1531 0.7251958224543081
1532 0.7253750815394651
1533 0.7255541069100391
1534 0.7250814332247557
1535 0.7252604166666666
1536 0.7254391672088484
1537 0.7256176853055917
1538 0.7257959714100065
1539 0.7259740259740259
1540 0.7261518494484102
1541 0.72568093385214
1542 0.7258587167854829
1543 0.7253886010362695
1544 0.7255663430420712
1545 0.7257438551099612
1546 0.7252747252747253
1547 0.7248062015503876
1548 0.7249838605551969
1549 0.7251612903225807
1550 0.7253384912959381
1551 0.7255154639175257
1552 0.7256922086284611
1553 0.7258687258687259
1554 0.7254019292604501
1555 0.7255784061696658
1556 0.7251123956326269
1557 0.7252888318356868
1558 0.7254650416933932
1559 0.7256410256410256
1560 0.7258167841127482
1561 0.7259923175416133
1562 0.72552783109405
1563 0.7250639386189258
1564 0.7246006389776358
1565 0.7247765006385696
1566 0.7249521378430122
1567 0.7251275510204082
1568 0.7246653919694073
1569 0.7248407643312101
1570 0.7250159134309357
1571 0.7251908396946565
1572 0.7253655435473617
1573 0.7249047013977128
1574 0.7250793650793651
1575 0.725253807106599
1576 0.7247939124920736
1577 0.7249683143219265
1578 0.7251424952501583
1579 0.7246835443037974
1580 0.7248576850094877
1581 0.7250316055625791
1582 0.7252053063802906
1583 0.7253787878787878
1584 0.7249211356466877
1585 0.725094577553594
1586 0.7252678008821676
1587 0.7248110831234257
1588 0.7249842668344871
1589 0.7251572327044025
1590 0.7253299811439347
1591 0.7248743718592965
1592 0.7244193345888261
1593 0.7245922208281054
1594 0.7247648902821316
1595 0.724937343358396
1596 0.7251095804633688
1597 0.7246558197747184
1598 0.7248280175109444
1599 0.725
1600 0.7245471580262336
1601 0.7247191011235955
1602 0.7242669993761697
1603 0.7244389027431422
1604 0.7246105919003115
1605 0.7247820672478207
1606 0.7249533291848165
1607 0.7251243781094527
1608 0.7252952144188938
1609 0.7254658385093168
1610 0.7250155183116077
1611 0.7251861042183623
1612 0.7247365158090514
1613 0.724907063197026
1614 0.725077399380805
1615 0.7252475247524752
1616 0.725417439703154
1617 0.7255871446229913
1618 0.7257566399011736
1619 0.725925925925926
1620 0.7260950030845157
1621 0.7262638717632552
1622 0.7264325323475046
1623 0.7266009852216748
1624 0.7267692307692307
1625 0.7269372693726938
1626 0.7271051014136447
1627 0.7272727272727273
1628 0.7268262737875998
1629 0.7269938650306749
1630 0.727161250766401
1631 0.727328431372549
1632 0.7274954072259645
1633 0.7276621787025703
1634 0.72782874617737
1635 0.7273838630806846
1636 0.7269395235186317
1637 0.7271062271062271
1638 0.7266625991458207
1639 0.7268292682926829
1640 0.7263863497867155
1641 0.7265529841656516
1642 0.7267194157029824
1643 0.7268856447688564
1644 0.7270516717325228
1645 0.727217496962333
1646 0.726775956284153
1647 0.7269417475728155
1648 0.727107337780473
1649 0.7266666666666667
1650 0.726832222895215
1651 0.7263922518159807
1652 0.7265577737447066
1653 0.7267230955259976
1654 0.7268882175226586
1655 0.7264492753623188
1656 0.7266143633071817
1657 0.726779252110977
1658 0.7269439421338155
1659 0.7265060240963855
1660 0.7260686333534015
1661 0.7256317689530686
1662 0.7257967528562839
1663 0.7259615384615384
1664 0.7261261261261261
1665 0.7262905162064826
1666 0.7264547090581883
1667 0.7266187050359713
1668 0.7267825044937088
1669 0.7269461077844311
1670 0.7271095152603232
1671 0.7272727272727273
1672 0.7274357441721458
1673 0.7275985663082437
1674 0.7277611940298507
1675 0.7279236276849642
1676 0.7280858676207513
1677 0.7282479141835518
1678 0.7284097677188803
1679 0.7279761904761904
1680 0.7275431290898274
1681 0.727705112960761
1682 0.7278669043374926
1683 0.7280285035629454
1684 0.7281899109792285
1685 0.7283511269276394
1686 0.7285121517486662
1687 0.7286729857819905
1688 0.7288336293664891
1689 0.7289940828402367
1690 0.7285629804849202
1691 0.7281323877068558
1692 0.7277023036030714
1693 0.7278630460448642
1694 0.727433628318584
1695 0.7275943396226415
1696 0.7271655863288156
1697 0.7273262661955241
1698 0.7274867569158329
1699 0.7276470588235294
1700 0.7278071722516167
1701 0.7279670975323149
1702 0.7275396359365826
1703 0.7276995305164319
1704 0.7272727272727273
1705 0.727432590855803
1706 0.7275922671353251
1707 0.727751756440281
1708 0.7279110590988882
1709 0.7280701754385965
1710 0.72822910578609
1711 0.7283878504672897
1712 0.7285464098073555
1713 0.7287047841306884
1714 0.7288629737609329
1715 0.7290209790209791
1716 0.7291788002329644
1717 0.7287543655413271
1718 0.7283304246655032
1719 0.7284883720930233
1720 0.7286461359674608
1721 0.7288037166085947
1722 0.7289611143354614
1723 0.728538283062645
1724 0.7286956521739131
1725 0.7288528389339514
1726 0.7290098436595251
1727 0.7285879629629629
1728 0.7281665702718334
1729 0.7283236994219653
1730 0.7279029462738301
1731 0.7280600461893765
1732 0.7282169648009232
1733 0.7283737024221453
1734 0.7285302593659942
1735 0.7286866359447005
1736 0.7288428324697754
1737 0.7284234752589183
1738 0.7285796434732605
1739 0.728735632183908
1740 0.7288914417001723
1741 0.7290470723306545
1742 0.7286288009179576
1743 0.7282110091743119
1744 0.7283667621776504
1745 0.7285223367697594
1746 0.728677733257012
1747 0.7282608695652174
1748 0.7278444825614637
1749 0.728
1750 0.7281553398058253
1751 0.728310502283105
1752 0.728465487735311
1753 0.7286202964652223
1754 0.7287749287749288
1755 0.7289293849658315
1756 0.7290836653386454
1757 0.7292377701934016
1758 0.7293916998294485
1759 0.7289772727272728
1760 0.7291311754684838
1761 0.7292849035187288
1762 0.7288712422007941
1763 0.7290249433106576
1764 0.7291784702549575
1765 0.7293318233295584
1766 0.7289190718732315
1767 0.7290723981900452
1768 0.7292255511588468
1769 0.7288135593220338
1770 0.7289666854884246
1771 0.7291196388261851
1772 0.7287084038353074
1773 0.7288613303269448
1774 0.7290140845070423
1775 0.7291666666666666
1776 0.7293190770962296
1777 0.7294713160854893
1778 0.7296233839235525
1779 0.7297752808988764
1780 0.7299270072992701
1781 0.7300785634118967
1782 0.7302299495232754
1783 0.7298206278026906
1784 0.7299719887955182
1785 0.7301231802911534
1786 0.7297146054840515
1787 0.7298657718120806
1788 0.7300167691447736
1789 0.7301675977653631
1790 0.7303182579564489
1791 0.73046875
1792 0.7306190741773564
1793 0.7307692307692307
1794 0.7309192200557103
1795 0.7305122494432071
1796 0.7306622148024485
1797 0.7302558398220245
1798 0.7304057809894385
1799 0.7305555555555555
1800 0.7307051637978901
1801 0.7308546059933407
1802 0.7310038824181919
1803 0.7311529933481153
1804 0.7313019390581718
1805 0.7314507198228128
1806 0.7310459324847814
1807 0.7311946902654868
1808 0.7313432835820896
1809 0.7314917127071823
1810 0.7310877967973495
1811 0.7312362030905077
1812 0.7313844456701599
1813 0.7315325248070562
1814 0.7316804407713499
1815 0.7312775330396476
1816 0.7308750687947165
1817 0.731023102310231
1818 0.7311709730621221
1819 0.7313186813186813
1820 0.7314662273476112
1821 0.7316136114160263
1822 0.7312122874382886
1823 0.731359649122807
1824 0.7315068493150685
1825 0.7316538882803943
1826 0.7312534209085934
1827 0.7314004376367614
1828 0.7310005467468562
1829 0.7311475409836066
1830 0.7312943746586564
1831 0.7314410480349345
1832 0.7310420076377523
1833 0.7311886586695747
1834 0.7307901907356948
1835 0.7303921568627451
1836 0.7305389221556886
1837 0.7306855277475517
1838 0.7308319738988581
1839 0.7309782608695652
1840 0.7311243889190657
1841 0.7312703583061889
1842 0.7308735756918069
1843 0.7310195227765727
1844 0.7311653116531165
1845 0.7313109425785482
1846 0.7314564158094207
1847 0.7316017316017316
1848 0.7317468902109249
1849 0.7318918918918919
1850 0.7320367368989735
1851 0.7321814254859611
1852 0.7323259579060982
1853 0.732470334412082
1854 0.7326145552560647
1855 0.7322198275862069
1856 0.7318255250403877
1857 0.7319698600645855
1858 0.7315761161915008
1859 0.7317204301075269
1860 0.7318645889306824
1861 0.7320085929108485
1862 0.7321524422973699
1863 0.7322961373390557
1864 0.7324396782841823
1865 0.7320471596998929
1866 0.7321906802356722
1867 0.7323340471092077
1868 0.7324772605671482
1869 0.732620320855615
1870 0.7327632282202031
1871 0.7329059829059829
1872 0.7330485851575014
1873 0.7331910352187834
1874 0.7333333333333333
1875 0.7334754797441365
1876 0.7336174746936601
1877 0.7337593184238551
1878 0.7339010111761576
1879 0.7340425531914894
1880 0.7341839447102605
1881 0.7343251859723698
1882 0.7344662772172066
1883 0.7346072186836518
1884 0.7347480106100795
1885 0.7348886532343585
1886 0.7344992050874404
1887 0.7341101694915254
1888 0.733721545791424
1889 0.7338624338624339
1890 0.733474352194606
1891 0.733615221987315
1892 0.7337559429477021
1893 0.73389651531151
1894 0.7340369393139842
1895 0.7336497890295358
1896 0.7337901950448076
1897 0.7339304531085353
1898 0.7340705634544498
1899 0.7342105263157894
1900 0.7343503419253025
1901 0.7344900105152471
1902 0.7346295323173936
1903 0.7347689075630253
1904 0.7349081364829396
1905 0.7350472193074502
1906 0.735186156266387
1907 0.7353249475890985
1908 0.7354635935044526
1909 0.7356020942408377
1910 0.7357404500261643
1911 0.7358786610878661
1912 0.7360167276529012
1913 0.7361546499477534
1914 0.7357702349869452
1915 0.7359081419624217
1916 0.7360459050599896
1917 0.7361835245046924
1918 0.7363210005211047
1919 0.7364583333333333
1920 0.7365955231650182
1921 0.736732570239334
1922 0.7363494539781591
1923 0.7364864864864865
1924 0.7366233766233766
1925 0.7367601246105919
1926 0.7368967306694344
1927 0.7365145228215768
1928 0.7366511145671333
1929 0.7367875647668394
1930 0.7369238736406007
1931 0.7370600414078675
1932 0.7371960682876358
1933 0.7373319544984488
1934 0.7374677002583979
1935 0.737603305785124
1936 0.7372225090345895
1937 0.7368421052631579
1938 0.7364620938628159
1939 0.7360824742268042
1940 0.7362184441009789
1941 0.7363542739443872
1942 0.7359752959341225
1943 0.7361111111111112
1944 0.7362467866323907
1945 0.736382322713258
1946 0.736517719568567
1947 0.7366529774127311
1948 0.7362750128270908
1949 0.7364102564102564
1950 0.7365453613531522
1951 0.7366803278688525
1952 0.7363031233998976
1953 0.7364380757420675
1954 0.7365728900255755
1955 0.7367075664621677
1956 0.7368421052631579
1957 0.736976506639428
1958 0.7371107708014293
1959 0.7372448979591837
1960 0.7373788883222846
1961 0.7370030581039755
1962 0.7366276107997962
1963 0.7367617107942973
1964 0.7368956743002545
1965 0.737029501525941
1966 0.7371631926792069
1967 0.7372967479674797
1968 0.7374301675977654
1969 0.7375634517766497
1970 0.7376966007102993
1971 0.7373225152129818
1972 0.7374556512924481
1973 0.7375886524822695
1974 0.7377215189873417
1975 0.7378542510121457
1976 0.7379868487607486
1977 0.7381193124368048
1978 0.7382516422435573
1979 0.7383838383838384
1980 0.7385159010600707
1981 0.7386478304742684
1982 0.7387796268280383
1983 0.7389112903225806
1984 0.7390428211586901
1985 0.7391742195367573
1986 0.7388022143935581
1987 0.738430583501006
1988 0.7380593262946205
1989 0.7381909547738693
1990 0.7383224510296333
1991 0.7384538152610441
1992 0.7380832915203211
1993 0.7382146439317954
1994 0.7383458646616541
1995 0.7384769539078156
1996 0.7386079118678017
1997 0.7387387387387387
1998 0.7388694347173587
1999 0.739
2000 0.7386306846576711
2001 0.7387612387612388
2002 0.7388916625062406
2003 0.7390219560878244
2004 0.7391521197007481
2005 0.7392821535393819
2006 0.739412057797708
2007 0.7395418326693227
2008 0.7391737182677949
2009 0.7393034825870647
2010 0.739433117851815
2011 0.7395626242544732
2012 0.7391952309985097
2013 0.7393247269116187
2014 0.739454094292804
2015 0.7395833333333334
2016 0.7397124442240952
2017 0.7393458870168483
2018 0.7394749876176325
2019 0.7396039603960396
2020 0.739732805541811
2021 0.7393669634025717
2022 0.7394957983193278
2023 0.7396245059288538
2024 0.7397530864197531
2025 0.7398815399802566
2026 0.740009866798224
2027 0.7401380670611439
2028 0.7402661409561361
2029 0.7403940886699507
2030 0.740521910388971
2031 0.7406496062992126
2032 0.7407771765863256
2033 0.7409046214355949
2034 0.741031941031941
2035 0.7411591355599214
2036 0.741286205203731
2037 0.7414131501472031
2038 0.7415399705738107
2039 0.7416666666666667
2040 0.7417932386085252
2041 0.7419196865817825
2042 0.7420460107684778
2043 0.7421722113502935
2044 0.7422982885085575
2045 0.7424242424242424
2046 0.7425500732779677
2047 0.74267578125
2048 0.7428013665202537
2049 0.7429268292682927
2050 0.7430521696733301
2051 0.7426900584795322
2052 0.7428153921091086
2053 0.7424537487828627
2054 0.7425790754257907
2055 0.7422178988326849
2056 0.7418570734078755
2057 0.7419825072886297
2058 0.7421078193297718
2059 0.7417475728155339
2060 0.7413876758854925
2061 0.7415130940834141
2062 0.7416383906931653
2063 0.7417635658914729
2064 0.7418886198547215
2065 0.7415295256534365
2066 0.741170778906628
2067 0.7408123791102514
2068 0.7409376510391493
2069 0.7405797101449275
2070 0.7407049734427813
2071 0.7408301158301158
2072 0.7404727448142788
2073 0.7405978784956606
2074 0.740722891566265
2075 0.7403660886319846
2076 0.7404910929224844
2077 0.7406159769008662
2078 0.7407407407407407
2079 0.7408653846153846
2080 0.7409899086977415
2081 0.7411143131604226
2082 0.7412385981757081
2083 0.741362763915547
2084 0.7414868105515587
2085 0.7416107382550335
2086 0.7417345471969334
2087 0.7418582375478927
2088 0.7419818094782192
2089 0.7421052631578947
2090 0.7422285987565758
2091 0.7418738049713193
2092 0.7419971333014811
2093 0.7421203438395415
2094 0.7417661097852029
2095 0.7418893129770993
2096 0.7415355269432523
2097 0.7416587225929456
2098 0.7417818008575512
2099 0.741904761904762
2100 0.7415516420752023
2101 0.741674595623216
2102 0.741321921065145
2103 0.7414448669201521
2104 0.7415676959619952
2105 0.741690408357075
2106 0.7413383958234456
2107 0.7409867172675522
2108 0.7411095305832148
2109 0.7407582938388626
2110 0.7404073898626243
2111 0.7400568181818182
2112 0.7397065783246569
2113 0.739356669820246
2114 0.7394799054373522
2115 0.7396030245746692
2116 0.7392536608408125
2117 0.7393767705382436
2118 0.7394997640396413
2119 0.7396226415094339
2120 0.7397454031117398
2121 0.7398680490103676
2122 0.7395195478097033
2123 0.7396421845574388
2124 0.739764705882353
2125 0.7398871119473189
2126 0.7400094029149036
2127 0.7401315789473685
2128 0.7402536402066698
2129 0.7403755868544601
2130 0.7400281557954013
2131 0.7401500938086304
2132 0.7402719174871074
2133 0.7403936269915652
2134 0.7405152224824356
2135 0.7406367041198502
2136 0.7407580720636406
2137 0.7408793264733395
2138 0.7410004675081814
2139 0.7411214953271028
2140 0.7407753386268099
2141 0.7408963585434174
2142 0.7410172655156323
2143 0.7411380597014925
2144 0.7412587412587412
2145 0.7409133271202236
2146 0.7410340009315324
2147 0.7411545623836127
2148 0.7412750116333178
2149 0.7413953488372093
2150 0.7415155741515574
2151 0.741635687732342
2152 0.7417556897352532
2153 0.7418755803156918
2154 0.7415313225058004
2155 0.7411873840445269
2156 0.741307371349096
2157 0.7414272474513438
2158 0.7415470125057897
2159 0.7416666666666667
2160 0.7413234613604812
2161 0.7414431082331174
2162 0.7415626444752659
2163 0.7416820702402958
2164 0.7418013856812933
2165 0.7419205909510619
2166 0.7420396862021228
2167 0.7416974169741697
2168 0.7418165053019825
2169 0.7414746543778802
2170 0.7415937356057116
2171 0.7417127071823204
2172 0.7413713759779107
2173 0.7414903403863845
2174 0.7416091954022989
2175 0.7417279411764706
2176 0.7418465778594396
2177 0.7419651056014692
2178 0.742083524552547
2179 0.7422018348623853
2180 0.7423200366804218
2181 0.7419798350137489
2182 0.7420980302336234
2183 0.7422161172161172
2184 0.7423340961098398
2185 0.7419945105215004
2186 0.7421124828532236
2187 0.7422303473491774
2188 0.7418912745545911
2189 0.7420091324200914
2190 0.7421268827019626
2191 0.7422445255474452
2192 0.741906064751482
2193 0.7420237010027347
2194 0.7421412300683371
2195 0.7422586520947176
2196 0.7423759672280382
2197 0.7420382165605095
2198 0.7421555252387448
2199 0.7418181818181818
2200 0.7419354838709677
2201 0.7420526793823796
2202 0.7421697684975034
2203 0.7422867513611615
2204 0.7424036281179138
2205 0.742520398912058
2206 0.7426370638876303
2207 0.7423007246376812
2208 0.7419646899049344
2209 0.7420814479638009
2210 0.7421981004070556
2211 0.7423146473779385
2212 0.7419792137370086
2213 0.7420957542908763
2214 0.7422121896162528
2215 0.7423285198555957
2216 0.7419936851601263
2217 0.7421100090171325
2218 0.7422262280306444
2219 0.7423423423423423
2220 0.7424583520936515
2221 0.7421242124212422
2222 0.7422402159244265
2223 0.7423561151079137
2224 0.7424719101123596
2225 0.7425876010781671
2226 0.7427031881454872
2227 0.742818671454219
2228 0.7429340511440108
2229 0.7426008968609865
2230 0.7422680412371134
2231 0.7423835125448028
2232 0.742498880429915
2233 0.7426141450313339
2234 0.7422818791946308
2235 0.7423971377459749
2236 0.7420652659812249
2237 0.7421805183199285
2238 0.7422956677087986
2239 0.7424107142857143
2240 0.7425256581883088
2241 0.7426404995539697
2242 0.7427552385198395
2243 0.7428698752228164
2244 0.7429844097995546
2245 0.742653606411398
2246 0.7423230974632844
2247 0.7419928825622776
2248 0.7421076033792797
2249 0.7417777777777778
2250 0.7418924922256774
2251 0.7420071047957372
2252 0.742121615623613
2253 0.7422360248447205
2254 0.742350332594235
2255 0.7424645390070922
2256 0.7425786442179885
2257 0.7426926483613817
2258 0.7428065515714918
2259 0.7429203539823008
2260 0.7430340557275542
2261 0.7431476569407603
2262 0.7432611577551922
2263 0.7429328621908127
2264 0.743046357615894
2265 0.7427184466019418
2266 0.7428319364799294
2267 0.7429453262786596
2268 0.742617893345086
2269 0.7427312775330397
2270 0.742844561867019
2271 0.7429577464788732
2272 0.74307083150022
2273 0.7431838170624451
2274 0.7432967032967033
2275 0.7434094903339191
2276 0.7430830039525692
2277 0.7431957857769974
2278 0.7433084686265906
2279 0.743421052631579
2280 0.7435335379219641
2281 0.7436459246275198
2282 0.7437582128777924
2283 0.7438704028021016
2284 0.7439824945295405
2285 0.7440944881889764
2286 0.7437691298644512
2287 0.7434440559440559
2288 0.7435561380515509
2289 0.743231441048035
2290 0.7429070274989088
2291 0.7430191972076788
2292 0.7431312690798081
2293 0.7432432432432432
2294 0.743355119825708
2295 0.7434668989547039
2296 0.7435785807575098
2297 0.7436901653611836
2298 0.7433666811657242
2299 0.7434782608695653
2300 0.7435897435897436
2301 0.7437011294526499
2302 0.7433782023447677
2303 0.7430555555555556
2304 0.7427331887201736
2305 0.7428447528187337
2306 0.7425227568270482
2307 0.74263431542461
2308 0.7427457773928108
2309 0.7424242424242424
2310 0.7421029857204673
2311 0.7422145328719724
2312 0.7423259835711198
2313 0.7420051858254105
2314 0.7416846652267819
2315 0.7417962003454232
2316 0.7419076391886059
2317 0.7420189818809318
2318 0.7421302285467875
2319 0.7422413793103448
2320 0.7423524342955623
2321 0.7424633936261843
2322 0.7425742574257426
2323 0.7426850258175559
2324 0.7427956989247312
2325 0.7429062768701634
2326 0.7430167597765364
2327 0.7426975945017182
2328 0.74237870330614
2329 0.7424892703862661
2330 0.7425997425997426
2331 0.7422813036020584
2332 0.7419631375910845
2333 0.7420736932305055
2334 0.7421841541755889
2335 0.7422945205479452
2336 0.7424047924689773
2337 0.7425149700598802
2338 0.7426250534416418
2339 0.7427350427350428
2340 0.7428449380606579
2341 0.7429547395388557
2342 0.7426376440460948
2343 0.742320819112628
2344 0.7424307036247335
2345 0.742540494458653
2346 0.7426501917341287
2347 0.7423339011925043
2348 0.7424435930183056
2349 0.7425531914893617
2350 0.742662696724798
2351 0.7427721088435374
2352 0.7424564385890353
2353 0.7425658453695837
2354 0.7426751592356687
2355 0.7427843803056027
2356 0.7428935086974968
2357 0.7430025445292621
2358 0.7426875794828317
2359 0.7427966101694915
2360 0.7429055484963998
2361 0.7425910245554614
2362 0.7426999576809141
2363 0.7428087986463621
2364 0.7429175475687103
2365 0.7430262045646661
2366 0.7431347697507393
2367 0.7432432432432432
2368 0.7429295061207261
2369 0.7430379746835443
2370 0.7431463517503163
2371 0.7432546374367622
2372 0.7429414243573536
2373 0.7430497051390059
2374 0.7431578947368421
2375 0.7428451178451179
2376 0.7429533024821203
2377 0.7430613961312027
2378 0.742749054224464
2379 0.7428571428571429
2380 0.7429651406971861
2381 0.743073047858942
2382 0.7431808644565674
2383 0.7432885906040269
2384 0.7433962264150943
2385 0.7435037720033529
2386 0.7431922915793884
2387 0.7432998324958124
2388 0.7429886982000837
2389 0.7430962343096235
2390 0.7432036804684232
2391 0.7433110367892977
2392 0.7430004178854994
2393 0.7426900584795322
2394 0.7423799582463465
2395 0.7424874791318865
2396 0.7425949103045474
2397 0.7427022518765638
2398 0.7428095039599834
2399 0.7429166666666667
2400 0.7426072469804248
2401 0.742714404662781
2402 0.7424053266749896
2403 0.7425124792013311
2404 0.7426195426195427
2405 0.7427265170407316
