0 0.0
1 0.5025125628140703
2 0.6700111107370122
3 0.49997474875006315
4 0.60200000081208
5 0.6700111107370122
6 0.71858556855733
7 0.7550121193759152
8 0.7833400661046854
9 0.8059989905600388
10 0.8245349903244148
11 0.839978797177071
12 0.8530439947106511
13 0.8642402855406487
14 0.873941451631083
15 0.8824278294980418
16 0.8899137941649132
17 0.8965660817992038
18 0.9025163262535172
19 0.9078698346442357
20 0.9127118556220055
21 0.917112138113906
22 0.9211283008285283
23 0.878149562948134
24 0.8836339081904282
25 0.8452078342521528
26 0.8517210856899364
27 0.8577663598013651
28 0.8633920695038844
29 0.8686401727099596
30 0.8735472134568099
31 0.8781451678243134
32 0.8824621360496533
33 0.8865229125040834
34 0.8903494579593869
35 0.893961293143256
36 0.8973758284748777
37 0.9006086417370032
38 0.9036737130292347
39 0.8763747215859486
40 0.8800353287616596
41 0.8835192225786618
42 0.8583403727494229
43 0.862304117182004
44 0.8386023657633292
45 0.8429623856846786
46 0.847133652808259
47 0.8511279671321209
48 0.8549561654479592
49 0.8586282176615445
50 0.8621533117813377
51 0.8409719299478448
52 0.8448228315075107
53 0.8485278153894921
54 0.8520948442118392
55 0.8555313118934271
56 0.8588440935396118
57 0.8394015248690487
58 0.8206362550430162
59 0.8245970892242643
60 0.8284242155423907
61 0.832124108320587
62 0.8357028308818588
63 0.8391660676581042
64 0.8216710298805787
65 0.8253489556721326
66 0.8289131590190993
67 0.8323686622476737
68 0.8357201966029367
69 0.8389722230400162
70 0.8421289512582434
71 0.8451943571491273
72 0.8481721988102432
73 0.8510660312606969
74 0.8538792199793453
75 0.8566149533742088
76 0.8592762542802362
77 0.8618659905726246
78 0.8643868849740592
79 0.8668415241264084
80 0.8692323669904379
81 0.8537485859713847
82 0.8563335897185752
83 0.8588535623851158
84 0.8613108049110898
85 0.863707511272495
86 0.8660457746282297
87 0.8683275930479639
88 0.8705548748538581
89 0.8727294436061656
90 0.8748530427601104
91 0.8769273400190546
92 0.8789539314068108
93 0.8809343450800212
94 0.8828700448997492
95 0.8847624337798454
96 0.8866128568281971
97 0.8884226042956522
98 0.8901929143462196
99 0.8919249756610557
100 0.8936199298877555
101 0.8952788739455675
102 0.8969028621963206
103 0.8984929084901058
104 0.9000499880940566
105 0.9015750395119554
106 0.9030689662018012
107 0.9045326381979574
108 0.9059668936440042
109 0.90737254024198
110 0.9087503566232842
111 0.9101010936461371
112 0.9114254756241466
113 0.9127242014902133
114 0.9139979458997081
115 0.9152473602765874
116 0.916473073805861
117 0.9176756943755944
118 0.9188558094714145
119 0.9200139870262874
120 0.9211507762281598
121 0.9222667082878779
122 0.923362297169647
123 0.9244380402861444
124 0.9254944191602673
125 0.9265319000553675
126 0.9275509345757106
127 0.9285519602387884
128 0.9295354010210112
129 0.930501667878214
130 0.931451159242322
131 0.9323842614954398
132 0.9333013494225535
133 0.9342027866439605
134 0.9350889260284827
135 0.9359601100884453
136 0.9368166713573611
137 0.9376589327511903
138 0.9384872079140083
139 0.9393018015488575
140 0.940103009734521
141 0.9408911202289107
142 0.9416664127597265
143 0.9424291593030036
144 0.9431796243501351
145 0.9439180651639193
146 0.9446447320241573
147 0.9453598684632938
148 0.9460637114925684
149 0.9467564918191219
150 0.9346304456507692
151 0.9354653537326176
152 0.9362873196726997
153 0.937096601527685
154 0.9378934507126055
155 0.9386781122134109
156 0.939450824791399
157 0.9402118211798844
158 0.9409613282734465
159 0.941699567310079
160 0.9424267540465542
161 0.9431430989272911
162 0.9438488072470088
163 0.9445440793074293
164 0.9452291105682816
165 0.9459040917928507
166 0.9465692091882957
167 0.947224644540958
168 0.947870575346866
169 0.9362952697611556
170 0.9370715089187147
171 0.9378366179111021
172 0.938590796601707
173 0.9272278518225854
174 0.9281070078726025
175 0.9289737392728283
176 0.9298282647066991
177 0.9306707979571631
178 0.9195188616494253
179 0.9204813336108297
180 0.921430436125064
181 0.922366398893182
182 0.9113996501474978
183 0.9005837336928859
184 0.9017613442302204
185 0.9029228623847545
186 0.9040685583076904
187 0.9051986964166915
188 0.906313535547007
189 0.9074133290978272
190 0.9084983251740437
191 0.9095687667235809
192 0.9106248916704607
193 0.9116669330437545
194 0.9126951191025693
195 0.9137096734572105
196 0.9147108151866561
197 0.9156987589524737
198 0.9166737151093056
199 0.9176358898120418
200 0.9185854851197949
201 0.9195226990967914
202 0.9204477259102815
203 0.9213607559255715
204 0.9222619757982802
205 0.9231515685639062
206 0.924029713724806
207 0.9134858943866766
208 0.914471689627106
209 0.9154448948565604
210 0.9164057015155574
211 0.9173542974341956
212 0.9182908669164026
213 0.9078983259026864
214 0.9089392937175572
215 0.9099671574562784
216 0.9109821120696753
217 0.9007255235001274
218 0.9018418322628254
219 0.9029442163966259
220 0.9040328801842824
221 0.893904770009683
222 0.895091953358799
223 0.8962644573419101
224 0.886259135655235
225 0.8875273902951368
226 0.8887800623476828
227 0.8900173751368241
228 0.8912395480760342
229 0.881346726320201
230 0.882662338748755
231 0.8839619500217925
232 0.8741818647771539
233 0.8755724272458251
234 0.8659056295913281
235 0.8563554960141952
236 0.8579381326229971
237 0.859501740832542
238 0.8610465842101193
239 0.8625729219075083
240 0.8531072846125037
241 0.8547176766716106
242 0.8563088815149393
243 0.8578811610866381
244 0.8594347730258357
245 0.8609699707533021
246 0.8515754558067207
247 0.853193522362925
248 0.8547925077260644
249 0.8563726681043672
250 0.857934255587958
251 0.8594775182297314
252 0.8610027001243141
253 0.8516656483767707
254 0.85327288725582
255 0.8548613845269432
256 0.8564313872682722
257 0.8579831386844429
258 0.8595168781805564
259 0.861032841434442
260 0.8625312604672664
261 0.864012363712536
262 0.8547106005250769
263 0.8562735567171958
264 0.8578185289744272
265 0.8593457492245271
266 0.8608554458686035
267 0.8623478438461404
268 0.863823164698579
269 0.8652816266314971
270 0.8667234445754187
271 0.8681488302452919
272 0.8695579921986677
273 0.8602709591809146
274 0.8510893584279269
275 0.852677600626311
276 0.8542478576631729
277 0.8558003553453983
278 0.857335316174653
279 0.8588529594056605
280 0.860353501103248
281 0.8618371541981864
282 0.863304128541856
283 0.8647546309597681
284 0.8661888653039688
285 0.8570087575281674
286 0.8585233119150804
287 0.8494352657116846
288 0.8510281616923687
289 0.8526032929177688
290 0.8541608766921591
291 0.8557011272578244
292 0.8572242558466285
293 0.858730470730539
294 0.8602199772711363
295 0.8616929779681294
296 0.8526173472686672
297 0.8541688034224405
298 0.8557031196717029
299 0.857220502274474
300 0.8587211546527047
301 0.8602052774386144
302 0.8616730685201212
303 0.8631247230853856
304 0.8540712451624245
305 0.855601170957968
306 0.8571143244631299
307 0.8586109048087512
308 0.8600911084432256
309 0.861555129175203
310 0.8630031582154836
311 0.8644353842181126
312 0.8658519933207017
313 0.8672531691839886
314 0.8686390930306529
315 0.8700099436834068
316 0.8609346849589609
317 0.851957963064041
318 0.8535008970195515
319 0.8550271056312618
320 0.856536783550914
321 0.8580301228881337
322 0.8595073132493085
323 0.860968541775757
324 0.862413993181205
325 0.8638438497885823
326 0.8652582915661554
327 0.8666574961630105
328 0.868041638943899
329 0.8694108930234611
330 0.8707654292998392
331 0.8721054164876935
332 0.8734310211506342
333 0.8747424077330807
334 0.8760397385915598
335 0.8773231740254555
336 0.8785928723072219
337 0.8798489897120677
338 0.8810916805471267
339 0.8719818993960414
340 0.8733050550466634
341 0.8746140955337506
342 0.8759091804643163
343 0.8771904674550256
344 0.8784581121607935
345 0.8797122683028973
346 0.8706376600448614
347 0.8719716671208104
348 0.8732915056619921
349 0.8745973346001786
350 0.8758893109111324
351 0.8771675896421988
352 0.878432323939439
353 0.879683665074314
354 0.8809217624699243
355 0.8821467637268209
356 0.8833588146483887
357 0.8845580592658155
358 0.8857446398626516
359 0.8869186969989703
360 0.8880803695351356
361 0.8892297946551845
362 0.8903671078898314
363 0.8914924431391026
364 0.892605932694607
365 0.8834485319225581
366 0.8846439440482271
367 0.8858267919882581
368 0.8869972139847025
369 0.8779066378308226
370 0.87915762601452
371 0.8803954916588995
372 0.8713792348535672
373 0.872696141037632
374 0.8739992528276472
375 0.8752887210503135
376 0.8765646947542651
377 0.8778273212336354
378 0.8688500339071201
379 0.8701909628531889
380 0.8715178838598749
381 0.8728309493145235
382 0.8741303098236096
383 0.8754161142360335
384 0.8766885096660619
385 0.8677366559342006
386 0.8690869101492756
387 0.8704231008074431
388 0.8717453800528125
389 0.8730538982685281
390 0.8743488040994666
391 0.8756302444746
392 0.8768983646290229
393 0.8781533081256554
394 0.8692028289515679
395 0.8705357080285534
396 0.8718547533156812
397 0.87316011348299
398 0.8744519354996058
399 0.8757303646552769
400 0.8769955445815973
401 0.8782476172729199
402 0.8794867231069675
403 0.880713000865146
404 0.8819265877525648
405 0.8831276194177686
406 0.884316229972187
407 0.8854925520093052
408 0.8866567166235614
409 0.8878088534289751
410 0.8787857471820217
411 0.8800174880611009
412 0.8812365152824986
413 0.8824429640564663
414 0.8836369680747762
415 0.8848186595293903
416 0.8859881691308709
417 0.8871456261265295
418 0.8882911583183277
419 0.8894248920805253
420 0.890546952377086
421 0.8815114647836042
422 0.8827134737334713
423 0.883903116959643
424 0.8850805251443072
425 0.8862458275185909
426 0.8873991518800756
427 0.8885406246100749
428 0.8896703706906764
429 0.8907885137215513
430 0.8918951759365372
431 0.8929904782199953
432 0.8940745401229482
433 0.8951474798789987
434 0.8962094144200358
435 0.8972604593917299
436 0.8881754183981936
437 0.8893075351722818
438 0.8904280513572631
439 0.8915370886214032
440 0.8825144536820436
441 0.8735842050684604
442 0.8748632663214072
443 0.8761292369250885
444 0.8773822538607102
445 0.8786224526156441
446 0.8798499672009285
447 0.8810649301685413
448 0.8822674726284464
449 0.8733479299414015
450 0.8746282157522899
451 0.865787835921871
452 0.8671442509693701
453 0.8684868144289791
454 0.8698156706265728
455 0.8711309623264388
456 0.8623305715380167
457 0.863721201585081
458 0.8650976452311319
459 0.866460049997534
460 0.867808561815349
461 0.8691433250436043
462 0.8704644824873301
463 0.8717721754153679
464 0.862972258918767
465 0.8643553255414811
466 0.8657243046412497
467 0.8670793422752285
468 0.868420582934763
469 0.8697481695632041
470 0.8609735253889578
471 0.862375999886508
472 0.8536772672087228
473 0.8551530871425195
474 0.8566138961492564
475 0.8580598494314285
476 0.8594911005362299
477 0.86090780137422
478 0.8522282940745819
479 0.8537179781973456
480 0.8551925254251814
481 0.8566520919612601
482 0.858096832348805
483 0.8595268994896907
484 0.8609424446628159
485 0.8522674093417159
486 0.8537558802495037
487 0.8451545626746385
488 0.8467144644625384
489 0.8482585377618659
490 0.8497869454738481
491 0.8512998487773389
492 0.8527974071479459
493 0.8542797783769264
494 0.8557471185898559
495 0.8571995822650731
496 0.8586373222519026
497 0.8600604897886599
498 0.8514024225839567
499 0.852898226512464
500 0.854378875540879
501 0.8558445251740123
502 0.8472311668939065
503 0.8387050419067749
504 0.8403281333159401
505 0.8419347907323917
506 0.8435251825748629
507 0.8350384768847768
508 0.8366980533078231
509 0.8383408345539649
510 0.839966992578686
511 0.8415766975371818
512 0.8431701178040004
513 0.8447474199924543
514 0.8463087689738038
515 0.8478543278962186
516 0.8493842582035158
517 0.8508987196536817
518 0.8523978703371768
519 0.8538818666950291
520 0.8553508635367163
521 0.8467520641634949
522 0.8482925764139106
523 0.8498175228577733
524 0.8513270623755248
525 0.8427704993468232
526 0.8443507095629249
527 0.8459149593792176
528 0.8474634115732521
529 0.84899622723095
530 0.8505135657648107
531 0.8419677222292807
532 0.8435555328619967
533 0.8451273156811362
534 0.8466832339648642
535 0.8482234492982409
536 0.8497481215913711
537 0.8412123599308271
538 0.8428073177308383
539 0.8443861844108597
540 0.8459491237173358
541 0.8374530313329435
542 0.8390854632073931
543 0.840701431628096
544 0.8423011040158978
545 0.8438846460614647
546 0.8454522217437151
547 0.8470039933480431
548 0.8485401214843383
549 0.8500607651048028
550 0.8415265717307038
551 0.8431175044079878
552 0.8446924039328367
553 0.8462514331151456
554 0.8477947530869656
555 0.8493225233202853
556 0.8508349016446142
557 0.8422952284390777
558 0.8438780239140826
559 0.8454448766412347
560 0.8369602298919268
561 0.8285610326748952
562 0.8302814235978967
563 0.8319844907729443
564 0.8236361036598496
565 0.8153717703367769
566 0.817224260053574
567 0.819058100934394
568 0.8208734819462309
569 0.8226705901167184
570 0.8244496105545229
571 0.8262107264695137
572 0.8279541191927094
573 0.8296799681960083
574 0.8313884511116995
575 0.8230490391457373
576 0.8248239274665722
577 0.8265809595457329
578 0.8182905261598584
579 0.8201129797203268
580 0.8219171017932903
581 0.8136741752474725
582 0.8155427647856901
583 0.8073642362421644
584 0.7992679539809986
585 0.8012808468721974
586 0.7932460174616631
587 0.795319182361442
588 0.7973715033717481
589 0.7994031911740407
590 0.8014144542980688
591 0.8034054991442913
592 0.7953506602427483
593 0.7974023947924135
594 0.7994335074332196
595 0.8014442064729398
596 0.8034346980944701
597 0.8054051863779169
598 0.8073558733224468
599 0.8092869588679015
600 0.8111986409161798
601 0.8130911153523904
602 0.8149645760657779
603 0.8168192149704231
604 0.8186552220257226
605 0.8204727852566485
606 0.8222720907737906
607 0.8240533227931851
608 0.8258166636559306
609 0.8275622938475948
610 0.8292903920174132
611 0.8310011349972839
612 0.832694697820559
613 0.834371253740636
614 0.8360309742493508
615 0.8376740290951751
616 0.8393005863012203
617 0.8409108121830495
618 0.8425048713662999
619 0.8440829268041189
620 0.8456451397944144
621 0.8471916699969219
622 0.8487226754500913
623 0.8502383125877937
624 0.8517387362558524
625 0.8532240997283975
626 0.8446761866341223
627 0.8362140651126353
628 0.837854872920664
629 0.8394792138717084
630 0.8410872538071497
631 0.8426791568865237
632 0.8442550856048086
633 0.8458152008095295
634 0.8473596617176842
635 0.8388718490305871
636 0.8404858066942543
637 0.8420835714382554
638 0.8436653062559186
639 0.8452311724893846
640 0.8467813298465444
641 0.8383001428482734
642 0.8399196696596175
643 0.8415229508129987
644 0.8431101497700713
645 0.8446814283378029
646 0.8462369466854233
647 0.8477768633611945
648 0.8493013353090064
649 0.8508105178847984
650 0.8523045648728089
651 0.8537836285016547
652 0.8552478594602435
653 0.856697406913519
654 0.8581324185180419
655 0.8595530404374082
656 0.8609594173575069
657 0.8623516925016182
658 0.863730007645355
659 0.8650945031314471
660 0.8664453178843733
661 0.8677825894248393
662 0.8691064538841071
663 0.8604043893750005
664 0.8618020946028262
665 0.8631857879276775
666 0.8645556101633969
667 0.8659117007018236
668 0.8672541975272903
669 0.8685832372309703
670 0.8698989550250745
671 0.8712014847569024
672 0.8724909589227461
673 0.8737675086816511
674 0.8750312638690343
675 0.8762823530101607
676 0.8775209033334803
677 0.8787470407838276
678 0.8799608900354836
679 0.8811625745051037
680 0.8823522163645112
681 0.8835299365533582
682 0.8846958547916561
683 0.8858500895921777
684 0.8869927582727283
685 0.8881239769682933
686 0.889243860643058
687 0.8903525231023053
688 0.8914500770041884
689 0.8925366338713843
690 0.8936123041026258
691 0.8946771969841147
692 0.8957314207008185
693 0.8967750823476486
694 0.8978082879405261
695 0.8988311424273318
696 0.8998437496987426
697 0.9008462125989598
698 0.9018386329363236
699 0.9028211114938204
700 0.9037937480394806
701 0.9047566413366721
702 0.9057098891542841
703 0.9066535882768099
704 0.9075878345143248
705 0.9085127227123607
706 0.9094283467616805
707 0.9103347996079518
708 0.9012241249945943
709 0.9022126707631567
710 0.9031913154000112
711 0.9041601582287552
712 0.9051192975735246
713 0.9060688307691133
714 0.9070088541709875
715 0.9079394631651989
716 0.9088607521781951
717 0.9097728146865313
718 0.9106757432264804
719 0.9115696294035462
720 0.91245456390188
721 0.9133306364935975
722 0.9141979360480049
723 0.9150565505407281
724 0.9159065670627478
725 0.9167480718293448
726 0.9175811501889518
727 0.918405886631916
728 0.9192223647991712
729 0.9100241515827832
730 0.9009180397678576
731 0.9019094921232975
732 0.9028910173554353
733 0.9038627149864753
734 0.9048246835383988
735 0.9057770205430655
736 0.9067198225522127
737 0.907653185147352
738 0.9085772029495662
739 0.9094919696292046
740 0.9103975779154811
741 0.9112941196059738
742 0.9121816855760281
743 0.90305470560432
744 0.8940190982359105
745 0.895079495180866
746 0.896129276450193
747 0.8971685484337916
748 0.8981974164530176
749 0.8992159847714609
750 0.9002243566056137
751 0.8912174114592878
752 0.8923057997966249
753 0.8933832930520661
754 0.894450000399451
755 0.895506029916438
756 0.896551488595554
757 0.8875815654594937
758 0.8787014293216726
759 0.8799149995665427
760 0.8811164224711067
761 0.8823058197405256
762 0.8734786360521392
763 0.8747444353623576
764 0.8659929823043158
765 0.8673336604532927
766 0.8686609197167027
767 0.8699748945244339
768 0.8712757179572744
769 0.8725635217604986
770 0.8738384363573165
771 0.875100590862186
772 0.8763501130939902
773 0.8775871295890822
774 0.8788117656141963
775 0.8800241451792291
776 0.881224391049891
777 0.8824126247602299
778 0.883588966625027
779 0.884753535752068
780 0.8759025483316172
781 0.877144002198333
782 0.8783730319836683
783 0.8795897621184454
784 0.8707905678637837
785 0.8620794311790164
786 0.8534554701817372
787 0.8449178118343884
788 0.8464691920406703
789 0.8480050473302694
790 0.849525533173651
791 0.8510308034821685
792 0.8525210106237424
793 0.8439928817583195
794 0.8455534817162015
795 0.847098465148342
796 0.8486279884295739
797 0.8501422063668082
798 0.8516412722147964
799 0.853125337691733
800 0.854594552994702
801 0.856049066814965
802 0.8574890263530973
803 0.8589145773339695
804 0.8603258640215777
805 0.8517199946535537
806 0.853203240173555
807 0.8546716443709353
808 0.8561253558354615
809 0.8575645216674861
810 0.8489864016802836
811 0.8504969691012155
812 0.8519924222598989
813 0.8534729124699304
814 0.854938589528366
815 0.8563896017309546
816 0.8578260958872173
817 0.8592482173353747
818 0.8506534471481969
819 0.842144670206369
820 0.8337210256707654
821 0.835384245029111
822 0.837030823642347
823 0.8386609280881646
824 0.8402747232750887
825 0.8418723724592363
826 0.8334515802186434
827 0.835117469539803
828 0.8367666919038551
829 0.8383994141408998
830 0.8400158014095402
831 0.8416160172136607
832 0.8432002234190369
833 0.8447685802697769
834 0.8463212464045994
835 0.8378561343701523
836 0.8394779333186776
837 0.8310813072789636
838 0.8327708620814072
839 0.8244413579721721
840 0.8261973191182186
841 0.827935713194186
842 0.8196546240278707
843 0.811456380227841
844 0.8133422030063907
845 0.815209159862635
846 0.8170574396089642
847 0.8188872291665952
848 0.8206987135845444
849 0.8224920760584088
850 0.8242674979489583
851 0.8260251588005415
852 0.8277652363593063
853 0.8294879065912358
854 0.8211914894345682
855 0.8229799027824706
856 0.8247504254636858
857 0.8265032365149273
858 0.8282385131799517
859 0.8199546675555859
860 0.8217554351914967
861 0.8235381888951693
862 0.8253031089304499
863 0.8270503737560679
864 0.8287801600437352
865 0.8204909825335056
866 0.8222863677416894
867 0.8240637932256688
868 0.8158218278534407
869 0.8176639032903018
870 0.8194875521269351
871 0.8112913957507929
872 0.8131787737939106
873 0.8150472722448946
874 0.8168970800153454
875 0.8087268827280175
876 0.810639898205507
877 0.8125337778697242
878 0.8144087131914307
879 0.8062634514965922
880 0.8082010935993499
881 0.8101193537756093
882 0.8120184259542172
883 0.8038971167321096
884 0.8058584145266852
885 0.8078000939902465
886 0.8097223514126516
887 0.8116253811187384
888 0.8135093754880182
889 0.8153745249741697
890 0.8172210181243381
891 0.8190490415982401
892 0.8208587801870774
893 0.8126491639265744
894 0.8145229046726159
895 0.8163779033861615
896 0.8182143475795912
897 0.8200324228883288
898 0.821832313089648
899 0.8136130205441069
900 0.815477107997659
901 0.8073213941438777
902 0.8092484007305314
903 0.811156132862312
904 0.8130447833711246
905 0.814914543158816
906 0.8167656012165103
907 0.8185981446437502
908 0.820412358667446
909 0.8222084266606341
910 0.8239865301610485
911 0.8157458033441467
912 0.8175885360301647
913 0.8094118128567431
914 0.811317888077693
915 0.8032038943558305
916 0.8051720510862733
917 0.7971195380009393
918 0.7891475658202274
919 0.7912562935847868
920 0.7933439300232009
921 0.795410686129308
922 0.7974567707854038
923 0.7994823907833896
924 0.8014877508457063
925 0.8034730536460615
926 0.8054384998299452
927 0.807384288034942
928 0.8093106149108396
929 0.811217675139534
930 0.8131056614547373
931 0.8149747646614858
932 0.8168251736554537
933 0.8086562373183147
934 0.8105698337110544
935 0.8124642909801654
936 0.8143398005797697
937 0.8161965520481963
938 0.8180347330271647
939 0.8198545292807741
940 0.821656124714305
941 0.8234397013928301
942 0.8152046739246797
943 0.81705276725623
944 0.8088816264691664
945 0.8107929521850046
946 0.8126851618180639
947 0.8145584465854084
948 0.8064122749639256
949 0.8083482903619915
950 0.8102649428567431
951 0.8121624261319312
952 0.8140409319333798
953 0.8159006500883874
954 0.8177417685249334
955 0.8195644732906919
956 0.8213689485718558
957 0.8231553767117709
958 0.8249239382293839
959 0.8166741664584898
960 0.8185075419253292
961 0.8203225813064372
962 0.8221194680090639
963 0.8238983836054634
964 0.8256595078512621
965 0.8274030187036432
966 0.8291290923393487
967 0.8308379031725018
968 0.8225290343106761
969 0.8243038475512694
970 0.8160603327694025
971 0.8178998346643955
972 0.8197209394463887
973 0.8215238311281869
974 0.8233086918816379
975 0.8250757020560577
976 0.826825040196473
977 0.8285568830616787
978 0.8302714056421169
979 0.8319687811775744
980 0.8336491811747059
981 0.8353127754243783
982 0.8369597320188441
983 0.8385902173687408
984 0.8402043962199213
985 0.8418024316701149
986 0.8433844851854224
987 0.8449507166166442
988 0.8365008020141239
989 0.8381358720450793
990 0.8397545898224351
991 0.8413571188996396
992 0.8429436211939921
993 0.8445142570030154
994 0.8460691850206661
995 0.8476085623533823
996 0.8391320995889143
997 0.8407408494549155
998 0.8423335104120432
999 0.8439102433774517
1000 0.8454712076585645
1001 0.847016560969184
1002 0.8485464594454373
1003 0.8400606429430862
1004 0.841660102180137
1005 0.843243565518001
1006 0.8448111929416775
1007 0.8463631428357979
1008 0.8478995720006404
1009 0.8494206356679826
1010 0.8509264875167976
1011 0.8524172796887907
1012 0.843892783952658
1013 0.8454539146630896
1014 0.8469994329012295
1015 0.848529494814989
1016 0.850044254990339
1017 0.8515438664669382
1018 0.8530284807536059
1019 0.8544982478436381
1020 0.8459529666481307
1021 0.8474934902951557
1022 0.8490186076447357
1023 0.8505284727809591
1024 0.8420229024401942
1025 0.8436027259350073
1026 0.8451667501497053
1027 0.8467151330978896
1028 0.8482480312126108
1029 0.849765599362184
1030 0.8512679908658431
1031 0.8527553575092401
1032 0.8542278495597886
1033 0.8556856157818534
1034 0.8571288034517892
1035 0.8585575583728271
1036 0.8599720248898136
1037 0.8613723459038014
1038 0.8627586628864938
1039 0.8641311158945457
1040 0.8654898435837198
1041 0.8668349832229028
1042 0.8681666707079797
1043 0.8694850405755709
1044 0.8707902260166303
1045 0.8720823588899079
1046 0.8733615697352786
1047 0.8646277212879793
1048 0.8659814797908952
1049 0.8673216999980191
1050 0.8686485173064535
1051 0.8699620657590488
1052 0.8712624780579503
1053 0.8725498855780123
1054 0.8738244183800749
1055 0.8750862052241102
1056 0.8763353735822363
1057 0.8775720496516002
1058 0.8787963583671332
1059 0.8800084234141774
1060 0.8812083672409866
1061 0.8823963110711017
1062 0.883572374915603
1063 0.8847366775852383
1064 0.8858893367024315
1065 0.8870304687131698
1066 0.8781599687267163
1067 0.8793783955969557
1068 0.880584637669987
1069 0.871778603171714
1070 0.8730608442583369
1071 0.8743302623944273
1072 0.8755869858202303
1073 0.8668309362789378
1074 0.8681626539710752
1075 0.8694810539478873
1076 0.8707862693972419
1077 0.8620782350469052
1078 0.8634574796127914
1079 0.8648229311973729
1080 0.8561745364681237
1081 0.8576128183382656
1082 0.8490365293811283
1083 0.8505461921049134
1084 0.8520407576439004
1085 0.8535203769810328
1086 0.8549851995892042
1087 0.8564353734463626
1088 0.8578710450504645
1089 0.849292184703385
1090 0.8407991159427697
1091 0.8323909807933908
1092 0.8340670994020783
1093 0.8357264562591789
1094 0.8373692189934618
1095 0.8389955535571852
1096 0.8406056242428649
1097 0.8421995936998764
1098 0.843777622950891
1099 0.8453398714081458
1100 0.846886496889554
1101 0.8484176556346501
1102 0.8499335023203798
1103 0.8514341900767279
1104 0.8429197202237945
1105 0.8444905463912681
1106 0.8460456638320027
1107 0.847585229642521
1108 0.8491093993481958
1109 0.8506183269189659
1110 0.8421120233008893
1111 0.8436909251831141
1112 0.8452540376064175
1113 0.8468015184741469
1114 0.8483335241104416
1115 0.8398500747262423
1116 0.8414515953116339
1117 0.8430371002666462
1118 0.8446067497560312
1119 0.8461607023427252
1120 0.8476991150038705
1121 0.8492221431466764
1122 0.8507299406241219
1123 0.8522226597505008
1124 0.8437003284034044
1125 0.8452633441385801
1126 0.8368106088705155
1127 0.8284424029815065
1128 0.8301579992075094
1129 0.8318564390681567
1130 0.8335378941351237
1131 0.8352025342642095
1132 0.8368505276124983
1133 0.8384820406553506
1134 0.8300971270426704
1135 0.8217960644209392
1136 0.8235781231917695
1137 0.8253423609885279
1138 0.827088956028644
1139 0.8288180847472201
1140 0.8305299218148572
1141 0.8322246401553035
1142 0.8339024109629258
1143 0.8355634037200058
1144 0.82720768568236
1145 0.8289356260228953
1146 0.8306462866177944
1147 0.8323398402713241
1148 0.8340164580595734
1149 0.8356763093477367
1150 0.8373195618072272
1151 0.8389463814326157
1152 0.8405569325584027
1153 0.8321512860384378
1154 0.8338297884386576
1155 0.8354915055111864
1156 0.8371366051153448
1157 0.8387652534317395
1158 0.8403776149790534
1159 0.8419738526306673
1160 0.8435541276311147
1161 0.8451185996123731
1162 0.8466674266099911
1163 0.8482007650790552
1164 0.8497187699099968
1165 0.8412215130412357
1166 0.8328092301176496
1167 0.8344811511554665
1168 0.8361363527174569
1169 0.837775002003662
1170 0.8393972645420167
1171 0.8410033042050741
1172 0.8425932832265602
1173 0.8441673622177653
1174 0.8457257001837696
1175 0.8472684545395072
1176 0.84879578112567
1177 0.8503078342244517
1178 0.851804766575134
1179 0.853286729389519
1180 0.8447538023559494
1181 0.8463062750926804
1182 0.8478432228879128
1183 0.849364800995323
1184 0.8508711631159654
1185 0.8523624614138015
1186 0.8538388465310707
1187 0.8553004676035109
1188 0.8567474722754242
1189 0.8581800067145932
1190 0.8495981523101654
1191 0.8511021802148095
1192 0.8525911676527937
1193 0.8440652035962232
1194 0.8356245002225876
1195 0.8372682651180197
1196 0.8388955921675328
1197 0.8405066457535059
1198 0.8321015301891281
1199 0.8337805245986575
1200 0.8354427288708333
1201 0.8370883109108748
1202 0.8387174369448726
1203 0.8403302715365816
1204 0.8419269776040456
1205 0.8435077164360557
1206 0.8450726477084446
1207 0.8466219295002173
1208 0.8481557183095212
1209 0.8496741690694554
1210 0.8511774351637231
1211 0.8526656684421269
1212 0.8541390192359077
1213 0.855597636372934
1214 0.8570416671927344
1215 0.8484712083122306
1216 0.8499865036171459
1217 0.8414865975528989
1218 0.8430717391521543
1219 0.8346409818761472
1220 0.8362945798020487
1221 0.8379316415945716
1222 0.8395523326181168
1223 0.84115681658338
1224 0.8427452555638902
1225 0.8443178100123824
1226 0.8458746387770067
1227 0.8474158991173759
1228 0.8489417467204509
1229 0.8504523357162689
1230 0.851947818693514
1231 0.8534283467149315
1232 0.854894069332588
1233 0.8463450935039171
1234 0.8478816488207995
1235 0.8494028384600996
1236 0.8509088160810686
1237 0.8423996943267273
1238 0.8439757035432351
1239 0.8455359525449979
1240 0.837080560629601
1241 0.8387097612018504
1242 0.8303226321007345
1243 0.8320194120865062
1244 0.8236991873493675
1245 0.8254622018984368
1246 0.8172075501089322
1247 0.8190354811343777
1248 0.8208451327196903
1249 0.8226366876618559
1250 0.8244103269298392
1251 0.8261662296828645
1252 0.817904539333783
1253 0.8197255000616176
1254 0.821528251060362
1255 0.8233129744297312
1256 0.8150798178316193
1257 0.8169290256244881
1258 0.818759741220601
1259 0.8205721495442907
1260 0.8223664336705987
1261 0.8241427748437705
1262 0.8259013524955637
1263 0.827642344263374
1264 0.8193658959112309
1265 0.8211722423342885
1266 0.8229605251860102
1267 0.8247309251042404
1268 0.8264836209204032
1269 0.8182187610556719
1270 0.8200365785960093
1271 0.8218362178584403
1272 0.8236178606277836
1273 0.8253816868709695
1274 0.8271278747552189
1275 0.8288566006660417
1276 0.8305680392250545
1277 0.8322623633076199
1278 0.8339397440603106
1279 0.8256003250330758
1280 0.8273443262519582
1281 0.829070887369714
1282 0.8207801576728191
1283 0.8225723605524176
1284 0.8243466413145392
1285 0.8261031791821232
1286 0.8278421515858445
1287 0.8295637341820371
1288 0.8312681008704378
1289 0.832955423811753
1290 0.8346258734450496
1291 0.8362796185049717
1292 0.8279168033240552
1293 0.8196376166729664
1294 0.8214412445215917
1295 0.8232268360118249
1296 0.8249945715088403
1297 0.8267446295741283
1298 0.8284771869835337
1299 0.8301924187451126
1300 0.8318904981168105
1301 0.833571596623964
1302 0.8352358840766284
1303 0.8368835285867298
1304 0.8285146764510588
1305 0.8302295331047048
1306 0.8319272411237931
1307 0.8336079719960225
1308 0.8352718954941887
1309 0.8369191796933323
1310 0.8385499909877181
1311 0.8401644941076425
1312 0.8417628521360745
1313 0.8333452081323861
1314 0.8350117590856485
1315 0.8366616444689899
1316 0.8382950309393112
1317 0.8399120834869206
1318 0.8415129654521994
1319 0.8430978385421024
1320 0.8446668628464922
1321 0.8362201798825073
1322 0.8378579808355248
1323 0.8294793870901862
1324 0.8211845795596473
1325 0.8229727366792868
1326 0.8247430121697166
1327 0.8264955848483833
1328 0.8282306317445359
1329 0.8299483281171086
1330 0.8316488474724243
1331 0.8233323462327282
1332 0.8250990254549547
1333 0.8168480227879893
1334 0.8086795303947008
1335 0.8105927379116172
1336 0.8124868132972292
1337 0.8043619334231966
1338 0.7963183025815517
1339 0.7983551224405208
1340 0.8003715740434928
1341 0.8023678610741701
1342 0.8043441851793955
1343 0.806300745989521
1344 0.8082377411385727
1345 0.8101553662842159
1346 0.8120538151275178
1347 0.8139332794325143
1348 0.815793949045581
1349 0.8176360119146099
1350 0.8194596541079946
1351 0.8212650598334261
1352 0.8230524114564997
1353 0.8248218895191363
1354 0.8265736727578202
1355 0.8283079381216533
1356 0.8300248607902287
1357 0.8317246141913277
1358 0.8334073700184363
1359 0.8350732982480903
1360 0.8367225671570441
1361 0.8383553433392685
1362 0.8399717917227802
1363 0.8415720755863004
1364 0.8431563565757485
1365 0.8447247947205704
1366 0.8462775484499034
1367 0.8478147746085799
1368 0.8493366284729706
1369 0.8508432637666687
1370 0.8523348326760191
1371 0.8538114858654903
1372 0.8552733724928938
1373 0.8567206402244506
1374 0.8581534352497079
1375 0.8595719022963052
1376 0.8509761748797938
1377 0.852466414571632
1378 0.853941751837883
1379 0.8554023357033733
1380 0.8568483137026698
1381 0.8482798226087543
1382 0.8497970257774858
1383 0.8512990568867732
1384 0.8527860676577631
1385 0.8542582082943798
1386 0.8557156274984978
1387 0.857158472484962
1388 0.8585868889964587
1389 0.8600010213182372
1390 0.8614010122926841
1391 0.8627870033337528
1392 0.8641591344412471
1393 0.8655175442149641
1394 0.866862369868693
1395 0.858193739176706
1396 0.8496117949308057
1397 0.8511156781705916
1398 0.8526045225543167
1399 0.8540784784710125
1400 0.8555376948058105
1401 0.8569823189549826
1402 0.8584124968408279
1403 0.8598283729264143
1404 0.8612300902301705
1405 0.862617790340332
1406 0.8639916134292439
1407 0.8653516982675196
1408 0.8666981822380584
1409 0.8680312013499227
1410 0.8693508902520769
1411 0.8706573822469881
1412 0.861950802503757
1413 0.8633312954081122
1414 0.864697983364929
1415 0.8660510044240508
1416 0.8573904887224413
1417 0.8488165782904298
1418 0.8503284134754592
1419 0.8518251302893762
1420 0.8533068799162757
1421 0.8447738058161808
1422 0.8463260687126756
1423 0.8478628089612078
1424 0.8493841817886351
1425 0.8508903408695389
1426 0.8423814324339864
1427 0.8439576190315076
1428 0.8355180379545116
1429 0.8371628585178257
1430 0.8287912251817717
1431 0.8305033138918431
1432 0.8321982816956718
1433 0.8338762998027017
1434 0.8355375377102741
1435 0.8371821632207493
1436 0.8388103424584568
1437 0.8404222398864759
1438 0.842018018323248
1439 0.8435978389590233
1440 0.8451618613721426
1441 0.8467102435451566
1442 0.8482431418807846
1443 0.8497607112177118
1444 0.8512631048462306
1445 0.8527504745237243
1446 0.8542229704899966
1447 0.8556807414824471
1448 0.8571239347510958
1449 0.8585526960734569
1450 0.859967169769264
1451 0.8613674987150477
1452 0.8627538243585684
1453 0.8641262867331035
1454 0.8654850244715927
1455 0.8668301748206412
1456 0.8681618736543832
1457 0.8694802554882072
1458 0.8707854534923425
1459 0.872077599505312
1460 0.8733568240472487
1461 0.8746232563330798
1462 0.8758770242855795
1463 0.877118254548289
1464 0.8783470724983105
1465 0.8795636022589715
1466 0.8807679667123613
1467 0.8819602875117453
1468 0.883140685093852
1469 0.8843092786910388
1470 0.8854661863433362
1471 0.8866115249103702
1472 0.8877454100831677
1473 0.8788679527122027
1474 0.8800792736268253
1475 0.8812784813235108
1476 0.8824656969346137
1477 0.8836410403811614
1478 0.8748046268818639
1479 0.8760565810472318
1480 0.8672960122289142
1481 0.8686230525576936
1482 0.8699368224742089
1483 0.8612374513513449
1484 0.8526250739973822
1485 0.8540988237386054
1486 0.8555578359728405
1487 0.857002258075348
1488 0.858432235947632
1489 0.8598479140321776
1490 0.8612494353270418
1491 0.8626369414002972
1492 0.8640105724043321
1493 0.8653704670900076
1494 0.8667167628206731
1495 0.8680495955860408
1496 0.8693691000159226
1497 0.8706754093938294
1498 0.8719686556704335
1499 0.8732489694768978
1500 0.8745164801380704
1501 0.8757713156855479
1502 0.8770136028706085
1503 0.8782434671770142
1504 0.8794610328336874
1505 0.8806664228272577
1506 0.8818597589144862
1507 0.8830411616345641
1508 0.8842107503212877
1509 0.885368643115113
1510 0.8765149544354081
1511 0.8777498052015305
1512 0.878972307453813
1513 0.8801825846775174
1514 0.8813807591230496
1515 0.8825669518183096
1516 0.8837412825809159
1517 0.8849038700303083
1518 0.8860548315997304
1519 0.8771942812280487
1520 0.8784223386978335
1521 0.8796381155873072
1522 0.880841734702385
1523 0.8720333153922967
1524 0.8733129825207112
1525 0.8745798529722233
1526 0.8758340547137135
1527 0.8770757144323916
1528 0.8783049575485933
1529 0.8695219061302438
1530 0.860826685262751
1531 0.8622184186963264
1532 0.8635962347898708
1533 0.8649602727168975
1534 0.866310670259183
1535 0.8676475638206834
1536 0.8689710884413134
1537 0.8702813778105863
1538 0.871578564281118
1539 0.8728627788819966
1540 0.8741341513320171
1541 0.8753928100527845
1542 0.8766388821816857
1543 0.8678724917619259
1544 0.8691937670827412
1545 0.8705018296456034
1546 0.8717968115781864
1547 0.8730788436868858
1548 0.8743480554700311
1549 0.8756045751309666
1550 0.8668485278920269
1551 0.8681800428370654
1552 0.8694982426281969
1553 0.8708032604170488
1554 0.872095228023731
1555 0.8733742759501505
1556 0.8646405317936423
1557 0.8659941266900552
1558 0.8673341856332384
1559 0.868660843982809
1560 0.8699742357447864
1561 0.8712744935851281
1562 0.8725617488431304
1563 0.8638361300538091
1564 0.8551977674782687
1565 0.8466457885538563
1566 0.8481793308901607
1567 0.8396975363665484
1568 0.8413005612301626
1569 0.8428875558406179
1570 0.8344586791109325
1571 0.8361140925475595
1572 0.8377529518452883
1573 0.8293754211972675
1574 0.8310816672130527
1575 0.8227708494426488
1576 0.8245431411800882
1577 0.8162977087003384
1578 0.8181347318488869
1579 0.8199533847612627
1580 0.8217538511399204
1581 0.8235363128502888
1582 0.8153009487074172
1583 0.8171479394455662
1584 0.8189764602718518
1585 0.8207866958854817
1586 0.82257882913867
1587 0.8243530410551067
1588 0.8261095108482434
1589 0.8278484159393954
1590 0.829569931975663
1591 0.8312742328476743
1592 0.8229614895932011
1593 0.8247318748925087
1594 0.8264845563349379
1595 0.828219710959135
1596 0.8299375140333579
1597 0.8316381390731806
1598 0.83332175785902
1599 0.8349885404534872
1600 0.836638655218566
1601 0.8382722688326186
1602 0.8398895463072227
1603 0.8414906510038382
1604 0.84307574465031
1605 0.8446449873572024
1606 0.8461985376339733
1607 0.8477365524049846
1608 0.8492591870253536
1609 0.8407665943576498
1610 0.8423589285620976
1611 0.8439353394215552
1612 0.8454959861695311
1613 0.8470410264471977
1614 0.8485706163193143
1615 0.8400849094059462
1616 0.8416840604518452
1617 0.8332672191180472
1618 0.8349345470698881
1619 0.8365852017393645
1620 0.8382193498593568
1621 0.8398371564954151
1622 0.8414387850624332
1623 0.8430243973411549
1624 0.8445941534945155
1625 0.8361482112843049
1626 0.8377867293011538
1627 0.8394088621352533
1628 0.8410147736384823
1629 0.8426046260241998
1630 0.8441785798836303
1631 0.845736794202085
1632 0.8472794263750213
1633 0.8488066322239403
1634 0.8503185660121281
1635 0.8518153804602365
1636 0.8532972267617099
1637 0.8447642538893801
1638 0.8463166114593982
1639 0.8478534454515488
1640 0.8493749111016539
1641 0.8508811620931757
1642 0.8423723498987964
1643 0.8439486265049786
1644 0.8455091403430061
1645 0.8370540483866733
1646 0.838683508008296
1647 0.8402966730316034
1648 0.8418937064026201
1649 0.84347476943791
1650 0.8450400218408709
1651 0.846589621717865
1652 0.8481237255941907
1653 0.8496424884298923
1654 0.8511460636354132
1655 0.8526346030870916
1656 0.8541082571425013
1657 0.8555671746556398
1658 0.8570115029919642
1659 0.858441388043276
1660 0.8598569742424582
1661 0.8612584045780642
1662 0.8526458200575368
1663 0.8541193619373743
1664 0.8555781683968132
1665 0.8570223867900896
1666 0.8484521624683917
1667 0.8499676409231507
1668 0.8514679645917811
1669 0.8429532845083982
1670 0.8445237517431945
1671 0.846078514304053
1672 0.847617729237745
1673 0.8491415520205732
1674 0.8506501365740766
1675 0.8421436347968668
1676 0.8437221985244915
1677 0.8452849766133355
1678 0.8468321269198168
1679 0.8483638057217883
1680 0.8498801677343237
1681 0.8513813661253458
1682 0.8428675520802467
1683 0.844438876629579
1684 0.8459944879320224
1685 0.8475345431200733
1686 0.839059197321818
1687 0.8406686054176039
1688 0.8422619194310588
1689 0.8438393003030332
1690 0.8454009073649689
1691 0.8469468983549922
1692 0.8484774294338483
1693 0.8399926547970101
1694 0.8315927279133564
1695 0.8332768007008499
1696 0.824944032367468
1697 0.8266945921116726
1698 0.8284276462570844
1699 0.8301433698597183
1700 0.8318419362250281
1701 0.8235235165529347
1702 0.8252882814524817
1703 0.8270353987017381
1704 0.8287650447772329
1705 0.8304773943907285
1706 0.8321726205068702
1707 0.8338508943606554
1708 0.8355123854747316
1709 0.8371572616765192
1710 0.8387856891151637
1711 0.8403978322783192
1712 0.8419938540087625
1713 0.843573915520842
1714 0.8451381764167626
1715 0.8466867947027066
1716 0.8482199268047939
1717 0.849737727584883
1718 0.8512403503562131
1719 0.842727946588053
1720 0.8443006671705697
1721 0.8458576605462983
1722 0.8473990839873256
1723 0.8489250931930173
1724 0.8504358423057456
1725 0.8519314839264579
1726 0.8534121691300919
1727 0.8548780474808361
1728 0.8563292670472361
1729 0.8577659744171519
1730 0.8591883147125648
1731 0.860596431604236
1732 0.8619904673262184
1733 0.8633705626902244
1734 0.8647368570998484
1735 0.8660894885646495
1736 0.8674285937140902
1737 0.8587543075519393
1738 0.8601667645126925
1739 0.8615650969031163
1740 0.852949445717234
1741 0.8544199512967033
1742 0.8558757518196489
1743 0.8573169943366503
1744 0.8587438244277813
1745 0.8601563862173144
1746 0.8615548223882794
1747 0.8629392741968753
1748 0.8643098814867388
1749 0.8656667827030702
1750 0.8670101149066175
1751 0.858340013562169
1752 0.8597566134581515
1753 0.8611590473545452
1754 0.8625474569113586
1755 0.8639219823719996
1756 0.8652827625774422
1757 0.86662993498025
1758 0.8679636356584608
1759 0.8692839993293321
1760 0.8705911593629482
1761 0.8718852477956928
1762 0.8731663953435851
1763 0.8744347314154841
1764 0.87569038412616
1765 0.8669334801134615
1766 0.8682641453381172
1767 0.8695815039100133
1768 0.8708856888956872
1769 0.8721768320310114
1770 0.8734550637344991
1771 0.8747205131204784
1772 0.8759733080121339
1773 0.8772135749544178
1774 0.878441439226833
1775 0.8796570248560871
1776 0.8808604546286204
1777 0.8820518501030087
1778 0.8832313316222414
1779 0.8843990183258787
1780 0.8855550281620844
1781 0.8866994778995406
1782 0.8778324829742169
1783 0.8790541581644339
1784 0.8802636166023515
1785 0.8814609804555007
1786 0.8826463706697371
1787 0.8838199069814568
1788 0.8849817079296929
1789 0.8861318908680875
1790 0.8872705719767462
1791 0.8883978662739731
1792 0.8895138876278895
1793 0.8906187487679353
1794 0.8917125612962559
1795 0.8927954356989748
1796 0.8938674813573546
1797 0.8949288065588445
1798 0.8959795185080199
1799 0.8970197233374098
1800 0.8980495261182178
1801 0.8990690308709354
1802 0.9000783405758492
1803 0.8910775570498168
1804 0.8921667814937279
1805 0.8932451136929133
1806 0.8943126625698257
1807 0.8953695359576935
1808 0.8964158406114128
1809 0.8974516822183302
1810 0.8984771654089191
1811 0.8994923937673478
1812 0.9004974698419433
1813 0.9014924951555486
1814 0.9024775702157787
1815 0.903452794525172
1816 0.9044182665912414
1817 0.9053740839364249
1818 0.9063203431079356
1819 0.8972571395737379
1820 0.8982845681895735
1821 0.8893017224075075
1822 0.8904087051956533
1823 0.8915046181556744
1824 0.892589571985857
1825 0.8836636761703853
1826 0.8848270394210187
1827 0.8859787690389003
1828 0.8771189812564251
1829 0.878347791456505
1830 0.8795643135543325
1831 0.8807686704309351
1832 0.88196098373853
1833 0.8831413739128121
1834 0.8843099601851192
1835 0.8854668605944757
1836 0.8866121919995155
1837 0.8877460700902863
1838 0.8888686093999352
1839 0.8899799233162776
1840 0.8810801240011225
1841 0.8822693227719576
1842 0.8834466295548684
1843 0.8846121632697388
1844 0.8857660416472529
1845 0.8869083812407887
1846 0.8880392974381901
1847 0.8791589043875526
1848 0.870367315268939
1849 0.8716636421271595
1850 0.8729470057165809
1851 0.8742175356698951
1852 0.8754753603234676
1853 0.8767206067303002
1854 0.8779534006728639
1855 0.8791738666758057
1856 0.8803821280185257
1857 0.8815783067476298
1858 0.8827625236892582
1859 0.8839348984612889
1860 0.8850955494854219
1861 0.8862445939991395
1862 0.8773821479936963
1863 0.8786083265227244
1864 0.8698222431939006
1865 0.87112402077129
1866 0.8724127805727199
1867 0.8736886527759535
1868 0.8749517662569766
1869 0.8762022486030147
1870 0.877440226125421
1871 0.8786658238724355
1872 0.8798791656418152
1873 0.8810803739933397
1874 0.8722695701957289
1875 0.8735468745020495
1876 0.8748114057651422
1877 0.8760632917154423
1878 0.8773026588060813
1879 0.8785296322256588
1880 0.8797443359108887
1881 0.8709468924981022
1882 0.8722374235809166
1883 0.8735150493527478
1884 0.8747798988667086
1885 0.8760320998853808
1886 0.8772717788937202
1887 0.878499061111833
1888 0.8797140705076244
1889 0.8809169298093205
1890 0.8821077605178645
1891 0.8832866829191913
1892 0.8844538160963753
1893 0.8756092778875778
1894 0.8768531851153621
1895 0.878084653270736
1896 0.8793038067444262
1897 0.8705107686313007
1898 0.8718056609516476
1899 0.8730876043486585
1900 0.8743567283115694
1901 0.875613161034724
1902 0.8768570294305221
1903 0.8680884590933287
1904 0.8694075745087828
1905 0.8707134987699554
1906 0.8720063637883917
1907 0.8632863001095373
1908 0.864653437114801
1909 0.8660069027498857
1910 0.8673468337284954
1911 0.8686733653971974
1912 0.8699866317490932
1913 0.8712867654373534
1914 0.8725738977886165
1915 0.8738481588162548
1916 0.8751096772335067
1917 0.8763585804664785
1918 0.8675949946249483
1919 0.8689190446842129
1920 0.8702298542427752
1921 0.8715275557056443
1922 0.8728122801537793
1923 0.8740841573573297
1924 0.8753433157887434
1925 0.8765898826357437
1926 0.8778239838141766
1927 0.8790457439807299
1928 0.8802552865455242
1929 0.8814527336845791
1930 0.8826382063521536
1931 0.8838118242929645
1932 0.8849737060542809
1933 0.8861239689978998
1934 0.8872627293119996
1935 0.8883901020228773
1936 0.8895062010065666
1937 0.8906111390003412
1938 0.8917050276141014
1939 0.8927879773416493
1940 0.8938600975718481
1941 0.8949214965996731
1942 0.8859722816040985
1943 0.8871125587917885
1944 0.8882414332075275
1945 0.8893590188790362
1946 0.8904654286937586
1947 0.8815607743788326
1948 0.8827451666387297
1949 0.8839177149759545
1950 0.8850785378297352
1951 0.8762277524247152
1952 0.8774654749041676
1953 0.8786908201587519
1954 0.8799039119607183
1955 0.8811048728445942
1956 0.8822938241195621
1957 0.8734708858532866
1958 0.8747361769983144
1959 0.8759888152318211
1960 0.8772289270829233
1961 0.8784566378154465
1962 0.8696720714135451
1963 0.8709753507028974
1964 0.872265597199287
1965 0.8735429412306447
1966 0.8648075117956546
1967 0.8661594366811736
1968 0.8674978423177682
1969 0.8688228638979291
1970 0.8701346352622218
1971 0.8714332889128065
1972 0.8627189560023737
1973 0.8640917664456725
1974 0.8554508487605113
1975 0.8568963402763351
1976 0.8583273768769324
1977 0.8597441031114569
1978 0.8611466620835707
1979 0.862535195465899
1980 0.853909843491782
1981 0.8553707450601269
1982 0.8568170376127233
1983 0.8582488672397303
1984 0.8596663785704047
1985 0.8610697147877114
1986 0.862459017642785
1987 0.8638344274692493
1988 0.8651960831973912
1989 0.8565441223475873
1990 0.8479786811066363
1991 0.8494988942986405
1992 0.8510039053586633
1993 0.8524938663080263
1994 0.8539689276478368
1995 0.8554292383741917
1996 0.8468749459740186
1997 0.8384061964981743
1998 0.8300221345174087
1999 0.8317219131754027
2000 0.8234046940283023
2001 0.8151706470729785
2002 0.8170189406055911
2003 0.8188487512028112
2004 0.8206602636939938
2005 0.8224536610602007
2006 0.8142291244353115
2007 0.8160868331941532
2008 0.817925964865343
2009 0.8197467052197585
2010 0.8215492381705688
2011 0.813333745775291
2012 0.8152004083205909
2013 0.8170484042403772
2014 0.8088779201848767
2015 0.8107891409860608
2016 0.8126812495791728
2017 0.8145544370862945
2018 0.8164088927182871
2019 0.8182448037939029
2020 0.8200623557587068
2021 0.821861732203808
2022 0.8236431148844048
2023 0.8254066837381431
2024 0.8171526168887959
2025 0.8089810907081806
2026 0.8008912797896046
2027 0.8028823669945094
2028 0.8048535433273093
2029 0.8068050078967265
2030 0.808736957820396
2031 0.8106495882447764
2032 0.8025430923514847
2033 0.8045176614305848
2034 0.8064724848188418
2035 0.8084077599731654
2036 0.800323682363046
2037 0.8023204455419556
2038 0.8042972410890257
2039 0.8062542686805754
2040 0.8081917259961611
2041 0.8101098087385434
2042 0.8120087106534551
2043 0.8138886235491722
2044 0.8157497373158872
2045 0.8175922399448912
2046 0.819416317547562
2047 0.8212221543741638
2048 0.8130099328210687
2049 0.8148798334949665
2050 0.8067310351509203
2051 0.8086637248015469
2052 0.8105770875556249
2053 0.8124713166821204
2054 0.8143466035173101
2055 0.816203137484108
2056 0.8180411061111985
2057 0.8198606950519799
2058 0.8216620881033155
2059 0.8134454672139033
2060 0.8153110125436476
2061 0.817157902420057
2062 0.8189863233976656
2063 0.8207964601654623
2064 0.8225884955655456
2065 0.8243626106115933
2066 0.8261189845071469
2067 0.8278577946637117
2068 0.8295792167186782
2069 0.8212834245438405
2070 0.8230705903000338
2071 0.8248398843986328
2072 0.8265914855562139
2073 0.828325570702188
2074 0.8300423149966718
2075 0.8317418918481807
2076 0.8334244729311454
2077 0.8350902282032515
2078 0.8367393259226084
2079 0.8383719326647441
2080 0.8399882133394312
2081 0.8415883312073449
2082 0.8331724478884603
2083 0.8348407234109124
2084 0.8364923161781134
2085 0.8381273930176163
2086 0.8397461190886986
2087 0.8313486578913486
2088 0.8230351713061007
2089 0.8248048195943747
2090 0.8265567713997392
2091 0.8182912036796309
2092 0.8101082916368453
2093 0.8020072087146068
2094 0.803987136628881
2095 0.8059472652639843
2096 0.8078877926127088
2097 0.809808914687919
2098 0.8117108255423503
2099 0.8135937172882114
2100 0.8154577801165882
2101 0.8173032023166562
2102 0.819130170294699
2103 0.8209388685929374
2104 0.8227294799081697
2105 0.8245021851102265
2106 0.8262571632602402
2107 0.8279945916287316
2108 0.8197146457072843
2109 0.8215174992513237
2110 0.8233023242599006
2111 0.8250693010183701
2112 0.8268186080092336
2113 0.8285504219301676
2114 0.8202649177060046
2115 0.8220622685299886
2116 0.823841645845712
2117 0.8256032293882577
2118 0.8273471970953581
2119 0.8290737251253678
2120 0.8307829878750583
2121 0.8324751579972332
2122 0.8341504064181678
2123 0.8358089023548751
2124 0.8374508133321976
2125 0.8390763051997296
2126 0.8406855421485693
2127 0.842278686727904
2128 0.8438558998614288
2129 0.8354173408585562
2130 0.8370631674507928
2131 0.8386925357770907
2132 0.8403056104201095
2133 0.8419025543166825
2134 0.8434835287742743
2135 0.8450486934872753
2136 0.8465982065531314
2137 0.8481322244883145
2138 0.8496509022441315
2139 0.8511543932223763
2140 0.8526428492908251
2141 0.854116420798576
2142 0.8555752565912362
2143 0.8570195040259571
2144 0.858449308986318
2145 0.8598648158970631
2146 0.8612661677386885
2147 0.8626535060618857
2148 0.8540269709976704
2149 0.8454867012841688
2150 0.8470318342719585
2151 0.8485615159298577
2152 0.8500759007711656
2153 0.8515751417640482
2154 0.8530593903469904
2155 0.8545287964440915
2156 0.8559835084802102
2157 0.8474236733921482
2158 0.8389494366550315
2159 0.8405599422890824
2160 0.8421543428667808
2161 0.8437327994386904
2162 0.8452954714448694
2163 0.8468425167309755
2164 0.8483740915642095
2165 0.8498903506491003
2166 0.8513914471431315
2167 0.8528775326722121
2168 0.8443487573425819
2169 0.8459052697696814
2170 0.8474462170724996
2171 0.8489717549022794
2172 0.8504820373537513
2173 0.8519772169806986
2174 0.8534574448113668
2175 0.8549228703637187
2176 0.856373641660538
2177 0.8578099052443799
2178 0.8592318061923746
2179 0.8506394881278276
2180 0.8521330932470009
2181 0.8436117623119811
2182 0.8451756446893246
2183 0.8467238882428855
2184 0.8482566493609016
2185 0.8497740828677287
2186 0.8412763420366334
2187 0.8428635786167142
2188 0.8444349428309854
2189 0.845990593403105
2190 0.8375306874667616
2191 0.8391553805925336
2192 0.8407638267870391
2193 0.8423561885195909
2194 0.843932626634809
2195 0.8454933003688665
2196 0.8470383673655754
2197 0.8385679836897616
2198 0.8401823038532713
2199 0.8417804808151376
2200 0.8433626760073775
2201 0.8449290492476871
2202 0.8464797587555859
2203 0.8480149611683983
2204 0.8495348115570752
2205 0.8510394634418582
2206 0.8425290688054589
2207 0.8441037781177672
2208 0.845662740336945
2209 0.8372061129316658
2210 0.8388340518027131
2211 0.8404457112850426
2212 0.8420412541725418
2213 0.8436208416311591
2214 0.8451846332151834
2215 0.8467327868833607
2216 0.8482654590148498
2217 0.8397828044229336
2218 0.8413849763790349
2219 0.8429711266155685
2220 0.8445414153497303
2221 0.8460960011965442
2222 0.8476350411848838
2223 0.8391586907713718
2224 0.8407671038639705
2225 0.8423594328256371
2226 0.8439358384976807
2227 0.845496480112998
2228 0.8470415153121563
2229 0.8485711001593172
2230 0.850085389158001
2231 0.8515845352666923
2232 0.8530686899142914
2233 0.8545380030154093
2234 0.8459926229837541
2235 0.8475326967541843
2236 0.8490573697869049
2237 0.8505667960892931
2238 0.8520611281286523
2239 0.8535405168476128
2240 0.8450051116777251
2241 0.8465550605612016
2242 0.8480895099558382
2243 0.8396086148549189
2244 0.8312125287050359
2245 0.8229004034166782
2246 0.8246713993827871
2247 0.8264246853892295
2248 0.8281604385356022
2249 0.8298788341505058
2250 0.831580045809255
2251 0.8332642453514117
2252 0.8349316028981421
2253 0.8365822868694002
2254 0.838216464000941
2255 0.8398342993611616
2256 0.8314359563663674
2257 0.8331215968029386
2258 0.8347903808351396
2259 0.8364424770270138
2260 0.838078052256965
2261 0.8396972717346122
2262 0.8413002990174786
2263 0.842887296027512
2264 0.8444584230674411
2265 0.8360138388356806
2266 0.8276537004462592
2267 0.8293771634420138
2268 0.8310833918078065
2269 0.8227725578887015
2270 0.8245448323100314
2271 0.8262993839871435
2272 0.8280363901474803
2273 0.8297560262462097
2274 0.8314584659839477
2275 0.8331438813243043
2276 0.8348124425112534
2277 0.8264643180851889
2278 0.8281996749045331
2279 0.8199176781545622
2280 0.8217185013732158
2281 0.8235013163596789
2282 0.8252663031962736
2283 0.8270136401644984
2284 0.8187435037619746
2285 0.8205560687245456
2286 0.8223505080374871
2287 0.8141270029562642
2288 0.8159857329268914
2289 0.8178258755978084
2290 0.8196476168420126
2291 0.821451140673771
2292 0.8232366292672084
2293 0.8250042629747079
2294 0.8267542203451291
2295 0.8284866781418427
2296 0.8302018113605858
2297 0.8318997932471383
2298 0.8335807953148221
2299 0.8252449873609119
2300 0.816992537486556
2301 0.8188226121118545
2302 0.8206343859908966
2303 0.8224280421311451
2304 0.8242037617099881
2305 0.815961724092179
2306 0.8178021068514142
2307 0.8196240857830537
2308 0.8214278449253737
2309 0.8232135664762676
2310 0.8249814308116498
2311 0.826731616503675
2312 0.8284643003387772
2313 0.8301796573355257
2314 0.8318778607623037
2315 0.8335590821548116
2316 0.8352234913333917
2317 0.8368712564201833
2318 0.8385025438561048
2319 0.8401175184176645
2320 0.8417163432336061
2321 0.8432991798013859
2322 0.8448661880034857
2323 0.8464175261235622
2324 0.8479533508624358
2325 0.8494738173539185
2326 0.8509790791804842
2327 0.8524692883887821
2328 0.8539445955049951
2329 0.8554051495500439
2330 0.8568510980546402
2331 0.8582825870741886
2332 0.8596997612035396
2333 0.8611027635915954
2334 0.8624917359557689
2335 0.8638668185962987
2336 0.8652281504104214
2337 0.8665758689064014
2338 0.8679101102174198
2339 0.8692310091153264
2340 0.8705386990242522
2341 0.8718333120340872
2342 0.8731149789138223
2343 0.8743838291247586
2344 0.875639990833584
2345 0.866883590924744
2346 0.8682147550155724
2347 0.8695326074654912
2348 0.8708372813909092
2349 0.8721289085770715
2350 0.8734076194913708
2351 0.8646735432959838
2352 0.8660268078630965
2353 0.8673665397845367
2354 0.868692874386761
2355 0.8700059456429617
2356 0.8713058861865992
2357 0.8725928273247988
2358 0.86386689905111
2359 0.8652282300606668
2360 0.8565759477596319
2361 0.858010188282106
2362 0.8594300863993538
2363 0.8608357855354278
2364 0.8622274276801397
2365 0.8636051534034033
2366 0.8649691018694329
2367 0.8663194108508008
2368 0.8676562167423539
2369 0.8689796545749903
2370 0.8702898580292989
2371 0.8715869594490634
2372 0.8728710898546292
2373 0.8741423789561382
2374 0.8754009551666309
2375 0.8666469456145918
2376 0.8679804761585022
2377 0.8693006713969722
2378 0.8706076646830565
2379 0.8719015880362789
2380 0.8731825721559682
2381 0.8744507464344592
2382 0.8757062389701644
2383 0.8769491765805116
2384 0.8781796848147544
2385 0.8793978879666539
2386 0.8706039090866521
2387 0.8718978699958344
2388 0.873178891295924
2389 0.8644471023826418
2390 0.865802631358865
2391 0.8571446050449625
2392 0.8585731589945641
2393 0.8599874274046687
2394 0.8613875531306713
2395 0.8627736775994127
2396 0.8641459408234659
2397 0.8655044814152776
2398 0.8668494366011703
2399 0.868180942235203
2400 0.8694991328128948
2401 0.8708041414848086
2402 0.8620961000696777
2403 0.8634751390690253
2404 0.8648403876783786
2405 0.8561919838013224
2406 0.8576300639633542
2407 0.8490537633234558
2408 0.8505632256902674
2409 0.8520575934334099
2410 0.85353701749912
2411 0.8550016473241723
2412 0.8464516308506794
2413 0.8479871145422173
2414 0.849507243396839
2415 0.8510121709629134
2416 0.8425020492530442
2417 0.8440770287605578
2418 0.8456362584729953
2419 0.8471798958883077
2420 0.8487080969294659
2421 0.8502210159602118
2422 0.8517188058006495
2423 0.8532016177426821
2424 0.8446696015650331
2425 0.8462229055494229
2426 0.8477606764939678
2427 0.8492830697290665
2428 0.8407902390315636
2429 0.8423823366412874
2430 0.8439585132749131
2431 0.8355189281419593
2432 0.837163738860579
2433 0.838792101472012
2434 0.8404041804573298
2435 0.8420001386527938
2436 0.8435801372663022
2437 0.845144335893675
2438 0.8466928925347731
2439 0.8482259636094597
2440 0.8497437039733987
2441 0.8512462669336976
2442 0.8527338042643929
2443 0.8542064662217806
2444 0.8556644015595938
2445 0.8471077575438176
2446 0.8486366799684114
2447 0.8501503131687584
2448 0.8516488100371015
2449 0.8531323219367604
2450 0.8546009987174223
2451 0.856054988730277
2452 0.8474944388428061
2453 0.8390194944542132
2454 0.840629299509702
2455 0.8322230065144449
2456 0.8339007764493322
2457 0.8255617686846831
2458 0.8273061509978686
2459 0.8290330894879216
2460 0.8307427585930734
2461 0.8324353310071732
2462 0.8341109776971313
2463 0.8357698679201891
2464 0.8374121692410158
2465 0.8390380475486336
2466 0.8406476670731747
2467 0.8422411904024698
2468 0.8438187784984714
2469 0.8453805907135126
2470 0.8469267848064027
2471 0.8484575169583636
2472 0.8499729417888043
2473 0.8514732123709402
2474 0.8529584802472542
2475 0.8544288954448045
2476 0.855884606490379
2477 0.8473257604253444
2478 0.8388525028209628
2479 0.8404639777927773
2480 0.8420593380148731
2481 0.8436387446347476
2482 0.8452023571884228
2483 0.8467503336165608
2484 0.8482828302804172
2485 0.8498000019776343
2486 0.8513020019578789
2487 0.8527889819383206
2488 0.8542610921189576
2489 0.8557184811977877
2490 0.8571612963858292
2491 0.8585896834219898
2492 0.8600037865877884
2493 0.8614037487219288
2494 0.8627897112347274
2495 0.8641618141223976
2496 0.8655201959811908
2497 0.8668649940213957
2498 0.8681963440811982
2499 0.8695143806404024
2500 0.860819236833893
2501 0.8522110444654507
2502 0.8536889340208138
2503 0.8551520446806228
2504 0.8566005242338335
2505 0.8480345189913964
2506 0.8495541738014998
2507 0.8510586320635017
2508 0.8525480457428833
2509 0.8540225652854709
2510 0.8554823396326323
2511 0.8569275162363216
2512 0.8583582410739737
2513 0.8597746586632491
2514 0.8611769120766314
2515 0.8625651429558795
2516 0.8639394915263349
2517 0.8653000966110854
2518 0.8666470956449883
2519 0.8579806246884515
2520 0.8594008184415811
2521 0.8608068102571791
2522 0.8621987421546208
2523 0.8635767547330877
2524 0.8649409871857698
2525 0.8662915773139249
2526 0.8676286615407981
2527 0.8689523749254024
2528 0.8702628511761604
2529 0.86156022266432
2530 0.8629446204376893
2531 0.8643151742333245
2532 0.8656720224910031
2533 0.8670153022661048
2534 0.8683451492434552
2535 0.8696616977510319
2536 0.8709650807735326
2537 0.8722554299658081
2538 0.8735328756661607
2539 0.8747975469095094
2540 0.8760495714404245
2541 0.8772890757260302
2542 0.8785161849687796
2543 0.8797310231191015
2544 0.8809337128879198
2545 0.8821243757590498
2546 0.8833031320014684
2547 0.8844701006814625
2548 0.8856253996746566
2549 0.8867691456779184
2550 0.8879014542211475
2551 0.8890224396789442
2552 0.8901322152821628
2553 0.8912308931293489
2554 0.8823185841979926
2555 0.873495398355951
2556 0.8747604443724003
2557 0.8760128399286848
2558 0.8772527115294064
2559 0.8784801844141206
2560 0.8796953825699874
2561 0.8808984287442954
2562 0.8720894444567953
2563 0.8733685500122357
2564 0.8746348645121214
2565 0.8758885158670081
2566 0.8771296307083458
2567 0.87835833440127
2568 0.8795747510572648
2569 0.8807790035466994
2570 0.8819712135112396
2571 0.8731515013760748
2572 0.8744199863623215
2573 0.8756757864987056
2574 0.8769190286337257
2575 0.8781498383473955
2576 0.869368339963872
2577 0.8606746565641846
2578 0.8620679099985505
2579 0.8634472308985726
2580 0.8648127585895942
2581 0.8561646310036517
2582 0.857602984693623
2583 0.8590269548466942
2584 0.8604366852982346
2585 0.8518323184452078
2586 0.8533139952607633
2587 0.8547808553081632
2588 0.8562330467550888
2589 0.8476707162874955
2590 0.8491940091246281
2591 0.8507020690333891
2592 0.8421950483430143
2593 0.8437730978595916
2594 0.8453353668810031
2595 0.8468820132122002
2596 0.8484131930800853
2597 0.8399290611492457
2598 0.8415297705377606
2599 0.8431144728323899
2600 0.844683328104073
2601 0.8362364948229951
2602 0.8378741298747724
2603 0.8394953885760317
2604 0.8411004346902782
2605 0.8326894303433399
2606 0.8343625360399135
2607 0.8260189106794799
2608 0.8277587215726921
2609 0.8194811343569317
2610 0.8212863230133697
2611 0.8230734597832432
2612 0.8248427251854176
2613 0.8265942979335702
2614 0.8283283549542411
2615 0.8300450714047052
2616 0.8317446206906645
2617 0.8334271744837641
2618 0.8350929027389328
2619 0.8367419737115495
2620 0.8383745539744398
2621 0.8299908084346654
2622 0.8316909003503248
2623 0.8333739913468274
2624 0.835040251433365
2625 0.8366898489190371
2626 0.8283229504298181
2627 0.8300397209255257
2628 0.8317393237162761
2629 0.8334219304791189
2630 0.8350877111743331
2631 0.8367368340625951
2632 0.8383694657219743
2633 0.8399857710647598
2634 0.8315859133540857
2635 0.8332700542205501
2636 0.8349373536783498
2637 0.8365879801415713
2638 0.8382221003401605
2639 0.8398398793367639
2640 0.841441480543401
2641 0.8430270657379715
2642 0.8445967950805964
2643 0.8461508271297948
2644 0.8476893188585013
2645 0.8492124256699205
2646 0.8407203014131975
2647 0.8323130983990422
2648 0.8339899674150564
2649 0.8356500677409102
2650 0.8372935670635056
2651 0.8389206313928749
2652 0.8405314250789503
2653 0.842126110828165
2654 0.8437048497198875
2655 0.8452678012226926
2656 0.8468151232104697
2657 0.8483469719783688
2658 0.8498635022585889
2659 0.8513648672360068
2660 0.8528512185636503
2661 0.8543227063780173
2662 0.8557794793142406
2663 0.8572216845211016
2664 0.858649467675894
2665 0.8600629729991384
2666 0.8614623432691502
2667 0.8528477198364391
2668 0.854319242638078
2669 0.8557760502117004
2670 0.8572182897095866
2671 0.8586461068124939
2672 0.8500596457443504
2673 0.8515590492869102
2674 0.8530434587940442
2675 0.844513024206086
2676 0.8360678939640077
2677 0.837707215024371
2678 0.8393301428741305
2679 0.8309368414453724
2680 0.8326274730309221
2681 0.8343011983006162
2682 0.8359581863176133
2683 0.8375986044544402
2684 0.839222618409899
2685 0.840830392225803
2686 0.8424220883035479
2687 0.8439978674205153
2688 0.8455578887463131
2689 0.8471023098588527
2690 0.8486312867602669
2691 0.850144973892667
2692 0.8516435241537428
2693 0.853127088912208
2694 0.8445958180230712
2695 0.8461498598428431
2696 0.8476883612444173
2697 0.8492114776319756
2698 0.8507193628556584
2699 0.8522121692271042
2700 0.8536900475348356
2701 0.8551531470594896
2702 0.856601615588897
2703 0.8580355994330103
2704 0.8594552434386824
2705 0.8508606910042823
2706 0.8523520840942418
2707 0.8538285632533015
2708 0.8552902776207706
2709 0.8567373748445651
2710 0.8581700010961216
2711 0.8595883010851625
2712 0.8609924180743129
2713 0.8623824938935719
2714 0.8637586689546382
2715 0.8651210822650937
2716 0.8664698714424447
2717 0.8578051727280084
2718 0.8592271210007304
2719 0.8506348497907116
2720 0.8521285012928065
2721 0.8536072162798803
2722 0.8550711441170834
2723 0.8465204326759015
2724 0.8480552283491444
2725 0.849574676065655
2726 0.8510789293050003
2727 0.8425681400119397
2728 0.8441424586118222
2729 0.845701034025706
2730 0.8472440236854507
2731 0.8487715834485979
2732 0.8502838676141137
2733 0.8517810289379742
2734 0.8532632186485962
2735 0.854730586462112
2736 0.8561832805974926
2737 0.8576214477915192
2738 0.8590452333136055
2739 0.860454780980471
2740 0.8618502331706679
2741 0.8632317308389627
2742 0.8645994135305745
2743 0.8659534193952702
2744 0.8672938852013189
2745 0.8686209463493072
2746 0.8699347368858154
2747 0.8712353895169584
2748 0.8725230356217902
2749 0.8737978052655736
2750 0.8750598272129191
2751 0.8663092289407814
2752 0.8576461366513654
2753 0.8490696752848435
2754 0.8505789785319965
2755 0.852073188746678
2756 0.8535524568592127
2757 0.8550169322906218
2758 0.856466762967717
2759 0.857902095338041
2760 0.8593230743846619
2761 0.8607298436408165
2762 0.8521225452044009
2763 0.8436013197523495
2764 0.8451653065548272
2765 0.8367136534892718
2766 0.8383465169543804
2767 0.839963051784838
2768 0.841563421266991
2769 0.8431477870543224
2770 0.8447163091837804
2771 0.8462691460919438
2772 0.8478064546310256
2773 0.8493283900847165
2774 0.8508351061838705
2775 0.852326755122033
2776 0.8438034875708063
2777 0.8453654526950993
2778 0.8469117981681494
2779 0.8484426801864691
2780 0.8499582533846055
2781 0.8514586708507605
2782 0.8529440841422539
2783 0.8544146433008325
2784 0.8558704968678251
2785 0.8573117918991479
2786 0.8587386739801574
2787 0.8601512872403567
2788 0.8615497743679541
2789 0.8629342766242755
2790 0.8643049338580336
2791 0.8656618845194541
2792 0.8670052656742605
2793 0.8683352130175188
2794 0.8696518608873445
2795 0.8709553422784719
2796 0.872245788855688
2797 0.8735233309671319
2798 0.8747880976574613
2799 0.8760402166808875
2800 0.8772798145140793
2801 0.8785070163689392
2802 0.8797219462052507
2803 0.8709247267431931
2804 0.8722154794757618
2805 0.873493324681005
2806 0.8747583914341958
2807 0.8760108075198545
2808 0.8772506994446567
2809 0.8784781924502107
2810 0.8796934105257094
2811 0.8708964764204475
2812 0.8721875116562438
2813 0.8634656365396768
2814 0.8648309801742807
2815 0.8661826703725386
2816 0.8675208436688139
2817 0.8588456352321213
2818 0.8602571788798009
2819 0.8616546070910035
2820 0.8630380610200941
2821 0.8644076804098938
2822 0.8657636036057955
2823 0.8671059675697381
2824 0.8684349078940413
2825 0.8697505588151015
2826 0.8710530532269511
2827 0.8723425226946823
2828 0.873619097467736
2829 0.8748829064930592
2830 0.8761340774281292
2831 0.8773727366538484
2832 0.8785990092873104
2833 0.8698130191944335
2834 0.8711148890024897
2835 0.8724037401124654
2836 0.8736797027113412
2837 0.8649429056842243
2838 0.8662934766273825
2839 0.8676305418611092
2840 0.8689542364424986
2841 0.8602646940780703
2842 0.8616620471372901
2843 0.8530454266659139
2844 0.8545149723992552
2845 0.8459698226752594
2846 0.8475101244485073
2847 0.8490350232040228
2848 0.8505446729719831
2849 0.8520392262422639
2850 0.8535188339798417
2851 0.8549836456400438
2852 0.856433809183644
2853 0.857869471091808
2854 0.8592907763808904
2855 0.8606978686170821
2856 0.8620908899309118
2857 0.8634699810316031
2858 0.8648352812212875
2859 0.8661869284090751
2860 0.8675250591249848
2861 0.8688498085337353
2862 0.8701613104483984
2863 0.8614596973439116
2864 0.862845100370473
2865 0.8642166493667687
2866 0.8655744828731015
2867 0.8669187380443708
2868 0.8682495506639276
2869 0.8695670551572887
2870 0.8608713846057132
2871 0.8622626707596565
2872 0.8636400440520602
2873 0.8650036436115401
2874 0.8663536071754252
2875 0.8676900711036712
2876 0.8690131703926348
2877 0.870323038688709
2878 0.8716198083018223
2879 0.8729036102188044
2880 0.8741745741166167
2881 0.8754328283754508
2882 0.8766785000916966
2883 0.8779117150907799
2884 0.8691325979398699
2885 0.8704412719604715
2886 0.8717368592408671
2887 0.8730194906484587
2888 0.8742892957419746
2889 0.8755464027845551
2890 0.8767909387567099
2891 0.8780230293691431
2892 0.8792427990754519
2893 0.8804503710846977
2894 0.881645867373851
2895 0.8828294087001128
2896 0.884001114613112
2897 0.8851611034669811
2898 0.8863094924323115
2899 0.8874463975079886
2900 0.888571933532909
2901 0.8896862141975802
2902 0.8907893520556047
2903 0.8818814585350467
2904 0.8830626439496965
2905 0.8742320175101976
2906 0.8754896973350959
2907 0.8767348003617452
2908 0.8779674523581281
2909 0.8791877778345472
2910 0.8803959000562019
2911 0.8815919410556401
2912 0.8727760216450821
2913 0.8640482614286294
2914 0.8654077788143435
2915 0.8667537010262004
2916 0.8680861640159386
2917 0.8694053023757795
2918 0.8707112493520219
2919 0.872004136858502
2920 0.873284095489917
2921 0.874551254535018
2922 0.8758057419896681
2923 0.8770476845697717
2924 0.8782772077240742
2925 0.8794944356468337
2926 0.8806994912903655
2927 0.881892496377462
2928 0.8830735714136876
2929 0.8742428356995491
2930 0.8755004073425539
2931 0.8767454032691286
2932 0.8779779492364376
2933 0.8791981697440734
2934 0.880406188046633
2935 0.8816021261661668
2936 0.8727861049045038
2937 0.8740582438554588
2938 0.8753176614169044
2939 0.8765644848027356
2940 0.8777988399547085
2941 0.8790208515551616
2942 0.8702306430396087
2943 0.8715283366092128
2944 0.8728130532431209
2945 0.8640849227106885
2946 0.8654440734835817
2947 0.866789632748746
2948 0.8681217364212587
2949 0.8694405190570462
2950 0.8707461138664759
2951 0.8720386527278113
2952 0.8733182662005334
2953 0.8745850835385284
2954 0.8758392327031432
2955 0.877080840376112
2956 0.878310031972351
2957 0.8695269316526264
2958 0.8708316623361002
2959 0.8721233457127394
2960 0.8734021122556122
2961 0.8746680911330563
2962 0.875921410221726
2963 0.8671621961195077
2964 0.8684905741583129
2965 0.8698056684167298
2966 0.8611076117325616
2967 0.8624965356152361
2968 0.8538715702590828
2969 0.8553328545564921
2970 0.8567795260109273
2971 0.8582117307508181
2972 0.85962961344331
2973 0.8610333173088771
2974 0.8624229841357887
2975 0.8537987542944299
2976 0.8552607667514857
2977 0.856708159083971
2978 0.8481410774931305
2979 0.8496596667181994
2980 0.8511630700510175
2981 0.8526514393505076
2982 0.8541249249570027
2983 0.8555836757074327
2984 0.8570278389503585
2985 0.8584575605608551
2986 0.8598729849552466
2987 0.8612742551056942
2988 0.8526615125546365
2989 0.8541348974290903
2990 0.8555935484547995
2991 0.8570376129702517
2992 0.8584672368405494
2993 0.8598825644721441
2994 0.8612837388274227
2995 0.8626709014391486
2996 0.8640441924247572
2997 0.8654037505005098
2998 0.8667497129955047
2999 0.858082215865549
3000 0.8595013937068936
3001 0.8609063797698248
3002 0.8622973159721266
3003 0.8536743428124047
3004 0.8551375993842808
3005 0.8565862233904381
3006 0.8580203611565338
3007 0.8594401575449687
3008 0.8608457559695191
3009 0.8622372984098241
3010 0.8636149254257259
3011 0.8649787761714687
3012 0.866328988409754
3013 0.8676656985256567
3014 0.8589890415403995
3015 0.8603991511249955
3016 0.8617951596137456
3017 0.8631772080176082
3018 0.8645454359374322
3019 0.8658999815780579
3020 0.8672409817622775
3021 0.8585685719446541
3022 0.8599828862252075
3023 0.8613830573629556
3024 0.8627692267893262
3025 0.864141534521433
3026 0.8655001191762188
3027 0.8668451179844568
3028 0.8681766668046125
3029 0.8694949001365665
3030 0.8607999511352002
3031 0.8621919516238484
3032 0.8535700321076094
3033 0.8550343317865334
3034 0.8564839884686682
3035 0.8579191485839816
3036 0.8593399570981418
3037 0.8607465575271604
3038 0.8621390919518889
3039 0.86351770103237
3040 0.8648825240220464
3041 0.8562336987818255
3042 0.8476713617940068
3043 0.8491946481760668
3044 0.8507027016943062
3045 0.8521956746773631
3046 0.8536737179305895
3047 0.8551369807512836
3048 0.8465856109437705
3049 0.8381197548343323
3050 0.8397385572859891
3051 0.8413411717131293
3052 0.8429277599959982
3053 0.8344984823960379
3054 0.8361534975720776
3055 0.8377919625963569
3056 0.829414042970393
3057 0.8311199025406891
3058 0.8328087035152824
3059 0.8344806164801297
3060 0.826135810315328
3061 0.8278744522121748
3062 0.8295957076900531
3063 0.8312997506131526
3064 0.8329867531070213
3065 0.8346568855759512
3066 0.8363103167201918
3067 0.8279472135529895
3068 0.8296677414174596
3069 0.8313710640032851
3070 0.8330573533632523
3071 0.8347267798296198
3072 0.8363795120313238
3073 0.8380157169110106
3074 0.8396355597419006
3075 0.8412392041444816
3076 0.8428268121030369
3077 0.8443985439820066
3078 0.8459545585421865
3079 0.8474950129567645
3080 0.849020062827197
3081 0.8505298621989251
3082 0.852024563576936
3083 0.8535043179411668
3084 0.8549692747617553
3085 0.8564195820141378
3086 0.8478553861939961
3087 0.8493768323320563
3088 0.8508830640087358
3089 0.8523742333686485
3090 0.853850491034962
3091 0.8553119861246126
3092 0.8567588662633665
3093 0.8581912776007329
3094 0.8596093648247256
3095 0.8510132711764782
3096 0.8425031384647131
3097 0.844078107080066
3098 0.8456373260092654
3099 0.8471809527491728
3100 0.8387091432216809
3101 0.8403220517894643
3102 0.8419188312715696
3103 0.843499642958854
3104 0.8450646465292655
3105 0.8466140000639729
3106 0.8481478600633332
3107 0.8496663814626999
3108 0.8511697176480729
3109 0.8526580204715922
3110 0.8541314402668764
3111 0.8555901258642077
3112 0.8470342246055653
3113 0.8485638823595097
3114 0.8500782435359147
3115 0.8515774611005557
3116 0.85306168648955
3117 0.8545310696246546
3118 0.8559857589284081
3119 0.8574259013391241
3120 0.8588516423257329
3121 0.8602631259024756
3122 0.8616604946434508
3123 0.8630438896970163
3124 0.8544134508000459
3125 0.8558693162920454
3126 0.857310623129125
3127 0.8587375168978336
3128 0.8601501417288553
3129 0.8615486403115666
3130 0.8529331539084507
3131 0.844403822369366
3132 0.8459597841456724
3133 0.8475001863042159
3134 0.8490251844411738
3135 0.850534932596762
3136 0.8420295832707944
3137 0.8436092874380865
3138 0.8451731945637058
3139 0.8467214626180688
3140 0.8482542479918882
3141 0.8497717055119693
3142 0.8512739884568498
3143 0.8527612485722813
3144 0.8542336360865586
3145 0.8556912997256929
3146 0.8571343867284361
3147 0.8485630428611516
3148 0.84007741243254
3149 0.8416766383082147
3150 0.8432598719251326
3151 0.8448272732058814
3152 0.8463790004738226
3153 0.8479152104690846
3154 0.8494360583643937
3155 0.8509416977807499
3156 0.8524322808029424
3157 0.853907957994913
3158 0.855368878414964
3159 0.8568151896308144
3160 0.8582470377345064
3161 0.8596645673571615
3162 0.8610679216835899
3163 0.8624572424667541
3164 0.8638326700420865
3165 0.8651943433416657
3166 0.8665423999082491
3167 0.8678769759091666
3168 0.8691982061500749
3169 0.8705062240885741
3170 0.8718011618476885
3171 0.8730831502292117
3172 0.8743523187269197
3173 0.8756087955396505
3174 0.876852707584254
3175 0.8780841805084116
3176 0.8793033387033276
3177 0.8805103053162944
3178 0.8717052022631313
3179 0.8729881502405
3180 0.8742582687380951
3181 0.8755156860507141
3182 0.8667605291902067
3183 0.8680929238983048
3184 0.8694119946593218
3185 0.8707178747127285
3186 0.8720106959656013
3187 0.8732905890059454
3188 0.874557683115886
3189 0.8658121062847269
3190 0.8671539852218796
3191 0.8684824453696609
3192 0.8697976209159642
3193 0.8710996447068047
3194 0.8723886482597367
3195 0.8736647617771393
3196 0.8749281141593678
3197 0.8761788330177741
3198 0.8774170446875964
3199 0.8786428742407204
3200 0.8798564454983132
3201 0.88105788104333
3202 0.8822473022328967
3203 0.8834248292105678
3204 0.874590580918462
3205 0.8758446751092773
3206 0.8770862283581846
3207 0.8783153660746027
3208 0.8695322124138566
3209 0.870836890289718
3210 0.8621285213868207
3211 0.8535072361729524
3212 0.8449721638112228
3213 0.8465224421731105
3214 0.8480572177513794
3215 0.8495766455738656
3216 0.8510808791181268
3217 0.8425700703269454
3218 0.8441443696236759
3219 0.8457029259274392
3220 0.8472458966681649
3221 0.8487734377014832
3222 0.8502857033244683
3223 0.8517828462912236
3224 0.8532650178283113
3225 0.844732367650028
3226 0.8462850439735277
3227 0.8478221935337923
3228 0.8493439715984543
3229 0.8508505318824698
3230 0.8523420265636451
3231 0.8538186062980088
3232 0.8452804202350287
3233 0.8468276160326784
3234 0.8483593398723517
3235 0.8398757464736282
3236 0.841476989008892
3237 0.8430622191188032
3238 0.8446315969276152
3239 0.8461852809583391
3240 0.8477234281487558
3241 0.8492461938672683
3242 0.8407537319285956
3243 0.8423461946093097
3244 0.8439227326632167
3245 0.8454835053365846
3246 0.8470286702832188
3247 0.8485583835803867
3248 0.8500727997445829
3249 0.8515720717471371
3250 0.8530563510296659
3251 0.8545257875193693
3252 0.8559805296441756
3253 0.8574207243477339
3254 0.8588465171042566
3255 0.850258051933214
3256 0.8517554714138819
3257 0.8532379166997431
3258 0.8547055375327457
3259 0.8561584821574183
3260 0.8475968973358442
3261 0.8391209283624858
3262 0.840729719078861
3263 0.8423224218880725
3264 0.8438991976691919
3265 0.8454602056924999
3266 0.8470056036355751
3267 0.8485355475992195
3268 0.8400501921232272
3269 0.8416496902019951
3270 0.8432331932999751
3271 0.8348008613669755
3272 0.8364528527533057
3273 0.8380883242257728
3274 0.8397074409835151
3275 0.8413103665736802
3276 0.8428972629079434
3277 0.8444682902788639
3278 0.8460236073760754
3279 0.8375633713023147
3280 0.8391877375892917
3281 0.8407958602133988
3282 0.8423879016112649
3283 0.8439640225951524
3284 0.8455243823692009
3285 0.8470691385455089
3286 0.848598447160054
3287 0.8501124626884535
3288 0.8516113380615691
3289 0.8530952246809534
3290 0.8545642724341441
3291 0.8560186297098028
3292 0.8574584434127048
3293 0.8588838589785779
3294 0.8602950203887921
3295 0.8616920701849042
3296 0.8630751494830553
3297 0.8544443979882247
3298 0.8558999540083425
3299 0.8573409544682592
3300 0.8587675449235767
3301 0.860179869474341
3302 0.8615780707795976
3303 0.8529622900718017
3304 0.8544326671710837
3305 0.8558883404993729
3306 0.8573294570943792
3307 0.8587561625234355
3308 0.8601686008982011
3309 0.8615669148892192
3310 0.8629512457403272
3311 0.8643217332829239
3312 0.8656785159500948
3313 0.8670217307905939
3314 0.868351513482688
3315 0.8696679983478612
3316 0.8609713183643827
3317 0.8623616051807389
3318 0.8637379891289315
3319 0.8651006092376423
3320 0.8664496031452661
3321 0.8677851071138135
3322 0.8691072560426755
3323 0.8604161834822488
3324 0.8618120216474263
3325 0.8631939014309521
3326 0.8645619624166426
3327 0.8659163427924763
3328 0.8672571793645516
3329 0.8685846075709062
3330 0.8598987614951972
3331 0.8512997738802452
3332 0.8527867761414428
3333 0.8542589083800284
3334 0.8557163192962283
3335 0.847159156103266
3336 0.8486875645422334
3337 0.8502006888968111
3338 0.851698682007843
3339 0.8531816951877647
3340 0.8546498782358871
3341 0.8561033794535284
3342 0.8575423456589931
3343 0.8589669222024032
3344 0.8503772529803793
3345 0.8418734804505753
3346 0.8334547456460696
3347 0.8351201981896089
3348 0.836768996207713
3349 0.8384013062456358
3350 0.8300172931831795
3351 0.8217171202513477
3352 0.8234999490488343
3353 0.8252649495583461
3354 0.8270123000627627
3355 0.828742177062135
3356 0.8304547552915138
3357 0.8321502077385987
3358 0.8338287056612128
3359 0.8354904186046007
3360 0.8371355144185548
3361 0.8287641592743693
3362 0.8304765176816258
3363 0.8321717525048096
3364 0.8338500349797615
3365 0.8255115346299639
3366 0.8272564192836643
3367 0.8289838550908277
3368 0.8306940165399196
3369 0.8323870763745205
3370 0.8240632056107753
3371 0.8258225735546676
3372 0.8275643478191209
3373 0.8292887043409298
3374 0.8309958172975206
3375 0.8226858591245453
3376 0.8244590005332999
3377 0.8262144105279671
3378 0.8279522664226874
3379 0.8296727437584606
3380 0.831376016320876
3381 0.8330622561576673
3382 0.8247316335960906
3383 0.8264843172601297
3384 0.8282194740875285
3385 0.8199372793466533
3386 0.8217379065531868
3387 0.8135205274876549
3388 0.8053853222127784
3389 0.8073314689906507
3390 0.7992581543007442
3391 0.8012655727577368
3392 0.8032529170301594
3393 0.8052203878598581
3394 0.8071681839812596
3395 0.8090965021414471
3396 0.8010055371200326
3397 0.8029954817488323
3398 0.804965526931344
3399 0.8069158716620307
3400 0.7988467129454103
3401 0.8008582458159563
3402 0.7928496633577967
3403 0.794921166724219
3404 0.7969719550569768
3405 0.7990022355064071
3406 0.8010122131513431
3407 0.8030020910198297
3408 0.8049720701096316
3409 0.7969223494085352
3410 0.7989531259144499
3411 0.8009635946553055
3412 0.7929539587087524
3413 0.795024419121665
3414 0.7970741749304484
3415 0.799103433181144
3416 0.8011123988493325
3417 0.7931012748608391
3418 0.7951702621122309
3419 0.7972185594911086
3420 0.7992463738961977
3421 0.8012539101572358
3422 0.8032413710556635
3423 0.8052089573451069
3424 0.8071568677716559
3425 0.7990852990939393
3426 0.801094446103
3427 0.8030835016419701
3428 0.7950526666255504
3429 0.7971021399592949
3430 0.7891311185597019
3431 0.7912398073741049
3432 0.793327409300364
3433 0.7953941352073605
3434 0.7974401938552869
3435 0.7994657919167341
3436 0.8014711339975668
3437 0.793456422657591
3438 0.7955218584310152
3439 0.7975666398467051
3440 0.7995909734482382
3441 0.8015950637137559
3442 0.8035791130766183
3443 0.8055433219458523
3444 0.8074878887263939
3445 0.80941300983913
3446 0.8113188797407388
3447 0.8132056909433315
3448 0.8150736340338983
3449 0.8069228976935593
3450 0.8088536687166238
3451 0.8007651320294574
3452 0.802757480709163
3453 0.8047299059020714
3454 0.8066826068430507
3455 0.8086157807746203
3456 0.8105296229668741
3457 0.8124243267372055
3458 0.8143000834698335
3459 0.8161570826351352
3460 0.8179955118087839
3461 0.8098155566906962
3462 0.8117174011237892
3463 0.8136002271125513
3464 0.8154642248414259
3465 0.8173095825930117
3466 0.8191364867670816
3467 0.8109451218994108
3468 0.8128356706804167
3469 0.8147073139736126
3470 0.8165602408338765
3471 0.8183946384255378
3472 0.8202106920412825
3473 0.8220085851208698
3474 0.813788499269661
3475 0.8156506142769646
3476 0.817494108134195
3477 0.8193191670528531
3478 0.8211259753823247
3479 0.8229147156285015
3480 0.8146855684722164
3481 0.8165387127874943
3482 0.8083733256596194
3483 0.8002895924030231
3484 0.802286696478993
3485 0.804263829514203
3486 0.8062211912190611
3487 0.7981589793068705
3488 0.7901773895138019
3489 0.7922756156186639
3490 0.7943528594624772
3491 0.7964093308678525
3492 0.7984452375591741
3493 0.7904607851835823
3494 0.7925561773317465
3495 0.7946306155584291
3496 0.7966843094028448
3497 0.7887174663088165
3498 0.7808302916457283
3499 0.7830219887292711
3500 0.7851917688419785
3501 0.7873398511535588
3502 0.7894664526420233
3503 0.7915717881156031
3504 0.7936560702344472
3505 0.7957195095321027
3506 0.7977623144367818
3507 0.799784691292414
3508 0.80178684437949
3509 0.8037689759356952
3510 0.8057312861763383
3511 0.7976739733145748
3512 0.7996972335814291
3513 0.8017002612456149
3514 0.8036832586331587
3515 0.7956464260468271
3516 0.797689961786359
3517 0.7997130621684955
3518 0.7917159315468105
3519 0.7837987722313424
3520 0.7759607845090291
3521 0.7682011766639387
3522 0.7705191648972993
3523 0.7728139732483265
3524 0.7750858335158433
3525 0.7673349751806849
3526 0.7696616254288782
3527 0.7719650091745895
3528 0.7742453590828438
3529 0.7765029054920154
3530 0.7787378764370952
3531 0.7809504976727244
3532 0.7731409926959971
3533 0.7754095827690373
3534 0.777655486941347
3535 0.7798789320719336
3536 0.7820801427512144
3537 0.7742593413237022
3538 0.7665167479104652
3539 0.7688515804313606
3540 0.771163064627047
3541 0.7734514339807765
3542 0.7757169196409689
3543 0.7679597504445593
3544 0.7702801529401139
3545 0.7725773514107128
3546 0.7748515778966059
3547 0.7771030621176399
3548 0.7793320314964636
3549 0.7815387111814991
3550 0.773723324069684
3551 0.7759860908289873
3552 0.7782262299206975
3553 0.7804439676214906
3554 0.7826395279452758
3555 0.7848131326658232
3556 0.786965001339165
3557 0.7890953513257735
3558 0.7912043978125158
3559 0.7932923538343908
3560 0.7953594302960468
3561 0.7974058359930865
3562 0.7994317776331558
3563 0.8014374598568242
3564 0.8034230852582561
3565 0.8053888544056738
3566 0.8073349658616171
3567 0.809261616203001
3568 0.801169000040971
3569 0.7931573100405612
3570 0.7952257369401557
3571 0.7972734795707542
3572 0.7993007447750468
3573 0.8013077373272963
3574 0.8032946599540235
3575 0.8052617133544833
3576 0.8072090962209385
3577 0.8091370052587291
3578 0.811045635206142
3579 0.8029351788540805
3580 0.7949058270655397
3581 0.7969567687948844
3582 0.7989872011069356
3583 0.8009973290958663
3584 0.8029873558049077
3585 0.8049574822468587
3586 0.7969079074243901
3587 0.7989388283501463
3588 0.8009494400666449
3589 0.8029399456659785
3590 0.8049105462093188
3591 0.8068614407472257
3592 0.8087928263397534
3593 0.8107048980763559
3594 0.8125978490955924
3595 0.8144718706046365
3596 0.8163271518985903
3597 0.8081638803796043
3598 0.8100822415758083
3599 0.8119814191600504
3600 0.8138616049684498
3601 0.8157229889187655
3602 0.8075657590295778
3603 0.8094901014392821
3604 0.8113952004248893
3605 0.8132812484206405
3606 0.805148435936434
3607 0.8070969515770697
3608 0.8090259820612992
3609 0.8109357222406861
3610 0.8128263650182793
3611 0.8146981013680966
3612 0.8165511203544157
3613 0.8183856091508717
3614 0.820201753059363
3615 0.8119997355287695
3616 0.8138797381734819
3617 0.8157409407917471
3618 0.8175835313838297
3619 0.8194076960699915
3620 0.8212136191092917
3621 0.8230014829181989
3622 0.8247714680890169
3623 0.8265237534081269
3624 0.8282585158740456
3625 0.8299759307153053
3626 0.8316761714081523
3627 0.8333594096940709
3628 0.8250258155971301
3629 0.8267755574411588
3630 0.8285078018667473
3631 0.8302227238480799
3632 0.8319204966095992
3633 0.8336012916435032
3634 0.8352652787270682
3635 0.8369126259397975
3636 0.8385434996803997
3637 0.8401580646835958
3638 0.8417564840367598
3639 0.8333389191963922
3640 0.8250055300044282
3641 0.826755474704384
3642 0.8284879199573403
3643 0.8302030407577669
3644 0.8319010103501893
3645 0.8335820002466874
3646 0.8352461802442207
3647 0.8368937184417785
3648 0.8285247812573607
3649 0.8202395334447872
3650 0.8220371381103394
3651 0.8238167667292361
3652 0.8255785990619436
3653 0.8273228130713243
3654 0.8290495849406111
3655 0.8307590890912051
3656 0.8324514982002931
3657 0.8341269832182903
3658 0.8257857133861073
3659 0.8275278562522463
3660 0.8292525776897239
3661 0.8309600519128267
3662 0.8326504513936985
3663 0.8343239468797616
3664 0.8259807074109641
3665 0.8177209003368544
3666 0.8195436913334859
3667 0.811348254420151
3668 0.8132347718759497
3669 0.8151024241571903
3670 0.8169513999156184
3671 0.8187818859164623
3672 0.8205940670572979
3673 0.812388126386725
3674 0.8042642451228577
3675 0.796221602671629
3676 0.7982593866449128
3677 0.8002767927784639
3678 0.8022740248506792
3679 0.7942512846021724
3680 0.7963087717561508
3681 0.7983456840385893
3682 0.7903622271982035
3683 0.7924586049262214
3684 0.7945340188769594
3685 0.7965886786881898
3686 0.7886227919013079
3687 0.790736563982295
