0 0.5531908869743347
1 0.5773015022277832
2 0.5708975791931152
3 0.5306780338287354
4 0.5312567949295044
5 0.5058570504188538
6 0.619972825050354
7 0.5319428443908691
8 0.5294661521911621
9 0.6282886862754822
10 0.6368779540061951
11 0.5631332993507385
12 0.6806750893592834
13 0.6288443803787231
14 0.6203321218490601
15 0.5366629362106323
16 0.5812709331512451
17 0.5134639739990234
18 0.6542279720306396
19 0.5704686641693115
20 0.5536637306213379
21 0.5762028098106384
22 0.5180800557136536
23 0.5503407716751099
24 0.535381555557251
25 0.5092620253562927
26 0.5395064949989319
27 0.503112256526947
28 0.6328616738319397
29 0.6571718454360962
30 0.6209459900856018
31 0.6308770179748535
32 0.5046510100364685
33 0.5555137991905212
34 0.7069471478462219
35 0.5587138533592224
36 0.5243654251098633
37 0.6463784575462341
38 0.6485772728919983
39 0.6370561122894287
40 0.5304040312767029
41 0.5856446623802185
42 0.6232157945632935
43 0.5351834893226624
44 0.593123197555542
45 0.5679925680160522
46 0.6459910869598389
47 0.5868049263954163
48 0.5172474384307861
49 0.5862992405891418
50 0.5775707364082336
51 0.5688189268112183
52 0.6443354487419128
53 0.5376580953598022
54 0.6476140022277832
55 0.5314412117004395
56 0.610348105430603
57 0.6051979064941406
58 0.5611780285835266
59 0.6973291635513306
60 0.5275812149047852
61 0.5543437004089355
62 0.6324395537376404
63 0.5669651031494141
64 0.6101025342941284
65 0.5284703969955444
66 0.6279237270355225
67 0.5833954811096191
68 0.5779106616973877
69 0.5324183702468872
70 0.5781229138374329
71 0.568793535232544
72 0.5542721152305603
73 0.5806787014007568
74 0.549686849117279
75 0.5947577357292175
76 0.6402081847190857
77 0.5926541686058044
78 0.5709531307220459
79 0.5324906706809998
80 0.7139922380447388
81 0.6187313795089722
82 0.537819504737854
83 0.5116370320320129
84 0.6285611987113953
85 0.5965443849563599
86 0.5002013444900513
87 0.548793613910675
88 0.637204647064209
89 0.6001600027084351
90 0.5906339287757874
91 0.5995489358901978
92 0.5187241435050964
93 0.6315083503723145
94 0.6064296364784241
95 0.6417545080184937
96 0.6226944327354431
97 0.5111468434333801
98 0.521652340888977
99 0.574864387512207
100 0.609724223613739
101 0.5073781609535217
102 0.5154972672462463
103 0.6938064694404602
104 0.5885724425315857
105 0.6995469927787781
106 0.5990069508552551
107 0.6074806451797485
108 0.6391216516494751
109 0.5115848183631897
110 0.5851423144340515
111 0.6209532618522644
112 0.5746139883995056
113 0.6894252896308899
114 0.5118557810783386
115 0.5446321368217468
116 0.5729808211326599
117 0.5719733238220215
118 0.5197215676307678
119 0.5796440243721008
120 0.5745695233345032
121 0.6294645071029663
122 0.5167530179023743
123 0.6097700595855713
124 0.562041163444519
125 0.6325280070304871
126 0.5296237468719482
127 0.5775229930877686
128 0.581417977809906
129 0.5305866003036499
130 0.6172999143600464
131 0.5210236310958862
132 0.5483709573745728
133 0.5773569345474243
134 0.508088231086731
135 0.6568944454193115
136 0.6185397505760193
137 0.5278670191764832
138 0.5514271855354309
139 0.5286184549331665
140 0.501217246055603
141 0.622490644454956
142 0.5913059711456299
143 0.6253869533538818
144 0.5234770178794861
145 0.53255295753479
146 0.5725137591362
147 0.6783014535903931
148 0.6829992532730103
149 0.5074525475502014
150 0.6290780305862427
151 0.658694863319397
152 0.5961631536483765
153 0.6487261652946472
154 0.6411131620407104
155 0.6601706743240356
156 0.6125537157058716
157 0.6218918561935425
158 0.5783572793006897
159 0.6062383055686951
160 0.5107248425483704
161 0.6384108066558838
162 0.6451906561851501
163 0.5189172625541687
164 0.5329089164733887
165 0.6669974327087402
166 0.569576621055603
167 0.6305328607559204
168 0.6275301575660706
169 0.7067839503288269
170 0.6182136535644531
171 0.537445604801178
172 0.5715408325195312
173 0.5223960876464844
174 0.5146291851997375
175 0.567459762096405
176 0.5663442015647888
177 0.5332484245300293
178 0.6143543124198914
179 0.5136572122573853
180 0.5924439430236816
181 0.6334310173988342
182 0.6236692667007446
183 0.5541271567344666
184 0.6136473417282104
185 0.7035674452781677
186 0.5111202001571655
187 0.6710699796676636
188 0.6297098994255066
189 0.5507616400718689
190 0.6353973150253296
191 0.5403522849082947
192 0.6454688906669617
193 0.5639097094535828
194 0.5106427669525146
195 0.5025240778923035
196 0.5505015850067139
197 0.6052619814872742
198 0.6951507329940796
199 0.5281938910484314
200 0.5050599575042725
201 0.637355387210846
202 0.5002467036247253
203 0.6266983151435852
204 0.5481131672859192
205 0.5034424662590027
206 0.6356032490730286
207 0.540288507938385
208 0.532102644443512
209 0.5203261971473694
210 0.6238849759101868
211 0.6279780864715576
212 0.5889847874641418
213 0.5658021569252014
214 0.5935041904449463
215 0.6824915409088135
216 0.5371828675270081
217 0.528277575969696
218 0.5618283748626709
219 0.6234675049781799
220 0.7026561498641968
221 0.6751276850700378
222 0.6419910192489624
223 0.5474070310592651
224 0.5110571980476379
225 0.6264668107032776
226 0.510969877243042
227 0.5028148889541626
228 0.5299331545829773
229 0.5183292031288147
230 0.5257472991943359
231 0.6914458870887756
232 0.5178177356719971
233 0.5379751920700073
234 0.5558726191520691
235 0.6036874651908875
236 0.5953580737113953
237 0.6379355788230896
238 0.6539568305015564
239 0.549686849117279
240 0.5612974166870117
241 0.6154706478118896
242 0.5079817771911621
243 0.5341677069664001
244 0.5573520660400391
245 0.6359217762947083
246 0.5008078217506409
247 0.5563751459121704
248 0.5466291308403015
249 0.5855254530906677
250 0.676034152507782
251 0.557870090007782
252 0.5359010696411133
253 0.5335591435432434
254 0.6550529599189758
255 0.586990237236023
256 0.5006664991378784
257 0.6114186644554138
258 0.5193935036659241
259 0.603009045124054
260 0.5516040325164795
261 0.516466498374939
262 0.5044975280761719
263 0.5071590542793274
264 0.513748824596405
265 0.5355289578437805
266 0.513709306716919
267 0.6373175382614136
268 0.5564433932304382
269 0.6456962823867798
270 0.710211992263794
271 0.6146674156188965
272 0.5953466296195984
273 0.6114822030067444
274 0.6081709861755371
275 0.5714541673660278
276 0.6297130584716797
277 0.6718379855155945
278 0.6374794244766235
279 0.5383116006851196
280 0.6310062408447266
281 0.5818347930908203
282 0.5672187209129333
283 0.6706461310386658
284 0.6387838125228882
285 0.6520158648490906
286 0.5922550559043884
287 0.541900634765625
288 0.5110536813735962
289 0.5178349614143372
290 0.5437200665473938
291 0.5500161051750183
292 0.603647768497467
293 0.572810709476471
294 0.5403710603713989
295 0.5078302621841431
296 0.5293300151824951
297 0.552701473236084
298 0.5451427102088928
299 0.6357008814811707
300 0.5783988833427429
301 0.5834388732910156
302 0.5770394206047058
303 0.5123552083969116
304 0.6404754519462585
305 0.6066697835922241
306 0.6385142803192139
307 0.5178092122077942
308 0.5440331101417542
309 0.509872317314148
310 0.6500071287155151
311 0.696873664855957
312 0.5472716093063354
313 0.5379314422607422
314 0.5744206309318542
315 0.6252257823944092
316 0.5724494457244873
317 0.5088719725608826
318 0.5023531317710876
319 0.5365244746208191
320 0.575495183467865
321 0.5828235149383545
322 0.5542315244674683
323 0.5016748309135437
324 0.6399462819099426
325 0.6330869197845459
326 0.5596932172775269
327 0.5804051160812378
328 0.5013989210128784
329 0.6448290348052979
330 0.5522119998931885
331 0.6645721197128296
332 0.5767247676849365
333 0.5050032138824463
334 0.5513572096824646
335 0.6097040176391602
336 0.56428062915802
337 0.5197126269340515
338 0.6033797860145569
339 0.5300678610801697
340 0.6830493211746216
341 0.6344413757324219
342 0.545707106590271
343 0.5735352635383606
344 0.583160936832428
345 0.6014530062675476
346 0.6169064044952393
347 0.6270627975463867
348 0.512943685054779
349 0.546305775642395
350 0.5177262425422668
351 0.5285422205924988
352 0.6866815686225891
353 0.5604866743087769
354 0.5947614908218384
355 0.5814394950866699
356 0.6263328790664673
357 0.5760040879249573
358 0.5350836515426636
359 0.6149415373802185
360 0.5060760974884033
361 0.5114760398864746
362 0.5862992405891418
363 0.529741108417511
364 0.529714822769165
365 0.5860866904258728
366 0.6375934481620789
367 0.5002204775810242
368 0.544931948184967
369 0.6211116909980774
370 0.6355220079421997
371 0.6649442911148071
372 0.5102565884590149
373 0.6165196299552917
374 0.6311182379722595
375 0.5001224279403687
376 0.617124080657959
377 0.6423311233520508
378 0.5041554570198059
379 0.622596025466919
380 0.5090389251708984
381 0.5951735377311707
382 0.6083945631980896
383 0.6320769786834717
384 0.6522741317749023
385 0.6199603080749512
386 0.580405592918396
387 0.5118436217308044
388 0.5797649621963501
389 0.5087096691131592
390 0.5588231086730957
391 0.5165368914604187
392 0.6145618557929993
393 0.5368808507919312
394 0.5240256786346436
395 0.5663442015647888
396 0.5955309271812439
397 0.5821142196655273
398 0.5128606557846069
399 0.6284945011138916
400 0.5832486152648926
401 0.6507902145385742
402 0.5666499137878418
403 0.5018484592437744
404 0.5096688866615295
405 0.6146277189254761
406 0.5425369143486023
407 0.5427406430244446
408 0.5023049116134644
409 0.6335629820823669
410 0.5365546345710754
411 0.6626943945884705
412 0.6872526407241821
413 0.5463557839393616
414 0.5007004737854004
415 0.6285611987113953
416 0.5929485559463501
417 0.5816215872764587
418 0.5628258585929871
419 0.5841524600982666
420 0.5412825345993042
421 0.6477395296096802
422 0.524802565574646
423 0.5359838604927063
424 0.53899085521698
425 0.621472954750061
426 0.5538544654846191
427 0.5529181957244873
428 0.5126641392707825
429 0.6082421541213989
430 0.5438947677612305
431 0.6184413433074951
432 0.5516300797462463
433 0.5201918482780457
434 0.5059394836425781
435 0.5738051533699036
436 0.5172061920166016
437 0.5103511810302734
438 0.5376171469688416
439 0.6086441278457642
440 0.5813407301902771
441 0.5578621029853821
442 0.5079817771911621
443 0.5429319739341736
444 0.6034259796142578
445 0.5142605900764465
446 0.5994968414306641
447 0.5563437938690186
448 0.5350666642189026
449 0.5801869630813599
450 0.503576934337616
451 0.521992564201355
452 0.5253791213035583
453 0.6023234128952026
454 0.5555747747421265
455 0.5420553684234619
456 0.5372083783149719
457 0.5650086402893066
458 0.6660922169685364
459 0.5535818338394165
460 0.6336421370506287
461 0.5275657176971436
462 0.502193033695221
463 0.6002402305603027
464 0.5707712769508362
465 0.5857404470443726
466 0.5032792091369629
467 0.6481504440307617
468 0.6831328868865967
469 0.5039094090461731
470 0.6184531450271606
471 0.6438285112380981
472 0.6132490038871765
473 0.6164173483848572
474 0.5844430923461914
475 0.5596858263015747
476 0.5261672139167786
477 0.5165197253227234
478 0.5759486556053162
479 0.6434310078620911
480 0.5301088690757751
481 0.5894092917442322
482 0.5659411549568176
483 0.5458982586860657
484 0.5328031778335571
485 0.5172441005706787
486 0.5582990050315857
487 0.5444657206535339
488 0.5410240292549133
489 0.5413388609886169
490 0.5502591133117676
491 0.5840569138526917
492 0.6321520805358887
493 0.5847265124320984
494 0.6112274527549744
495 0.5296556353569031
496 0.5132734179496765
497 0.5082944631576538
498 0.5414007902145386
499 0.5129173398017883
500 0.6609134674072266
501 0.5454825162887573
502 0.5814082622528076
503 0.5079565644264221
504 0.5051119923591614
505 0.6571097373962402
506 0.5771430730819702
507 0.6861316561698914
508 0.5778744220733643
509 0.6088171601295471
510 0.6113204956054688
511 0.6143906116485596
512 0.5943121314048767
513 0.6005412936210632
514 0.564065158367157
515 0.622113823890686
516 0.5751597881317139
517 0.526507556438446
518 0.5451900959014893
519 0.5337674021720886
520 0.5325150489807129
521 0.6130922436714172
522 0.5059854388237
523 0.6627497673034668
524 0.5441457033157349
525 0.5108190774917603
526 0.5635700821876526
527 0.6411249041557312
528 0.5231482982635498
529 0.5345910787582397
530 0.6509564518928528
531 0.5781392455101013
532 0.5708273649215698
533 0.5379021167755127
534 0.6189193725585938
535 0.6434796452522278
536 0.5207605361938477
537 0.5430922508239746
538 0.5291650295257568
539 0.6542024612426758
540 0.5305541157722473
541 0.6232179999351501
542 0.5421411991119385
543 0.6221367120742798
544 0.5366954803466797
545 0.500684916973114
546 0.5502755045890808
547 0.5388862490653992
548 0.5581492781639099
549 0.5347599387168884
550 0.5188342928886414
551 0.6060290336608887
552 0.5775273442268372
553 0.5860714316368103
554 0.5406982898712158
555 0.567078709602356
556 0.5151943564414978
557 0.616655170917511
558 0.5333049297332764
559 0.5959025025367737
560 0.6210625767707825
561 0.6330083608627319
562 0.5235651135444641
563 0.5467247366905212
564 0.5858209729194641
565 0.6339583396911621
566 0.586699366569519
567 0.6445314884185791
568 0.5014352202415466
569 0.5399433970451355
570 0.5316896438598633
571 0.5253897309303284
572 0.5540710687637329
573 0.600525438785553
574 0.5190486907958984
575 0.513450026512146
576 0.5081115961074829
577 0.5905224680900574
578 0.577567458152771
579 0.6436828970909119
580 0.6183082461357117
581 0.5638760924339294
582 0.5017071962356567
583 0.6392115950584412
584 0.5592284798622131
585 0.6602756381034851
586 0.5280477404594421
587 0.6320160627365112
588 0.5791786313056946
589 0.5155313014984131
590 0.6767328977584839
591 0.5613939762115479
592 0.5004220604896545
593 0.649287760257721
594 0.6395717859268188
595 0.6034955382347107
596 0.6475125551223755
597 0.664557158946991
598 0.6335154175758362
599 0.5872848629951477
600 0.5194115042686462
601 0.6064186692237854
602 0.633061945438385
603 0.5128762125968933
604 0.622363805770874
605 0.5989706516265869
606 0.6521305441856384
607 0.6040883660316467
608 0.590325653553009
609 0.6428909301757812
610 0.5959963202476501
611 0.5512376427650452
612 0.5872960686683655
613 0.5274273157119751
614 0.6405256986618042
615 0.5229986906051636
616 0.63947594165802
617 0.6347627639770508
618 0.5645219683647156
619 0.5116945505142212
620 0.6101996898651123
621 0.5390653610229492
622 0.6929754614830017
623 0.5148482322692871
624 0.547450840473175
625 0.537665605545044
626 0.6656866669654846
627 0.6117091774940491
628 0.6177266240119934
629 0.6282637119293213
630 0.6347583532333374
631 0.5207946300506592
632 0.5583077669143677
633 0.5700120329856873
634 0.6387456059455872
635 0.5748796463012695
636 0.5193020701408386
637 0.5839919447898865
638 0.502483069896698
639 0.5341520309448242
640 0.6257776618003845
641 0.5382019877433777
642 0.5898865461349487
643 0.5879100561141968
644 0.5227234363555908
645 0.6145791411399841
646 0.6470638513565063
647 0.5101050734519958
648 0.6471397280693054
649 0.6157779097557068
650 0.6108641624450684
651 0.5187808275222778
652 0.5685260891914368
653 0.5057341456413269
654 0.550233006477356
655 0.5575125217437744
656 0.5556562542915344
657 0.5581341981887817
658 0.5440528988838196
659 0.6230493187904358
660 0.5476450324058533
661 0.5254048109054565
662 0.5378535985946655
663 0.5134119391441345
664 0.5855748653411865
665 0.5503407716751099
666 0.6229517459869385
667 0.5209870338439941
668 0.5661289691925049
669 0.6396166086196899
670 0.5074869394302368
671 0.5166360139846802
672 0.6278813481330872
673 0.5839914083480835
674 0.5185588002204895
675 0.5075370669364929
676 0.5757076740264893
677 0.6234143972396851
678 0.6351966857910156
679 0.508088231086731
680 0.5790528059005737
681 0.6374974250793457
682 0.5416233539581299
683 0.677746593952179
684 0.6254479289054871
685 0.598520040512085
686 0.6380797624588013
687 0.606481671333313
688 0.5635949969291687
689 0.5672816634178162
690 0.5199453234672546
691 0.6541677117347717
692 0.6446537971496582
693 0.6144499182701111
694 0.6400719285011292
695 0.544551432132721
696 0.6296000480651855
697 0.6187845468521118
698 0.5757346153259277
699 0.5814394950866699
700 0.6753356456756592
701 0.6569573283195496
702 0.5722992420196533
703 0.6126889586448669
704 0.5652886033058167
705 0.5642248392105103
706 0.6570305824279785
707 0.6405549645423889
708 0.6483376026153564
709 0.5043014883995056
710 0.5238966941833496
711 0.5435419678688049
712 0.5719389915466309
713 0.5177813172340393
714 0.6434380412101746
715 0.5973953008651733
716 0.5977506637573242
717 0.5406098961830139
718 0.6539263129234314
719 0.5232003331184387
720 0.6499727964401245
721 0.5308202505111694
722 0.6338097453117371
723 0.6720563173294067
724 0.63572096824646
725 0.5759438276290894
726 0.6518293619155884
727 0.5327448844909668
728 0.5486703515052795
729 0.5656748414039612
730 0.5955676436424255
731 0.5499598979949951
732 0.6403699517250061
733 0.6408776640892029
734 0.5392530560493469
735 0.5494698882102966
736 0.5837698578834534
737 0.5620257258415222
738 0.5018977522850037
739 0.5217612385749817
740 0.5263621807098389
741 0.526240885257721
742 0.6138810515403748
743 0.6548498272895813
744 0.6276249289512634
745 0.5574564933776855
746 0.6476445198059082
747 0.5660732388496399
748 0.6013756990432739
749 0.6042206287384033
750 0.6241514682769775
751 0.5898217558860779
752 0.5552695393562317
753 0.5631332993507385
754 0.5626029968261719
755 0.587658166885376
756 0.5064607262611389
757 0.5131883025169373
758 0.5222321152687073
759 0.6248403191566467
760 0.57579505443573
761 0.5059170126914978
762 0.5663701295852661
763 0.5321800708770752
764 0.5550565719604492
765 0.5570394396781921
766 0.5826788544654846
767 0.64695805311203
768 0.500670850276947
769 0.5176160931587219
770 0.609724223613739
771 0.518136739730835
772 0.5361407399177551
773 0.5132227540016174
774 0.5205085277557373
775 0.5758076906204224
776 0.5197303295135498
777 0.5041696429252625
778 0.6198444962501526
779 0.516534149646759
780 0.5264856815338135
781 0.5467810034751892
782 0.5509678721427917
783 0.5301597118377686
784 0.5184122323989868
785 0.5223394632339478
786 0.5986021161079407
787 0.5306780338287354
788 0.5806392431259155
789 0.640246570110321
790 0.6206225156784058
791 0.5041515827178955
792 0.6842004656791687
793 0.5255287289619446
794 0.5382019877433777
795 0.5916652083396912
796 0.5778399705886841
797 0.6765173673629761
798 0.5260758399963379
799 0.5150313377380371
800 0.5684958696365356
801 0.603866457939148
802 0.5161320567131042
803 0.64430171251297
804 0.555347740650177
805 0.5874889492988586
806 0.5443068146705627
807 0.5937052965164185
808 0.5543136596679688
809 0.5985643863677979
810 0.5428224802017212
811 0.5089470148086548
812 0.6061154007911682
813 0.5324864387512207
814 0.5892519354820251
815 0.6376217603683472
816 0.6595997214317322
817 0.6182255148887634
818 0.5141234397888184
819 0.560188889503479
820 0.5174539089202881
821 0.6512948274612427
822 0.623220682144165
823 0.5662538409233093
824 0.6136519312858582
825 0.6400237083435059
826 0.5121362209320068
827 0.5085181593894958
828 0.625999927520752
829 0.5238041877746582
830 0.5013824701309204
831 0.524079442024231
832 0.6195281744003296
833 0.5412293672561646
834 0.5291393995285034
835 0.5098187923431396
836 0.5816216468811035
837 0.5013150572776794
838 0.5424405932426453
839 0.5161755681037903
840 0.5049066543579102
841 0.5730084180831909
842 0.6750888228416443
843 0.518110454082489
844 0.5156446695327759
845 0.6374605894088745
846 0.5991840958595276
847 0.5329630374908447
848 0.6105543971061707
849 0.5277352333068848
850 0.6420811414718628
851 0.7033977508544922
852 0.5157306790351868
853 0.6703221201896667
854 0.5993356108665466
855 0.530807375907898
856 0.5737447738647461
857 0.5204362869262695
858 0.6463537812232971
859 0.545707106590271
860 0.6545564532279968
861 0.5588791370391846
862 0.5329313278198242
863 0.5353425145149231
864 0.5671272277832031
865 0.6935307383537292
866 0.5041959881782532
867 0.6217650175094604
868 0.5073112845420837
869 0.6730825901031494
870 0.5305609703063965
871 0.5238059759140015
872 0.5415826439857483
873 0.6667028069496155
874 0.5257258415222168
875 0.5652886033058167
876 0.5038402676582336
877 0.5280854105949402
878 0.5210922360420227
879 0.6479560732841492
880 0.5272443890571594
881 0.5180661678314209
882 0.6107856035232544
883 0.5134639739990234
884 0.6298339366912842
885 0.5998039841651917
886 0.630175769329071
887 0.5259657502174377
888 0.6743136644363403
889 0.6204630136489868
890 0.5345346331596375
891 0.56108158826828
892 0.5897917747497559
893 0.5556716322898865
894 0.5491717457771301
895 0.612636387348175
896 0.6106705665588379
897 0.5253791213035583
898 0.6425303816795349
899 0.555408239364624
900 0.6548858284950256
901 0.642933189868927
902 0.6464008092880249
903 0.5186154246330261
904 0.5529181957244873
905 0.5442505478858948
906 0.5261843204498291
907 0.6200319528579712
908 0.5646862387657166
909 0.5791911482810974
910 0.6029322743415833
911 0.5826190710067749
912 0.6165542006492615
913 0.522781491279602
914 0.5210390090942383
915 0.5034285187721252
916 0.649019181728363
917 0.5860120058059692
918 0.6367710828781128
919 0.6167556643486023
920 0.5206180214881897
921 0.5695842504501343
922 0.5065003037452698
923 0.6194934248924255
924 0.5245994925498962
925 0.5244343876838684
926 0.5787085890769958
927 0.5715097784996033
928 0.5745027661323547
929 0.603236198425293
930 0.5630806088447571
931 0.5413364171981812
932 0.6405301094055176
933 0.5315577983856201
934 0.6706900596618652
935 0.5510326623916626
936 0.6463258266448975
937 0.5907747149467468
938 0.6383247971534729
939 0.6354143023490906
940 0.5909498929977417
941 0.5873904228210449
942 0.6005141735076904
943 0.6421276330947876
944 0.6379539966583252
945 0.5239708423614502
946 0.6682770848274231
947 0.5215361714363098
948 0.5115809440612793
949 0.6018288135528564
950 0.5440894365310669
951 0.5645114183425903
952 0.5667482614517212
953 0.510256826877594
954 0.5072956681251526
955 0.5326365232467651
956 0.6525565385818481
957 0.6355959177017212
958 0.573710560798645
959 0.5348454713821411
960 0.5243809223175049
961 0.5140122175216675
962 0.5635623931884766
963 0.5034144520759583
964 0.505121648311615
965 0.56908118724823
966 0.6032349467277527
967 0.5400707721710205
968 0.6184922456741333
969 0.6088352799415588
970 0.5565914511680603
971 0.5780017375946045
972 0.5095965266227722
973 0.5272542834281921
974 0.5944259762763977
975 0.5580268502235413
976 0.5894172787666321
977 0.6503965854644775
978 0.5629330277442932
979 0.5357138514518738
980 0.5009871125221252
981 0.5474920272827148
982 0.503112256526947
983 0.5421305298805237
984 0.5225047469139099
985 0.6422593593597412
986 0.6080883741378784
987 0.6551859378814697
988 0.5763647556304932
989 0.5224952101707458
990 0.5398794412612915
991 0.5341832637786865
992 0.5277584791183472
993 0.5644434094429016
994 0.5131539702415466
995 0.6324122548103333
996 0.6263650059700012
997 0.5517372488975525
998 0.5207744836807251
999 0.5845960378646851
1000 0.5522273778915405
1001 0.6166592240333557
1002 0.5039678812026978
1003 0.516466498374939
1004 0.5817062258720398
1005 0.5138070583343506
1006 0.5099554061889648
1007 0.6007744669914246
1008 0.6117251515388489
1009 0.6763486862182617
1010 0.6202239990234375
1011 0.6051486730575562
1012 0.5930700302124023
1013 0.6083908081054688
1014 0.5080649256706238
1015 0.6437070965766907
1016 0.561744213104248
1017 0.5843163728713989
1018 0.5267607569694519
1019 0.5488503575325012
1020 0.6161245703697205
1021 0.5483147501945496
1022 0.587870180606842
1023 0.616303563117981
1024 0.5084732174873352
1025 0.5164961814880371
1026 0.5573817491531372
1027 0.607333242893219
1028 0.6338097453117371
1029 0.5135881900787354
1030 0.622502863407135
1031 0.5950144529342651
1032 0.5488160252571106
1033 0.5011954307556152
1034 0.5256799459457397
1035 0.5991840958595276
1036 0.5434494018554688
1037 0.5236956477165222
1038 0.5491605401039124
1039 0.5045806169509888
1040 0.6225065588951111
1041 0.545975923538208
1042 0.5456247329711914
1043 0.5519278049468994
1044 0.6438758373260498
1045 0.5095601081848145
1046 0.523503303527832
1047 0.5166443586349487
1048 0.5841150879859924
1049 0.6690510511398315
1050 0.6180267333984375
1051 0.5081262588500977
1052 0.6594464182853699
1053 0.6101752519607544
1054 0.5232669711112976
1055 0.6262393593788147
1056 0.6272062063217163
1057 0.5341240763664246
1058 0.6114382743835449
1059 0.6411160230636597
1060 0.5804436802864075
1061 0.6433557271957397
1062 0.6095330119132996
1063 0.6225376725196838
1064 0.6469191312789917
1065 0.6928510069847107
1066 0.5497429966926575
1067 0.5636288523674011
1068 0.5353317856788635
1069 0.5202254056930542
1070 0.5275123119354248
1071 0.6296793818473816
1072 0.6189394593238831
1073 0.6315823793411255
1074 0.5082839727401733
1075 0.6549283862113953
1076 0.5906071066856384
1077 0.516618013381958
1078 0.5520259141921997
1079 0.6195729374885559
1080 0.6468797326087952
1081 0.5022528171539307
1082 0.5416390299797058
1083 0.5004335045814514
1084 0.5831273198127747
