0 0.8276697397232056
1 0.7163517475128174
2 0.7904537916183472
3 0.7666849493980408
4 0.6510600447654724
5 0.6857561469078064
6 0.5082679390907288
7 0.619278609752655
8 0.5774500966072083
9 0.5144109725952148
10 0.5375755429267883
11 0.5526537895202637
12 0.5238390564918518
13 0.8181891441345215
14 0.7343202233314514
15 0.6740449666976929
16 0.7319718599319458
17 0.6454395651817322
18 0.5179733037948608
19 0.5303521752357483
20 0.6482638120651245
21 0.7450166940689087
22 0.5086922645568848
23 0.7060925364494324
24 0.6184600591659546
25 0.5883134007453918
26 0.5848323702812195
27 0.7639951705932617
28 0.8695139288902283
29 0.7450161576271057
30 0.6994863152503967
31 0.6076328158378601
32 0.517530083656311
33 0.675592839717865
34 0.5433345437049866
35 0.5029743313789368
36 0.863559365272522
37 0.5374282598495483
38 0.5797538757324219
39 0.5441997647285461
40 0.7587434649467468
41 0.5827575325965881
42 0.7021411657333374
43 0.5629887580871582
44 0.830584704875946
45 0.7750758528709412
46 0.5307934284210205
47 0.6420354843139648
48 0.726068913936615
49 0.9112638831138611
50 0.8950219750404358
51 0.7183662056922913
52 0.5138117074966431
53 0.5566417574882507
54 0.5974833965301514
55 0.5979503393173218
56 0.8334990739822388
57 0.5912610292434692
58 0.8078246116638184
59 0.8349804878234863
60 0.7054646611213684
61 0.8738910555839539
62 0.6628647446632385
63 0.6463910341262817
64 0.7592006921768188
65 0.8165978193283081
66 0.8885090947151184
67 0.8994657397270203
68 0.5730994343757629
69 0.5007538795471191
70 0.6845109462738037
71 0.7778043746948242
72 0.7759208083152771
73 0.5134714245796204
74 0.8499285578727722
75 0.5140989422798157
76 0.7747610211372375
77 0.7881613969802856
78 0.828778862953186
79 0.6564826369285583
80 0.7130857706069946
81 0.5818089246749878
82 0.8630414009094238
83 0.8651101589202881
84 0.7354742884635925
85 0.5446847081184387
86 0.7639569640159607
87 0.8930444717407227
88 0.8891904950141907
89 0.772579550743103
90 0.5949562191963196
91 0.7177534103393555
92 0.7972014546394348
93 0.564309298992157
94 0.7659488916397095
95 0.5256177186965942
96 0.9086095094680786
97 0.617173433303833
98 0.5837237238883972
99 0.8206961750984192
100 0.6915042996406555
101 0.616080105304718
102 0.8328122496604919
103 0.7719857096672058
104 0.7714035511016846
105 0.8530998826026917
106 0.7283433079719543
107 0.7581096887588501
108 0.7714996933937073
109 0.8296385407447815
110 0.897280216217041
111 0.7086732387542725
112 0.663192868232727
113 0.7144609689712524
114 0.819802463054657
115 0.5629449486732483
116 0.5653601884841919
117 0.606751024723053
118 0.901323676109314
119 0.7505584359169006
120 0.7576016783714294
121 0.857455849647522
122 0.5958359837532043
123 0.915051281452179
124 0.5990582704544067
125 0.6269106268882751
126 0.8527052998542786
127 0.7358980774879456
128 0.6957734227180481
129 0.5426747798919678
130 0.6108704805374146
131 0.5962090492248535
132 0.8686342835426331
133 0.7870727777481079
134 0.6943018436431885
135 0.8271238207817078
136 0.7158051133155823
137 0.780418872833252
138 0.601698100566864
139 0.7423568964004517
140 0.8528509736061096
141 0.5426747798919678
142 0.8376263976097107
143 0.575903594493866
144 0.9228160977363586
145 0.6675161123275757
146 0.8620566129684448
147 0.756859302520752
148 0.8149402141571045
149 0.5319989323616028
150 0.7250953912734985
151 0.8761451840400696
152 0.5736947655677795
153 0.57676100730896
154 0.589914083480835
155 0.513650119304657
156 0.8917310237884521
157 0.8858062028884888
158 0.8843458890914917
159 0.8691274523735046
160 0.5452455282211304
161 0.8972681164741516
162 0.7943666577339172
163 0.5007280707359314
164 0.5573351383209229
165 0.6091798543930054
166 0.8858323097229004
167 0.8529945611953735
168 0.5580093264579773
169 0.7912667393684387
170 0.9206646084785461
171 0.8444072604179382
172 0.782961368560791
173 0.7208399772644043
174 0.7317294478416443
175 0.5588299036026001
176 0.7227398753166199
177 0.8858142495155334
178 0.5367429256439209
179 0.8806772232055664
180 0.5137279629707336
181 0.788202702999115
182 0.5947517156600952
183 0.7307645678520203
184 0.5430014729499817
185 0.7855278849601746
186 0.5727988481521606
187 0.9181715250015259
188 0.5444207191467285
189 0.6800972819328308
190 0.9212008714675903
191 0.5963493585586548
192 0.8517903089523315
193 0.9140194058418274
194 0.779517650604248
195 0.7648243308067322
196 0.5645108819007874
197 0.5531409382820129
198 0.7736231684684753
199 0.5729737877845764
200 0.8074755072593689
201 0.5759568214416504
202 0.642615795135498
203 0.8171492218971252
204 0.6519396305084229
205 0.5032644867897034
206 0.8554225564002991
207 0.8400031328201294
208 0.5947063565254211
209 0.7588103413581848
210 0.6693575978279114
211 0.8809229135513306
212 0.7032577395439148
213 0.8379867672920227
214 0.7640741467475891
215 0.8829019665718079
216 0.5760437250137329
217 0.5260216593742371
218 0.8106614351272583
219 0.6505111455917358
220 0.6943474411964417
221 0.7800086736679077
222 0.5303521752357483
223 0.6023609638214111
224 0.5974777340888977
225 0.6656715869903564
226 0.8594904541969299
227 0.5478378534317017
228 0.6226360201835632
229 0.6750496625900269
230 0.5973711013793945
231 0.6784775257110596
232 0.6712504625320435
233 0.5208108425140381
234 0.8776962161064148
235 0.6402657628059387
236 0.8954314589500427
237 0.8707415461540222
238 0.9119483828544617
239 0.5654599070549011
240 0.7627552151679993
241 0.8857924938201904
242 0.7297911643981934
243 0.7073447704315186
244 0.7212861180305481
245 0.563158392906189
246 0.7906234860420227
247 0.5661466121673584
248 0.799174964427948
249 0.7479199171066284
250 0.5480248332023621
251 0.8666278123855591
252 0.6806044578552246
253 0.6442614793777466
254 0.6146416068077087
255 0.7408570051193237
256 0.8497599959373474
257 0.863781213760376
258 0.6422521471977234
259 0.6640287637710571
260 0.9009351134300232
261 0.5356779098510742
262 0.7997252941131592
263 0.855291485786438
264 0.5849631428718567
265 0.7593901753425598
266 0.5085685849189758
267 0.9214079976081848
268 0.8022053837776184
269 0.5549600124359131
270 0.5239223837852478
271 0.5316033363342285
272 0.5764533281326294
273 0.7669548988342285
274 0.7208295464515686
275 0.5240412950515747
276 0.56600022315979
277 0.5635363459587097
278 0.7474656105041504
279 0.8742236495018005
280 0.7215054035186768
281 0.7565954327583313
282 0.8344225883483887
283 0.7641159892082214
284 0.7974276542663574
285 0.7834184169769287
286 0.5659705400466919
287 0.8878428936004639
288 0.8197811841964722
289 0.7364871501922607
290 0.5602415204048157
291 0.5796362161636353
292 0.5504277944564819
293 0.776802659034729
294 0.794239342212677
295 0.5902698636054993
296 0.889845073223114
297 0.7130975723266602
298 0.8579335808753967
299 0.9271343946456909
300 0.7022178173065186
301 0.5018448829650879
302 0.8706010580062866
303 0.5967274904251099
304 0.7413974404335022
305 0.867963433265686
306 0.855007529258728
307 0.6225002408027649
308 0.5616517663002014
309 0.5140385031700134
310 0.8498286008834839
311 0.737053394317627
312 0.65425705909729
313 0.6925809383392334
314 0.6918122172355652
315 0.7688323259353638
316 0.8352954387664795
317 0.523931086063385
318 0.7128657102584839
319 0.5761104822158813
320 0.7424423098564148
321 0.5137708187103271
322 0.7690299153327942
323 0.5623054504394531
324 0.7826266288757324
325 0.6942265629768372
326 0.731585681438446
327 0.6728141903877258
328 0.6492137908935547
329 0.7315667271614075
330 0.8881391882896423
331 0.7715939879417419
332 0.5198646187782288
333 0.8834616541862488
334 0.6010533571243286
335 0.6449852585792542
336 0.7617582678794861
337 0.7935201525688171
338 0.6960902810096741
339 0.669400155544281
340 0.9082174897193909
341 0.8696838021278381
342 0.8736853003501892
343 0.7610353231430054
344 0.7234168648719788
345 0.5828953981399536
346 0.713962972164154
347 0.7505801320075989
348 0.9018837809562683
349 0.8922848105430603
350 0.6661885380744934
351 0.5007699728012085
352 0.6434024572372437
353 0.6132058501243591
354 0.5756649971008301
355 0.6711480617523193
356 0.6510116457939148
357 0.8650103211402893
358 0.6940799951553345
359 0.5639981627464294
360 0.6082907319068909
361 0.737981379032135
362 0.8774771690368652
363 0.6399544477462769
364 0.611890435218811
365 0.6736301183700562
366 0.8459003567695618
367 0.5930479764938354
368 0.7543057799339294
369 0.8431716561317444
370 0.8277202844619751
371 0.5570656657218933
372 0.6143171787261963
373 0.7407546639442444
374 0.7608096599578857
375 0.7182329893112183
376 0.8004367351531982
377 0.7514676451683044
378 0.7963934540748596
379 0.7282674312591553
380 0.585648238658905
381 0.7880215644836426
382 0.7790866494178772
383 0.6281769871711731
384 0.7522473335266113
385 0.7231985926628113
386 0.7991056442260742
387 0.6327522397041321
388 0.8992519378662109
389 0.6336855888366699
390 0.9307167530059814
391 0.5751922130584717
392 0.5988646149635315
393 0.8080757856369019
394 0.7999590039253235
395 0.8131068348884583
396 0.6038528084754944
397 0.7800191044807434
398 0.572325587272644
399 0.5752971768379211
400 0.8861889839172363
401 0.5602778196334839
402 0.8548650741577148
403 0.7852782607078552
404 0.6964224576950073
405 0.6392083764076233
406 0.5478464365005493
407 0.559138298034668
408 0.7210116386413574
409 0.8715547323226929
410 0.7317410707473755
411 0.9031918048858643
412 0.7841092944145203
413 0.6543939709663391
414 0.6911543607711792
415 0.6214455962181091
416 0.6883255839347839
417 0.645875096321106
418 0.5666269063949585
419 0.7269225120544434
420 0.7764104604721069
421 0.8480337858200073
422 0.5169976353645325
423 0.5312533378601074
424 0.8257045745849609
425 0.8053756952285767
426 0.8529459238052368
427 0.6128464341163635
428 0.8454837203025818
429 0.8695546984672546
430 0.7034018039703369
431 0.6482201218605042
432 0.53272545337677
433 0.6021576523780823
434 0.8328333497047424
435 0.5547334551811218
436 0.7124396562576294
437 0.5412982702255249
438 0.726073682308197
439 0.8784202933311462
440 0.8086541891098022
441 0.8913441896438599
442 0.6002216339111328
443 0.8854185938835144
444 0.538349986076355
445 0.5443758964538574
446 0.7339369058609009
447 0.6450560092926025
448 0.8541843295097351
449 0.8281195759773254
450 0.644673228263855
451 0.7027357220649719
452 0.8512523770332336
453 0.5440449714660645
454 0.8450347185134888
455 0.7611085176467896
456 0.8406478762626648
457 0.6352124214172363
458 0.6984853744506836
459 0.6372159719467163
460 0.7364575266838074
461 0.5007612705230713
462 0.5633383393287659
463 0.6769216060638428
464 0.6547508835792542
465 0.7634389996528625
466 0.7584803104400635
467 0.6348570585250854
468 0.6001552939414978
469 0.8074466586112976
470 0.7778716683387756
471 0.7107076644897461
472 0.7342934608459473
473 0.7765630483627319
474 0.8175089359283447
475 0.6459862589836121
476 0.7638266086578369
477 0.6338033676147461
478 0.7501638531684875
479 0.5737677812576294
480 0.6662329435348511
481 0.5823809504508972
482 0.52241051197052
483 0.5701219439506531
484 0.6722227334976196
485 0.8176389932632446
486 0.8548517227172852
487 0.7657710909843445
488 0.5515487194061279
489 0.8226818442344666
490 0.8472605347633362
491 0.5338135957717896
492 0.8524887561798096
493 0.6373851299285889
494 0.5220935940742493
495 0.7394934296607971
496 0.767754316329956
497 0.5954034924507141
498 0.6424146294593811
499 0.801656186580658
500 0.9120065569877625
501 0.7973611950874329
502 0.7683199644088745
503 0.8655308485031128
504 0.6889032125473022
505 0.6237053275108337
506 0.6585988402366638
507 0.6182377934455872
508 0.8249562978744507
509 0.7882362604141235
510 0.7229511737823486
511 0.5007538795471191
512 0.5398147106170654
513 0.8256231546401978
514 0.7681041359901428
515 0.9080457091331482
516 0.9194456338882446
517 0.8928806185722351
518 0.8606818318367004
519 0.6393318772315979
520 0.6108378171920776
521 0.6934040188789368
522 0.8739029765129089
523 0.6997051239013672
524 0.6440513730049133
525 0.8778647780418396
526 0.6355434060096741
527 0.8483713865280151
528 0.5936773419380188
529 0.8347403407096863
530 0.8755322694778442
531 0.7301792502403259
532 0.6635030508041382
533 0.8172667622566223
534 0.8522606492042542
535 0.5404719710350037
536 0.5940233469009399
537 0.9063083529472351
538 0.6454596519470215
539 0.902285635471344
540 0.6200331449508667
541 0.8127749562263489
542 0.8095603585243225
543 0.6129278540611267
544 0.5010486841201782
545 0.5262820720672607
546 0.8504983186721802
547 0.8011013865470886
548 0.7710258960723877
549 0.8838386535644531
550 0.900439441204071
551 0.7498368620872498
552 0.5661265850067139
553 0.8202294707298279
554 0.5121904015541077
555 0.8724257946014404
556 0.519381582736969
557 0.7786073088645935
558 0.6648670434951782
559 0.8438757658004761
560 0.7301093935966492
561 0.9054323434829712
562 0.8810824751853943
563 0.8773346543312073
564 0.844989001750946
565 0.6961999535560608
566 0.7287174463272095
567 0.5859582424163818
568 0.8723928928375244
569 0.5726878046989441
570 0.68212890625
571 0.8664247393608093
572 0.5556926727294922
573 0.8270819187164307
574 0.8765161037445068
575 0.6001144051551819
576 0.7682909965515137
577 0.884406566619873
578 0.7217370867729187
579 0.8130737543106079
580 0.5581039190292358
581 0.6712549924850464
582 0.6072730422019958
583 0.7532933950424194
584 0.7765529751777649
585 0.8775966763496399
586 0.6737633943557739
587 0.8335959911346436
588 0.5131593346595764
589 0.5584993958473206
590 0.8816829323768616
591 0.5435538291931152
592 0.741750180721283
593 0.625774085521698
594 0.5618383884429932
595 0.6255884170532227
596 0.5175496935844421
597 0.7951262593269348
598 0.8564534783363342
599 0.6941773891448975
600 0.6682183146476746
601 0.7073440551757812
602 0.698904812335968
603 0.5946711897850037
604 0.7694945335388184
605 0.7545683979988098
606 0.7184464335441589
607 0.504304051399231
608 0.882049560546875
609 0.7338904738426208
610 0.6700832843780518
611 0.7784156799316406
612 0.9187917113304138
613 0.908484697341919
614 0.8142606616020203
615 0.8871537446975708
616 0.8748471140861511
617 0.8717703223228455
618 0.6351099610328674
619 0.8685789704322815
620 0.540353536605835
621 0.6269779801368713
622 0.9275274276733398
623 0.701147735118866
624 0.5621268153190613
625 0.6347989439964294
626 0.753679096698761
627 0.5465592741966248
628 0.8487278819084167
629 0.8284079432487488
630 0.6592198610305786
631 0.7411491870880127
632 0.8804429769515991
633 0.7531625032424927
634 0.718524694442749
635 0.7334489822387695
636 0.5848840475082397
637 0.7218068242073059
638 0.6215595602989197
639 0.7550037503242493
640 0.7889077663421631
641 0.707226574420929
642 0.5152885913848877
643 0.6373259425163269
644 0.8330693244934082
645 0.8875088095664978
646 0.7110481858253479
647 0.6293784976005554
648 0.5132481455802917
649 0.6062538027763367
650 0.7867093682289124
651 0.7267383337020874
652 0.7487960457801819
653 0.621899425983429
654 0.8806782960891724
655 0.7666109204292297
656 0.7334750890731812
657 0.9262850880622864
658 0.6113734841346741
659 0.5300939679145813
660 0.7591344714164734
661 0.5385408997535706
662 0.8791860938072205
663 0.8945728540420532
664 0.8168419003486633
665 0.8246448040008545
666 0.6137024760246277
667 0.8976207375526428
668 0.5562496185302734
669 0.6790151000022888
670 0.7850525975227356
671 0.6892642974853516
672 0.568052351474762
673 0.5138569474220276
674 0.8055910468101501
675 0.7489504814147949
676 0.8454785346984863
677 0.6578409671783447
678 0.6081761121749878
679 0.7896636724472046
680 0.5366985201835632
681 0.7933761477470398
682 0.8200918436050415
683 0.5849341750144958
684 0.923812985420227
685 0.5099216103553772
686 0.785013735294342
687 0.6217141151428223
688 0.5855394005775452
689 0.5491015315055847
690 0.7456585764884949
691 0.748798131942749
692 0.695542573928833
693 0.8050793409347534
694 0.5593530535697937
695 0.6797528266906738
696 0.5306914448738098
697 0.6938859224319458
698 0.6033169031143188
699 0.6029747128486633
700 0.8062717914581299
701 0.5274578332901001
702 0.7279812097549438
703 0.8668732643127441
704 0.8365352153778076
705 0.9077704548835754
706 0.8386573195457458
707 0.7450215220451355
708 0.8966757655143738
709 0.5451036095619202
710 0.674859344959259
711 0.5646198987960815
712 0.9219517111778259
713 0.5806044936180115
714 0.6309559345245361
715 0.5801985859870911
716 0.5850763320922852
717 0.9049156904220581
718 0.5640159249305725
719 0.7412480115890503
720 0.6342594027519226
721 0.8572083115577698
722 0.6606460213661194
723 0.6774293780326843
724 0.933068037033081
725 0.8108660578727722
726 0.6763954758644104
727 0.5458222031593323
728 0.6234170198440552
729 0.601340651512146
730 0.815557062625885
731 0.7575814127922058
732 0.587841272354126
733 0.6765688061714172
734 0.5652201771736145
735 0.8666132092475891
736 0.6772778630256653
737 0.9324451088905334
738 0.8512006402015686
739 0.8669949769973755
740 0.5912238359451294
741 0.6001834273338318
742 0.5751820802688599
743 0.7256425619125366
744 0.7220472693443298
745 0.8865480422973633
746 0.5916524529457092
747 0.6376701593399048
748 0.66092449426651
749 0.5650882124900818
750 0.5161800384521484
751 0.8125526309013367
752 0.8038657307624817
753 0.5768596529960632
754 0.6936236619949341
755 0.5158447027206421
756 0.6350640654563904
757 0.7176680564880371
758 0.7702500224113464
759 0.8928895592689514
760 0.7355881333351135
761 0.8953590393066406
762 0.6148560643196106
763 0.8931811451911926
764 0.870232343673706
765 0.5939072370529175
766 0.8063164353370667
767 0.67006915807724
768 0.6343930959701538
769 0.8661019802093506
770 0.5259695649147034
771 0.6624251008033752
772 0.7816410064697266
773 0.6611951589584351
774 0.6917440891265869
775 0.8055558800697327
776 0.7692503929138184
777 0.8938487768173218
778 0.608128011226654
779 0.6338114738464355
780 0.7469936609268188
781 0.6634408235549927
782 0.6299596428871155
783 0.7257237434387207
784 0.5796542763710022
785 0.8770652413368225
786 0.7119480967521667
787 0.8871797919273376
788 0.9120422601699829
789 0.8001090884208679
790 0.8714385628700256
791 0.5752559900283813
792 0.6186602115631104
793 0.7177820205688477
794 0.5202799439430237
795 0.6959565877914429
796 0.6669901013374329
797 0.5921795964241028
798 0.8739624619483948
799 0.5548948645591736
800 0.8686956167221069
801 0.7117231488227844
802 0.6504334807395935
803 0.8922039866447449
804 0.7310523390769958
805 0.6682607531547546
806 0.5736598372459412
807 0.7969753742218018
808 0.5103029608726501
809 0.7864711284637451
810 0.7253828644752502
811 0.8804247975349426
812 0.7405604124069214
813 0.831437885761261
814 0.7837421894073486
815 0.5574528574943542
816 0.5896984338760376
817 0.6450371146202087
818 0.7943525910377502
819 0.7110481858253479
820 0.8422024846076965
821 0.544417142868042
822 0.7080335021018982
823 0.6641116142272949
824 0.8283935785293579
825 0.7500336170196533
826 0.8155376315116882
827 0.5559088587760925
828 0.5167113542556763
829 0.6056908965110779
830 0.819039523601532
831 0.699504017829895
832 0.6345078945159912
833 0.5909570455551147
834 0.6274428367614746
835 0.6742791533470154
836 0.5601893067359924
837 0.7243625521659851
838 0.53495192527771
839 0.6020659804344177
840 0.9127753376960754
841 0.5666281580924988
842 0.5531070828437805
843 0.7864343523979187
844 0.6831257343292236
845 0.877018928527832
846 0.877383828163147
847 0.7656649351119995
848 0.6721974611282349
849 0.5417065024375916
850 0.8019999861717224
851 0.5635432600975037
852 0.83842533826828
853 0.5106958746910095
854 0.5764681100845337
855 0.7958613038063049
856 0.7535768747329712
857 0.7063642740249634
858 0.5479527711868286
859 0.7218875885009766
860 0.6579968929290771
861 0.8149402141571045
862 0.6309010982513428
863 0.7457751035690308
864 0.5355486869812012
865 0.7973799705505371
866 0.6246782541275024
867 0.5511358380317688
868 0.8239170908927917
869 0.809726893901825
870 0.6154043078422546
871 0.6724902391433716
872 0.5976234674453735
873 0.8397406935691833
874 0.8868648409843445
875 0.73475182056427
876 0.7328112721443176
877 0.740803062915802
878 0.8093960285186768
879 0.9177243113517761
880 0.60622239112854
881 0.5218845009803772
882 0.8861834406852722
883 0.7322165369987488
884 0.8626402616500854
885 0.8769533038139343
886 0.5531186461448669
887 0.6577540040016174
888 0.8753064870834351
889 0.8462642431259155
890 0.769980788230896
891 0.5478378534317017
892 0.7095747590065002
893 0.694987416267395
894 0.8546178936958313
895 0.6812760829925537
896 0.528409481048584
897 0.8026366829872131
898 0.8626077175140381
899 0.6930251717567444
900 0.908976137638092
901 0.8991199135780334
902 0.6386695504188538
903 0.8858180046081543
904 0.8722808361053467
905 0.685725212097168
906 0.8099166750907898
907 0.5950766205787659
908 0.5494936108589172
909 0.7388002276420593
910 0.7543043494224548
911 0.6479344964027405
912 0.5208582282066345
913 0.6776208877563477
914 0.5007237195968628
915 0.6749244332313538
916 0.568708062171936
917 0.8313049674034119
918 0.5644569993019104
919 0.7469556927680969
920 0.7730512619018555
921 0.8934555053710938
922 0.8614346981048584
923 0.7162248492240906
924 0.9414525628089905
925 0.5544201731681824
926 0.5781992077827454
927 0.8521996140480042
928 0.6517850160598755
929 0.7261763215065002
930 0.7256620526313782
931 0.7432077527046204
932 0.5191408395767212
933 0.8706010580062866
934 0.9107992649078369
935 0.7726185917854309
936 0.6241733431816101
937 0.6230652928352356
938 0.7123214602470398
939 0.7498357892036438
940 0.6508416533470154
941 0.8633188009262085
942 0.7199646234512329
943 0.6353481411933899
944 0.7792003154754639
945 0.6389351487159729
946 0.7737526297569275
947 0.7582821249961853
948 0.8212939500808716
949 0.5744035840034485
950 0.6332109570503235
951 0.6509901285171509
952 0.7126959562301636
953 0.9082529544830322
954 0.5326066613197327
955 0.5773053169250488
956 0.6051807999610901
957 0.7552796006202698
958 0.6580274701118469
959 0.833573579788208
960 0.5390769243240356
961 0.8588434457778931
962 0.5114015936851501
963 0.5350703597068787
964 0.616899311542511
965 0.7433280944824219
966 0.6479210257530212
967 0.7297221422195435
968 0.7185348868370056
969 0.8188858032226562
970 0.8452044129371643
971 0.7679262757301331
972 0.8107354044914246
973 0.595548689365387
974 0.7551918029785156
975 0.6009286642074585
976 0.5535432696342468
977 0.6035199761390686
978 0.6053480505943298
979 0.6071394681930542
980 0.8816079497337341
981 0.8952158689498901
982 0.5119135975837708
983 0.8169358968734741
984 0.6638557314872742
985 0.5765941143035889
986 0.9151278138160706
987 0.8480154871940613
988 0.9021469354629517
989 0.8490715026855469
990 0.7724022269248962
991 0.5895389318466187
992 0.6479858160018921
993 0.7169960141181946
994 0.8741525411605835
995 0.6265960335731506
996 0.875060498714447
997 0.9142611026763916
998 0.5155118703842163
999 0.8608524799346924
1000 0.5103961825370789
1001 0.900439441204071
1002 0.6846318244934082
1003 0.759109377861023
1004 0.5830096006393433
1005 0.6799600720405579
1006 0.5560431480407715
1007 0.5925461053848267
1008 0.5085205435752869
1009 0.5199024081230164
1010 0.6340394616127014
1011 0.5601591467857361
1012 0.6935534477233887
1013 0.6553791761398315
1014 0.5994768738746643
1015 0.7253112196922302
1016 0.7579929828643799
1017 0.6367153525352478
1018 0.7694112658500671
1019 0.9117864966392517
1020 0.671178936958313
1021 0.604110836982727
1022 0.5134605765342712
1023 0.7933753132820129
1024 0.6947676539421082
1025 0.8442635536193848
1026 0.8420438766479492
1027 0.613034188747406
1028 0.5181350111961365
1029 0.5884262919425964
1030 0.8300773501396179
1031 0.5968198776245117
1032 0.6286163926124573
1033 0.6825140714645386
1034 0.8661444187164307
1035 0.8205521702766418
1036 0.5847282409667969
1037 0.597297728061676
1038 0.5778101086616516
1039 0.6595616340637207
1040 0.587144672870636
1041 0.6969404220581055
1042 0.8431914448738098
1043 0.6624881625175476
1044 0.560797929763794
1045 0.6235377788543701
1046 0.8771446347236633
1047 0.8362213373184204
1048 0.7642618417739868
1049 0.7444937229156494
1050 0.743311882019043
1051 0.5648927688598633
1052 0.5760892033576965
1053 0.671893835067749
1054 0.6843653917312622
1055 0.9028512835502625
1056 0.7817634344100952
1057 0.6380017399787903
1058 0.5303569436073303
1059 0.8448036313056946
1060 0.6666141152381897
1061 0.5499331951141357
1062 0.7991056442260742
1063 0.7466951608657837
1064 0.8629898428916931
1065 0.6170448660850525
1066 0.780418872833252
1067 0.6378094553947449
1068 0.7910173535346985
1069 0.6190349459648132
1070 0.5665094256401062
1071 0.8638522028923035
1072 0.584906280040741
1073 0.6493401527404785
1074 0.7707902193069458
1075 0.8658564686775208
1076 0.817068338394165
1077 0.8271908164024353
1078 0.7942836284637451
1079 0.6565451622009277
1080 0.7884013056755066
1081 0.64707350730896
1082 0.7352426052093506
1083 0.7823606133460999
1084 0.7031984329223633
1085 0.8078671097755432
1086 0.5235999822616577
1087 0.7348670363426208
1088 0.8954905271530151
1089 0.7658669948577881
1090 0.8100182414054871
1091 0.8254490494728088
1092 0.9143829941749573
1093 0.610334575176239
1094 0.6787130832672119
1095 0.6318862438201904
1096 0.7369384765625
1097 0.843342125415802
1098 0.7116695642471313
1099 0.867905855178833
1100 0.8192920684814453
1101 0.8465405106544495
1102 0.6115241646766663
1103 0.6034753322601318
1104 0.7289013862609863
1105 0.5435457825660706
1106 0.8712590932846069
1107 0.6304061412811279
1108 0.8944892883300781
1109 0.699450671672821
1110 0.8241962790489197
1111 0.6676971912384033
1112 0.7066624164581299
1113 0.6035321354866028
1114 0.904622495174408
1115 0.8027943968772888
1116 0.6238962411880493
1117 0.7278252840042114
1118 0.7795279622077942
1119 0.7993606925010681
1120 0.5908486247062683
1121 0.8994935750961304
1122 0.5318686962127686
1123 0.9218771457672119
1124 0.6310933232307434
1125 0.560210108757019
1126 0.7368031144142151
1127 0.6448981165885925
1128 0.8415090441703796
1129 0.6760780215263367
1130 0.5591681599617004
1131 0.6801841855049133
1132 0.8274803161621094
1133 0.6633809804916382
1134 0.8741587996482849
1135 0.5103669762611389
1136 0.791856586933136
1137 0.5624841451644897
1138 0.5592430830001831
1139 0.5762125849723816
1140 0.5601727962493896
1141 0.6840510368347168
1142 0.628096878528595
1143 0.8331664204597473
1144 0.8015828132629395
1145 0.7306203842163086
1146 0.828086793422699
1147 0.729082465171814
1148 0.5856825113296509
1149 0.584128201007843
1150 0.7950187921524048
1151 0.5556225180625916
1152 0.7021967172622681
1153 0.7306203842163086
1154 0.6980027556419373
1155 0.5832787156105042
1156 0.6850408911705017
1157 0.697740912437439
1158 0.7699251174926758
1159 0.5939686894416809
1160 0.5849341750144958
1161 0.7046147584915161
1162 0.6778463125228882
1163 0.5604063272476196
1164 0.7800183892250061
1165 0.7375766038894653
1166 0.7137027382850647
1167 0.8877137303352356
1168 0.6018655300140381
1169 0.5803251266479492
1170 0.7853532433509827
1171 0.5280500054359436
1172 0.5439210534095764
1173 0.5069177746772766
1174 0.8628838062286377
1175 0.6745545864105225
1176 0.7051206827163696
1177 0.6421797871589661
1178 0.9159306883811951
1179 0.6210217475891113
1180 0.8296579122543335
1181 0.7627536058425903
1182 0.8015844225883484
1183 0.7973232269287109
1184 0.5682387948036194
1185 0.5535836815834045
1186 0.5264127850532532
1187 0.8958686590194702
1188 0.5942924618721008
1189 0.8938137888908386
1190 0.7831788063049316
1191 0.8878145217895508
1192 0.8411463499069214
1193 0.8196788430213928
1194 0.5304948091506958
1195 0.6362853050231934
1196 0.7135048508644104
1197 0.8660109639167786
1198 0.5385763645172119
1199 0.8710954189300537
1200 0.5274876952171326
1201 0.5475735664367676
1202 0.5128141641616821
1203 0.6066266298294067
1204 0.8960855603218079
1205 0.8001920580863953
1206 0.5906692743301392
1207 0.5416564345359802
1208 0.9179855585098267
1209 0.8839623332023621
1210 0.5140368938446045
1211 0.7136193513870239
1212 0.5556015372276306
1213 0.8855165243148804
1214 0.7934586405754089
1215 0.8251674771308899
1216 0.7174330353736877
1217 0.8042553067207336
1218 0.8354934453964233
1219 0.7652605772018433
1220 0.8176659345626831
1221 0.5961815118789673
1222 0.8238418102264404
1223 0.7115336656570435
1224 0.6222969889640808
1225 0.7099124193191528
1226 0.5993958115577698
1227 0.6149816513061523
1228 0.7327132225036621
1229 0.840447723865509
1230 0.8975433707237244
1231 0.7289013862609863
1232 0.5668225884437561
1233 0.6747687458992004
1234 0.6846454739570618
1235 0.8472757935523987
1236 0.8555309176445007
1237 0.7056056261062622
1238 0.8599944114685059
1239 0.6645627617835999
1240 0.7507242560386658
1241 0.6994648575782776
1242 0.8107512593269348
1243 0.6462886333465576
1244 0.7085484266281128
1245 0.6998937726020813
1246 0.6163079142570496
1247 0.7100785970687866
1248 0.749603807926178
1249 0.8474320769309998
1250 0.6094604134559631
1251 0.8084900379180908
1252 0.8327394127845764
1253 0.5391370058059692
1254 0.5650333762168884
1255 0.8366182446479797
1256 0.8424047231674194
1257 0.5928971171379089
1258 0.7782543301582336
1259 0.7815984487533569
1260 0.8263064622879028
1261 0.720698356628418
1262 0.759109377861023
1263 0.6746054291725159
1264 0.7510419487953186
1265 0.6050329804420471
1266 0.7228292226791382
1267 0.9145309925079346
1268 0.7692173719406128
1269 0.7983868718147278
1270 0.5488950610160828
1271 0.5110740661621094
1272 0.5092155933380127
1273 0.7505970597267151
1274 0.6274377703666687
1275 0.7336158156394958
1276 0.5699131488800049
1277 0.6212657690048218
1278 0.8378432989120483
1279 0.6784775257110596
1280 0.5524243712425232
1281 0.6940817832946777
1282 0.7596353888511658
1283 0.8198276162147522
1284 0.8451646566390991
1285 0.7419605255126953
1286 0.8095919489860535
1287 0.7465481162071228
1288 0.540738046169281
1289 0.7340388894081116
1290 0.8243677616119385
1291 0.8479589819908142
1292 0.5101314783096313
1293 0.7873105406761169
1294 0.6505197882652283
1295 0.7487109303474426
1296 0.5127837061882019
1297 0.8905655145645142
1298 0.7604478597640991
1299 0.8683081865310669
1300 0.5925319790840149
1301 0.8734722137451172
1302 0.5379021763801575
1303 0.8419585227966309
1304 0.9124780893325806
1305 0.7253144979476929
1306 0.8780773282051086
1307 0.5722591280937195
1308 0.6518566012382507
1309 0.8968736529350281
1310 0.7390138506889343
1311 0.6003943681716919
1312 0.5103456974029541
1313 0.6931756734848022
1314 0.8655526041984558
1315 0.530876636505127
1316 0.8605763912200928
1317 0.6627415418624878
1318 0.6666619181632996
1319 0.7654666304588318
1320 0.777737021446228
1321 0.7388292551040649
1322 0.7079629898071289
1323 0.8702141642570496
1324 0.5538398623466492
1325 0.8181320428848267
1326 0.732537567615509
1327 0.5072518587112427
1328 0.5628167986869812
1329 0.7208013534545898
1330 0.5583826303482056
1331 0.5844979286193848
1332 0.5874853134155273
1333 0.6807795763015747
1334 0.7481797933578491
1335 0.6301098465919495
1336 0.8364781737327576
1337 0.70030677318573
1338 0.7077949047088623
1339 0.5713301301002502
1340 0.8725147247314453
1341 0.8354872465133667
1342 0.8861398100852966
1343 0.5969488620758057
1344 0.6622382998466492
1345 0.6366612315177917
1346 0.508616030216217
1347 0.6257020831108093
1348 0.793902575969696
1349 0.7157821655273438
1350 0.6163927316665649
1351 0.5520768761634827
1352 0.8936347961425781
1353 0.7553858160972595
1354 0.5743746757507324
1355 0.7084504961967468
1356 0.5905787944793701
1357 0.752045214176178
1358 0.6765485405921936
1359 0.6773771643638611
1360 0.5823809504508972
1361 0.8115106225013733
1362 0.7323904037475586
1363 0.5666702389717102
1364 0.8274359107017517
1365 0.7003819346427917
1366 0.5856131315231323
1367 0.6594792008399963
1368 0.6409593224525452
1369 0.868363618850708
1370 0.7970567941665649
1371 0.5062346458435059
1372 0.7956503629684448
1373 0.5823989510536194
1374 0.8325640559196472
1375 0.5015130639076233
1376 0.8600450158119202
1377 0.7808764576911926
1378 0.6122755408287048
1379 0.5853211283683777
1380 0.687014639377594
1381 0.6405279636383057
1382 0.6073864102363586
1383 0.8454197645187378
1384 0.6704319715499878
1385 0.8280446529388428
1386 0.68535977602005
1387 0.5682456493377686
1388 0.6480519771575928
1389 0.8123171329498291
1390 0.501933753490448
1391 0.6397669911384583
1392 0.5831930637359619
1393 0.8904298543930054
1394 0.5454831719398499
1395 0.7207006812095642
1396 0.8373206257820129
1397 0.7927749752998352
1398 0.7401810884475708
1399 0.8412614464759827
1400 0.7217950224876404
1401 0.5158790946006775
1402 0.7339428067207336
1403 0.799909234046936
1404 0.6003279685974121
1405 0.8729694485664368
1406 0.6752191781997681
1407 0.6159098148345947
1408 0.8378728628158569
1409 0.6324442625045776
1410 0.6105810403823853
1411 0.7441845536231995
1412 0.729271411895752
1413 0.7621448040008545
1414 0.7624051570892334
1415 0.9455836415290833
1416 0.5923213958740234
1417 0.5892211198806763
1418 0.5780728459358215
1419 0.6169607639312744
1420 0.7078843116760254
1421 0.6716915369033813
1422 0.7215325236320496
1423 0.7294251322746277
1424 0.7335036396980286
1425 0.589359700679779
1426 0.9072134494781494
1427 0.5930353403091431
1428 0.6568086743354797
1429 0.8902885913848877
1430 0.6802644729614258
1431 0.6202542781829834
1432 0.7640494108200073
1433 0.8452281355857849
1434 0.7895557284355164
1435 0.7647318243980408
1436 0.8067776560783386
1437 0.7999446392059326
1438 0.6523672938346863
1439 0.8658764958381653
1440 0.8359336256980896
1441 0.7564586997032166
1442 0.9023746252059937
1443 0.7799170017242432
1444 0.8156347870826721
1445 0.6213533282279968
1446 0.6921729445457458
1447 0.8556358218193054
1448 0.6035199761390686
1449 0.6557633280754089
1450 0.7106953263282776
1451 0.7885383367538452
1452 0.8209235668182373
1453 0.5146733522415161
1454 0.8194783329963684
1455 0.6140692830085754
1456 0.6323874592781067
1457 0.7470592260360718
1458 0.8088553547859192
1459 0.6247832775115967
1460 0.8883199691772461
1461 0.8026822805404663
1462 0.5367252826690674
1463 0.8968583941459656
1464 0.8030895590782166
1465 0.8297857046127319
1466 0.6953957676887512
1467 0.877995491027832
1468 0.5032957196235657
1469 0.7449358701705933
1470 0.8469111919403076
1471 0.5803794264793396
1472 0.6092143058776855
1473 0.8366645574569702
1474 0.592303454875946
1475 0.770866334438324
1476 0.5496039390563965
1477 0.5983889102935791
1478 0.7380999326705933
1479 0.5960859060287476
1480 0.6667962074279785
1481 0.6523659229278564
1482 0.6127086877822876
1483 0.6048610210418701
1484 0.7870727777481079
1485 0.7143990397453308
1486 0.5985078811645508
1487 0.7628374695777893
1488 0.8116311430931091
1489 0.6445465087890625
1490 0.6010907292366028
1491 0.8816121220588684
1492 0.7914963364601135
1493 0.8077086210250854
1494 0.8587080240249634
1495 0.6062911152839661
1496 0.863226056098938
1497 0.817090630531311
1498 0.825096845626831
1499 0.5506603717803955
1500 0.693391740322113
1501 0.6702814698219299
1502 0.6876686811447144
1503 0.7713655233383179
1504 0.7290140986442566
1505 0.6000123023986816
1506 0.7238902449607849
1507 0.7016960382461548
1508 0.6391313672065735
1509 0.7395092248916626
1510 0.6742202043533325
1511 0.5112637877464294
1512 0.5794690847396851
1513 0.6774451732635498
1514 0.7996841073036194
1515 0.6340224742889404
1516 0.6348967552185059
1517 0.7360673546791077
1518 0.6197795867919922
1519 0.7249268293380737
1520 0.8327072858810425
1521 0.6581528782844543
1522 0.7666849493980408
1523 0.6812672019004822
1524 0.7533760070800781
1525 0.8723323941230774
1526 0.6358197927474976
1527 0.6762456893920898
1528 0.5697353482246399
1529 0.5224066972732544
1530 0.8678602576255798
1531 0.7370423674583435
1532 0.6280417442321777
1533 0.686585009098053
1534 0.9158676862716675
1535 0.595009982585907
1536 0.799585223197937
1537 0.5917282700538635
1538 0.5031670331954956
1539 0.784634530544281
1540 0.8761661052703857
1541 0.8884326815605164
1542 0.7470760345458984
1543 0.8366625308990479
1544 0.6616917848587036
1545 0.5848995447158813
1546 0.6354771852493286
1547 0.8760952949523926
1548 0.5571060180664062
1549 0.6747304797172546
1550 0.715160071849823
1551 0.7753405570983887
1552 0.8631595969200134
1553 0.8099021315574646
1554 0.8271727561950684
1555 0.6512182354927063
1556 0.6435855031013489
1557 0.6772805452346802
1558 0.7207006812095642
1559 0.808536946773529
1560 0.6020463705062866
1561 0.7736963629722595
1562 0.5927814245223999
1563 0.8104151487350464
1564 0.5601953268051147
1565 0.6861347556114197
1566 0.8852854371070862
1567 0.733712375164032
1568 0.5386313199996948
1569 0.6476650238037109
1570 0.7058654427528381
1571 0.5917515158653259
1572 0.7214087843894958
1573 0.9434079527854919
1574 0.5039597153663635
1575 0.7929366230964661
1576 0.8947775959968567
1577 0.7724022269248962
1578 0.8405978083610535
1579 0.5957890748977661
1580 0.7621582746505737
1581 0.9020008444786072
1582 0.7964626550674438
1583 0.5958816409111023
1584 0.54854416847229
1585 0.808655858039856
1586 0.7541906833648682
1587 0.5764951705932617
1588 0.5847157835960388
1589 0.6580284237861633
1590 0.5731588006019592
1591 0.742481529712677
1592 0.7416252493858337
1593 0.5982834100723267
1594 0.6620535850524902
1595 0.6491896510124207
1596 0.8631092309951782
1597 0.5137593150138855
1598 0.7943954467773438
1599 0.5558343529701233
1600 0.8535030484199524
1601 0.7572490572929382
1602 0.862623393535614
1603 0.5581591725349426
1604 0.6373244524002075
1605 0.6792320013046265
1606 0.8761599063873291
1607 0.5915546417236328
1608 0.5288383960723877
1609 0.8864600658416748
1610 0.6701866388320923
1611 0.5325830578804016
1612 0.6197530627250671
1613 0.8330380320549011
1614 0.7319955825805664
1615 0.7177542448043823
1616 0.6589428186416626
1617 0.6410739421844482
1618 0.5913832187652588
1619 0.7318401336669922
1620 0.6700658202171326
1621 0.89686518907547
1622 0.5888239145278931
1623 0.7657558917999268
1624 0.8288319110870361
1625 0.7670029997825623
1626 0.6002583503723145
1627 0.6082829236984253
1628 0.58366459608078
1629 0.8653440475463867
1630 0.6737922430038452
1631 0.6802814602851868
1632 0.620455801486969
1633 0.6165418028831482
1634 0.5877019166946411
1635 0.6403094530105591
1636 0.6254562139511108
1637 0.7357067465782166
1638 0.5256566405296326
1639 0.8084824681282043
1640 0.6093805432319641
1641 0.6604393720626831
1642 0.7356415390968323
1643 0.7744689583778381
1644 0.6944620609283447
1645 0.8615111112594604
1646 0.6037449240684509
1647 0.723362147808075
1648 0.6000065207481384
1649 0.8569347262382507
1650 0.5462576150894165
1651 0.8877391219139099
1652 0.5086922645568848
1653 0.7494907975196838
1654 0.688655436038971
1655 0.6922844052314758
1656 0.7288097143173218
1657 0.8302267789840698
1658 0.7371963262557983
1659 0.8255709409713745
1660 0.7294796705245972
1661 0.862632691860199
1662 0.6719967126846313
1663 0.6182845830917358
1664 0.6972615122795105
1665 0.8508825898170471
1666 0.6859471797943115
1667 0.5947063565254211
1668 0.7872848510742188
1669 0.8440548777580261
1670 0.5908341407775879
1671 0.5646152496337891
1672 0.7772870659828186
1673 0.7895111441612244
1674 0.8591596484184265
1675 0.7168741822242737
1676 0.5300257205963135
1677 0.6684421896934509
1678 0.5323910713195801
1679 0.5643453001976013
1680 0.8248716592788696
1681 0.6306183338165283
1682 0.5520466566085815
1683 0.6491662859916687
1684 0.5105976462364197
1685 0.8387588262557983
1686 0.8464690446853638
1687 0.7186879515647888
1688 0.6015286445617676
1689 0.7765072584152222
1690 0.6553090810775757
1691 0.5198227167129517
1692 0.6296207308769226
1693 0.6600250601768494
1694 0.8289508819580078
1695 0.8699014186859131
1696 0.8106117248535156
1697 0.6899107694625854
1698 0.6246327757835388
1699 0.7392414808273315
1700 0.518675684928894
1701 0.7531474232673645
1702 0.5792936682701111
1703 0.658491313457489
1704 0.6684804558753967
1705 0.7251984477043152
1706 0.5996493101119995
1707 0.9151625633239746
1708 0.6878912448883057
1709 0.5210770964622498
1710 0.6484564542770386
1711 0.5218011140823364
1712 0.5985078811645508
1713 0.5699399709701538
1714 0.5214778184890747
1715 0.7264928221702576
1716 0.7782304286956787
1717 0.7679039239883423
1718 0.5780597925186157
1719 0.8513021469116211
1720 0.5476711392402649
1721 0.7614397406578064
1722 0.543820321559906
1723 0.7357230186462402
1724 0.5945018529891968
1725 0.6806033253669739
1726 0.7131546139717102
1727 0.530881941318512
1728 0.8362213373184204
1729 0.8957778811454773
1730 0.7431788444519043
1731 0.5385891199111938
1732 0.8578511476516724
1733 0.8635486364364624
1734 0.8676260709762573
1735 0.8019227385520935
1736 0.7056468725204468
1737 0.7166380882263184
1738 0.7419993281364441
1739 0.6540600657463074
1740 0.5354442000389099
1741 0.5330991148948669
1742 0.5326066613197327
1743 0.8247483372688293
1744 0.6336941719055176
1745 0.5575944185256958
1746 0.7124396562576294
1747 0.8003732562065125
1748 0.5312533378601074
1749 0.7188553810119629
1750 0.5794690847396851
1751 0.7405264377593994
1752 0.5343580842018127
1753 0.6119778752326965
1754 0.6020680665969849
1755 0.7900192737579346
1756 0.5611456036567688
1757 0.8090925812721252
1758 0.5428900122642517
1759 0.754976212978363
1760 0.8899355530738831
1761 0.5780730247497559
1762 0.6501645445823669
1763 0.7062845826148987
1764 0.7736830115318298
1765 0.6900041103363037
1766 0.5519030690193176
1767 0.6605806350708008
1768 0.8902775049209595
1769 0.7836508750915527
1770 0.7955640554428101
1771 0.769153356552124
1772 0.5182551145553589
1773 0.8630183935165405
1774 0.6153582334518433
1775 0.9145177602767944
1776 0.5549771785736084
1777 0.5817512273788452
1778 0.7299207448959351
1779 0.5250686407089233
1780 0.7643347978591919
1781 0.5050191879272461
1782 0.8606064915657043
1783 0.5839357972145081
1784 0.6653373837471008
1785 0.8071380257606506
1786 0.7148614525794983
1787 0.6462427973747253
1788 0.6176745295524597
1789 0.8269230127334595
1790 0.6706069111824036
1791 0.6116222739219666
1792 0.6218202114105225
1793 0.5879372954368591
1794 0.8060888648033142
1795 0.8437722325325012
1796 0.7349778413772583
1797 0.7879006266593933
1798 0.5947394371032715
1799 0.7388979196548462
1800 0.613714873790741
1801 0.7731642127037048
1802 0.6808518171310425
1803 0.8373650312423706
1804 0.8167145848274231
1805 0.7136496901512146
1806 0.5904240012168884
1807 0.7712167501449585
1808 0.6862228512763977
1809 0.70030677318573
1810 0.83964604139328
1811 0.8835788369178772
1812 0.765237033367157
1813 0.8052800297737122
1814 0.6205971240997314
1815 0.6215294599533081
1816 0.8850758075714111
1817 0.6372305154800415
1818 0.864881694316864
1819 0.6555729508399963
1820 0.8277143836021423
1821 0.8948982357978821
1822 0.8639529347419739
1823 0.6539769172668457
1824 0.5404473543167114
1825 0.7303022742271423
1826 0.5435454845428467
1827 0.7968320250511169
1828 0.8861610889434814
1829 0.7636618614196777
1830 0.8050114512443542
1831 0.5962854623794556
1832 0.5639687180519104
1833 0.8907160758972168
1834 0.8645082712173462
1835 0.5250920653343201
1836 0.8001916408538818
1837 0.5568416714668274
1838 0.7767351865768433
1839 0.808293342590332
1840 0.898250162601471
1841 0.8327472805976868
1842 0.7090128660202026
1843 0.6113711595535278
1844 0.8259769678115845
1845 0.5769869089126587
1846 0.7452815771102905
1847 0.5602778196334839
1848 0.644798219203949
1849 0.8538734912872314
1850 0.8193873763084412
1851 0.7771562337875366
1852 0.8687196373939514
1853 0.7023971080780029
1854 0.5455026030540466
1855 0.8012955188751221
1856 0.7442407011985779
1857 0.7911637425422668
1858 0.9166905879974365
1859 0.7162108421325684
1860 0.5003510117530823
1861 0.5411105155944824
1862 0.8757693767547607
1863 0.8650708794593811
1864 0.6408369541168213
1865 0.5957421064376831
1866 0.6299262046813965
1867 0.753679096698761
1868 0.7956097722053528
1869 0.8325350880622864
1870 0.5812082290649414
1871 0.765038788318634
1872 0.8545623421669006
1873 0.599460780620575
1874 0.7582821249961853
1875 0.5994148254394531
1876 0.7080383896827698
1877 0.692897617816925
1878 0.9248422980308533
1879 0.7191163897514343
1880 0.7655683755874634
1881 0.7031887769699097
1882 0.8197034001350403
1883 0.731528103351593
1884 0.5891455411911011
1885 0.8853713274002075
1886 0.870675802230835
1887 0.6299229264259338
1888 0.5290836691856384
1889 0.884445071220398
1890 0.6873726844787598
1891 0.9121183156967163
1892 0.6946861147880554
1893 0.7577680945396423
1894 0.5594671368598938
1895 0.8578631281852722
1896 0.7356365323066711
1897 0.7605316638946533
1898 0.6422568559646606
1899 0.8803467154502869
1900 0.6595436930656433
1901 0.8921318650245667
1902 0.5954409837722778
1903 0.5905085206031799
1904 0.8514081835746765
1905 0.6838470101356506
1906 0.7598195672035217
1907 0.908694326877594
1908 0.8858130574226379
1909 0.5751922130584717
1910 0.865176796913147
1911 0.5526629686355591
1912 0.8657329082489014
1913 0.8946653604507446
1914 0.7117535471916199
1915 0.7720484733581543
1916 0.6311663389205933
1917 0.6460548639297485
1918 0.6299614310264587
1919 0.8388519883155823
1920 0.599990725517273
1921 0.6717943549156189
1922 0.5266318321228027
1923 0.5046908259391785
1924 0.5801184773445129
1925 0.7053348422050476
1926 0.6131776571273804
1927 0.8478682041168213
1928 0.6490738391876221
1929 0.8113109469413757
1930 0.5179006457328796
1931 0.9083076119422913
1932 0.8890742659568787
1933 0.5533188581466675
1934 0.7356638312339783
1935 0.8100182414054871
1936 0.6214787364006042
1937 0.7037890553474426
1938 0.5913113355636597
1939 0.5064505934715271
1940 0.7311608195304871
1941 0.794082760810852
1942 0.8939990997314453
1943 0.6626757383346558
1944 0.6185960173606873
1945 0.5173248052597046
1946 0.8829675912857056
1947 0.6916555762290955
1948 0.5551878213882446
1949 0.8924641609191895
1950 0.6452823877334595
1951 0.5608055591583252
1952 0.552168071269989
1953 0.894030749797821
1954 0.7968167066574097
1955 0.571065366268158
1956 0.6884624361991882
1957 0.7384195923805237
1958 0.8608457446098328
1959 0.7232612371444702
1960 0.8554049134254456
1961 0.8976395726203918
1962 0.5994406938552856
1963 0.8341065049171448
1964 0.6298233866691589
1965 0.5737019181251526
1966 0.8474515676498413
1967 0.8761383891105652
1968 0.8288366794586182
1969 0.6729511618614197
1970 0.8446587324142456
1971 0.6447151899337769
1972 0.8840646147727966
1973 0.5946005582809448
1974 0.7397382259368896
1975 0.5551878213882446
1976 0.8913285732269287
1977 0.8603521585464478
1978 0.7521103620529175
1979 0.596457302570343
1980 0.6901033520698547
1981 0.7352437973022461
1982 0.9037895798683167
1983 0.7443861365318298
1984 0.757472813129425
1985 0.8861914873123169
1986 0.8589648604393005
1987 0.5241684317588806
1988 0.7680212259292603
1989 0.736547589302063
1990 0.7213678359985352
1991 0.8924316763877869
1992 0.8851310014724731
1993 0.8127749562263489
1994 0.669438362121582
1995 0.5445950627326965
1996 0.8622090816497803
1997 0.9092404842376709
1998 0.7483934760093689
1999 0.8151268362998962
2000 0.6385216116905212
2001 0.6676212549209595
2002 0.8562082052230835
2003 0.6965212225914001
2004 0.6062316298484802
2005 0.8720082640647888
2006 0.851101279258728
2007 0.5652987957000732
2008 0.871711790561676
2009 0.8256718516349792
2010 0.7418944239616394
2011 0.7557960748672485
2012 0.7255752086639404
2013 0.5486692786216736
2014 0.8277143836021423
2015 0.6069443225860596
2016 0.9205551743507385
2017 0.7316745519638062
2018 0.9061404466629028
2019 0.6749674081802368
2020 0.7564793229103088
2021 0.919405996799469
2022 0.519635021686554
2023 0.8015267252922058
2024 0.5783802270889282
2025 0.5705921053886414
2026 0.7755986452102661
2027 0.7945629358291626
2028 0.7424858212471008
2029 0.6522989869117737
2030 0.8863625526428223
2031 0.8489456176757812
2032 0.895024299621582
2033 0.852479875087738
2034 0.694334864616394
2035 0.6392790675163269
2036 0.7493589520454407
2037 0.6224663257598877
2038 0.5303165912628174
2039 0.7453306317329407
2040 0.8247537016868591
2041 0.8765695691108704
2042 0.5050191879272461
2043 0.8461342453956604
2044 0.6277550458908081
2045 0.6003292798995972
2046 0.6161109805107117
2047 0.92008376121521
2048 0.6028374433517456
2049 0.8869713544845581
2050 0.7226716876029968
2051 0.5608779788017273
2052 0.5548808574676514
2053 0.5028848648071289
2054 0.6169991493225098
2055 0.5053797960281372
2056 0.8763756155967712
2057 0.7696013450622559
2058 0.583332359790802
2059 0.6475823521614075
2060 0.7218025922775269
2061 0.896006166934967
2062 0.5667180418968201
2063 0.8683681488037109
2064 0.7410075068473816
2065 0.9062737822532654
2066 0.5901524424552917
2067 0.6044686436653137
2068 0.6157435774803162
2069 0.8204719424247742
2070 0.8916935324668884
2071 0.7607119679450989
2072 0.797074556350708
2073 0.6258366107940674
2074 0.6814519166946411
2075 0.8059144616127014
2076 0.8133151531219482
2077 0.8906080722808838
2078 0.6974876523017883
2079 0.6549065709114075
2080 0.5818213224411011
2081 0.8290970921516418
2082 0.8921411633491516
2083 0.8867061138153076
2084 0.8960345983505249
2085 0.8790103793144226
2086 0.7164459824562073
2087 0.9087266325950623
2088 0.8426290154457092
2089 0.90915846824646
2090 0.6296207308769226
2091 0.7368341684341431
2092 0.7443165183067322
2093 0.8856271505355835
2094 0.7671253085136414
2095 0.6766219139099121
2096 0.5634666681289673
2097 0.6362231969833374
2098 0.583916425704956
2099 0.6338629126548767
2100 0.5629762411117554
2101 0.5526718497276306
2102 0.781710684299469
2103 0.5880153179168701
2104 0.7001349925994873
2105 0.7274316549301147
2106 0.5627481937408447
2107 0.619480311870575
2108 0.7712167501449585
2109 0.6970887184143066
2110 0.5524243712425232
2111 0.7626941800117493
2112 0.7123233675956726
2113 0.6878922581672668
2114 0.9148396253585815
2115 0.71266108751297
2116 0.5963354706764221
2117 0.6655426025390625
2118 0.6340819001197815
2119 0.6478904485702515
2120 0.5886886715888977
2121 0.8187306523323059
2122 0.7280601263046265
2123 0.6257690191268921
2124 0.8050103783607483
2125 0.7788625359535217
2126 0.7967442870140076
2127 0.5444179773330688
2128 0.8811444640159607
2129 0.7606909275054932
2130 0.8938855528831482
2131 0.7711087465286255
2132 0.7833501696586609
2133 0.8104788064956665
2134 0.7253867983818054
2135 0.6110929250717163
2136 0.9213797450065613
2137 0.6930331587791443
2138 0.6977062821388245
2139 0.5420007705688477
2140 0.543196976184845
2141 0.8149824142456055
2142 0.9069260358810425
2143 0.5525140166282654
2144 0.7729694843292236
2145 0.8006189465522766
2146 0.8678508400917053
2147 0.748986005783081
2148 0.744138240814209
2149 0.7323586940765381
2150 0.6947676539421082
2151 0.7095056176185608
2152 0.5085952281951904
2153 0.5798115730285645
2154 0.8821178078651428
2155 0.8422354459762573
2156 0.694186270236969
2157 0.7267337441444397
2158 0.6092674136161804
2159 0.5981678366661072
2160 0.7612078785896301
2161 0.7455663681030273
2162 0.7750036120414734
2163 0.8067600727081299
2164 0.6142212152481079
2165 0.5801222324371338
2166 0.7164527177810669
2167 0.8232510685920715
2168 0.5749270915985107
2169 0.6455308198928833
2170 0.7191159129142761
2171 0.7021411657333374
2172 0.8939355611801147
2173 0.8600679039955139
2174 0.5821154117584229
2175 0.5708795785903931
2176 0.5388746857643127
2177 0.8504417538642883
2178 0.7336494326591492
2179 0.8077086210250854
2180 0.8926242589950562
2181 0.7258390188217163
2182 0.767275333404541
2183 0.8905840516090393
2184 0.5608111023902893
2185 0.8397136926651001
2186 0.6756717562675476
2187 0.5494471788406372
2188 0.6504291296005249
2189 0.7527132630348206
2190 0.7300153374671936
2191 0.5520063042640686
2192 0.6139225959777832
2193 0.5854197144508362
2194 0.8765212297439575
2195 0.8618653416633606
2196 0.8868586421012878
2197 0.8238677382469177
2198 0.8050951361656189
2199 0.8579615950584412
2200 0.8182178139686584
2201 0.5471477508544922
2202 0.8341070413589478
2203 0.5943814516067505
2204 0.8583465814590454
2205 0.5768110156059265
2206 0.8507972955703735
2207 0.8708674311637878
2208 0.5808586478233337
2209 0.7099975943565369
2210 0.5323840975761414
2211 0.8237666487693787
2212 0.5167222023010254
2213 0.5121930241584778
2214 0.6978843808174133
2215 0.8750237822532654
2216 0.5765941143035889
2217 0.7095683217048645
2218 0.7137885689735413
2219 0.7401167750358582
2220 0.731552004814148
2221 0.7803283929824829
2222 0.8236110806465149
2223 0.7476679086685181
2224 0.6443115472793579
2225 0.6847342848777771
2226 0.5663527846336365
2227 0.7640053033828735
2228 0.7175074815750122
2229 0.8727965354919434
2230 0.9206493496894836
2231 0.8711382150650024
2232 0.9097805619239807
2233 0.8751587271690369
2234 0.6628215312957764
2235 0.8173555731773376
2236 0.8412848114967346
2237 0.6806874871253967
2238 0.6198382377624512
2239 0.706093430519104
2240 0.6878023743629456
2241 0.6365516781806946
2242 0.8261125087738037
2243 0.8790103793144226
2244 0.7315011620521545
2245 0.67691969871521
2246 0.6656813621520996
2247 0.7131720781326294
2248 0.8725306987762451
2249 0.7421058416366577
2250 0.5956680774688721
2251 0.8445411920547485
2252 0.6576123237609863
2253 0.7375308275222778
2254 0.8548794388771057
2255 0.8786062002182007
2256 0.6463764905929565
2257 0.648981511592865
2258 0.6072599291801453
2259 0.7077077031135559
2260 0.7058654427528381
2261 0.7100286483764648
2262 0.7286100387573242
2263 0.5505963563919067
2264 0.5939214825630188
2265 0.7557054162025452
2266 0.6996256709098816
2267 0.700203001499176
2268 0.7093415856361389
2269 0.8669983744621277
2270 0.8703604340553284
2271 0.598656415939331
2272 0.6774467825889587
2273 0.636857271194458
2274 0.9172661304473877
2275 0.8948761224746704
2276 0.7921295762062073
2277 0.8871415257453918
2278 0.8774367570877075
2279 0.6790505051612854
2280 0.8473614454269409
2281 0.5318082571029663
2282 0.6089186072349548
2283 0.6541399359703064
2284 0.6247832775115967
2285 0.7704910039901733
2286 0.5790709257125854
2287 0.6577383279800415
2288 0.8738613724708557
2289 0.6894705891609192
2290 0.7297449111938477
2291 0.8691298365592957
2292 0.7111843228340149
2293 0.8393326997756958
2294 0.9043471217155457
2295 0.5815481543540955
2296 0.74979567527771
2297 0.798595130443573
2298 0.9215583205223083
2299 0.5648341774940491
2300 0.7514961957931519
2301 0.5404719710350037
2302 0.7316955924034119
2303 0.8510622978210449
2304 0.8549461960792542
2305 0.5533885359764099
2306 0.8834142088890076
2307 0.8629933595657349
2308 0.7614777684211731
2309 0.8455562591552734
2310 0.9097697138786316
2311 0.7174620628356934
2312 0.760157585144043
2313 0.681484043598175
2314 0.9217151403427124
2315 0.5925188660621643
2316 0.5084908604621887
2317 0.767465353012085
2318 0.8312552571296692
2319 0.603593647480011
2320 0.7176710963249207
2321 0.887441873550415
2322 0.5269988775253296
2323 0.6016507148742676
2324 0.9075806140899658
2325 0.9164712429046631
2326 0.5722158551216125
2327 0.8875772356987
2328 0.8093637228012085
2329 0.7464368343353271
2330 0.5167222023010254
2331 0.5887458920478821
2332 0.5880544185638428
2333 0.5401228666305542
2334 0.7967524528503418
2335 0.5023965239524841
2336 0.6671364307403564
2337 0.7717397809028625
2338 0.5138474106788635
2339 0.6948556900024414
2340 0.8836208581924438
2341 0.6896390318870544
2342 0.615240216255188
2343 0.5855811238288879
2344 0.5533173084259033
2345 0.6416240334510803
2346 0.5686052441596985
2347 0.8455542922019958
2348 0.5383141040802002
2349 0.6275252103805542
2350 0.5919623970985413
2351 0.67498779296875
2352 0.7162697911262512
2353 0.7761749625205994
2354 0.8023063540458679
2355 0.7136041522026062
2356 0.7687767744064331
2357 0.838710606098175
2358 0.7851706743240356
2359 0.7242627739906311
2360 0.8903793692588806
2361 0.5092493295669556
2362 0.7779825925827026
2363 0.7185425162315369
2364 0.5970162749290466
2365 0.6019318103790283
2366 0.728714108467102
2367 0.8863707780838013
2368 0.7142986059188843
2369 0.9191953539848328
2370 0.5101291537284851
2371 0.7309037446975708
2372 0.7044885158538818
2373 0.7029627561569214
2374 0.7220972776412964
2375 0.8364228010177612
2376 0.9075201153755188
2377 0.6380202770233154
2378 0.5828738212585449
2379 0.7303749322891235
2380 0.5060017108917236
2381 0.7466329336166382
2382 0.8901048302650452
2383 0.7315065264701843
2384 0.8668708801269531
2385 0.5634069442749023
2386 0.6205476522445679
2387 0.5756649971008301
2388 0.636503279209137
2389 0.8742480874061584
2390 0.6292529106140137
2391 0.636935830116272
2392 0.698259711265564
2393 0.519376277923584
2394 0.854430079460144
2395 0.5956212282180786
2396 0.6119108200073242
2397 0.6020923852920532
2398 0.8039215803146362
2399 0.8509473204612732
2400 0.5504695177078247
2401 0.8715981245040894
2402 0.7221213579177856
2403 0.7484360337257385
2404 0.7697444558143616
2405 0.8819960355758667
2406 0.6154277324676514
2407 0.7391536831855774
2408 0.857754647731781
2409 0.8182382583618164
2410 0.8679141402244568
2411 0.5115283131599426
2412 0.673057496547699
2413 0.6739856004714966
2414 0.7102881073951721
2415 0.5811594128608704
2416 0.8707898855209351
2417 0.8885535001754761
2418 0.8577675223350525
2419 0.6321282982826233
2420 0.9238135814666748
2421 0.5425499081611633
2422 0.8915677070617676
2423 0.6999767422676086
2424 0.72293621301651
2425 0.7298868298530579
2426 0.6564919352531433
2427 0.5474207997322083
2428 0.6089717745780945
2429 0.6543434262275696
2430 0.5069244503974915
2431 0.5553103089332581
2432 0.6385113000869751
2433 0.7863800525665283
2434 0.572257936000824
2435 0.6902113556861877
2436 0.5855270028114319
2437 0.7429393529891968
2438 0.8696834444999695
2439 0.685123860836029
2440 0.6004356145858765
2441 0.8221230506896973
2442 0.5608513951301575
2443 0.6934733986854553
2444 0.6636285185813904
2445 0.8629921078681946
2446 0.6699138879776001
2447 0.7524448037147522
2448 0.7394731044769287
2449 0.6276947259902954
2450 0.8623119592666626
2451 0.5552279949188232
2452 0.6646653413772583
2453 0.7635087370872498
2454 0.8522984981536865
2455 0.753364086151123
2456 0.573234498500824
2457 0.6710832715034485
2458 0.7748161554336548
2459 0.8348090648651123
2460 0.6684936285018921
2461 0.774735689163208
2462 0.6585917472839355
2463 0.7388864755630493
2464 0.5077435970306396
2465 0.82040935754776
2466 0.7227285504341125
2467 0.649844765663147
2468 0.6394860744476318
2469 0.8620577454566956
2470 0.8709796667098999
2471 0.7377514839172363
2472 0.5549563765525818
2473 0.7084916830062866
2474 0.8946520090103149
2475 0.7221270799636841
2476 0.740848958492279
2477 0.6524395942687988
2478 0.887852668762207
2479 0.8279803395271301
2480 0.8527443408966064
2481 0.6281983256340027
2482 0.6467380523681641
2483 0.6194702982902527
2484 0.7695661187171936
2485 0.5137012004852295
2486 0.7523607015609741
2487 0.8261893391609192
2488 0.5636298656463623
2489 0.6946004033088684
2490 0.5418171882629395
2491 0.8088138699531555
2492 0.7225545048713684
2493 0.6412322521209717
2494 0.5615553259849548
2495 0.6773967742919922
2496 0.8786960244178772
2497 0.6022863388061523
2498 0.6744213700294495
2499 0.8399249911308289
2500 0.6838362812995911
2501 0.7038868069648743
2502 0.6949058771133423
2503 0.5441193580627441
2504 0.5057949423789978
2505 0.8265902400016785
2506 0.7150594592094421
2507 0.6690296530723572
2508 0.5971169471740723
2509 0.6569688320159912
2510 0.7652103900909424
2511 0.6665515303611755
2512 0.5110740661621094
2513 0.5799951553344727
2514 0.6546976566314697
2515 0.6998786330223083
2516 0.5312988758087158
2517 0.7638761401176453
2518 0.8836198449134827
2519 0.8767271637916565
2520 0.8569714426994324
2521 0.8621912598609924
2522 0.759132981300354
2523 0.6113711595535278
2524 0.5553920269012451
2525 0.6390319466590881
2526 0.6271559000015259
2527 0.5551953911781311
2528 0.7460854649543762
2529 0.8810824751853943
2530 0.9071692824363708
2531 0.8026466369628906
2532 0.7405667304992676
2533 0.5615738034248352
2534 0.5092917680740356
2535 0.8261520862579346
2536 0.876771092414856
2537 0.7947535514831543
2538 0.7239358425140381
2539 0.8761435151100159
2540 0.7953731417655945
2541 0.9212291836738586
2542 0.5759892463684082
2543 0.8384672403335571
2544 0.8248165845870972
2545 0.5818547010421753
2546 0.8403963446617126
2547 0.7683745622634888
2548 0.6495636105537415
2549 0.6498883366584778
2550 0.5775361657142639
2551 0.7036508917808533
2552 0.8702504634857178
2553 0.5143526792526245
2554 0.7849590182304382
2555 0.8351355195045471
2556 0.8888283371925354
2557 0.8289508819580078
2558 0.8994415402412415
2559 0.5100754499435425
2560 0.9167428612709045
2561 0.8964756727218628
2562 0.7801793813705444
2563 0.5179955363273621
2564 0.5745246410369873
2565 0.6244604587554932
2566 0.6038116812705994
2567 0.8495169878005981
2568 0.7361572980880737
2569 0.8978772163391113
2570 0.6884325742721558
2571 0.7335618138313293
2572 0.5611783266067505
2573 0.5846740007400513
2574 0.7751794457435608
2575 0.8271494507789612
2576 0.6787266731262207
2577 0.677003800868988
2578 0.6894475817680359
2579 0.7328174710273743
2580 0.6716724038124084
2581 0.8289415240287781
2582 0.5473479628562927
2583 0.7237153053283691
2584 0.9111801385879517
2585 0.8035458922386169
2586 0.8438032865524292
2587 0.7924489378929138
2588 0.618422269821167
2589 0.6943063735961914
2590 0.8060641288757324
2591 0.595829963684082
2592 0.7977482080459595
2593 0.7163711190223694
2594 0.8620589971542358
2595 0.7700070142745972
2596 0.8903533220291138
2597 0.651428759098053
2598 0.6332419514656067
2599 0.5734864473342896
2600 0.6963993310928345
2601 0.6338148713111877
2602 0.5838813185691833
2603 0.7614470720291138
2604 0.6134995818138123
2605 0.8885178565979004
2606 0.7216660976409912
2607 0.6812760829925537
2608 0.6171802878379822
2609 0.6604393720626831
2610 0.6271526217460632
2611 0.8075498938560486
2612 0.5244179964065552
2613 0.5485010147094727
2614 0.6167541146278381
2615 0.6639119386672974
2616 0.8805517554283142
2617 0.8073821067810059
2618 0.743998646736145
2619 0.8424239158630371
2620 0.7075389623641968
2621 0.7106432318687439
2622 0.6010110378265381
2623 0.7151381373405457
2624 0.678421676158905
2625 0.7632754445075989
2626 0.57296222448349
2627 0.5223003625869751
2628 0.7190175652503967
2629 0.5895642638206482
2630 0.5799826979637146
2631 0.6360446214675903
2632 0.6588291525840759
2633 0.7340924739837646
2634 0.8796166181564331
2635 0.7470865249633789
2636 0.8676425218582153
2637 0.8448748588562012
2638 0.660493791103363
2639 0.5379801988601685
2640 0.6355867981910706
2641 0.6129810810089111
2642 0.7889357805252075
2643 0.743839681148529
2644 0.6532393097877502
2645 0.651226818561554
2646 0.6373259425163269
2647 0.6496008634567261
2648 0.8599390387535095
2649 0.7508036494255066
2650 0.6642748117446899
2651 0.5705021023750305
2652 0.7318000197410583
2653 0.6742520928382874
2654 0.7990549802780151
2655 0.6606411337852478
2656 0.8233258724212646
2657 0.6643831729888916
2658 0.765216052532196
2659 0.6407634019851685
2660 0.6180974841117859
2661 0.5485468506813049
2662 0.5348038077354431
2663 0.5469996929168701
2664 0.5057864189147949
2665 0.5482019186019897
2666 0.706574022769928
2667 0.8499745726585388
2668 0.5149432420730591
2669 0.6311646699905396
2670 0.5083765387535095
2671 0.694405734539032
2672 0.6664396524429321
2673 0.8855524659156799
2674 0.7196722626686096
2675 0.899419903755188
2676 0.7633127570152283
2677 0.6201415657997131
2678 0.6300306916236877
2679 0.8630662560462952
2680 0.5345138311386108
2681 0.7029737234115601
2682 0.8453220129013062
2683 0.7708635330200195
2684 0.8845514059066772
2685 0.5031670331954956
2686 0.5932363271713257
2687 0.7026136517524719
2688 0.6388377547264099
2689 0.8475629091262817
2690 0.8754855394363403
2691 0.5718655586242676
2692 0.800351083278656
2693 0.6553105711936951
2694 0.6673102974891663
2695 0.9010438919067383
2696 0.7412885427474976
2697 0.6859033703804016
2698 0.6633186936378479
2699 0.6843295693397522
2700 0.5766065716743469
2701 0.8306828141212463
2702 0.8923909664154053
2703 0.7166566252708435
2704 0.5620504021644592
2705 0.6958919763565063
2706 0.6361603140830994
2707 0.6111879944801331
2708 0.7393602132797241
2709 0.67472243309021
2710 0.8951706886291504
2711 0.9200394749641418
2712 0.7300209403038025
2713 0.5993916392326355
2714 0.7885196805000305
2715 0.5587813258171082
2716 0.6103503704071045
2717 0.7441425323486328
2718 0.7167621850967407
2719 0.6934540271759033
2720 0.7440509796142578
2721 0.9181707501411438
2722 0.5255944132804871
2723 0.7264432907104492
2724 0.6293533444404602
2725 0.5362016558647156
2726 0.5147620439529419
2727 0.6432583332061768
2728 0.6267644762992859
2729 0.7232080698013306
2730 0.7913294434547424
2731 0.8869158625602722
2732 0.8048866391181946
2733 0.8638165593147278
2734 0.5883930921554565
2735 0.707184374332428
2736 0.7834926247596741
2737 0.7723631262779236
2738 0.7656369805335999
2739 0.5223336815834045
2740 0.6153139472007751
2741 0.6016190648078918
2742 0.7357093691825867
2743 0.6115986704826355
2744 0.6943253874778748
2745 0.5925716757774353
2746 0.8903946280479431
2747 0.51063472032547
2748 0.774870753288269
2749 0.7713748216629028
2750 0.7257842421531677
2751 0.6873726844787598
2752 0.6740278005599976
2753 0.7918795347213745
2754 0.5731080174446106
2755 0.6736491322517395
2756 0.6462563276290894
2757 0.5836105346679688
2758 0.7494774460792542
2759 0.6833986639976501
2760 0.6499061584472656
2761 0.6295943260192871
2762 0.688179075717926
2763 0.6643805503845215
2764 0.8707175850868225
2765 0.717084527015686
2766 0.5186830759048462
2767 0.6597046256065369
2768 0.8302459716796875
2769 0.7614778876304626
2770 0.5184996128082275
2771 0.6697364449501038
2772 0.5270187258720398
2773 0.5742919445037842
2774 0.5350463390350342
2775 0.8173422813415527
2776 0.5571524500846863
2777 0.6216337084770203
2778 0.7153831124305725
2779 0.501933753490448
2780 0.8797961473464966
2781 0.732078492641449
2782 0.7007030844688416
2783 0.7858315706253052
2784 0.8088316917419434
2785 0.6522341370582581
2786 0.8218358755111694
2787 0.6595295667648315
2788 0.843729555606842
2789 0.5904908180236816
2790 0.7321345210075378
2791 0.8389108777046204
2792 0.8773941993713379
2793 0.7675788402557373
2794 0.7274423837661743
2795 0.6512225866317749
2796 0.6438585519790649
2797 0.8990845680236816
2798 0.7222270369529724
2799 0.7706432938575745
2800 0.8418524265289307
2801 0.892439067363739
2802 0.8495423793792725
2803 0.7549304366111755
2804 0.6923427581787109
2805 0.5244828462600708
2806 0.5573617815971375
2807 0.57755446434021
2808 0.9001373052597046
2809 0.5515554547309875
2810 0.5980510711669922
2811 0.8047581911087036
2812 0.5835715532302856
2813 0.6046379208564758
2814 0.7212971448898315
2815 0.8544281125068665
2816 0.6310155391693115
2817 0.8809396624565125
2818 0.7132145762443542
2819 0.802989661693573
2820 0.5817045569419861
2821 0.6993882656097412
2822 0.8451554179191589
2823 0.6563690900802612
2824 0.5939342975616455
2825 0.6675845980644226
2826 0.7621030211448669
2827 0.7829052805900574
2828 0.7745314836502075
2829 0.5164599418640137
2830 0.6690667867660522
2831 0.8671589493751526
2832 0.8553064465522766
2833 0.8498442769050598
2834 0.8771762251853943
2835 0.567302942276001
2836 0.6989904642105103
2837 0.7950354218482971
2838 0.8031814098358154
2839 0.6003943681716919
2840 0.7061102390289307
2841 0.7969421744346619
2842 0.8575648069381714
2843 0.6119108200073242
2844 0.5803108215332031
2845 0.7093603014945984
2846 0.5727011561393738
2847 0.6064416766166687
2848 0.5453606247901917
2849 0.829025387763977
2850 0.6160055994987488
2851 0.5479563474655151
2852 0.8581703305244446
2853 0.8823821544647217
2854 0.6072720885276794
2855 0.6351844072341919
2856 0.777763843536377
2857 0.6218000650405884
2858 0.6805074214935303
2859 0.7424086928367615
2860 0.6524798274040222
2861 0.7374776601791382
2862 0.8131531476974487
2863 0.6512225866317749
2864 0.8866520524024963
2865 0.7049747109413147
2866 0.5259681940078735
2867 0.8084425926208496
2868 0.7408279180526733
2869 0.8256810903549194
2870 0.8264476656913757
2871 0.720262348651886
2872 0.5897085070610046
2873 0.5251623392105103
2874 0.6775070428848267
2875 0.8933203816413879
2876 0.8136380910873413
2877 0.7735005021095276
2878 0.6777178049087524
2879 0.7262760996818542
2880 0.7637012004852295
2881 0.5273316502571106
2882 0.7190682888031006
2883 0.7843624949455261
2884 0.887677013874054
2885 0.6383422017097473
2886 0.5483729243278503
2887 0.6390708088874817
2888 0.5493310689926147
2889 0.6683042049407959
2890 0.6620574593544006
2891 0.7617210149765015
2892 0.7095085382461548
2893 0.7528343200683594
2894 0.7516512274742126
2895 0.8863633275032043
2896 0.6323989033699036
2897 0.578614354133606
2898 0.7948114275932312
2899 0.7561615705490112
2900 0.5684537887573242
2901 0.6383023858070374
2902 0.719119131565094
2903 0.8973808884620667
2904 0.6700689196586609
2905 0.7391294240951538
2906 0.8157835602760315
2907 0.5616462230682373
2908 0.7493218779563904
2909 0.8564335107803345
2910 0.6232001781463623
2911 0.7565903067588806
2912 0.7121595144271851
2913 0.5859275460243225
2914 0.8296840190887451
2915 0.5288980007171631
2916 0.8168106079101562
2917 0.5641305446624756
2918 0.8362815976142883
2919 0.5775361657142639
2920 0.683133602142334
2921 0.7122918367385864
2922 0.5797760486602783
2923 0.8900486826896667
2924 0.9121142625808716
2925 0.8442752361297607
2926 0.793701171875
2927 0.5854309797286987
2928 0.7325313091278076
2929 0.9063832759857178
2930 0.6977841258049011
2931 0.5669578909873962
2932 0.6071529984474182
2933 0.7014809250831604
2934 0.8175899982452393
2935 0.7530086040496826
2936 0.8447820544242859
2937 0.8373141884803772
2938 0.6191504597663879
2939 0.6746809482574463
2940 0.6381868124008179
2941 0.6663970351219177
2942 0.8606772422790527
2943 0.7390668988227844
2944 0.5705931186676025
2945 0.8861889839172363
2946 0.5254425406455994
2947 0.7052426338195801
2948 0.7134073972702026
2949 0.7008307576179504
2950 0.8220898509025574
2951 0.697597861289978
2952 0.6464168429374695
2953 0.5117979049682617
2954 0.8975057005882263
2955 0.5140460729598999
2956 0.5904542803764343
2957 0.7750860452651978
2958 0.5333788990974426
2959 0.7734785676002502
2960 0.6776615381240845
2961 0.5188505053520203
2962 0.6647101640701294
2963 0.6102814674377441
2964 0.6295119524002075
2965 0.8448085188865662
2966 0.7993028163909912
2967 0.6621670126914978
2968 0.5819593667984009
2969 0.785377562046051
2970 0.5091355443000793
2971 0.5682428479194641
2972 0.6337358355522156
2973 0.5027172565460205
2974 0.8877609968185425
2975 0.7440509796142578
2976 0.8419504761695862
2977 0.8627316951751709
2978 0.8604701161384583
2979 0.61366868019104
2980 0.5306914448738098
2981 0.7150205373764038
2982 0.8806537985801697
2983 0.8409999012947083
2984 0.7068468928337097
2985 0.7760032415390015
2986 0.7485306859016418
2987 0.870910108089447
2988 0.8642334938049316
2989 0.6032841205596924
2990 0.7091569900512695
2991 0.5569111704826355
2992 0.6548705697059631
2993 0.625043511390686
2994 0.5423903465270996
2995 0.8553512692451477
2996 0.7507734298706055
2997 0.8298499584197998
2998 0.7131546139717102
2999 0.6478713154792786
3000 0.7138844728469849
3001 0.7031294107437134
3002 0.8209922313690186
3003 0.6866204142570496
3004 0.6207901239395142
3005 0.8880823254585266
3006 0.8407039642333984
3007 0.638627827167511
3008 0.7479074001312256
3009 0.7968927025794983
3010 0.5444084405899048
3011 0.547604501247406
3012 0.8849427700042725
3013 0.6931251287460327
3014 0.7451741695404053
3015 0.7431618571281433
3016 0.6911618113517761
3017 0.8492607474327087
3018 0.8628352880477905
3019 0.6241307258605957
3020 0.5404473543167114
3021 0.8782673478126526
3022 0.6087344884872437
3023 0.8325827717781067
3024 0.6576334834098816
3025 0.5393978953361511
3026 0.5836828351020813
3027 0.6254197955131531
3028 0.640774667263031
3029 0.7750860452651978
3030 0.8246448040008545
3031 0.8578589558601379
3032 0.7363404035568237
3033 0.6744213700294495
3034 0.8041431903839111
3035 0.5615244507789612
3036 0.5834535360336304
3037 0.6719778180122375
3038 0.6951100826263428
3039 0.7283797860145569
3040 0.8350045680999756
3041 0.761799156665802
3042 0.7917510867118835
3043 0.582988440990448
3044 0.5278423428535461
3045 0.9153593182563782
3046 0.8348631262779236
3047 0.9036675691604614
3048 0.5706875920295715
3049 0.7344138622283936
3050 0.7819060683250427
3051 0.6866604685783386
3052 0.9191893935203552
3053 0.857455849647522
3054 0.6635380983352661
3055 0.9013550877571106
3056 0.6552075743675232
3057 0.5424171686172485
3058 0.7402685880661011
3059 0.601898193359375
3060 0.7153492569923401
3061 0.540353536605835
3062 0.7672300338745117
3063 0.5652201771736145
3064 0.7217538952827454
3065 0.8250627517700195
3066 0.8436602354049683
3067 0.6382147669792175
3068 0.8985205888748169
3069 0.7915554046630859
3070 0.6568856239318848
3071 0.5798733234405518
3072 0.6832324266433716
3073 0.6527020931243896
3074 0.5046677589416504
3075 0.7938001155853271
3076 0.6500187516212463
3077 0.6138446927070618
3078 0.5748854875564575
3079 0.933983564376831
3080 0.9168351292610168
3081 0.570515513420105
3082 0.7349874973297119
3083 0.6904296875
3084 0.8424856662750244
3085 0.7007192969322205
3086 0.7592085003852844
3087 0.6561636924743652
3088 0.7012244462966919
3089 0.5090239644050598
3090 0.6238111257553101
3091 0.5813648104667664
3092 0.7455621957778931
3093 0.6324015259742737
3094 0.8063190579414368
3095 0.7186751365661621
3096 0.5756564736366272
3097 0.5663723349571228
3098 0.6434044241905212
3099 0.778549313545227
3100 0.728335976600647
3101 0.7203859090805054
3102 0.5048468112945557
3103 0.878051221370697
3104 0.6914344429969788
3105 0.6544007062911987
3106 0.799265444278717
3107 0.6185981631278992
3108 0.6009697318077087
3109 0.7334309816360474
3110 0.7075526118278503
3111 0.7164283394813538
3112 0.729468047618866
3113 0.8910042643547058
3114 0.5917194485664368
3115 0.5671600699424744
3116 0.7628380656242371
3117 0.7098188996315002
3118 0.7954761385917664
3119 0.6003373861312866
3120 0.6669015288352966
3121 0.798988401889801
3122 0.8642688989639282
3123 0.6395553946495056
3124 0.640879213809967
3125 0.5482396483421326
3126 0.611116886138916
3127 0.7844234108924866
3128 0.791746199131012
3129 0.85379558801651
3130 0.7426385879516602
3131 0.838323175907135
3132 0.567302942276001
3133 0.7406268119812012
3134 0.8867674469947815
3135 0.7131047248840332
3136 0.8788630366325378
3137 0.5789572596549988
3138 0.7215054035186768
3139 0.6135504841804504
3140 0.7978682518005371
3141 0.9187795519828796
3142 0.9152737259864807
3143 0.837814211845398
3144 0.5909726023674011
3145 0.8680930733680725
3146 0.9319719672203064
3147 0.7235935926437378
3148 0.7080903053283691
3149 0.5745900273323059
3150 0.5812603831291199
3151 0.8117342591285706
3152 0.6619662642478943
3153 0.5701262354850769
3154 0.5114805102348328
3155 0.7531763911247253
3156 0.8082349300384521
3157 0.6642479300498962
3158 0.6024848222732544
3159 0.734196662902832
3160 0.6401210427284241
3161 0.5893336534500122
3162 0.8039276003837585
3163 0.5891328454017639
3164 0.8814786076545715
3165 0.6242542862892151
3166 0.7355857491493225
3167 0.5311347842216492
3168 0.8227288722991943
3169 0.547434389591217
3170 0.6695234775543213
3171 0.9019572138786316
3172 0.5288362503051758
3173 0.9310361742973328
3174 0.5552420616149902
3175 0.5117766261100769
3176 0.9059514999389648
3177 0.7720018029212952
3178 0.8230186700820923
3179 0.5816426277160645
3180 0.8374639749526978
3181 0.9491956830024719
3182 0.8269001245498657
3183 0.5837046504020691
3184 0.5692453384399414
3185 0.7419507503509521
3186 0.6538854837417603
3187 0.5700859427452087
3188 0.7629334926605225
3189 0.79203861951828
3190 0.5994900465011597
3191 0.5434628129005432
3192 0.5316858291625977
3193 0.8617204427719116
3194 0.9078631401062012
3195 0.5261427760124207
3196 0.5142741799354553
3197 0.5740352869033813
3198 0.5471137762069702
3199 0.5548945665359497
3200 0.6106517314910889
3201 0.8755238652229309
3202 0.6481828093528748
3203 0.6749753355979919
3204 0.9138717651367188
3205 0.6486349701881409
3206 0.617898166179657
3207 0.7994043827056885
3208 0.7666780352592468
3209 0.6617164015769958
3210 0.8594731092453003
3211 0.7147729992866516
3212 0.7145616412162781
3213 0.8460500240325928
3214 0.5579411387443542
3215 0.7991710901260376
3216 0.5722936987876892
3217 0.8883199691772461
3218 0.8329315185546875
3219 0.6487768292427063
3220 0.8473691344261169
3221 0.6147902607917786
3222 0.7919791340827942
3223 0.6430798172950745
3224 0.8394306898117065
3225 0.6461054086685181
3226 0.523972749710083
3227 0.8638144135475159
3228 0.5270353555679321
3229 0.861459493637085
3230 0.7905843257904053
3231 0.7644636631011963
3232 0.8151967525482178
3233 0.5823124647140503
3234 0.6606411337852478
3235 0.8528096675872803
3236 0.7339997887611389
3237 0.7812182903289795
3238 0.8875856399536133
3239 0.72581946849823
3240 0.8599467873573303
3241 0.8148283362388611
3242 0.7407323122024536
3243 0.5872483849525452
3244 0.5842757225036621
3245 0.776119589805603
3246 0.8507126569747925
3247 0.7139700651168823
3248 0.5340830683708191
3249 0.5913091897964478
3250 0.560992419719696
3251 0.5523461699485779
3252 0.6591315865516663
3253 0.7495601773262024
3254 0.7372680902481079
3255 0.7642754912376404
3256 0.7350072860717773
3257 0.72059166431427
3258 0.7218027114868164
3259 0.8130404353141785
3260 0.7193284034729004
3261 0.7071294188499451
3262 0.6525509357452393
3263 0.5738482475280762
3264 0.5682258605957031
3265 0.7862970232963562
3266 0.8188684582710266
3267 0.8033824563026428
3268 0.8702990412712097
3269 0.7200887799263
3270 0.6868180632591248
3271 0.7179719805717468
3272 0.8347824811935425
3273 0.8719354867935181
3274 0.544489324092865
3275 0.9083262085914612
3276 0.5858646631240845
3277 0.5237712860107422
3278 0.8748505711555481
3279 0.7353340983390808
3280 0.8919759392738342
3281 0.5858146548271179
3282 0.9017031192779541
3283 0.6379613280296326
3284 0.7357048392295837
3285 0.5687686204910278
3286 0.5576924681663513
3287 0.7521783113479614
3288 0.8945728540420532
3289 0.5325830578804016
3290 0.6856179237365723
3291 0.5925188660621643
3292 0.9012215733528137
3293 0.6187769174575806
3294 0.5621843338012695
3295 0.5158485174179077
3296 0.8752641081809998
3297 0.8921741843223572
3298 0.6028159856796265
3299 0.6248285174369812
3300 0.8844408988952637
3301 0.7260355949401855
3302 0.6573147773742676
3303 0.8804745078086853
3304 0.5584151744842529
3305 0.601199209690094
3306 0.7851759791374207
3307 0.5638284683227539
3308 0.6098728179931641
3309 0.8288317918777466
3310 0.8674946427345276
3311 0.8369661569595337
3312 0.8555815815925598
3313 0.5175496935844421
3314 0.6957542300224304
3315 0.6622026562690735
3316 0.6050329804420471
3317 0.7936990261077881
3318 0.9061265587806702
3319 0.6424762606620789
3320 0.6103125810623169
3321 0.7461034059524536
3322 0.7410271167755127
3323 0.7084200978279114
3324 0.7721476554870605
3325 0.5439296960830688
3326 0.6926150321960449
3327 0.7567675709724426
3328 0.6002204418182373
3329 0.8754444122314453
3330 0.7753405570983887
3331 0.6430163979530334
3332 0.8019260168075562
3333 0.7207223773002625
3334 0.829016387462616
3335 0.7451972365379333
3336 0.707647979259491
3337 0.5845417976379395
3338 0.6568086743354797
3339 0.5779914855957031
3340 0.5974090099334717
3341 0.8524491786956787
3342 0.6431497931480408
3343 0.6854113340377808
3344 0.7166261076927185
3345 0.5914351344108582
3346 0.5364674925804138
3347 0.8691397905349731
3348 0.6643595099449158
3349 0.566023588180542
3350 0.8242673277854919
3351 0.5591206550598145
3352 0.7312206625938416
3353 0.5956680774688721
3354 0.6375933885574341
3355 0.7484412789344788
3356 0.877806544303894
3357 0.850090742111206
3358 0.7075403332710266
3359 0.5380793809890747
3360 0.8456605076789856
3361 0.7191150784492493
3362 0.7126519680023193
3363 0.87599778175354
3364 0.8091395497322083
3365 0.6499849557876587
3366 0.6343222856521606
3367 0.6791009902954102
3368 0.8741205334663391
3369 0.7710112929344177
3370 0.6760780215263367
3371 0.8542142510414124
3372 0.8557734489440918
3373 0.6029682159423828
3374 0.8800106048583984
3375 0.6487923860549927
3376 0.8419116139411926
3377 0.6761846542358398
3378 0.6605089902877808
3379 0.5666003823280334
3380 0.6266192197799683
3381 0.7356822490692139
3382 0.8429386019706726
3383 0.8481326699256897
3384 0.8131169676780701
3385 0.7411382794380188
3386 0.638114869594574
3387 0.8929452300071716
3388 0.8144747018814087
3389 0.7060925364494324
3390 0.892375648021698
3391 0.64256751537323
3392 0.5812060832977295
3393 0.6408543586730957
3394 0.8094127178192139
3395 0.881087064743042
3396 0.6970718502998352
3397 0.6923400163650513
3398 0.5781149864196777
3399 0.7563945651054382
3400 0.7246579527854919
3401 0.812537431716919
3402 0.7933210730552673
3403 0.5599549412727356
3404 0.9172301292419434
3405 0.7027485966682434
3406 0.571597158908844
3407 0.9022391438484192
3408 0.6729869246482849
3409 0.6141683459281921
3410 0.6073369383811951
3411 0.878733217716217
3412 0.743194043636322
3413 0.7105773091316223
3414 0.7958981394767761
3415 0.6270471215248108
3416 0.8503652215003967
3417 0.6299103498458862
3418 0.6179218888282776
3419 0.5973288416862488
3420 0.6438891887664795
3421 0.5740350484848022
3422 0.5925564169883728
3423 0.7765136361122131
3424 0.5473829507827759
3425 0.8113775253295898
3426 0.5869701504707336
3427 0.5464552044868469
3428 0.902557909488678
3429 0.8818616271018982
3430 0.7979907393455505
3431 0.7113816142082214
3432 0.5665580630302429
3433 0.5648746490478516
3434 0.8406153321266174
3435 0.7211225032806396
3436 0.8406478762626648
3437 0.8104971051216125
3438 0.753352165222168
3439 0.6255213022232056
3440 0.8187995553016663
3441 0.7363940477371216
3442 0.5471283793449402
3443 0.9123110771179199
3444 0.7786073088645935
3445 0.9044768214225769
3446 0.6154063940048218
3447 0.6115986704826355
3448 0.6464158296585083
3449 0.7059420943260193
3450 0.7320390343666077
3451 0.7739349603652954
3452 0.7462940216064453
3453 0.7405595183372498
3454 0.8800660371780396
3455 0.8156220316886902
3456 0.5992263555526733
3457 0.5588650703430176
3458 0.6388630867004395
3459 0.5566554069519043
3460 0.5887326002120972
3461 0.704797089099884
3462 0.8566204309463501
3463 0.920505702495575
3464 0.5333788990974426
3465 0.9083977341651917
3466 0.757637619972229
3467 0.6193308234214783
3468 0.8905441761016846
3469 0.9210271239280701
3470 0.6465412974357605
3471 0.5398961901664734
3472 0.7340040802955627
3473 0.853335440158844
3474 0.7566317319869995
3475 0.5832015872001648
3476 0.8471155762672424
3477 0.6871630549430847
3478 0.7448201775550842
3479 0.6181654930114746
3480 0.931496262550354
3481 0.8547013998031616
3482 0.7674144506454468
3483 0.8102099299430847
3484 0.6500605344772339
3485 0.599515438079834
3486 0.8758030533790588
3487 0.8357365727424622
3488 0.7681041359901428
3489 0.7604745626449585
3490 0.903145432472229
3491 0.9016165733337402
3492 0.8766087293624878
3493 0.9234025478363037
3494 0.871382474899292
3495 0.6710624694824219
3496 0.6155558228492737
3497 0.701172947883606
3498 0.6912938952445984
3499 0.7099260091781616
3500 0.7450891137123108
3501 0.9126466512680054
3502 0.7176910042762756
3503 0.7807612419128418
3504 0.516810953617096
3505 0.5462942719459534
3506 0.7063030004501343
3507 0.5351535081863403
3508 0.7260473370552063
3509 0.7583333849906921
3510 0.5309574007987976
3511 0.8426591753959656
3512 0.6618674993515015
3513 0.6499826312065125
3514 0.7997505068778992
3515 0.7071986794471741
3516 0.5158146023750305
3517 0.6656739115715027
3518 0.6638684868812561
3519 0.7504895329475403
3520 0.6456300616264343
3521 0.7002196311950684
3522 0.6585320234298706
3523 0.7080363631248474
3524 0.7159939408302307
3525 0.7478952407836914
3526 0.5815812945365906
3527 0.7069793343544006
3528 0.5717561841011047
3529 0.8787436485290527
3530 0.6491861343383789
3531 0.8178256154060364
3532 0.5742884874343872
3533 0.7723211646080017
3534 0.557485044002533
3535 0.7177295088768005
3536 0.6401932239532471
3537 0.87599778175354
3538 0.6596840023994446
3539 0.694987416267395
3540 0.7221630215644836
3541 0.8495533466339111
3542 0.6618267893791199
3543 0.7899609804153442
3544 0.6017979979515076
3545 0.655276358127594
3546 0.6771710515022278
3547 0.8737066388130188
3548 0.5661948323249817
3549 0.6793829798698425
3550 0.7274835109710693
3551 0.5813910961151123
3552 0.9075560569763184
3553 0.8583078980445862
3554 0.5051479935646057
3555 0.5870525240898132
3556 0.8891962170600891
3557 0.6844019293785095
3558 0.6219708323478699
3559 0.5886440873146057
3560 0.6207888722419739
3561 0.50943922996521
3562 0.9137282371520996
3563 0.6810159683227539
3564 0.7939857840538025
3565 0.6753159165382385
3566 0.8304923176765442
3567 0.5626338124275208
3568 0.7880215644836426
3569 0.887111485004425
3570 0.5629012584686279
3571 0.6869706511497498
3572 0.6737359762191772
3573 0.8343011736869812
3574 0.6566519737243652
3575 0.5398958325386047
3576 0.758202075958252
3577 0.5746709704399109
3578 0.8463445901870728
3579 0.7425339221954346
3580 0.7365082502365112
3581 0.8109114170074463
3582 0.5584148168563843
3583 0.9403529167175293
3584 0.9384544491767883
3585 0.6305526494979858
3586 0.7038857936859131
3587 0.5178720355033875
3588 0.8077311515808105
3589 0.6283926963806152
3590 0.7840213179588318
3591 0.5464460253715515
3592 0.8464886546134949
3593 0.5486671924591064
3594 0.8377236127853394
3595 0.5601591467857361
3596 0.5831892490386963
3597 0.7077913880348206
3598 0.5912739038467407
3599 0.8816240429878235
3600 0.8624492287635803
3601 0.6659312844276428
3602 0.8914299607276917
3603 0.6140535473823547
3604 0.5305726528167725
3605 0.7004888653755188
3606 0.6137336492538452
3607 0.5110094547271729
3608 0.7533019185066223
3609 0.597544252872467
3610 0.8962135314941406
3611 0.5419405102729797
3612 0.5562798380851746
3613 0.5150492191314697
3614 0.5555907487869263
3615 0.7095265984535217
3616 0.6803568601608276
3617 0.6043158769607544
3618 0.90520179271698
3619 0.9093935489654541
3620 0.7986400127410889
3621 0.8111483454704285
3622 0.5665094256401062
3623 0.6069368720054626
3624 0.9127101898193359
3625 0.719457745552063
3626 0.8982428312301636
3627 0.6191904544830322
3628 0.8545623421669006
3629 0.9145218729972839
3630 0.7394564151763916
3631 0.5272963047027588
3632 0.5855154395103455
3633 0.9030700922012329
3634 0.8633891940116882
3635 0.862400472164154
3636 0.66610187292099
3637 0.7482845187187195
3638 0.5004186034202576
3639 0.8833850026130676
3640 0.8457908034324646
3641 0.8312527537345886
3642 0.7354975342750549
3643 0.8222666382789612
3644 0.5930192470550537
3645 0.5573351383209229
3646 0.550316572189331
3647 0.5150297284126282
3648 0.7514676451683044
3649 0.8650449514389038
3650 0.8201614618301392
3651 0.5373197793960571
3652 0.8938597440719604
3653 0.6278181076049805
3654 0.9111186861991882
3655 0.7758134007453918
3656 0.7608512043952942
3657 0.8118738532066345
3658 0.854767918586731
3659 0.7293564677238464
3660 0.7639322876930237
3661 0.5432748794555664
3662 0.595009982585907
3663 0.7297776937484741
3664 0.6462839245796204
3665 0.7712922096252441
3666 0.6716910004615784
3667 0.7013615965843201
3668 0.890112042427063
3669 0.6938638091087341
3670 0.5963663458824158
3671 0.9080275297164917
3672 0.8965368866920471
3673 0.7860244512557983
3674 0.7088944315910339
3675 0.6993433237075806
3676 0.8839299082756042
3677 0.5400046110153198
3678 0.7052931785583496
3679 0.7328552007675171
3680 0.7373865842819214
3681 0.677003800868988
3682 0.8977912664413452
3683 0.8774453401565552
3684 0.5629397034645081
3685 0.7112814784049988
3686 0.8209238052368164
3687 0.7011592984199524
