0 0.0
1 0.0
2 0.5
3 0.3333333333333333
4 0.3333333333333333
5 0.5
6 0.6
7 0.5
8 0.42857142857142855
9 0.5
10 0.5555555555555556
11 0.5555555555555556
12 0.6
13 0.6363636363636364
14 0.6363636363636364
15 0.6363636363636364
16 0.6666666666666666
17 0.6153846153846154
18 0.6428571428571429
19 0.6
20 0.625
21 0.6470588235294118
22 0.6666666666666666
23 0.631578947368421
24 0.6
25 0.5714285714285714
26 0.5714285714285714
27 0.5714285714285714
28 0.5909090909090909
29 0.5909090909090909
30 0.5652173913043478
31 0.5833333333333334
32 0.56
33 0.5769230769230769
34 0.5769230769230769
35 0.5555555555555556
36 0.5714285714285714
37 0.5714285714285714
38 0.5862068965517241
39 0.6
40 0.6129032258064516
41 0.59375
42 0.59375
43 0.59375
44 0.59375
45 0.6060606060606061
46 0.6060606060606061
47 0.6176470588235294
48 0.6285714285714286
49 0.6388888888888888
50 0.6486486486486487
51 0.631578947368421
52 0.631578947368421
53 0.6153846153846154
54 0.625
55 0.625
56 0.625
57 0.6097560975609756
58 0.6097560975609756
59 0.6190476190476191
60 0.627906976744186
61 0.6363636363636364
62 0.6444444444444445
63 0.6521739130434783
64 0.6382978723404256
65 0.6458333333333334
66 0.6530612244897959
67 0.66
68 0.66
69 0.66
70 0.6666666666666666
71 0.6730769230769231
72 0.6792452830188679
73 0.6851851851851852
74 0.6851851851851852
75 0.6727272727272727
76 0.6727272727272727
77 0.6785714285714286
78 0.6842105263157895
79 0.6896551724137931
80 0.6949152542372882
81 0.6949152542372882
82 0.7
83 0.7049180327868853
84 0.7096774193548387
85 0.7142857142857143
86 0.7142857142857143
87 0.71875
88 0.7230769230769231
89 0.7272727272727273
90 0.7272727272727273
91 0.7272727272727273
92 0.7313432835820896
93 0.7352941176470589
94 0.7391304347826086
95 0.7285714285714285
96 0.7323943661971831
97 0.7323943661971831
98 0.7323943661971831
99 0.7361111111111112
100 0.7397260273972602
101 0.7432432432432432
102 0.7466666666666667
103 0.75
104 0.75
105 0.7532467532467533
106 0.7532467532467533
107 0.7564102564102564
108 0.759493670886076
109 0.759493670886076
110 0.7625
111 0.7625
112 0.7625
113 0.7654320987654321
114 0.7682926829268293
115 0.7590361445783133
116 0.7619047619047619
117 0.7647058823529411
118 0.7674418604651163
119 0.7701149425287356
120 0.7727272727272727
121 0.7727272727272727
122 0.7752808988764045
123 0.7777777777777778
124 0.7802197802197802
125 0.7717391304347826
126 0.7741935483870968
127 0.776595744680851
128 0.7789473684210526
129 0.78125
130 0.78125
131 0.7731958762886598
132 0.7755102040816326
133 0.7777777777777778
134 0.77
135 0.7722772277227723
136 0.7745098039215687
137 0.7745098039215687
138 0.7669902912621359
139 0.7692307692307693
140 0.7714285714285715
141 0.7641509433962265
142 0.7663551401869159
143 0.7592592592592593
144 0.7614678899082569
145 0.7614678899082569
146 0.7636363636363637
147 0.7657657657657657
148 0.7589285714285714
149 0.7522123893805309
150 0.7456140350877193
151 0.7478260869565218
152 0.7413793103448276
153 0.7350427350427351
154 0.7350427350427351
155 0.7372881355932204
156 0.7394957983193278
157 0.7416666666666667
158 0.743801652892562
159 0.7459016393442623
160 0.7479674796747967
161 0.75
162 0.752
163 0.746031746031746
164 0.746031746031746
165 0.7401574803149606
166 0.7421875
167 0.7421875
168 0.7421875
169 0.7364341085271318
170 0.7384615384615385
171 0.7404580152671756
172 0.7424242424242424
173 0.7368421052631579
174 0.7368421052631579
175 0.7368421052631579
176 0.7388059701492538
177 0.7407407407407407
178 0.7407407407407407
179 0.7426470588235294
180 0.7372262773722628
181 0.7391304347826086
182 0.7410071942446043
183 0.7357142857142858
184 0.7304964539007093
185 0.7304964539007093
186 0.7253521126760564
187 0.7272727272727273
188 0.7291666666666666
189 0.7310344827586207
190 0.7310344827586207
191 0.7328767123287672
192 0.7346938775510204
193 0.7364864864864865
194 0.738255033557047
195 0.74
196 0.7417218543046358
197 0.743421052631579
198 0.7450980392156863
199 0.7467532467532467
200 0.7483870967741936
201 0.7483870967741936
202 0.7435897435897436
203 0.7452229299363057
204 0.7468354430379747
205 0.7468354430379747
206 0.7468354430379747
207 0.7468354430379747
208 0.7468354430379747
209 0.7484276729559748
210 0.75
211 0.7515527950310559
212 0.7530864197530864
213 0.7484662576687117
214 0.75
215 0.7515151515151515
216 0.7515151515151515
217 0.7530120481927711
218 0.7530120481927711
219 0.7530120481927711
220 0.7544910179640718
221 0.75
222 0.7514792899408284
223 0.7514792899408284
224 0.7470588235294118
225 0.7485380116959064
226 0.75
227 0.7456647398843931
228 0.7456647398843931
229 0.7413793103448276
230 0.7428571428571429
231 0.7443181818181818
232 0.7443181818181818
233 0.7443181818181818
234 0.7401129943502824
235 0.7401129943502824
236 0.7415730337078652
237 0.7415730337078652
238 0.7430167597765364
239 0.7444444444444445
240 0.7403314917127072
241 0.7417582417582418
242 0.7431693989071039
243 0.7391304347826086
244 0.7405405405405405
245 0.7419354838709677
246 0.7379679144385026
247 0.7340425531914894
248 0.7354497354497355
249 0.7368421052631579
250 0.7382198952879581
251 0.7395833333333334
252 0.7409326424870466
253 0.7371134020618557
254 0.7371134020618557
255 0.7384615384615385
256 0.7384615384615385
257 0.7384615384615385
258 0.7346938775510204
259 0.7360406091370558
260 0.7373737373737373
261 0.7386934673366834
262 0.735
263 0.735
264 0.736318407960199
265 0.7376237623762376
266 0.7389162561576355
267 0.7401960784313726
268 0.7414634146341463
269 0.7378640776699029
270 0.7342995169082126
271 0.7355769230769231
272 0.7368421052631579
273 0.7380952380952381
274 0.7380952380952381
275 0.7380952380952381
276 0.7345971563981043
277 0.7311320754716981
278 0.7323943661971831
279 0.7336448598130841
280 0.7348837209302326
281 0.7361111111111112
282 0.7373271889400922
283 0.7385321100917431
284 0.7385321100917431
285 0.7385321100917431
286 0.7351598173515982
287 0.7318181818181818
288 0.7330316742081447
289 0.7342342342342343
290 0.7309417040358744
291 0.7321428571428571
292 0.7288888888888889
293 0.7288888888888889
294 0.7300884955752213
295 0.7268722466960352
296 0.7236842105263158
297 0.7205240174672489
298 0.7205240174672489
299 0.7217391304347827
300 0.7229437229437229
301 0.7198275862068966
302 0.721030042918455
303 0.7222222222222222
304 0.7191489361702128
305 0.7191489361702128
306 0.7203389830508474
307 0.7215189873417721
308 0.7184873949579832
309 0.7154811715481172
310 0.7166666666666667
311 0.7178423236514523
312 0.71900826446281
313 0.7160493827160493
314 0.7172131147540983
315 0.7183673469387755
316 0.7154471544715447
317 0.7165991902834008
318 0.7165991902834008
319 0.717741935483871
320 0.7188755020080321
321 0.72
322 0.7211155378486056
323 0.7222222222222222
324 0.7233201581027668
325 0.7244094488188977
326 0.7254901960784313
327 0.7254901960784313
328 0.72265625
329 0.72265625
330 0.7237354085603113
331 0.7248062015503876
332 0.7248062015503876
333 0.7258687258687259
334 0.7269230769230769
335 0.7279693486590039
336 0.7279693486590039
337 0.7290076335877863
338 0.7300380228136882
339 0.7272727272727273
340 0.7283018867924528
341 0.7293233082706767
342 0.7303370786516854
343 0.7313432835820896
344 0.7313432835820896
345 0.7323420074349443
346 0.7323420074349443
347 0.7333333333333333
348 0.7343173431734318
349 0.7352941176470589
350 0.7362637362637363
351 0.7335766423357665
352 0.7335766423357665
353 0.7345454545454545
354 0.7345454545454545
355 0.7345454545454545
356 0.7355072463768116
357 0.7364620938628159
358 0.7364620938628159
359 0.7338129496402878
360 0.7338129496402878
361 0.7347670250896058
362 0.7357142857142858
363 0.7357142857142858
364 0.7366548042704626
365 0.7340425531914894
366 0.734982332155477
367 0.734982332155477
368 0.7359154929577465
369 0.7333333333333333
370 0.7342657342657343
371 0.7342657342657343
372 0.735191637630662
373 0.7361111111111112
374 0.7370242214532872
375 0.7379310344827587
376 0.738831615120275
377 0.738831615120275
378 0.7363013698630136
379 0.7372013651877133
380 0.7380952380952381
381 0.7380952380952381
382 0.7389830508474576
383 0.7398648648648649
384 0.7398648648648649
385 0.7373737373737373
386 0.7348993288590604
387 0.7348993288590604
388 0.7357859531772575
389 0.7366666666666667
390 0.7375415282392026
391 0.7384105960264901
392 0.7392739273927392
393 0.7401315789473685
394 0.7401315789473685
395 0.740983606557377
396 0.740983606557377
397 0.7418300653594772
398 0.742671009771987
399 0.7435064935064936
400 0.7443365695792881
401 0.7419354838709677
402 0.7427652733118971
403 0.7435897435897436
404 0.744408945686901
405 0.7420382165605095
406 0.7428571428571429
407 0.740506329113924
408 0.7413249211356467
409 0.7421383647798742
410 0.7421383647798742
411 0.7429467084639498
412 0.74375
413 0.7414330218068536
414 0.7422360248447205
415 0.739938080495356
416 0.7407407407407407
417 0.7415384615384616
418 0.7423312883435583
419 0.7431192660550459
420 0.7439024390243902
421 0.7416413373860182
422 0.7393939393939394
423 0.7371601208459214
424 0.7371601208459214
425 0.7379518072289156
426 0.7379518072289156
427 0.7357357357357357
428 0.7357357357357357
429 0.7365269461077845
430 0.7365269461077845
431 0.7373134328358208
432 0.7380952380952381
433 0.7359050445103857
434 0.7366863905325444
435 0.7345132743362832
436 0.7323529411764705
437 0.7323529411764705
438 0.7323529411764705
439 0.7323529411764705
440 0.7302052785923754
441 0.7280701754385965
442 0.7259475218658892
443 0.7267441860465116
444 0.7275362318840579
445 0.7254335260115607
446 0.7262247838616714
447 0.7270114942528736
448 0.7277936962750716
449 0.7257142857142858
450 0.7264957264957265
451 0.7244318181818182
452 0.7252124645892352
453 0.7231638418079096
454 0.723943661971831
455 0.7247191011235955
456 0.7247191011235955
457 0.7226890756302521
458 0.7226890756302521
459 0.723463687150838
460 0.724233983286908
461 0.725
462 0.7257617728531855
463 0.7265193370165746
464 0.7265193370165746
465 0.7265193370165746
466 0.7272727272727273
467 0.728021978021978
468 0.7287671232876712
469 0.7295081967213115
470 0.7275204359673024
471 0.7282608695652174
472 0.7262872628726287
473 0.7262872628726287
474 0.727027027027027
475 0.7277628032345014
476 0.7277628032345014
477 0.7277628032345014
478 0.7258064516129032
479 0.7238605898123325
480 0.7219251336898396
481 0.7226666666666667
482 0.723404255319149
483 0.7214854111405835
484 0.7222222222222222
485 0.7203166226912929
486 0.7210526315789474
487 0.7191601049868767
488 0.7191601049868767
489 0.7198952879581152
490 0.7198952879581152
491 0.720626631853786
492 0.7213541666666666
493 0.7220779220779221
494 0.7202072538860104
495 0.7209302325581395
496 0.7209302325581395
497 0.7216494845360825
498 0.7223650385604113
499 0.7230769230769231
500 0.7230769230769231
501 0.7237851662404092
502 0.7219387755102041
503 0.7201017811704835
504 0.7201017811704835
505 0.7201017811704835
506 0.7208121827411168
507 0.7189873417721518
508 0.7196969696969697
509 0.7204030226700252
510 0.7211055276381909
511 0.7211055276381909
512 0.7192982456140351
513 0.72
514 0.7206982543640897
515 0.7213930348258707
516 0.7220843672456576
517 0.7220843672456576
518 0.7220843672456576
519 0.7220843672456576
520 0.7227722772277227
521 0.7209876543209877
522 0.7216748768472906
523 0.7216748768472906
524 0.7199017199017199
525 0.7181372549019608
526 0.7188264058679706
527 0.7195121951219512
528 0.7201946472019465
529 0.7201946472019465
530 0.7201946472019465
531 0.7184466019417476
532 0.7191283292978208
533 0.7198067632850241
534 0.7198067632850241
535 0.7204819277108434
536 0.71875
537 0.7170263788968825
538 0.7177033492822966
539 0.7183770883054893
540 0.719047619047619
541 0.7197149643705463
542 0.7203791469194313
543 0.7210401891252955
544 0.7193396226415094
545 0.72
546 0.72
547 0.7206572769953051
548 0.7213114754098361
549 0.7219626168224299
550 0.7202797202797203
551 0.7209302325581395
552 0.7215777262180975
553 0.7222222222222222
554 0.7228637413394919
555 0.7235023041474654
556 0.7241379310344828
557 0.7224770642201835
558 0.7231121281464531
559 0.7231121281464531
560 0.7214611872146118
561 0.7198177676537585
562 0.7204545454545455
563 0.7210884353741497
564 0.7194570135746606
565 0.7178329571106095
566 0.7178329571106095
567 0.7162162162162162
568 0.7168539325842697
569 0.7174887892376681
570 0.7181208053691275
571 0.71875
572 0.7193763919821826
573 0.72
574 0.720620842572062
575 0.7190265486725663
576 0.7196467991169978
577 0.7202643171806168
578 0.7186813186813187
579 0.7186813186813187
580 0.7171052631578947
581 0.7155361050328227
582 0.7161572052401747
583 0.7145969498910676
584 0.7130434782608696
585 0.7130434782608696
586 0.7114967462039046
587 0.7121212121212122
588 0.7105831533477321
589 0.7112068965517241
590 0.7118279569892473
591 0.7124463519313304
592 0.7124463519313304
593 0.7130620985010707
594 0.7136752136752137
595 0.7136752136752137
596 0.7121535181236673
597 0.7127659574468085
598 0.7133757961783439
599 0.7139830508474576
600 0.7145877378435518
601 0.7151898734177216
602 0.7151898734177216
603 0.7136842105263158
604 0.7142857142857143
605 0.7148846960167715
606 0.7148846960167715
607 0.7133891213389121
608 0.7139874739039666
609 0.7145833333333333
610 0.7151767151767152
611 0.7157676348547718
612 0.7163561076604554
613 0.7169421487603306
614 0.7169421487603306
615 0.7175257731958763
616 0.7175257731958763
617 0.7181069958847737
618 0.7181069958847737
619 0.7186858316221766
620 0.7186858316221766
621 0.7186858316221766
622 0.7186858316221766
623 0.7172131147540983
624 0.7177914110429447
625 0.7183673469387755
626 0.7183673469387755
627 0.7169042769857433
628 0.717479674796748
629 0.718052738336714
630 0.7186234817813765
631 0.7191919191919192
632 0.719758064516129
633 0.7203219315895373
634 0.7208835341365462
635 0.7194388777555111
636 0.7194388777555111
637 0.7194388777555111
638 0.72
639 0.720558882235529
640 0.7211155378486056
641 0.7196819085487077
642 0.7182539682539683
643 0.7188118811881188
644 0.7188118811881188
645 0.7193675889328063
646 0.7193675889328063
647 0.7199211045364892
648 0.718503937007874
649 0.7170923379174853
650 0.7176470588235294
651 0.7181996086105675
652 0.71875
653 0.7192982456140351
654 0.7198443579766537
655 0.7198443579766537
656 0.7203883495145631
657 0.7209302325581395
658 0.7209302325581395
659 0.7214700193423598
660 0.7214700193423598
661 0.7200772200772201
662 0.720616570327553
663 0.7192307692307692
664 0.7192307692307692
665 0.7192307692307692
666 0.7178502879078695
667 0.7183908045977011
668 0.7183908045977011
669 0.7189292543021033
670 0.7194656488549618
671 0.7194656488549618
672 0.7180952380952381
673 0.7186311787072244
674 0.7191650853889943
675 0.7196969696969697
676 0.720226843100189
677 0.720226843100189
678 0.720226843100189
679 0.720226843100189
680 0.720754716981132
681 0.720754716981132
682 0.720754716981132
683 0.7212806026365348
684 0.7218045112781954
685 0.7223264540337712
686 0.7223264540337712
687 0.7228464419475655
688 0.7228464419475655
689 0.7233644859813084
690 0.7238805970149254
691 0.7238805970149254
692 0.7243947858472998
693 0.7243947858472998
694 0.724907063197026
695 0.724907063197026
696 0.7235621521335807
697 0.7240740740740741
698 0.7245841035120147
699 0.7250922509225092
700 0.7255985267034991
701 0.7242647058823529
702 0.7247706422018348
703 0.7252747252747253
704 0.7257769652650823
705 0.7262773722627737
706 0.726775956284153
707 0.7272727272727273
708 0.7259528130671506
709 0.7259528130671506
710 0.7259528130671506
711 0.7264492753623188
712 0.7269439421338155
713 0.7256317689530686
714 0.7261261261261261
715 0.7266187050359713
716 0.7271095152603232
717 0.7275985663082437
718 0.7262969588550984
719 0.7267857142857143
720 0.7254901960784313
721 0.7259786476868327
722 0.7264653641207816
723 0.725177304964539
724 0.7256637168141593
725 0.726148409893993
726 0.7266313932980599
727 0.727112676056338
728 0.727112676056338
729 0.7258347978910369
730 0.724561403508772
731 0.7250437828371279
732 0.7237762237762237
733 0.7242582897033158
734 0.7229965156794426
735 0.7234782608695652
736 0.7239583333333334
737 0.7244367417677643
738 0.7249134948096886
739 0.7249134948096886
740 0.7249134948096886
741 0.7236614853195165
742 0.7236614853195165
743 0.7236614853195165
744 0.7224137931034482
745 0.7228915662650602
746 0.7216494845360825
747 0.7216494845360825
748 0.7216494845360825
749 0.7221269296740995
750 0.7208904109589042
751 0.7196581196581197
752 0.7201365187713311
753 0.7206132879045997
754 0.7210884353741497
755 0.7215619694397284
756 0.7203389830508474
757 0.7191201353637902
758 0.7179054054054054
759 0.718381112984823
760 0.7188552188552189
761 0.719327731092437
762 0.719327731092437
763 0.7197986577181208
764 0.7185929648241206
765 0.7190635451505016
766 0.7195325542570952
767 0.72
768 0.7204658901830283
769 0.7209302325581395
770 0.7213930348258707
771 0.7218543046357616
772 0.7223140495867768
773 0.7223140495867768
774 0.7227722772277227
775 0.7227722772277227
776 0.7232289950576606
777 0.7236842105263158
778 0.7236842105263158
779 0.7236842105263158
780 0.722495894909688
781 0.7229508196721312
782 0.723404255319149
783 0.7222222222222222
784 0.7210440456769984
785 0.7198697068403909
786 0.71869918699187
787 0.7175324675324676
788 0.7179902755267423
789 0.7184466019417476
790 0.7189014539579968
791 0.7189014539579968
792 0.7189014539579968
793 0.717741935483871
794 0.7181964573268921
795 0.7170418006430869
796 0.7174959871589085
797 0.7174959871589085
798 0.717948717948718
799 0.7184
800 0.7188498402555911
801 0.7192982456140351
802 0.7197452229299363
803 0.7201907790143084
804 0.7206349206349206
805 0.7194928684627575
806 0.7194928684627575
807 0.7194928684627575
808 0.7194928684627575
809 0.7199367088607594
810 0.7187993680884676
811 0.7192429022082019
812 0.7196850393700788
813 0.7196850393700788
814 0.7196850393700788
815 0.720125786163522
816 0.720125786163522
817 0.720125786163522
818 0.7189952904238619
819 0.7189952904238619
820 0.7189952904238619
821 0.7189952904238619
822 0.719435736677116
823 0.719435736677116
824 0.7198748043818466
825 0.7203125
826 0.719188767550702
827 0.7180685358255452
828 0.7169517884914464
829 0.717391304347826
830 0.7178294573643411
831 0.718266253869969
832 0.7187017001545595
833 0.7187017001545595
834 0.7191358024691358
835 0.7180277349768875
836 0.7184615384615385
837 0.7188940092165899
838 0.7177914110429447
839 0.7166921898928025
840 0.7171253822629969
841 0.716030534351145
842 0.716030534351145
843 0.7149390243902439
844 0.715372907153729
845 0.715372907153729
846 0.71580547112462
847 0.716236722306525
848 0.7166666666666667
849 0.7155824508320726
850 0.716012084592145
851 0.716012084592145
852 0.7164404223227753
853 0.7168674698795181
854 0.7168674698795181
855 0.7172932330827068
856 0.7177177177177178
857 0.7181409295352323
858 0.7181409295352323
859 0.7170658682634731
860 0.7170658682634731
861 0.7174887892376681
862 0.7179104477611941
863 0.7183308494783904
864 0.71875
865 0.7176820208023774
866 0.7176820208023774
867 0.7181008902077152
868 0.7181008902077152
869 0.7181008902077152
870 0.7185185185185186
871 0.7189349112426036
872 0.7178729689807977
873 0.7178729689807977
874 0.7182890855457227
875 0.7172312223858616
876 0.7172312223858616
877 0.7172312223858616
878 0.7176470588235294
879 0.7165932452276065
880 0.717008797653959
881 0.7174231332357247
882 0.7178362573099415
883 0.7178362573099415
884 0.7182481751824817
885 0.7182481751824817
886 0.717201166180758
887 0.7176128093158661
888 0.7176128093158661
889 0.7180232558139535
890 0.7184325108853411
891 0.7188405797101449
892 0.7192474674384949
893 0.7182080924855492
894 0.7186147186147186
895 0.7190201729106628
896 0.7179856115107913
897 0.7179856115107913
898 0.7183908045977011
899 0.7173601147776184
900 0.7177650429799427
901 0.7177650429799427
902 0.7181688125894135
903 0.7185714285714285
904 0.7189728958630528
905 0.7193732193732194
906 0.7197724039829303
907 0.71875
908 0.71875
909 0.7191489361702128
910 0.7191489361702128
911 0.7195467422096318
912 0.7199434229137199
913 0.7189265536723164
914 0.7179125528913963
915 0.7169014084507043
916 0.7158931082981715
917 0.7148876404494382
918 0.7138849929873773
919 0.7142857142857143
920 0.7146853146853147
921 0.7150837988826816
922 0.7154811715481172
923 0.7158774373259053
924 0.7158774373259053
925 0.7148817802503477
926 0.7152777777777778
927 0.7156726768377254
928 0.7156726768377254
929 0.7160664819944599
930 0.7160664819944599
931 0.7164591977869986
932 0.7154696132596685
933 0.7144827586206897
934 0.7148760330578512
935 0.7152682255845942
936 0.7156593406593407
937 0.7156593406593407
938 0.7160493827160493
939 0.7164383561643836
940 0.7154582763337893
941 0.7158469945355191
942 0.7158469945355191
943 0.7158469945355191
944 0.7158469945355191
945 0.7162346521145976
946 0.7162346521145976
947 0.7162346521145976
948 0.7162346521145976
949 0.715258855585831
950 0.715258855585831
951 0.7156462585034014
952 0.7160326086956522
953 0.7164179104477612
954 0.7154471544715447
955 0.7144790257104194
956 0.7148648648648649
957 0.7152496626180836
958 0.7152496626180836
959 0.7152496626180836
960 0.715633423180593
961 0.7160161507402423
962 0.7163978494623656
963 0.7167785234899329
964 0.7158176943699732
965 0.7158176943699732
966 0.7161981258366801
967 0.7152406417112299
968 0.7142857142857143
969 0.7146666666666667
970 0.7137150466045273
971 0.714095744680851
972 0.7144754316069057
973 0.7148541114058355
974 0.7152317880794702
975 0.7152317880794702
976 0.7152317880794702
977 0.7152317880794702
978 0.7152317880794702
979 0.7142857142857143
980 0.714663143989432
981 0.7150395778364116
982 0.7154150197628458
983 0.7157894736842105
984 0.7161629434954008
985 0.7161629434954008
986 0.7165354330708661
987 0.7169069462647444
988 0.7159685863874345
989 0.7159685863874345
990 0.7159685863874345
991 0.7159685863874345
992 0.7150326797385621
993 0.7154046997389034
994 0.7157757496740548
995 0.71484375
996 0.7139141742522757
997 0.7139141742522757
998 0.7142857142857143
999 0.7146562905317769
1000 0.7150259067357513
1001 0.7153945666235446
1002 0.7157622739018088
1003 0.7157622739018088
1004 0.7148387096774194
1005 0.7152061855670103
1006 0.7155727155727156
1007 0.7159383033419023
1008 0.7159383033419023
1009 0.7150192554557124
1010 0.7153846153846154
1011 0.7144686299615877
1012 0.7135549872122762
1013 0.7139208173690932
1014 0.7142857142857143
1015 0.7142857142857143
1016 0.7142857142857143
1017 0.7146496815286624
1018 0.7150127226463104
1019 0.7153748411689962
1020 0.7144670050761421
1021 0.7144670050761421
1022 0.7135614702154626
1023 0.7135614702154626
1024 0.7126582278481013
1025 0.7130214917825537
1026 0.7130214917825537
1027 0.7130214917825537
1028 0.7133838383838383
1029 0.7133838383838383
1030 0.7133838383838383
1031 0.7137452711223203
1032 0.7141057934508817
1033 0.7144654088050314
1034 0.714824120603015
1035 0.7151819322459222
1036 0.7151819322459222
1037 0.7142857142857143
1038 0.7142857142857143
1039 0.7146433041301627
1040 0.715
1041 0.7153558052434457
1042 0.7153558052434457
1043 0.71571072319202
1044 0.7148194271481942
1045 0.7151741293532339
1046 0.7151741293532339
1047 0.7142857142857143
1048 0.7146401985111662
1049 0.7149938042131351
1050 0.7149938042131351
1051 0.7153465346534653
1052 0.7144622991347342
1053 0.7148148148148148
1054 0.7151664611590629
1055 0.7155172413793104
1056 0.7155172413793104
1057 0.7158671586715867
1058 0.7162162162162162
1059 0.7162162162162162
1060 0.7165644171779141
1061 0.7156862745098039
1062 0.7160342717258262
1063 0.7163814180929096
1064 0.7163814180929096
1065 0.7167277167277167
1066 0.7167277167277167
1067 0.7158536585365853
1068 0.7158536585365853
1069 0.7149817295980512
1070 0.7153284671532847
1071 0.715674362089915
1072 0.7160194174757282
1073 0.7163636363636363
1074 0.7167070217917676
1075 0.717049576783555
1076 0.717049576783555
1077 0.716183574879227
1078 0.716183574879227
1079 0.7165259348612787
1080 0.7165259348612787
1081 0.7165259348612787
1082 0.7165259348612787
1083 0.7168674698795181
1084 0.7160048134777377
1085 0.7163461538461539
1086 0.7163461538461539
1087 0.7154861944777912
1088 0.7154861944777912
1089 0.7146282973621103
1090 0.7146282973621103
1091 0.7137724550898203
1092 0.7141148325358851
1093 0.7132616487455197
1094 0.7124105011933174
1095 0.7127532777115614
1096 0.7130952380952381
1097 0.713436385255648
1098 0.7137767220902613
1099 0.7141162514827996
1100 0.7144549763033176
1101 0.714792899408284
1102 0.7139479905437353
1103 0.7131050767414404
1104 0.7131050767414404
1105 0.7122641509433962
1106 0.7126030624263839
1107 0.7129411764705882
1108 0.7132784958871915
1109 0.7136150234741784
1110 0.7136150234741784
1111 0.7139507620164126
1112 0.7142857142857143
1113 0.7142857142857143
1114 0.7146198830409357
1115 0.7137850467289719
1116 0.7141190198366394
1117 0.7141190198366394
1118 0.7144522144522144
1119 0.7147846332945286
1120 0.7151162790697675
1121 0.7154471544715447
1122 0.7146171693735499
1123 0.7149478563151797
1124 0.7149478563151797
1125 0.7152777777777778
1126 0.7152777777777778
1127 0.7152777777777778
1128 0.715606936416185
1129 0.715606936416185
1130 0.7147806004618937
1131 0.7151095732410612
1132 0.7151095732410612
1133 0.7151095732410612
1134 0.7142857142857143
1135 0.713463751438435
1136 0.713463751438435
1137 0.7137931034482758
1138 0.7129735935706085
1139 0.713302752293578
1140 0.7124856815578465
1141 0.7128146453089245
1142 0.7131428571428572
1143 0.7134703196347032
1144 0.7126567844925884
1145 0.7126567844925884
1146 0.7129840546697038
1147 0.7133105802047781
1148 0.7133105802047781
1149 0.7136363636363636
1150 0.713961407491487
1151 0.7131519274376418
1152 0.7134767836919592
1153 0.7134767836919592
1154 0.7138009049773756
1155 0.7141242937853107
1156 0.7144469525959368
1157 0.7147688838782412
1158 0.7150900900900901
1159 0.7154105736782902
1160 0.7146067415730337
1161 0.7149270482603816
1162 0.7141255605381166
1163 0.7133258678611423
1164 0.7136465324384788
1165 0.7136465324384788
1166 0.7128491620111732
1167 0.7131696428571429
1168 0.7123745819397993
1169 0.7123745819397993
1170 0.7123745819397993
1171 0.7115812917594655
1172 0.7119021134593994
1173 0.7111111111111111
1174 0.7114317425083241
1175 0.7117516629711752
1176 0.7117516629711752
1177 0.7117516629711752
1178 0.7120708748615725
1179 0.7123893805309734
1180 0.7116022099447514
1181 0.7116022099447514
1182 0.7119205298013245
1183 0.7122381477398015
1184 0.711453744493392
1185 0.7106710671067107
1186 0.710989010989011
1187 0.7113062568605928
1188 0.7116228070175439
1189 0.7119386637458927
1190 0.7111597374179431
1191 0.7114754098360656
1192 0.7114754098360656
1193 0.7106986899563319
1194 0.7099236641221374
1195 0.710239651416122
1196 0.7105549510337323
1197 0.7108695652173913
1198 0.7108695652173913
1199 0.7111834961997828
1200 0.7114967462039046
1201 0.7107258938244854
1202 0.70995670995671
1203 0.7091891891891892
1204 0.7095032397408207
1205 0.7095032397408207
1206 0.7087378640776699
1207 0.7079741379310345
1208 0.7082884822389667
1209 0.7086021505376344
1210 0.7089151450053706
1211 0.7092274678111588
1212 0.7095391211146839
1213 0.7095391211146839
1214 0.7095391211146839
1215 0.708779443254818
1216 0.7090909090909091
1217 0.7083333333333334
1218 0.7086446104589115
1219 0.7086446104589115
1220 0.7089552238805971
1221 0.7092651757188498
1222 0.7092651757188498
1223 0.7095744680851064
1224 0.7098831030818279
1225 0.7101910828025477
1226 0.7101910828025477
1227 0.7104984093319194
1228 0.7108050847457628
1229 0.7111111111111111
1230 0.7114164904862579
1231 0.7114164904862579
1232 0.7117212249208026
1233 0.7120253164556962
1234 0.7123287671232876
1235 0.7123287671232876
1236 0.7126315789473684
1237 0.711882229232387
1238 0.7121848739495799
1239 0.7124868835257083
1240 0.7117400419287212
1241 0.7120418848167539
1242 0.7112970711297071
1243 0.7115987460815048
1244 0.7108559498956158
1245 0.7108559498956158
1246 0.7101147028154328
1247 0.7104166666666667
1248 0.7107180020811654
1249 0.7110187110187111
1250 0.7102803738317757
1251 0.7105809128630706
1252 0.7098445595854922
1253 0.7098445595854922
1254 0.7098445595854922
1255 0.7101449275362319
1256 0.7101449275362319
1257 0.7094105480868665
1258 0.7097107438016529
1259 0.7100103199174407
1260 0.7103092783505155
1261 0.7106076210092688
1262 0.7106076210092688
1263 0.7106076210092688
1264 0.7098765432098766
1265 0.710174717368962
1266 0.710174717368962
1267 0.7104722792607803
1268 0.7104722792607803
1269 0.7104722792607803
1270 0.7104722792607803
1271 0.7104722792607803
1272 0.7104722792607803
1273 0.7107692307692308
1274 0.7100409836065574
1275 0.7100409836065574
1276 0.7093142272262026
1277 0.7096114519427403
1278 0.7096114519427403
1279 0.7088866189989785
1280 0.7081632653061225
1281 0.7081632653061225
1282 0.7074413863404689
1283 0.7077393075356415
1284 0.7080366225839267
1285 0.7083333333333334
1286 0.7086294416243655
1287 0.7089249492900609
1288 0.7082066869300911
1289 0.708502024291498
1290 0.7087967644084934
1291 0.7090909090909091
1292 0.7083753784056509
1293 0.7083753784056509
1294 0.7086693548387096
1295 0.7086693548387096
1296 0.7089627391742196
1297 0.7092555331991952
1298 0.7095477386934673
1299 0.7098393574297188
1300 0.7101303911735206
1301 0.7104208416833667
1302 0.7107107107107107
1303 0.711
1304 0.7102897102897103
1305 0.7105788423153693
1306 0.7108673978065803
1307 0.7108673978065803
1308 0.7111553784860558
1309 0.7114427860696517
1310 0.7117296222664016
1311 0.7117296222664016
1312 0.7110228401191658
1313 0.7103174603174603
1314 0.7106045589692765
1315 0.7099009900990099
1316 0.7101879327398615
1317 0.7101879327398615
1318 0.7094861660079052
1319 0.7097729516288253
1320 0.7097729516288253
1321 0.7090729783037475
1322 0.7093596059113301
1323 0.7086614173228346
1324 0.7079646017699115
1325 0.7079646017699115
1326 0.7082514734774067
1327 0.7075564278704612
1328 0.7068627450980393
1329 0.7068627450980393
1330 0.7068627450980393
1331 0.7071498530852106
1332 0.7064579256360078
1333 0.7064579256360078
1334 0.7064579256360078
1335 0.7067448680351907
1336 0.70703125
1337 0.7063414634146341
1338 0.7056530214424951
1339 0.7059396299902629
1340 0.7062256809338522
1341 0.706511175898931
1342 0.7067961165048544
1343 0.7070805043646945
1344 0.7070805043646945
1345 0.7070805043646945
1346 0.7073643410852714
1347 0.707647628267183
1348 0.707647628267183
1349 0.707647628267183
1350 0.706963249516441
1351 0.7072463768115942
1352 0.7075289575289575
1353 0.7075289575289575
1354 0.7068466730954677
1355 0.7071290944123314
1356 0.7074109720885466
1357 0.7076923076923077
1358 0.7076923076923077
1359 0.7076923076923077
1360 0.7070124879923151
1361 0.7070124879923151
1362 0.7072936660268714
1363 0.7066155321188878
1364 0.7068965517241379
1365 0.707177033492823
1366 0.707177033492823
1367 0.7074569789674953
1368 0.7074569789674953
1369 0.7077363896848138
1370 0.7080152671755725
1371 0.7073403241182078
1372 0.7073403241182078
1373 0.7076190476190476
1374 0.7078972407231209
1375 0.7072243346007605
1376 0.7072243346007605
1377 0.7065527065527065
1378 0.7058823529411765
1379 0.70521327014218
1380 0.70521327014218
1381 0.7054924242424242
1382 0.7057710501419111
1383 0.7060491493383743
1384 0.7063267233238905
1385 0.7066037735849057
1386 0.706880301602262
1387 0.706880301602262
1388 0.7071563088512242
1389 0.7074317968015051
1390 0.706766917293233
1391 0.7070422535211267
1392 0.7073170731707317
1393 0.7075913776944704
1394 0.7069288389513109
1395 0.706267539756782
1396 0.706267539756782
1397 0.7065420560747664
1398 0.7068160597572363
1399 0.707089552238806
1400 0.7073625349487418
1401 0.707635009310987
1402 0.707906976744186
1403 0.707906976744186
1404 0.70817843866171
1405 0.7084493964716806
1406 0.7087198515769945
1407 0.7089898053753475
1408 0.7089898053753475
1409 0.7092592592592593
1410 0.7095282146160962
1411 0.7095282146160962
1412 0.7088724584103512
1413 0.7091412742382271
1414 0.709409594095941
1415 0.7096774193548387
1416 0.7090239410681399
1417 0.7083716651333947
1418 0.7083716651333947
1419 0.7077205882352942
1420 0.7079889807162535
1421 0.7073394495412844
1422 0.7073394495412844
1423 0.7076076993583869
1424 0.7076076993583869
1425 0.7076076993583869
1426 0.706959706959707
1427 0.707227813357731
1428 0.706581352833638
1429 0.7068493150684931
1430 0.7062043795620438
1431 0.7064721969006381
1432 0.7067395264116576
1433 0.7070063694267515
1434 0.7070063694267515
1435 0.7072727272727273
1436 0.7075386012715713
1437 0.7078039927404719
1438 0.7080689029918404
1439 0.7083333333333334
1440 0.7085972850678733
1441 0.7085972850678733
1442 0.7088607594936709
1443 0.7091237579042458
1444 0.7093862815884476
1445 0.7096483318304779
1446 0.7096483318304779
1447 0.7099099099099099
1448 0.7099099099099099
1449 0.7101710171017102
1450 0.710431654676259
1451 0.710431654676259
1452 0.710691823899371
1453 0.7100538599640933
1454 0.7100538599640933
1455 0.7103139013452915
1456 0.7103139013452915
1457 0.7103139013452915
1458 0.7105734767025089
1459 0.7108325872873769
1460 0.7110912343470484
1461 0.711349419124218
1462 0.7107142857142857
1463 0.7109723461195361
1464 0.7109723461195361
1465 0.7112299465240641
1466 0.711487088156723
1467 0.7117437722419929
1468 0.712
1469 0.712
1470 0.7122557726465364
1471 0.712511091393079
1472 0.7127659574468085
1473 0.7121346324180691
1474 0.7115044247787611
1475 0.7115044247787611
1476 0.7108753315649867
1477 0.7108753315649867
1478 0.7102473498233216
1479 0.7096204766107679
1480 0.708994708994709
1481 0.708994708994709
1482 0.7083700440528634
1483 0.7077464788732394
1484 0.7071240105540897
1485 0.7073813708260105
1486 0.7067603160667252
1487 0.7067603160667252
1488 0.7070175438596491
1489 0.7072743207712533
1490 0.7075306479859895
1491 0.7077865266841645
1492 0.708041958041958
1493 0.7082969432314411
1494 0.7082969432314411
1495 0.7085514834205934
1496 0.7088055797733217
1497 0.7088055797733217
1498 0.7088055797733217
1499 0.7081881533101045
1500 0.7081881533101045
1501 0.7084421235857267
1502 0.7086956521739131
1503 0.7089487402258905
1504 0.7089487402258905
1505 0.7092013888888888
1506 0.7094535993061578
1507 0.7094535993061578
1508 0.7097053726169844
1509 0.70995670995671
1510 0.70995670995671
1511 0.7102076124567474
1512 0.7104580812445981
1513 0.7104580812445981
1514 0.7104580812445981
1515 0.7107081174438687
1516 0.7107081174438687
1517 0.7109577221742882
1518 0.7103448275862069
1519 0.7103448275862069
1520 0.710594315245478
1521 0.710594315245478
1522 0.7108433734939759
1523 0.7108433734939759
1524 0.711092003439381
1525 0.711340206185567
1526 0.711587982832618
1527 0.7118353344768439
1528 0.712082262210797
1529 0.712082262210797
1530 0.711472602739726
1531 0.7117194183062446
1532 0.711965811965812
1533 0.711965811965812
1534 0.7122117847993168
1535 0.71160409556314
1536 0.71160409556314
1537 0.711849957374254
1538 0.7120954003407155
1539 0.7120954003407155
1540 0.7123404255319149
1541 0.7125850340136054
1542 0.7128292268479184
1543 0.7122241086587436
1544 0.7122241086587436
1545 0.7122241086587436
1546 0.7116200169635284
1547 0.711864406779661
1548 0.7112616426756986
1549 0.7106598984771574
1550 0.7100591715976331
1551 0.7103040540540541
1552 0.7103040540540541
1553 0.7105485232067511
1554 0.7107925801011804
1555 0.7107925801011804
1556 0.7110362257792755
1557 0.7112794612794613
1558 0.7115222876366695
1559 0.711764705882353
1560 0.7120067170445005
1561 0.712248322147651
1562 0.7124895222129086
1563 0.711892797319933
1564 0.7112970711297071
1565 0.7107023411371237
1566 0.7107023411371237
1567 0.7101086048454469
1568 0.7095158597662772
1569 0.7089241034195163
1570 0.7083333333333334
1571 0.7085761865112407
1572 0.7088186356073212
1573 0.7088186356073212
1574 0.7088186356073212
1575 0.7090606816292602
1576 0.7090606816292602
1577 0.7090606816292602
1578 0.7090606816292602
1579 0.7084717607973422
1580 0.7084717607973422
1581 0.7084717607973422
1582 0.7084717607973422
1583 0.7087136929460581
1584 0.7087136929460581
1585 0.7089552238805971
1586 0.7089552238805971
1587 0.7091963545981773
1588 0.7091963545981773
1589 0.7094370860927153
1590 0.7088502894954508
1591 0.7090909090909091
1592 0.708505367464905
1593 0.7087458745874587
1594 0.7089859851607585
1595 0.7092257001647446
1596 0.7094650205761317
1597 0.7088815789473685
1598 0.7088815789473685
1599 0.7082990961380444
1600 0.7085385878489326
1601 0.7087776866283839
1602 0.7090163934426229
1603 0.7084357084357085
1604 0.7084357084357085
1605 0.7084357084357085
1606 0.7086743044189853
1607 0.7089125102207686
1608 0.7091503267973857
1609 0.7085714285714285
1610 0.7085714285714285
1611 0.7088091353996737
1612 0.7090464547677262
1613 0.7092833876221498
1614 0.7092833876221498
1615 0.708706265256306
1616 0.708130081300813
1617 0.7075548334687246
1618 0.7077922077922078
1619 0.7077922077922078
1620 0.708029197080292
1621 0.7082658022690438
1622 0.708502024291498
1623 0.7087378640776699
1624 0.7089733225545675
1625 0.7089733225545675
1626 0.7092084006462036
1627 0.7094430992736077
1628 0.7088709677419355
1629 0.709105560032232
1630 0.7093397745571659
1631 0.7093397745571659
1632 0.7095736122284795
1633 0.7098070739549839
1634 0.7100401606425703
1635 0.7102728731942215
1636 0.7102728731942215
1637 0.7097032878909383
1638 0.7091346153846154
1639 0.7093674939951962
1640 0.7096
1641 0.709832134292566
1642 0.7092651757188498
1643 0.7092651757188498
1644 0.7094972067039106
1645 0.7089314194577353
1646 0.7091633466135459
1647 0.7093949044585988
1648 0.7093949044585988
1649 0.7093949044585988
1650 0.7096260938743039
1651 0.7098569157392687
1652 0.7092930897537728
1653 0.7092930897537728
1654 0.7095238095238096
1655 0.7097541633624108
1656 0.7097541633624108
1657 0.7099841521394612
1658 0.7099841521394612
1659 0.7102137767220903
1660 0.7104430379746836
1661 0.7104430379746836
1662 0.7104430379746836
1663 0.7106719367588933
1664 0.7109004739336493
1665 0.7111286503551697
1666 0.7111286503551697
1667 0.7111286503551697
1668 0.7111286503551697
1669 0.7111286503551697
1670 0.7111286503551697
1671 0.7113564668769716
1672 0.7113564668769716
1673 0.7113564668769716
1674 0.7113564668769716
1675 0.7113564668769716
1676 0.710795902285264
1677 0.7110236220472441
1678 0.7112509834775768
1679 0.7114779874213837
1680 0.7114779874213837
1681 0.7114779874213837
1682 0.7117046347211312
1683 0.7119309262166404
1684 0.7113725490196079
1685 0.7115987460815048
1686 0.7110415035238841
1687 0.7112676056338029
1688 0.7112676056338029
1689 0.7114933541829555
1690 0.71171875
1691 0.711943793911007
1692 0.711943793911007
1693 0.711943793911007
1694 0.711943793911007
1695 0.7121684867394695
1696 0.7116134060795012
1697 0.7118380062305296
1698 0.7120622568093385
1699 0.7122861586314152
1700 0.7125097125097125
1701 0.7125097125097125
1702 0.7127329192546584
1703 0.7127329192546584
1704 0.7121799844840963
1705 0.7124031007751938
1706 0.7126258714175058
1707 0.7128482972136223
1708 0.7130703789636504
1709 0.7125193199381762
1710 0.7127413127413127
1711 0.7129629629629629
1712 0.7131842713955281
1713 0.7134052388289677
1714 0.7128560431100847
1715 0.7128560431100847
1716 0.7128560431100847
1717 0.7128560431100847
1718 0.7123076923076923
1719 0.7117601844734819
1720 0.7112135176651305
1721 0.7114351496546432
1722 0.7116564417177914
1723 0.7118773946360153
1724 0.7120980091883614
1725 0.7120980091883614
1726 0.7115531752104055
1727 0.7110091743119266
1728 0.7112299465240641
1729 0.7114503816793893
1730 0.7116704805491991
1731 0.711890243902439
1732 0.711890243902439
1733 0.711890243902439
1734 0.7121096725057121
1735 0.7123287671232876
1736 0.7125475285171102
1737 0.7125475285171102
1738 0.7125475285171102
1739 0.7127659574468085
1740 0.7129840546697038
1741 0.712443095599393
1742 0.7126611068991661
1743 0.7128787878787879
1744 0.7128787878787879
1745 0.7130961392884179
1746 0.7133131618759455
1747 0.7135298563869993
1748 0.7137462235649547
1749 0.7139622641509434
1750 0.7134238310708899
1751 0.7134238310708899
1752 0.7128862094951017
1753 0.7128862094951017
1754 0.7131024096385542
1755 0.7131024096385542
1756 0.7133182844243793
1757 0.7135338345864661
1758 0.7137490608564989
1759 0.7137490608564989
1760 0.7137490608564989
1761 0.7137490608564989
1762 0.7137490608564989
1763 0.713963963963964
1764 0.713963963963964
1765 0.713963963963964
1766 0.714178544636159
1767 0.714178544636159
1768 0.7143928035982009
1769 0.7146067415730337
1770 0.7148203592814372
1771 0.7148203592814372
1772 0.7150336574420344
1773 0.7152466367713004
1774 0.7154592979835698
1775 0.7156716417910448
1776 0.715137956748695
1777 0.7146050670640834
1778 0.7146050670640834
1779 0.7146050670640834
1780 0.7148175725986597
1781 0.7142857142857143
1782 0.7137546468401487
1783 0.7132243684992571
1784 0.7134372680029696
1785 0.7136498516320475
1786 0.7138621200889548
1787 0.7140740740740741
1788 0.7135455218356773
1789 0.7137573964497042
1790 0.7137573964497042
1791 0.7139689578713969
1792 0.7141802067946824
1793 0.7143911439114391
1794 0.7146017699115044
1795 0.7148120854826824
1796 0.7150220913107511
1797 0.7152317880794702
1798 0.7152317880794702
1799 0.7154411764705882
1800 0.7156502571638501
1801 0.7158590308370044
1802 0.7160674981658107
1803 0.7155425219941349
1804 0.7157509157509158
1805 0.7159590043923866
1806 0.7159590043923866
1807 0.7161667885881492
1808 0.7161667885881492
1809 0.716374269005848
1810 0.716374269005848
1811 0.716581446311176
1812 0.7167883211678832
1813 0.7169948942377826
1814 0.717201166180758
1815 0.7166788055353241
1816 0.7166788055353241
1817 0.7168850072780204
1818 0.7170909090909091
1819 0.7165697674418605
1820 0.7165697674418605
1821 0.7160493827160493
1822 0.7160493827160493
1823 0.716255442670537
1824 0.7157360406091371
1825 0.7152173913043478
1826 0.7146994931209268
1827 0.7149059334298119
1828 0.7143890093998554
1829 0.7145953757225434
1830 0.7148014440433214
1831 0.715007215007215
1832 0.7144917087238645
1833 0.7146974063400576
1834 0.7146974063400576
1835 0.714902807775378
1836 0.7151079136690648
1837 0.7145938173975557
1838 0.7147988505747126
1839 0.7150035893754487
1840 0.7144906743185079
1841 0.7146953405017921
1842 0.7148997134670487
1843 0.7148997134670487
1844 0.7148997134670487
1845 0.7151037938439513
1846 0.7153075822603719
1847 0.7155110793423874
1848 0.7155110793423874
1849 0.7157142857142857
1850 0.7159172019985724
1851 0.7159172019985724
1852 0.7161198288159771
1853 0.7163221667854597
1854 0.7158119658119658
1855 0.7160142348754448
1856 0.7160142348754448
1857 0.7162162162162162
1858 0.7164179104477612
1859 0.7164179104477612
1860 0.7159090909090909
1861 0.71611071682044
1862 0.71611071682044
1863 0.7163120567375887
1864 0.7158043940467753
1865 0.7152974504249292
1866 0.7147912243453645
1867 0.7147912243453645
1868 0.714992927864215
1869 0.714992927864215
1870 0.7151943462897526
1871 0.7151943462897526
1872 0.7151943462897526
1873 0.7153954802259888
1874 0.7153954802259888
1875 0.7153954802259888
1876 0.7155963302752294
1877 0.7155963302752294
1878 0.7157968970380818
1879 0.7157968970380818
1880 0.7159971811134602
1881 0.7159971811134602
1882 0.7161971830985916
1883 0.7161971830985916
1884 0.7163969035890219
1885 0.7165963431786216
1886 0.7167955024595924
1887 0.7167955024595924
1888 0.7162921348314607
1889 0.7164912280701754
1890 0.7164912280701754
1891 0.7166900420757363
1892 0.7166900420757363
1893 0.716187806587246
1894 0.7156862745098039
1895 0.7158852344296711
1896 0.7160839160839161
1897 0.7155835080363382
1898 0.715782122905028
1899 0.7159804605722261
1900 0.7161785216178521
1901 0.716376306620209
1902 0.7165738161559888
1903 0.7167710508002784
1904 0.7169680111265647
1905 0.7169680111265647
1906 0.7171646977067407
1907 0.7166666666666667
1908 0.7168632893823733
1909 0.7163661581137309
1910 0.7165627165627165
1911 0.7160664819944599
1912 0.7162629757785467
1913 0.7164591977869986
1914 0.7166551485832757
1915 0.7168508287292817
1916 0.7168508287292817
1917 0.7170462387853692
1918 0.7172413793103448
1919 0.7172413793103448
1920 0.7174362508614749
1921 0.7176308539944903
1922 0.717136958017894
1923 0.717331499312242
1924 0.7175257731958763
1925 0.7177197802197802
1926 0.7172271791352093
1927 0.7172271791352093
1928 0.7172271791352093
1929 0.7172271791352093
1930 0.7172271791352093
1931 0.7174211248285323
1932 0.7176148046607266
1933 0.7178082191780822
1934 0.7180013689253936
1935 0.7180013689253936
1936 0.7181942544459644
1937 0.7183868762816131
1938 0.7185792349726776
1939 0.7187713310580205
1940 0.7187713310580205
1941 0.7189631650750341
1942 0.7189631650750341
1943 0.7191547375596455
1944 0.7193460490463215
1945 0.7193460490463215
1946 0.7195371000680735
1947 0.719047619047619
1948 0.719047619047619
1949 0.7192386131883073
1950 0.7192386131883073
1951 0.71875
1952 0.7189409368635438
1953 0.7191316146540027
1954 0.7191316146540027
1955 0.7186440677966102
1956 0.7188346883468835
1957 0.7183480027081923
1958 0.7183480027081923
1959 0.7185385656292287
1960 0.7185385656292287
1961 0.7187288708586883
1962 0.7182432432432433
1963 0.7182432432432433
1964 0.7184334908845375
1965 0.7184334908845375
1966 0.717948717948718
1967 0.7181389076196898
1968 0.7183288409703504
1969 0.7183288409703504
1970 0.7185185185185186
1971 0.7187079407806191
1972 0.7182246133154001
1973 0.717741935483871
1974 0.7172599059771659
1975 0.7172599059771659
1976 0.7174496644295302
1977 0.7176391683433937
1978 0.717828418230563
1979 0.717828418230563
1980 0.717828418230563
1981 0.717828418230563
1982 0.7180174146014735
1983 0.7182061579651942
1984 0.7183946488294315
1985 0.7185828877005348
1986 0.7185828877005348
1987 0.7181028724114896
1988 0.7181028724114896
1989 0.7181028724114896
1990 0.7176234979973297
1991 0.7178118745830554
1992 0.718
1993 0.7175216522318454
1994 0.7175216522318454
1995 0.7177097203728362
1996 0.7172322022621423
1997 0.7167553191489362
1998 0.7162790697674418
1999 0.7164674634794157
2000 0.7159920371599203
2001 0.7159920371599203
2002 0.7161803713527851
2003 0.7161803713527851
2004 0.7157057654075547
2005 0.7158940397350994
2006 0.7154202514890801
2007 0.71494708994709
2008 0.7151354923992069
2009 0.7153236459709379
2010 0.7153236459709379
2011 0.7148514851485148
2012 0.7150395778364116
2013 0.7152274225444957
2014 0.7152274225444957
2015 0.7154150197628458
2016 0.7156023699802502
2017 0.7157894736842105
2018 0.7159763313609467
2019 0.7161629434954008
2020 0.7156927117531189
2021 0.7158792650918635
2022 0.7160655737704918
2023 0.716251638269987
2024 0.7164374590700721
2025 0.7159685863874345
2026 0.7159685863874345
2027 0.7161543492478745
2028 0.7163398692810458
2029 0.7163398692810458
2030 0.7165251469627695
2031 0.7165251469627695
2032 0.7160574412532638
2033 0.7162426614481409
2034 0.7164276401564538
2035 0.7166123778501629
2036 0.7161458333333334
2037 0.7161458333333334
2038 0.7163305139882888
2039 0.716514954486346
2040 0.7166991552956465
2041 0.7168831168831169
2042 0.7170668397144712
2043 0.7170668397144712
2044 0.7172503242542153
2045 0.7167854828256643
2046 0.7169689119170984
2047 0.7171521035598706
2048 0.7166882276843467
2049 0.7168713639301875
2050 0.7164082687338501
2051 0.7159457714654616
2052 0.7161290322580646
2053 0.7163120567375887
2054 0.7163120567375887
2055 0.7158505154639175
2056 0.7160334835801674
2057 0.7162162162162162
2058 0.7162162162162162
2059 0.7163987138263666
2060 0.7165809768637532
2061 0.7167630057803468
2062 0.7163029525032092
2063 0.7164849262347659
2064 0.7166666666666667
2065 0.7168481742472774
2066 0.7168481742472774
2067 0.7168481742472774
2068 0.7170294494238156
2069 0.7170294494238156
2070 0.7172104926423545
2071 0.7172104926423545
2072 0.7172104926423545
2073 0.717391304347826
2074 0.7169329073482428
2075 0.7169329073482428
2076 0.7171136653895275
2077 0.7172941927249521
2078 0.7174744897959183
2079 0.7176545570427023
2080 0.7176545570427023
2081 0.7176545570427023
2082 0.7171974522292993
2083 0.717377466581795
2084 0.7175572519083969
2085 0.7177368086458995
2086 0.7177368086458995
2087 0.7177368086458995
2088 0.7177368086458995
2089 0.7179161372299873
2090 0.7179161372299873
2091 0.7174603174603175
2092 0.7174603174603175
2093 0.7170050761421319
2094 0.7171845275840203
2095 0.7167300380228137
2096 0.7162761241291957
2097 0.7164556962025317
2098 0.7160025300442757
2099 0.7161820480404552
2100 0.7161820480404552
2101 0.7163613392293114
2102 0.7165404040404041
2103 0.7160883280757098
2104 0.7162673392181589
2105 0.7164461247637051
2106 0.7159949622166247
2107 0.7155443675267463
2108 0.7150943396226415
2109 0.7152734129478315
2110 0.7154522613065326
2111 0.7156308851224106
2112 0.7158092848180677
2113 0.715987460815047
2114 0.7155388471177945
2115 0.7157169693174703
2116 0.7158948685857321
2117 0.716072545340838
2118 0.715625
2119 0.7151780137414117
2120 0.7147315855181023
2121 0.7149095446038678
2122 0.7144638403990025
2123 0.7140186915887851
2124 0.7140186915887851
2125 0.7140186915887851
2126 0.7141967621419676
2127 0.7143746110765401
2128 0.7145522388059702
2129 0.714108141702921
2130 0.7142857142857143
2131 0.7144630664183736
2132 0.7146401985111662
2133 0.7146401985111662
2134 0.7148171109733416
2135 0.7149938042131351
2136 0.7149938042131351
2137 0.7151702786377709
2138 0.7153465346534653
2139 0.7153465346534653
2140 0.7149041434755721
2141 0.7149041434755721
2142 0.7150803461063041
2143 0.7146386658431131
2144 0.7148148148148148
2145 0.7148148148148148
2146 0.7148148148148148
2147 0.7149907464528069
2148 0.7145499383477188
2149 0.714109673444239
2150 0.7142857142857143
2151 0.7144615384615385
2152 0.7140221402214022
2153 0.7140221402214022
2154 0.7140221402214022
2155 0.7140221402214022
2156 0.7141979102642901
2157 0.7141979102642901
2158 0.7137592137592138
2159 0.7139349294045426
2160 0.7141104294478527
2161 0.7142857142857143
2162 0.7144607843137255
2163 0.7144607843137255
2164 0.7146356399265156
2165 0.7141982864137086
2166 0.7141982864137086
2167 0.7143730886850153
2168 0.7139364303178484
2169 0.7141111789859499
2170 0.7142857142857143
2171 0.7142857142857143
2172 0.7144600366076876
2173 0.7146341463414634
2174 0.7141986593540524
2175 0.7137637028014616
2176 0.7139379184418746
2177 0.7141119221411192
2178 0.7141119221411192
2179 0.713677811550152
2180 0.7138517618469016
2181 0.7134183363691561
2182 0.7135922330097088
2183 0.7137659187386295
2184 0.713939393939394
2185 0.7141126589945488
2186 0.7136803874092009
2187 0.7136803874092009
2188 0.7138535995160314
2189 0.7140266021765417
2190 0.7140266021765417
2191 0.713595166163142
2192 0.7137681159420289
2193 0.7133373566686784
2194 0.7135102533172497
2195 0.7135102533172497
2196 0.7136829415310428
2197 0.7136829415310428
2198 0.713855421686747
2199 0.7140276941601444
2200 0.7141997593261131
2201 0.7137702946482261
2202 0.7139423076923077
2203 0.7141141141141141
2204 0.7142857142857143
2205 0.7144571085782844
2206 0.7140287769784173
2207 0.7140287769784173
2208 0.713600958657879
2209 0.713600958657879
2210 0.7131736526946107
2211 0.7131736526946107
2212 0.713345302214243
2213 0.7129186602870813
2214 0.7130902570233114
2215 0.7130902570233114
2216 0.7130902570233114
2217 0.7130902570233114
2218 0.7132616487455197
2219 0.7134328358208956
2220 0.7136038186157518
2221 0.7137745974955277
2222 0.7137745974955277
2223 0.7133492252681763
2224 0.7135199523525908
2225 0.7136904761904762
2226 0.7138607971445569
2227 0.7140309155766944
2228 0.7142008318478906
2229 0.7143705463182898
2230 0.714540059347181
2231 0.7147093712930012
2232 0.7148784825133373
2233 0.715047393364929
2234 0.715047393364929
2235 0.7152161042036708
2236 0.7153846153846154
2237 0.7155529272619752
2238 0.7151300236406619
2239 0.7151300236406619
2240 0.7147076196101595
2241 0.7148760330578512
2242 0.7150442477876107
2243 0.714622641509434
2244 0.714201532115498
2245 0.7137809187279152
2246 0.7133608004708653
2247 0.7135294117647059
2248 0.713697824808936
2249 0.713697824808936
2250 0.7138660399529965
2251 0.7138660399529965
2252 0.714034057545508
2253 0.7142018779342723
2254 0.7142018779342723
2255 0.7143695014662756
2256 0.7139507620164126
2257 0.7141183362624487
2258 0.7141183362624487
2259 0.7141183362624487
2260 0.7142857142857143
2261 0.7144528964306612
2262 0.7146198830409357
2263 0.7142022209234365
2264 0.7143691588785047
2265 0.7143691588785047
2266 0.7139521307647402
2267 0.7139521307647402
2268 0.7141190198366394
2269 0.7137026239067056
2270 0.7137026239067056
2271 0.7138694638694638
2272 0.7140361094933023
2273 0.7142025611175786
2274 0.7143688190808609
2275 0.7145348837209302
2276 0.7147007553747821
2277 0.7142857142857143
2278 0.71445153801509
2279 0.7140371229698376
2280 0.7140371229698376
2281 0.7136231884057971
2282 0.7136231884057971
2283 0.7136231884057971
2284 0.7132097334878331
2285 0.7133757961783439
2286 0.7135416666666666
2287 0.713128976286871
2288 0.7132947976878613
2289 0.7132947976878613
2290 0.7134604274985558
2291 0.7134604274985558
2292 0.7134604274985558
2293 0.7136258660508084
2294 0.7137911136757069
2295 0.7137911136757069
2296 0.7139561707035755
2297 0.7141210374639769
2298 0.7142857142857143
2299 0.713874496257916
2300 0.713463751438435
2301 0.7130534790109259
2302 0.7130534790109259
2303 0.7132183908045977
2304 0.7133831131533601
2305 0.7129735935706085
2306 0.7131382673551349
2307 0.7131382673551349
2308 0.7131382673551349
2309 0.713302752293578
2310 0.7134670487106017
2311 0.713631156930126
2312 0.713631156930126
2313 0.7137950772753291
2314 0.7139588100686499
2315 0.7139588100686499
2316 0.7135506003430532
2317 0.7137142857142857
2318 0.7138777841233581
2319 0.714041095890411
2320 0.7142042213348545
2321 0.7143671607753705
2322 0.7145299145299145
2323 0.7146924829157175
2324 0.7148548662492885
2325 0.7150170648464164
2326 0.7150170648464164
2327 0.7151790790221717
2328 0.7151790790221717
2329 0.7151790790221717
2330 0.7147727272727272
2331 0.7147727272727272
2332 0.7143668370244179
2333 0.713961407491487
2334 0.7141236528644356
2335 0.7142857142857143
2336 0.7142857142857143
2337 0.7144475920679887
2338 0.7146092865232163
2339 0.7147707979626485
2340 0.7149321266968326
2341 0.7150932730356133
2342 0.7150932730356133
2343 0.7152542372881356
2344 0.7154150197628458
2345 0.7150112866817155
2346 0.7150112866817155
2347 0.7150112866817155
2348 0.7146080090242527
2349 0.7147688838782412
2350 0.7143661971830986
2351 0.713963963963964
2352 0.713963963963964
2353 0.7141249296567248
2354 0.7142857142857143
2355 0.7144463181562676
2356 0.7144463181562676
2357 0.7146067415730337
2358 0.7142055025266704
2359 0.7142055025266704
2360 0.7138047138047138
2361 0.7139652271452608
2362 0.7141255605381166
2363 0.7142857142857143
2364 0.7142857142857143
2365 0.713885778275476
2366 0.7140458869613878
2367 0.7142058165548099
2368 0.7143655673560648
2369 0.7145251396648045
2370 0.7146845337800112
2371 0.71484375
2372 0.7150027886224205
2373 0.7151616499442587
2374 0.7151616499442587
2375 0.7147632311977716
2376 0.7149220489977728
2377 0.7150806900389538
2378 0.7152391546162402
2379 0.7152391546162402
2380 0.7152391546162402
2381 0.7152391546162402
2382 0.7153974430239022
2383 0.7155555555555555
2384 0.7157134925041644
2385 0.7153163152053275
2386 0.7149195784803106
2387 0.7149195784803106
2388 0.7149195784803106
2389 0.7145232815964523
2390 0.7146814404432132
2391 0.7142857142857143
2392 0.7142857142857143
2393 0.7144438295517432
2394 0.7146017699115044
2395 0.714759535655058
2396 0.7149171270718232
2397 0.7145223633351739
2398 0.7146799116997793
2399 0.7148372862658577
2400 0.7144432194046306
2401 0.7146005509641873
2402 0.7142070484581498
2403 0.7143643368189323
2404 0.7145214521452146
2405 0.71412864211105
2406 0.7142857142857143
2407 0.7142857142857143
2408 0.71444261394838
2409 0.7145993413830956
2410 0.7145993413830956
2411 0.714207350521119
2412 0.714207350521119
2413 0.714207350521119
2414 0.7143640350877193
2415 0.7145205479452055
2416 0.7141292442497261
2417 0.7142857142857143
2418 0.7144420131291028
2419 0.7145981410606889
2420 0.7147540983606557
2421 0.7149098853085746
2422 0.7149098853085746
2423 0.7149098853085746
2424 0.7145196506550219
2425 0.7146753955264593
2426 0.7148309705561614
2427 0.714441416893733
2428 0.7145969498910676
2429 0.7142079477408819
2430 0.7138193688792165
2431 0.7138193688792165
2432 0.7139749864056553
2433 0.7141304347826087
2434 0.7141304347826087
2435 0.7142857142857143
2436 0.7142857142857143
2437 0.7144408251900108
2438 0.7145957677699403
2439 0.7147505422993492
2440 0.7147505422993492
2441 0.7149051490514905
2442 0.7149051490514905
2443 0.7150595882990249
2444 0.7152138603140228
2445 0.7148268398268398
2446 0.7149810708491077
2447 0.7151351351351352
2448 0.7152890329551593
2449 0.7154427645788337
2450 0.7155963302752294
2451 0.7152103559870551
2452 0.7148247978436658
2453 0.7148247978436658
2454 0.7149784482758621
2455 0.7149784482758621
2456 0.7145934302638665
2457 0.7142088266953713
2458 0.7143625605164067
2459 0.7143625605164067
2460 0.7139784946236559
2461 0.7141321869962386
2462 0.7141321869962386
2463 0.7142857142857143
2464 0.7144390767579173
2465 0.7144390767579173
2466 0.7145922746781116
2467 0.7147453083109919
2468 0.7147453083109919
2469 0.714898177920686
2470 0.714898177920686
2471 0.7150508837707552
2472 0.715203426124197
2473 0.7153558052434457
2474 0.7155080213903743
2475 0.7156600748262961
2476 0.7158119658119658
2477 0.7158119658119658
2478 0.7154297917778965
2479 0.7155816435432231
2480 0.7157333333333333
2481 0.7157333333333333
2482 0.7157333333333333
2483 0.7158848614072495
2484 0.7160362280234417
2485 0.7161874334398296
2486 0.7161874334398296
2487 0.7163384779137839
2488 0.7163384779137839
2489 0.7164893617021276
2490 0.7166400850611377
2491 0.7167906482465463
2492 0.7169410515135423
2493 0.7165605095541401
2494 0.716710875331565
2495 0.7168610816542949
2496 0.7170111287758346
2497 0.7171610169491526
2498 0.7173107464266808
2499 0.7174603174603175
2500 0.7170809095716552
2501 0.7167019027484144
2502 0.7167019027484144
2503 0.716851558372953
2504 0.7170010559662091
2505 0.716622691292876
2506 0.7167721518987342
2507 0.7167721518987342
2508 0.7163943068002109
2509 0.7163943068002109
2510 0.7165437302423604
2511 0.7165437302423604
2512 0.7165437302423604
2513 0.7165437302423604
2514 0.7166929963138494
2515 0.716842105263158
2516 0.7164650184113625
2517 0.7166140904311251
2518 0.7167630057803468
2519 0.7167630057803468
2520 0.7169117647058824
2521 0.7170603674540682
2522 0.717208814270724
2523 0.717208814270724
2524 0.717208814270724
2525 0.7168327215521761
2526 0.7169811320754716
2527 0.7171293871136721
2528 0.7172774869109948
2529 0.716902145473574
2530 0.7170502092050209
2531 0.7171981181390487
2532 0.7173458725182863
2533 0.7169712793733681
2534 0.7169712793733681
2535 0.7171189979123174
2536 0.7171189979123174
2537 0.7172665623369848
2538 0.7174139728884255
2539 0.7174139728884255
2540 0.7175612298071913
2541 0.7177083333333333
2542 0.717855283706403
2543 0.717855283706403
2544 0.7180020811654526
2545 0.718148725949038
2546 0.7182952182952183
2547 0.7184415584415584
2548 0.7184415584415584
2549 0.7185877466251298
2550 0.7187337830825117
2551 0.7187337830825117
2552 0.7187337830825117
2553 0.7188796680497925
2554 0.71850699844479
2555 0.7181347150259068
2556 0.7181347150259068
2557 0.7181347150259068
2558 0.7182806835836354
2559 0.7179089026915114
2560 0.7180548370408691
2561 0.718200620475698
2562 0.718200620475698
2563 0.7178294573643411
2564 0.7179752066115702
2565 0.7181208053691275
2566 0.7181208053691275
2567 0.7181208053691275
2568 0.7181208053691275
2569 0.718266253869969
2570 0.7184115523465704
2571 0.7180412371134021
2572 0.717671303451829
2573 0.7173017507723995
2574 0.7173017507723995
2575 0.7174472465259908
2576 0.7170781893004116
2577 0.7170781893004116
2578 0.7172236503856041
2579 0.7172236503856041
2580 0.7173689619732785
2581 0.7170005136106831
2582 0.7171457905544147
2583 0.7172909184197024
2584 0.7174358974358974
2585 0.717068170169144
2586 0.717068170169144
2587 0.7172131147540983
2588 0.7168458781362007
2589 0.7164790174002047
2590 0.7166240409207161
2591 0.7167689161554193
2592 0.71691364333163
2593 0.7170582226762002
2594 0.7172026544155181
2595 0.7172026544155181
2596 0.7173469387755103
2597 0.7173469387755103
2598 0.7173469387755103
2599 0.7169811320754716
2600 0.7171253822629969
2601 0.716760061130922
2602 0.716760061130922
2603 0.7169042769857433
2604 0.7170483460559797
2605 0.7166836215666328
2606 0.7166836215666328
2607 0.7163192679206914
2608 0.7163192679206914
2609 0.7159552845528455
2610 0.7160995429151854
2611 0.716243654822335
2612 0.7158802638254693
2613 0.716024340770791
2614 0.716024340770791
2615 0.7161682716675114
2616 0.7161682716675114
2617 0.7163120567375887
2618 0.7164556962025317
2619 0.7164556962025317
2620 0.7164556962025317
2621 0.7164556962025317
2622 0.7164556962025317
2623 0.7165991902834008
2624 0.7165991902834008
2625 0.7167425392008093
2626 0.7163801820020222
2627 0.7160181910055584
2628 0.7161616161616161
2629 0.7158001009591115
2630 0.7159434914228052
2631 0.7160867372667675
2632 0.7160867372667675
2633 0.7162298387096774
2634 0.7162298387096774
2635 0.7162298387096774
2636 0.7163727959697733
2637 0.7163727959697733
2638 0.7163727959697733
2639 0.716515609264854
2640 0.7166582788122798
2641 0.7168008048289738
2642 0.7168008048289738
2643 0.7168008048289738
2644 0.7169431875314228
2645 0.7165829145728643
2646 0.7162230035158212
2647 0.7158634538152611
2648 0.7160060210737581
2649 0.7161484453360081
2650 0.7161484453360081
2651 0.7157894736842105
2652 0.7159318637274549
2653 0.7159318637274549
2654 0.7159318637274549
2655 0.7159318637274549
2656 0.7159318637274549
2657 0.7159318637274549
2658 0.7159318637274549
2659 0.7160741111667501
2660 0.7162162162162162
2661 0.7163581790895448
2662 0.716
2663 0.7156421789105447
2664 0.7156421789105447
2665 0.7152847152847153
2666 0.7154268597104343
2667 0.7154268597104343
2668 0.7155688622754491
2669 0.71571072319202
2670 0.7153539381854437
2671 0.715495764823119
2672 0.7151394422310757
2673 0.7152812344449975
2674 0.7152812344449975
2675 0.7149253731343284
2676 0.7145698657384386
2677 0.7147117296222664
2678 0.7147117296222664
2679 0.7143566815697964
2680 0.7140019860973188
2681 0.7141439205955334
2682 0.7142857142857143
2683 0.714427367377293
2684 0.7145688800792864
2685 0.7142149578999505
2686 0.7142149578999505
2687 0.7143564356435643
2688 0.7144977733795151
2689 0.7146389713155292
2690 0.7146389713155292
2691 0.7147800296589224
2692 0.7149209486166008
2693 0.7150617283950618
2694 0.7152023692003948
2695 0.7153428712382832
2696 0.715483234714004
2697 0.7151306062099556
2698 0.7152709359605911
2699 0.7154111275233875
2700 0.7150590551181102
2701 0.7151992129857354
2702 0.7153392330383481
2703 0.7153392330383481
2704 0.7154791154791155
2705 0.7151277013752456
2706 0.7152675503190967
2707 0.7154072620215898
2708 0.7154072620215898
2709 0.7154072620215898
2710 0.7155468366846494
2711 0.7156862745098039
2712 0.7158255756981872
2713 0.7154750244857982
2714 0.7156142927068038
2715 0.7157534246575342
2716 0.7158924205378973
2717 0.7155425219941349
2718 0.7156814851001465
2719 0.71533203125
2720 0.7154709614446071
2721 0.715609756097561
2722 0.7152608483666504
2723 0.7149122807017544
2724 0.7150511446663419
2725 0.7147030185004869
2726 0.7148418491484185
2727 0.7148418491484185
2728 0.7149805447470817
2729 0.715119105493437
2730 0.7152575315840622
2731 0.7153958232151529
2732 0.7153958232151529
2733 0.7155339805825243
2734 0.7156720038816109
2735 0.7158098933074685
2736 0.7159476490547746
2737 0.7159476490547746
2738 0.7160852713178295
2739 0.7157384987893463
2740 0.7158760890609874
2741 0.7155297532656023
2742 0.7155297532656023
2743 0.715183752417795
2744 0.7153214113098115
2745 0.7154589371980676
2746 0.7155963302752294
2747 0.7152509652509652
2748 0.7152509652509652
2749 0.7153883260974433
2750 0.7150433944069431
2751 0.7150433944069431
2752 0.7146987951807229
2753 0.714354527938343
2754 0.714354527938343
2755 0.714354527938343
2756 0.7144920558497834
2757 0.7146294513955727
2758 0.7147667147667147
2759 0.7149038461538462
2760 0.7149038461538462
2761 0.7145603075444498
2762 0.7142170989433237
2763 0.7142170989433237
2764 0.7142170989433237
2765 0.7142170989433237
2766 0.7138742198751801
2767 0.7140115163147792
2768 0.7140115163147792
2769 0.7141486810551558
2770 0.7142857142857143
2771 0.714422616195496
2772 0.7140804597701149
2773 0.7142173288654858
2774 0.7142173288654858
2775 0.714354066985646
2776 0.714354066985646
2777 0.7144906743185079
2778 0.7146271510516252
2779 0.714763497372193
2780 0.714763497372193
2781 0.7148997134670487
2782 0.715035799522673
2783 0.7151717557251909
2784 0.7153075822603719
2785 0.7153075822603719
2786 0.7153075822603719
2787 0.7153075822603719
2788 0.7153075822603719
2789 0.715443279313632
2790 0.7155788470700334
2791 0.7155788470700334
2792 0.7157142857142857
2793 0.7158495954307472
2794 0.7159847764034253
2795 0.7161198288159771
2796 0.7157794676806084
2797 0.7159144893111639
2798 0.7159144893111639
2799 0.7160493827160493
2800 0.7161841480778358
2801 0.7163187855787476
2802 0.7163187855787476
2803 0.7163187855787476
2804 0.7163187855787476
2805 0.7159791370317686
2806 0.7161137440758294
2807 0.7162482235907153
2808 0.7163825757575758
2809 0.7160435399905348
2810 0.7161778618732261
2811 0.715839243498818
2812 0.7159735349716446
2813 0.7156353330184223
2814 0.7157695939565628
2815 0.7159037281736669
2816 0.715566037735849
2817 0.7152286657237152
2818 0.7153628652214892
2819 0.7153628652214892
2820 0.7153628652214892
2821 0.7154969382948657
2822 0.7156308851224106
2823 0.715764705882353
2824 0.715898400752587
2825 0.7160319699106723
2826 0.7160319699106723
2827 0.7161654135338346
2828 0.7162987317989666
2829 0.715962441314554
2830 0.7160957297043642
2831 0.7162288930581614
2832 0.7162288930581614
2833 0.7162288930581614
2834 0.7163619315518049
2835 0.7163619315518049
2836 0.7164948453608248
2837 0.7161592505854801
2838 0.7162921348314607
2839 0.7162921348314607
2840 0.7164248947122134
2841 0.7165575304022451
2842 0.7165575304022451
2843 0.7162225338943432
2844 0.7163551401869159
2845 0.7160205511443251
2846 0.7161531279178338
2847 0.7161531279178338
2848 0.7161531279178338
2849 0.7162855809612693
2850 0.7164179104477612
2851 0.7165501165501166
2852 0.7166821994408201
2853 0.7168141592920354
2854 0.7164804469273743
2855 0.7166123778501629
2856 0.7166123778501629
2857 0.7167441860465116
2858 0.7168758716875872
2859 0.7170074349442379
2860 0.7171388759869949
2861 0.7172701949860725
2862 0.7174013921113689
2863 0.7170686456400742
2864 0.7170686456400742
2865 0.7167362076958739
2866 0.7168674698795181
2867 0.7168674698795181
2868 0.7169986104678092
2869 0.7169986104678092
2870 0.7166666666666667
2871 0.7167977788061083
2872 0.7169287696577243
2873 0.7165973185390662
2874 0.716728280961183
2875 0.7168591224018476
2876 0.7169898430286242
2877 0.7171204430087679
2878 0.7172509225092251
2879 0.7173812816966344
2880 0.7175115207373272
2881 0.7171810225702441
2882 0.7173112338858195
2883 0.7173112338858195
2884 0.7169811320754716
2885 0.7171113155473781
2886 0.7171113155473781
2887 0.7172413793103448
2888 0.7169117647058824
2889 0.7169117647058824
2890 0.7170418006430869
2891 0.7171717171717171
2892 0.7173015144561725
2893 0.7174311926605504
2894 0.7174311926605504
2895 0.7175607519486474
2896 0.7175607519486474
2897 0.7176901924839597
2898 0.717819514429684
2899 0.717948717948718
2900 0.7176201372997711
2901 0.717291857273559
2902 0.7174211248285323
2903 0.7174211248285323
2904 0.7175502742230347
2905 0.7172224760164458
2906 0.717351598173516
2907 0.717480602464628
2908 0.717480602464628
2909 0.717480602464628
2910 0.717480602464628
2911 0.7176094890510949
2912 0.717282261741906
2913 0.7174111212397447
2914 0.7175398633257403
2915 0.7172131147540983
2916 0.7172131147540983
2917 0.7173418297678653
2918 0.7173418297678653
2919 0.7170154686078253
2920 0.717144156434743
2921 0.717144156434743
2922 0.717144156434743
2923 0.717144156434743
2924 0.7172727272727273
2925 0.7174011812812358
2926 0.7175295186194369
2927 0.7172038129822969
2928 0.7173321234119783
2929 0.7170068027210884
2930 0.7171350861287398
2931 0.7172632532850023
2932 0.717391304347826
2933 0.717391304347826
2934 0.7175192394748755
2935 0.7176470588235294
2936 0.7176470588235294
2937 0.7177747625508819
2938 0.7179023508137432
2939 0.7179023508137432
2940 0.7180298237686399
2941 0.7181571815718157
2942 0.7178329571106095
2943 0.7178329571106095
2944 0.7175090252707581
2945 0.7171853856562923
2946 0.7168620378719567
2947 0.7168620378719567
2948 0.7169896349707076
2949 0.7171171171171171
2950 0.7172444844664565
2951 0.7173717371737174
2952 0.7173717371737174
2953 0.7174988753936122
2954 0.7176258992805755
2955 0.717752808988764
2956 0.7178796046720575
2957 0.7178796046720575
2958 0.7175572519083969
2959 0.7176840215439856
2960 0.7178106774338269
2961 0.7179372197309417
2962 0.7180636485880771
2963 0.717741935483871
2964 0.717741935483871
2965 0.717741935483871
2966 0.717741935483871
2967 0.7178683385579937
2968 0.7175470008952551
2969 0.7176733780760627
2970 0.7176733780760627
2971 0.7173524150268337
2972 0.7170317389360751
2973 0.7167113494191242
2974 0.7167113494191242
2975 0.7163912460920053
2976 0.7165178571428571
2977 0.7166443551985721
2978 0.7163247100802854
2979 0.7164511814534106
2980 0.7165775401069518
2981 0.7167037861915367
2982 0.7168299198575245
2983 0.7169559412550067
2984 0.7170818505338078
2985 0.7170818505338078
2986 0.717207647843486
2987 0.7173333333333334
2988 0.717014660151044
2989 0.717014660151044
2990 0.7171403197158082
2991 0.717265867731913
2992 0.7169476486246673
2993 0.7169476486246673
2994 0.7169476486246673
2995 0.7170731707317073
2996 0.7171985815602837
2997 0.7173238812583075
2998 0.7173238812583075
2999 0.7173238812583075
3000 0.7174490699734278
3001 0.7175741478530323
3002 0.7176991150442478
3003 0.7173816895179125
3004 0.7175066312997348
3005 0.7176314626601856
3006 0.717756183745583
3007 0.717756183745583
3008 0.7178807947019867
3009 0.7180052956751986
3010 0.7180052956751986
3011 0.7181296868107632
3012 0.7182539682539683
3013 0.7183781401498458
3014 0.7183781401498458
3015 0.7185022026431718
3016 0.7186261558784677
3017 0.7186261558784677
3018 0.71875
3019 0.7188737351517818
3020 0.7189973614775725
3021 0.7186813186813187
3022 0.718804920913884
3023 0.7189284145805885
3024 0.7190517998244074
3025 0.7191750767880649
3026 0.7192982456140351
3027 0.7189829022358615
3028 0.7191060473269062
3029 0.7191060473269062
3030 0.7191060473269062
3031 0.7192290845378887
3032 0.7189141856392294
3033 0.7185995623632385
3034 0.7187226596675416
3035 0.7187226596675416
3036 0.7188456493222563
3037 0.7189685314685315
3038 0.7190913062472696
3039 0.7190913062472696
3040 0.7190913062472696
3041 0.7187772925764192
3042 0.7184635530336098
3043 0.7181500872600349
3044 0.7182730047972089
3045 0.7183958151700087
3046 0.7185185185185186
3047 0.7186411149825784
3048 0.718328254244667
3049 0.718328254244667
3050 0.7184508268059182
3051 0.7185732927359721
3052 0.7186956521739131
3053 0.7186956521739131
3054 0.7188179052585832
3055 0.7189400521285838
3056 0.7189400521285838
3057 0.7186278766825879
3058 0.71875
3059 0.7188720173535792
3060 0.7185602775368604
3061 0.7185602775368604
3062 0.7186822713480711
3063 0.7188041594454073
3064 0.718492854049372
3065 0.7186147186147186
3066 0.7186147186147186
3067 0.7186147186147186
3068 0.7186147186147186
3069 0.7187364777152748
3070 0.7187364777152748
3071 0.7184256055363322
3072 0.7185473411154345
3073 0.7185473411154345
3074 0.7182368193604148
3075 0.7182368193604148
3076 0.7183585313174946
3077 0.7184801381692574
3078 0.7184801381692574
3079 0.7186016400517911
3080 0.7187230371009491
3081 0.7184131090987494
3082 0.7185344827586206
3083 0.7185344827586206
3084 0.7186557518311073
3085 0.718776916451335
3086 0.7184674989238055
3087 0.7185886402753873
3088 0.7187096774193549
3089 0.7187096774193549
3090 0.7188306104901118
3091 0.7189514396218307
3092 0.7190721649484536
3093 0.7187634177758695
3094 0.7188841201716738
3095 0.7188841201716738
3096 0.7188841201716738
3097 0.719004719004719
3098 0.719004719004719
3099 0.7191252144082333
3100 0.7188169738534076
3101 0.7189374464438731
3102 0.7189374464438731
3103 0.7190578158458244
3104 0.7191780821917808
3105 0.7192982456140351
3106 0.7194183062446535
3107 0.7191107310816588
3108 0.7188034188034188
3109 0.7189235369500213
3110 0.7189235369500213
3111 0.7190435525192144
3112 0.7187366623986342
3113 0.7188566552901023
3114 0.7189765458422175
3115 0.7186700767263428
3116 0.7187899446101406
3117 0.7189097103918228
3118 0.7189097103918228
3119 0.719029374201788
3120 0.719029374201788
3121 0.7191489361702128
3122 0.7192683964270523
3123 0.7192683964270523
3124 0.7189625850340136
3125 0.7186570335741607
3126 0.7186570335741607
3127 0.7187765505522515
3128 0.7184713375796178
3129 0.7185908319185059
3130 0.71828595672465
3131 0.7179813401187447
3132 0.7179813401187447
3133 0.7181008902077152
3134 0.7182203389830508
3135 0.7183396865734858
3136 0.7183396865734858
3137 0.718458933107536
3138 0.7181548878544224
3139 0.7181548878544224
3140 0.7182741116751269
3141 0.7183932346723044
3142 0.7185122569737954
3143 0.7186311787072244
3144 0.7186311787072244
3145 0.7186311787072244
3146 0.7186311787072244
3147 0.7183277027027027
3148 0.7183277027027027
3149 0.7183277027027027
3150 0.7183277027027027
3151 0.7183277027027027
3152 0.7184466019417476
3153 0.7185654008438819
3154 0.7182623365668495
3155 0.718381112984823
3156 0.7184997892962495
3157 0.7186183656276327
3158 0.7183157894736842
3159 0.7183157894736842
3160 0.7184343434343434
3161 0.7185527976440892
3162 0.7185527976440892
3163 0.7186711522287637
3164 0.7187894073139974
3165 0.7189075630252101
3166 0.7189075630252101
3167 0.7186056278874422
3168 0.7186056278874422
3169 0.718303946263644
3170 0.7180025178346622
3171 0.7181208053691275
3172 0.7182389937106918
3173 0.7183570829840737
3174 0.718475073313783
3175 0.7181742043551089
3176 0.718292172457095
3177 0.7184100418410042
3178 0.7181095775826014
3179 0.717809364548495
3180 0.7179272879231091
3181 0.7180451127819549
3182 0.7180451127819549
3183 0.7181628392484343
3184 0.7182804674457429
3185 0.718397997496871
3186 0.7185154295246038
3187 0.7182159233013756
3188 0.7183333333333334
3189 0.7180341524364848
3190 0.7181515403830142
3191 0.7182688306283812
3192 0.7183860232945092
3193 0.7185031185031185
3194 0.7186201163757273
3195 0.7187370170336519
3196 0.71843853820598
3197 0.71843853820598
3198 0.7185554171855542
3199 0.7182572614107884
3200 0.7183741186229781
3201 0.7184908789386402
3202 0.7184908789386402
3203 0.7186075424782429
3204 0.7183098591549296
3205 0.7184265010351967
3206 0.7185430463576159
3207 0.7185430463576159
3208 0.7182457592056268
3209 0.7183622828784119
3210 0.7183622828784119
3211 0.7180653162463828
3212 0.7177685950413223
3213 0.7178851714167699
3214 0.718001651527663
3215 0.7181180354931903
3216 0.7181180354931903
3217 0.7178217821782178
3218 0.7179381443298969
3219 0.7179381443298969
3220 0.7180544105523495
3221 0.7180544105523495
3222 0.7181705809641533
3223 0.7182866556836903
3224 0.7184026348291478
3225 0.7181069958847737
3226 0.7182229535170712
3227 0.7183388157894737
3228 0.7184545828195643
3229 0.7184545828195643
3230 0.7185702547247329
3231 0.7186858316221766
3232 0.7183908045977011
3233 0.7185063602790316
3234 0.7185063602790316
3235 0.7182116488925349
3236 0.7183271832718328
3237 0.7184426229508196
3238 0.7184426229508196
3239 0.7185579680458828
3240 0.7186732186732187
3241 0.7186732186732187
3242 0.7186732186732187
3243 0.7186732186732187
3244 0.7183790421612771
3245 0.7183790421612771
3246 0.7183790421612771
3247 0.7183790421612771
3248 0.7183790421612771
3249 0.7184942716857611
3250 0.718200408997955
3251 0.7183156173344235
3252 0.7183156173344235
3253 0.718430731507969
3254 0.7185457516339869
3255 0.7185457516339869
3256 0.7185457516339869
3257 0.7186606778276847
3258 0.7187755102040816
3259 0.718890248878009
3260 0.718890248878009
3261 0.7185970636215334
3262 0.7187117814920505
3263 0.7188264058679706
3264 0.7189409368635438
3265 0.7190553745928339
3266 0.7191697191697192
3267 0.7191697191697192
3268 0.7188771358828315
3269 0.7185847905652705
3270 0.71869918699187
3271 0.7184071515644047
3272 0.7184071515644047
3273 0.7185215272136475
3274 0.7182298010556232
3275 0.7183441558441559
3276 0.7183441558441559
3277 0.718052738336714
3278 0.7181670721816708
3279 0.7181670721816708
3280 0.7182813133360356
3281 0.7179902755267423
3282 0.7181044957472661
3283 0.7181044957472661
3284 0.7182186234817813
3285 0.7179279643868879
3286 0.718042071197411
3287 0.7181560857258391
3288 0.7182700080840744
3289 0.7179797979797979
3290 0.7179797979797979
3291 0.7179797979797979
3292 0.7180936995153473
3293 0.7182075090835688
3294 0.7179176755447942
3295 0.7179176755447942
3296 0.718031464300121
3297 0.718031464300121
3298 0.718031464300121
3299 0.717741935483871
3300 0.7178557033454253
3301 0.717969379532635
3302 0.7180829641562626
3303 0.7177938808373591
3304 0.717907444668008
3305 0.7180209171359614
3306 0.7181342983514274
3307 0.7178456591639871
3308 0.7178456591639871
3309 0.7179590196866211
3310 0.7180722891566265
3311 0.7180722891566265
3312 0.7181854676836612
3313 0.7182985553772071
3314 0.7184115523465704
3315 0.7185244587008821
3316 0.7182364729458918
3317 0.7183493589743589
3318 0.7184621545855026
3319 0.7184621545855026
3320 0.7185748598879104
3321 0.718687474989996
3322 0.7184
3323 0.7184
3324 0.7185125949620151
3325 0.7182254196642686
3326 0.718337994406712
3327 0.7184504792332268
3328 0.718562874251497
3329 0.7186751795690344
3330 0.7183885121659354
3331 0.7181020733652312
3332 0.7182144280589876
3333 0.7183266932270916
3334 0.7184388689765033
3335 0.7184388689765033
3336 0.7185509554140127
3337 0.7186629526462396
3338 0.718774860779634
3339 0.7188866799204772
3340 0.7186009538950715
3341 0.7186009538950715
3342 0.7186009538950715
3343 0.7186009538950715
3344 0.7186009538950715
3345 0.7187127532777116
3346 0.7188244638602065
3347 0.7189360857483128
3348 0.7189360857483128
3349 0.719047619047619
3350 0.718762395874653
3351 0.71847739888977
3352 0.7185889813713833
3353 0.7183042789223455
3354 0.7183042789223455
3355 0.7184158415841584
3356 0.7185273159144893
3357 0.7185273159144893
3358 0.7186387020182035
3359 0.7183544303797469
3360 0.7183544303797469
3361 0.7180703835508105
3362 0.7181818181818181
3363 0.718293164757013
3364 0.718293164757013
3365 0.7180094786729858
3366 0.7181208053691275
3367 0.7182320441988951
3368 0.7183431952662722
3369 0.7184542586750788
3370 0.7184542586750788
3371 0.7185652345289713
3372 0.7186761229314421
3373 0.7186761229314421
3374 0.7187869239858212
3375 0.718503937007874
3376 0.7186147186147186
3377 0.7187254130605822
3378 0.7188360204482894
3379 0.7188360204482894
3380 0.7188360204482894
3381 0.7189465408805031
3382 0.718664047151277
3383 0.7187745483110762
3384 0.7188849627012172
3385 0.7186028257456829
3386 0.7187132208709298
3387 0.7184313725490196
3388 0.7181497451979616
3389 0.7182601880877743
3390 0.717978848413631
3391 0.7180892717306187
3392 0.7181996086105675
3393 0.7183098591549296
3394 0.718420023464998
3395 0.7185301016419078
3396 0.7185301016419078
3397 0.7186400937866354
3398 0.7186400937866354
3399 0.71875
3400 0.7184693479109723
3401 0.7185792349726776
3402 0.7182988685134608
3403 0.718408736349454
3404 0.7185185185185186
3405 0.7185185185185186
3406 0.7186282151208107
3407 0.7187378262563303
3408 0.7188473520249221
3409 0.7185675360062281
3410 0.7186770428015564
3411 0.7187864644107351
3412 0.71850699844479
3413 0.7186164010882239
3414 0.7186164010882239
3415 0.7186164010882239
3416 0.7187257187257188
3417 0.7184466019417476
3418 0.718555900621118
3419 0.7186651144741948
3420 0.7183863460046548
3421 0.7183863460046548
3422 0.7183863460046548
3423 0.7184955409073284
3424 0.7182170542635659
3425 0.7179387834172801
3426 0.7179387834172801
3427 0.7180480247869868
3428 0.7177700348432056
3429 0.7178792569659442
3430 0.7176015473887815
3431 0.7177107501933488
3432 0.7178198685736374
3433 0.7179289026275116
3434 0.7180378524526845
3435 0.7181467181467182
3436 0.7181467181467182
3437 0.7181467181467182
3438 0.7181467181467182
3439 0.7181467181467182
3440 0.717869548436897
3441 0.717869548436897
3442 0.717869548436897
3443 0.717869548436897
3444 0.7179783950617284
3445 0.7180871577323563
3446 0.718195836545875
3447 0.7183044315992293
3448 0.7184129429892142
3449 0.7184129429892142
3450 0.7184129429892142
3451 0.7181363111282248
3452 0.7181363111282248
3453 0.7181363111282248
3454 0.7181363111282248
3455 0.7182448036951501
3456 0.7182448036951501
3457 0.7179684494036168
3458 0.7180769230769231
3459 0.7178008458285274
3460 0.7179093005380477
3461 0.7176334998079139
3462 0.7176334998079139
3463 0.717741935483871
3464 0.7178502879078695
3465 0.7179585571757483
3466 0.7179585571757483
3467 0.7176831607211354
3468 0.7177914110429447
3469 0.717899578382522
3470 0.717624521072797
3471 0.7177326694752968
3472 0.7177326694752968
3473 0.7178407350689127
3474 0.7178407350689127
3475 0.717948717948718
3476 0.717948717948718
3477 0.7180566182096404
3478 0.7180566182096404
3479 0.7181644359464627
3480 0.7178899082568807
3481 0.7179977072984334
3482 0.7177234530175707
3483 0.7174494081710576
3484 0.7171755725190839
3485 0.7172834795879436
3486 0.717391304347826
3487 0.717391304347826
3488 0.7171178040411742
3489 0.7172256097560976
3490 0.7173333333333334
3491 0.7174409748667174
3492 0.7174409748667174
3493 0.7174409748667174
3494 0.7175485344499429
3495 0.7176560121765602
3496 0.7173830353746672
3497 0.7173830353746672
3498 0.7173830353746672
3499 0.717490494296578
3500 0.7175978715317369
3501 0.7175978715317369
3502 0.7177051671732523
3503 0.7178123813140904
3504 0.7175398633257403
3505 0.7176470588235294
3506 0.7173748103186647
3507 0.7174819871065605
3508 0.7175890826383624
3509 0.7176960970064419
3510 0.7174242424242424
3511 0.7174242424242424
3512 0.7175312381673609
3513 0.7176381529144588
3514 0.7176381529144588
3515 0.7176381529144588
3516 0.7177449867574726
3517 0.7178517397881997
3518 0.7178517397881997
3519 0.7175803402646502
3520 0.7173091458805745
3521 0.7173091458805745
3522 0.7174159425765017
3523 0.7175226586102719
3524 0.7176292940732352
3525 0.7173584905660377
3526 0.7173584905660377
3527 0.7174651075066013
3528 0.7171945701357466
3529 0.7173011684885036
3530 0.7173011684885036
3531 0.7174076865109269
3532 0.7174076865109269
3533 0.7175141242937854
3534 0.7176204819277109
3535 0.7177267595031991
3536 0.7177267595031991
3537 0.717456734386757
3538 0.7171869123730726
3539 0.7172932330827068
3540 0.7173994738819992
3541 0.7175056348610067
3542 0.7176117161096508
3543 0.7173423423423423
3544 0.7174484052532834
3545 0.7174484052532834
3546 0.7174484052532834
3547 0.7175543885971493
3548 0.7172853393325834
3549 0.7172853393325834
3550 0.717016491754123
3551 0.7171225177969277
3552 0.7171225177969277
3553 0.7172284644194756
3554 0.7169599400973419
3555 0.7170658682634731
3556 0.7170658682634731
3557 0.7171717171717171
3558 0.7171717171717171
3559 0.7172774869109948
3560 0.7172774869109948
3561 0.7170093457943926
3562 0.7171150971599403
3563 0.7171150971599403
3564 0.7171150971599403
3565 0.7171150971599403
3566 0.7172207695181173
3567 0.7173263629574309
3568 0.7173263629574309
3569 0.7170586039567003
3570 0.7171641791044776
3571 0.7172696754942186
3572 0.7172696754942186
3573 0.7173750932140194
3574 0.7173750932140194
3575 0.717480432351845
3576 0.717480432351845
3577 0.717480432351845
3578 0.7175856929955291
3579 0.71731843575419
3580 0.71731843575419
3581 0.7174236783320923
3582 0.7171566803126163
3583 0.7172619047619048
3584 0.7173670509483079
3585 0.7174721189591078
3586 0.7172054998141955
3587 0.7169390787518574
3588 0.7166728555514297
3589 0.7167780252412769
3590 0.7168831168831169
3591 0.7169881305637982
3592 0.7169881305637982
3593 0.7170930663700408
3594 0.7171979243884359
3595 0.7173027047054464
3596 0.717037037037037
3597 0.7167715660866346
3598 0.7168763878608438
3599 0.7169811320754716
3600 0.7169811320754716
3601 0.7169811320754716
3602 0.7169811320754716
3603 0.716715976331361
3604 0.7168207024029575
3605 0.7169253510716925
3606 0.7166605097894349
3607 0.7163958641063516
3608 0.7163958641063516
3609 0.716500553709856
3610 0.7166051660516605
3611 0.716709701217263
3612 0.7168141592920354
3613 0.7168141592920354
3614 0.7168141592920354
3615 0.7168141592920354
3616 0.7169185403612237
3617 0.7169185403612237
3618 0.7170228445099485
3619 0.7171270718232045
3620 0.7172312223858616
3621 0.7173352962826647
3622 0.7170713760117734
3623 0.7171754321441707
3624 0.7172794117647059
3625 0.7173833149577361
3626 0.7174871418074945
3627 0.7175908923980904
3628 0.7175908923980904
3629 0.7176945668135095
3630 0.7177981651376146
3631 0.7175348495964784
3632 0.7172717271727173
3633 0.717375366568915
3634 0.717478930010993
3635 0.7175824175824176
3636 0.7175824175824176
3637 0.7176858293665324
3638 0.7174231332357247
3639 0.7174231332357247
3640 0.7174231332357247
3641 0.7174231332357247
3642 0.7171606293450421
3643 0.7172640819312363
3644 0.7172640819312363
3645 0.7172640819312363
3646 0.717001828153565
3647 0.7171052631578947
3648 0.7171052631578947
3649 0.7168432590427475
3650 0.7168432590427475
3651 0.716581446311176
3652 0.7166849215041986
3653 0.7167883211678832
3654 0.716891645384896
3655 0.716891645384896
3656 0.7169948942377826
3657 0.7170980678089682
3658 0.7168367346938775
3659 0.7169398907103826
3660 0.7169398907103826
3661 0.7166788055353241
3662 0.7167819439388424
3663 0.7168850072780204
3664 0.7166242269916333
3665 0.7163636363636363
3666 0.7163636363636363
3667 0.7161032351872046
3668 0.7162063953488372
3669 0.7163094805666546
3670 0.7160493827160493
3671 0.7161524500907441
3672 0.716255442670537
3673 0.716255442670537
3674 0.716255442670537
3675 0.7159956474428727
3676 0.7159956474428727
3677 0.7157360406091371
3678 0.7154766219644799
3679 0.7152173913043478
3680 0.7152173913043478
3681 0.7152173913043478
3682 0.7149583484244839
3683 0.7149583484244839
3684 0.7150615496017378
3685 0.7151646760767282
3686 0.7149059334298119
3687 0.7150090415913201
