0 0.0
1 0.0
2 0.3333333333333333
3 0.5
4 0.6
5 0.5
6 0.42857142857142855
7 0.5
8 0.5555555555555556
9 0.5
10 0.45454545454545453
11 0.4166666666666667
12 0.46153846153846156
13 0.42857142857142855
14 0.4666666666666667
15 0.5
16 0.5294117647058824
17 0.5
18 0.5263157894736842
19 0.55
20 0.5714285714285714
21 0.5909090909090909
22 0.6086956521739131
23 0.625
24 0.6
25 0.6153846153846154
26 0.6296296296296297
27 0.6071428571428571
28 0.6206896551724138
29 0.6333333333333333
30 0.6451612903225806
31 0.65625
32 0.6666666666666666
33 0.6764705882352942
34 0.6857142857142857
35 0.6944444444444444
36 0.6756756756756757
37 0.6578947368421053
38 0.6410256410256411
39 0.65
40 0.6585365853658537
41 0.6666666666666666
42 0.6511627906976745
43 0.6363636363636364
44 0.6444444444444445
45 0.6521739130434783
46 0.6382978723404256
47 0.625
48 0.6326530612244898
49 0.64
50 0.6470588235294118
51 0.6346153846153846
52 0.6226415094339622
53 0.6296296296296297
54 0.6363636363636364
55 0.6428571428571429
56 0.6491228070175439
57 0.6551724137931034
58 0.6610169491525424
59 0.6666666666666666
60 0.6557377049180327
61 0.6612903225806451
62 0.6507936507936508
63 0.65625
64 0.6615384615384615
65 0.6666666666666666
66 0.6716417910447762
67 0.6764705882352942
68 0.6666666666666666
69 0.6714285714285714
70 0.6619718309859155
71 0.6666666666666666
72 0.6575342465753424
73 0.6486486486486487
74 0.6533333333333333
75 0.6447368421052632
76 0.6363636363636364
77 0.6410256410256411
78 0.6329113924050633
79 0.6375
80 0.6296296296296297
81 0.6341463414634146
82 0.6385542168674698
83 0.6428571428571429
84 0.6470588235294118
85 0.6511627906976745
86 0.6551724137931034
87 0.6477272727272727
88 0.651685393258427
89 0.6444444444444445
90 0.6373626373626373
91 0.6413043478260869
92 0.6451612903225806
93 0.648936170212766
94 0.6421052631578947
95 0.6458333333333334
96 0.6391752577319587
97 0.6326530612244898
98 0.6363636363636364
99 0.64
100 0.6336633663366337
101 0.6372549019607843
102 0.6310679611650486
103 0.6346153846153846
104 0.6285714285714286
105 0.6320754716981132
106 0.6261682242990654
107 0.6296296296296297
108 0.6330275229357798
109 0.6363636363636364
110 0.6306306306306306
111 0.625
112 0.6283185840707964
113 0.6228070175438597
114 0.6173913043478261
115 0.6120689655172413
116 0.6068376068376068
117 0.6101694915254238
118 0.6050420168067226
119 0.6
120 0.5950413223140496
121 0.5901639344262295
122 0.5934959349593496
123 0.5967741935483871
124 0.592
125 0.5952380952380952
126 0.5984251968503937
127 0.6015625
128 0.6046511627906976
129 0.6
130 0.5954198473282443
131 0.5984848484848485
132 0.6015037593984962
133 0.5970149253731343
134 0.6
135 0.6029411764705882
136 0.6058394160583942
137 0.6014492753623188
138 0.60431654676259
139 0.6071428571428571
140 0.6028368794326241
141 0.6056338028169014
142 0.6013986013986014
143 0.5972222222222222
144 0.6
145 0.6027397260273972
146 0.6054421768707483
147 0.6081081081081081
148 0.610738255033557
149 0.6066666666666667
150 0.609271523178808
151 0.6118421052631579
152 0.6143790849673203
153 0.6168831168831169
154 0.6193548387096774
155 0.6153846153846154
156 0.6178343949044586
157 0.620253164556962
158 0.6226415094339622
159 0.61875
160 0.6211180124223602
161 0.6234567901234568
162 0.6196319018404908
163 0.6219512195121951
164 0.6242424242424243
165 0.6265060240963856
166 0.6227544910179641
167 0.625
168 0.6272189349112426
169 0.6294117647058823
170 0.6257309941520468
171 0.627906976744186
172 0.6242774566473989
173 0.6264367816091954
174 0.6228571428571429
175 0.6193181818181818
176 0.6214689265536724
177 0.6235955056179775
178 0.6256983240223464
179 0.6222222222222222
180 0.6187845303867403
181 0.6208791208791209
182 0.6229508196721312
183 0.625
184 0.6270270270270271
185 0.6290322580645161
186 0.6310160427807486
187 0.6276595744680851
188 0.6296296296296297
189 0.631578947368421
190 0.6282722513089005
191 0.6302083333333334
192 0.6321243523316062
193 0.6288659793814433
194 0.6256410256410256
195 0.6224489795918368
196 0.6243654822335025
197 0.6212121212121212
198 0.6231155778894473
199 0.625
200 0.6268656716417911
201 0.6237623762376238
202 0.6206896551724138
203 0.6225490196078431
204 0.6195121951219512
205 0.6213592233009708
206 0.6183574879227053
207 0.6201923076923077
208 0.6220095693779905
209 0.6238095238095238
210 0.6255924170616114
211 0.6226415094339622
212 0.6197183098591549
213 0.616822429906542
214 0.6139534883720931
215 0.6157407407407407
216 0.6129032258064516
217 0.6146788990825688
218 0.6164383561643836
219 0.6136363636363636
220 0.6108597285067874
221 0.6126126126126126
222 0.6143497757847534
223 0.6160714285714286
224 0.6177777777777778
225 0.6150442477876106
226 0.6167400881057269
227 0.618421052631579
228 0.6200873362445415
229 0.6217391304347826
230 0.6233766233766234
231 0.625
232 0.6223175965665236
233 0.6239316239316239
234 0.625531914893617
235 0.6271186440677966
236 0.6286919831223629
237 0.6302521008403361
238 0.6317991631799164
239 0.6333333333333333
240 0.6348547717842323
241 0.6363636363636364
242 0.6378600823045267
243 0.6352459016393442
244 0.636734693877551
245 0.6341463414634146
246 0.6356275303643725
247 0.6370967741935484
248 0.6385542168674698
249 0.64
250 0.6414342629482072
251 0.6388888888888888
252 0.6403162055335968
253 0.6377952755905512
254 0.6392156862745098
255 0.640625
256 0.6381322957198443
257 0.6395348837209303
258 0.637065637065637
259 0.6384615384615384
260 0.6398467432950191
261 0.6412213740458015
262 0.6425855513307985
263 0.6439393939393939
264 0.6415094339622641
265 0.6428571428571429
266 0.6404494382022472
267 0.6380597014925373
268 0.6394052044609665
269 0.6407407407407407
270 0.6383763837638377
271 0.6360294117647058
272 0.6336996336996337
273 0.635036496350365
274 0.6363636363636364
275 0.6376811594202898
276 0.6353790613718412
277 0.6366906474820144
278 0.6379928315412187
279 0.6392857142857142
280 0.6405693950177936
281 0.6418439716312057
282 0.6395759717314488
283 0.6373239436619719
284 0.6350877192982456
285 0.6363636363636364
286 0.6376306620209059
287 0.6388888888888888
288 0.6366782006920415
289 0.6379310344827587
290 0.6391752577319587
291 0.6404109589041096
292 0.6416382252559727
293 0.6428571428571429
294 0.6406779661016949
295 0.6418918918918919
296 0.6430976430976431
297 0.6442953020134228
298 0.6454849498327759
299 0.6433333333333333
300 0.6445182724252492
301 0.6423841059602649
302 0.6435643564356436
303 0.6447368421052632
304 0.6459016393442623
305 0.6470588235294118
306 0.6482084690553745
307 0.6493506493506493
308 0.6504854368932039
309 0.6483870967741936
310 0.6463022508038585
311 0.6442307692307693
312 0.6421725239616614
313 0.643312101910828
314 0.6412698412698413
315 0.6424050632911392
316 0.6435331230283912
317 0.6446540880503144
318 0.64576802507837
319 0.646875
320 0.6479750778816199
321 0.6490683229813664
322 0.6470588235294118
323 0.6481481481481481
324 0.6461538461538462
325 0.647239263803681
326 0.6483180428134556
327 0.6463414634146342
328 0.6474164133738601
329 0.6484848484848484
330 0.6465256797583081
331 0.6475903614457831
332 0.6456456456456456
333 0.6467065868263473
334 0.6447761194029851
335 0.6458333333333334
336 0.6468842729970327
337 0.6449704142011834
338 0.6460176991150443
339 0.6470588235294118
340 0.6480938416422287
341 0.6491228070175439
342 0.6501457725947521
343 0.6511627906976745
344 0.6492753623188405
345 0.6502890173410405
346 0.6512968299711815
347 0.6494252873563219
348 0.6504297994269341
349 0.6514285714285715
350 0.6524216524216524
351 0.6534090909090909
352 0.6543909348441926
353 0.655367231638418
354 0.6535211267605634
355 0.6544943820224719
356 0.6554621848739496
357 0.6536312849162011
358 0.6545961002785515
359 0.6527777777777778
360 0.6537396121883656
361 0.6546961325966851
362 0.6556473829201102
363 0.6538461538461539
364 0.6520547945205479
365 0.6530054644808743
366 0.6539509536784741
367 0.6521739130434783
368 0.6531165311653117
369 0.6513513513513514
370 0.6522911051212938
371 0.6532258064516129
372 0.6541554959785523
373 0.6550802139037433
374 0.656
375 0.6542553191489362
376 0.6551724137931034
377 0.656084656084656
378 0.6543535620052771
379 0.6552631578947369
380 0.6561679790026247
381 0.6570680628272252
382 0.6579634464751958
383 0.6588541666666666
384 0.6597402597402597
385 0.6606217616580311
386 0.661498708010336
387 0.6623711340206185
388 0.6606683804627249
389 0.6615384615384615
390 0.6624040920716112
391 0.6632653061224489
392 0.6615776081424937
393 0.6598984771573604
394 0.660759493670886
395 0.6616161616161617
396 0.6624685138539043
397 0.6633165829145728
398 0.6641604010025063
399 0.6625
400 0.6633416458852868
401 0.664179104477612
402 0.6650124069478908
403 0.6658415841584159
404 0.6666666666666666
405 0.6674876847290641
406 0.6683046683046683
407 0.6691176470588235
408 0.6699266503667481
409 0.6682926829268293
410 0.6690997566909975
411 0.6674757281553398
412 0.6682808716707022
413 0.6666666666666666
414 0.6650602409638554
415 0.6658653846153846
416 0.6642685851318945
417 0.6650717703349283
418 0.6634844868735084
419 0.6642857142857143
420 0.665083135391924
421 0.6658767772511849
422 0.6666666666666666
423 0.6674528301886793
424 0.6658823529411765
425 0.6666666666666666
426 0.667447306791569
427 0.6682242990654206
428 0.668997668997669
429 0.6674418604651163
430 0.6682134570765661
431 0.6689814814814815
432 0.6674364896073903
433 0.6658986175115207
434 0.6666666666666666
435 0.6674311926605505
436 0.6681922196796338
437 0.6689497716894978
438 0.6674259681093394
439 0.6681818181818182
440 0.6689342403628118
441 0.669683257918552
442 0.6681715575620768
443 0.6666666666666666
444 0.6674157303370787
445 0.6681614349775785
446 0.6666666666666666
447 0.6674107142857143
448 0.6681514476614699
449 0.6688888888888889
450 0.6696230598669624
451 0.668141592920354
452 0.6688741721854304
453 0.6696035242290749
454 0.6681318681318681
455 0.6666666666666666
456 0.6652078774617067
457 0.6637554585152838
458 0.664488017429194
459 0.6630434782608695
460 0.6637744034707158
461 0.6645021645021645
462 0.6630669546436285
463 0.6637931034482759
464 0.6645161290322581
465 0.6652360515021459
466 0.6659528907922913
467 0.6645299145299145
468 0.6631130063965884
469 0.6638297872340425
470 0.6645435244161358
471 0.663135593220339
472 0.6638477801268499
473 0.6624472573839663
474 0.6610526315789473
475 0.6617647058823529
476 0.6624737945492662
477 0.6610878661087866
478 0.6617954070981211
479 0.6625
480 0.6632016632016632
481 0.6639004149377593
482 0.6645962732919255
483 0.6632231404958677
484 0.6639175257731958
485 0.6625514403292181
486 0.6611909650924025
487 0.6618852459016393
488 0.6605316973415133
489 0.6612244897959184
490 0.659877800407332
491 0.6605691056910569
492 0.6592292089249493
493 0.659919028340081
494 0.6606060606060606
495 0.6612903225806451
496 0.6599597585513078
497 0.6606425702811245
498 0.6613226452905812
499 0.66
500 0.6606786427145709
501 0.6613545816733067
502 0.6600397614314115
503 0.6607142857142857
504 0.6613861386138614
505 0.6620553359683794
506 0.6627218934911243
507 0.6633858267716536
508 0.6620825147347741
509 0.6627450980392157
510 0.6634050880626223
511 0.6640625
512 0.6627680311890838
513 0.6634241245136187
514 0.6640776699029126
515 0.6627906976744186
516 0.6634429400386848
517 0.6640926640926641
518 0.6628131021194605
519 0.6634615384615384
520 0.6641074856046065
521 0.6628352490421456
522 0.6615678776290631
523 0.6622137404580153
524 0.660952380952381
525 0.6615969581749049
526 0.6622390891840607
527 0.6628787878787878
528 0.6635160680529301
529 0.6641509433962264
530 0.6629001883239172
531 0.6635338345864662
532 0.6641651031894934
533 0.6647940074906367
534 0.6635514018691588
535 0.664179104477612
536 0.664804469273743
537 0.6654275092936803
538 0.6660482374768089
539 0.6648148148148149
540 0.6654343807763401
541 0.6642066420664207
542 0.6629834254143646
543 0.6617647058823529
544 0.6605504587155964
545 0.6611721611721612
546 0.659963436928702
547 0.6605839416058394
548 0.6612021857923497
549 0.6618181818181819
550 0.662431941923775
551 0.6630434782608695
552 0.6636528028933092
553 0.6624548736462094
554 0.6630630630630631
555 0.6636690647482014
556 0.6624775583482945
557 0.6612903225806451
558 0.6601073345259392
559 0.6607142857142857
560 0.661319073083779
561 0.6619217081850534
562 0.6625222024866785
563 0.6613475177304965
564 0.6619469026548672
565 0.6625441696113075
566 0.6631393298059964
567 0.6637323943661971
568 0.664323374340949
569 0.6649122807017543
570 0.6654991243432574
571 0.6643356643356644
572 0.6649214659685864
573 0.6655052264808362
574 0.6660869565217391
575 0.6649305555555556
576 0.6655112651646448
577 0.6643598615916955
578 0.6632124352331606
579 0.6637931034482759
580 0.6643717728055077
581 0.6649484536082474
582 0.6655231560891939
583 0.666095890410959
584 0.6649572649572649
585 0.6655290102389079
586 0.666098807495741
587 0.6666666666666666
588 0.66723259762309
589 0.6677966101694915
590 0.6683587140439933
591 0.668918918918919
592 0.6694772344013491
593 0.6683501683501684
594 0.66890756302521
595 0.6694630872483222
596 0.6683417085427136
597 0.6688963210702341
598 0.669449081803005
599 0.67
600 0.6688851913477537
601 0.6694352159468439
602 0.6683250414593698
603 0.6688741721854304
604 0.6694214876033058
605 0.66996699669967
606 0.6705107084019769
607 0.6694078947368421
608 0.6699507389162561
609 0.6704918032786885
610 0.6710310965630114
611 0.6715686274509803
612 0.6721044045676998
613 0.6726384364820847
614 0.6731707317073171
615 0.672077922077922
616 0.6709886547811994
617 0.6715210355987055
618 0.6704361873990307
619 0.6693548387096774
620 0.6682769726247987
621 0.6672025723472669
622 0.666131621187801
623 0.6666666666666666
624 0.6672
625 0.6677316293929713
626 0.6666666666666666
627 0.6671974522292994
628 0.6677265500794912
629 0.6682539682539682
630 0.6687797147385103
631 0.6677215189873418
632 0.6682464454976303
633 0.668769716088328
634 0.6692913385826772
635 0.6682389937106918
636 0.6687598116169545
637 0.6692789968652038
638 0.6697965571205008
639 0.6703125
640 0.6708268330733229
641 0.6713395638629284
642 0.671850699844479
643 0.6708074534161491
644 0.6713178294573643
645 0.6718266253869969
646 0.6707882534775889
647 0.6712962962962963
648 0.6718027734976888
649 0.6723076923076923
650 0.6712749615975423
651 0.6717791411042945
652 0.6707503828483921
653 0.6712538226299695
654 0.6717557251908397
655 0.6722560975609756
656 0.6712328767123288
657 0.6717325227963525
658 0.6722306525037937
659 0.6712121212121213
660 0.6717095310136157
661 0.6722054380664653
662 0.6726998491704375
663 0.6731927710843374
664 0.6736842105263158
665 0.6741741741741741
666 0.6746626686656672
667 0.6751497005988024
668 0.6756352765321375
669 0.6746268656716418
670 0.6751117734724292
671 0.6755952380952381
672 0.6760772659732541
673 0.6765578635014837
674 0.677037037037037
675 0.6760355029585798
676 0.6750369276218612
677 0.6755162241887905
678 0.6745213549337261
679 0.675
680 0.6754772393538914
681 0.6759530791788856
682 0.6764275256222547
683 0.6769005847953217
684 0.6759124087591241
685 0.6763848396501457
686 0.6754002911208151
687 0.6758720930232558
688 0.6748911465892597
689 0.6753623188405797
690 0.6758321273516642
691 0.6763005780346821
692 0.6767676767676768
693 0.6772334293948127
694 0.6762589928057554
695 0.6767241379310345
696 0.6771879483500718
697 0.6776504297994269
698 0.6781115879828327
699 0.6785714285714286
700 0.6790299572039943
701 0.6780626780626781
702 0.6785206258890469
703 0.6775568181818182
704 0.676595744680851
705 0.6770538243626062
706 0.6775106082036775
707 0.6779661016949152
708 0.6784203102961918
709 0.6788732394366197
710 0.679324894514768
711 0.6797752808988764
