0 0.5497919556171984
1 0.547857182002521
2 0.5517229572410771
3 0.5517229572410771
4 0.5555738108929599
5 0.553497371620349
6 0.5517229572410771
7 0.5379161306920505
8 0.5398776372465637
9 0.5398776372465637
10 0.5376941160320539
11 0.533980815759219
12 0.5418351008204844
13 0.545339164737158
14 0.5374591827274694
15 0.5391949443604891
16 0.5391949443604891
17 0.5322381422924901
18 0.5342046136694967
19 0.5363704922528452
20 0.5344154263398444
21 0.5346132887336735
22 0.5346132887336735
23 0.5346132887336735
24 0.5346132887336735
25 0.5367389159861895
26 0.5369038814473936
27 0.5426818208263603
28 0.5408978921434437
29 0.5425377860700775
30 0.5444631561652837
31 0.5496253815558227
32 0.5496253815558227
33 0.5497919556171984
34 0.5497919556171984
35 0.5533321685389023
36 0.5494463313238354
37 0.5494463313238354
38 0.5494463313238354
39 0.5533321685389023
40 0.5536502285137195
41 0.5518702593170679
42 0.5500877832421277
43 0.5512066365007542
44 0.5549156725627313
45 0.551391173245614
46 0.5549156725627313
47 0.5549156725627313
48 0.5566744497817642
49 0.5566744497817642
50 0.5566744497817642
51 0.5566744497817642
52 0.5547202941095777
53 0.5547202941095777
54 0.5547202941095777
55 0.5547202941095777
56 0.5547202941095777
57 0.5566744497817642
58 0.5566744497817642
59 0.5547202941095777
60 0.5566744497817642
61 0.5607457425050617
62 0.5607457425050617
63 0.5607457425050617
64 0.5554277261894979
65 0.5555738108929599
66 0.5555738108929599
67 0.5555738108929599
68 0.5555738108929599
69 0.5517229572410771
70 0.5517229572410771
71 0.5517229572410771
72 0.5625137061403509
73 0.5623337446866858
74 0.5642793739139971
75 0.5642793739139971
76 0.5642793739139971
77 0.5642793739139971
78 0.5720244516361022
79 0.5720244516361022
80 0.5720244516361022
81 0.5666844656206358
82 0.5666844656206358
83 0.5589754480188525
84 0.5510096298938243
85 0.5529646125414442
86 0.5533321685389023
87 0.5533321685389023
88 0.5515632706746314
89 0.5496253815558227
90 0.5496253815558227
91 0.5496253815558227
92 0.5496253815558227
93 0.5496253815558227
94 0.547857182002521
95 0.5497919556171984
96 0.5441510933304106
97 0.5441510933304106
98 0.5441510933304106
99 0.5476836622807018
100 0.5437885643767997
101 0.5379161306920505
102 0.5379161306920505
103 0.5379161306920505
104 0.5379161306920505
105 0.5379161306920505
106 0.5379161306920505
107 0.5379161306920505
108 0.5379161306920505
109 0.5381252635801643
110 0.5398776372465637
111 0.5398776372465637
112 0.5398776372465637
113 0.5359505379885814
114 0.5357211512055803
115 0.5317626047534002
116 0.5357211512055803
117 0.5357211512055803
118 0.5376941160320539
119 0.5376941160320539
120 0.5376941160320539
121 0.5357211512055803
122 0.5429111141640335
123 0.5429111141640335
124 0.537797988149373
125 0.5343785287394309
126 0.5386752489409694
127 0.5363894481441329
128 0.5360892908184877
129 0.5360892908184877
130 0.5363894481441329
131 0.5363894481441329
132 0.5363894481441329
133 0.5343785287394309
134 0.5363894481441329
135 0.5363894481441329
136 0.5343785287394309
137 0.5343785287394309
138 0.528636909948102
139 0.5269285851992619
140 0.5269285851992619
141 0.5269285851992619
142 0.528636909948102
143 0.530019305019305
144 0.5317180328094987
145 0.5201732438355219
146 0.5242553719777776
147 0.5242553719777776
148 0.5242553719777776
149 0.5242553719777776
150 0.5242553719777776
151 0.5235455628658758
152 0.5235455628658758
153 0.5255958792498688
154 0.5255958792498688
155 0.5289670803504796
156 0.5296820665673125
157 0.5296820665673125
158 0.5296820665673125
159 0.5276413645540352
160 0.5317180328094987
161 0.5276413645540352
162 0.5276413645540352
163 0.5276413645540352
164 0.5276413645540352
165 0.5259493845559419
166 0.5259493845559419
167 0.5259493845559419
168 0.5259493845559419
169 0.5218604137321512
170 0.5198086653197258
171 0.5198086653197258
172 0.5198086653197258
173 0.5198086653197258
174 0.5156904018775254
175 0.5156904018775254
176 0.5156904018775254
177 0.5156904018775254
178 0.5156904018775254
179 0.5156904018775254
180 0.5156904018775254
181 0.5156904018775254
182 0.5156904018775254
183 0.5156904018775254
184 0.5156904018775254
185 0.5156904018775254
186 0.5152950211186484
187 0.5090540053755992
188 0.5136237897648686
189 0.5136237897648686
190 0.5136237897648686
191 0.5136237897648686
192 0.5136237897648686
193 0.5090540053755992
194 0.5123693041573065
195 0.5198086653197258
196 0.5198086653197258
197 0.5173651452282158
198 0.5173651452282158
199 0.5194302443340696
200 0.5259493845559419
201 0.5296820665673125
202 0.5296820665673125
203 0.5276413645540352
204 0.5276413645540352
205 0.5276413645540352
206 0.5289670803504796
207 0.5289670803504796
208 0.5289670803504796
209 0.5310193579581758
210 0.5351094852725484
211 0.5371474305900535
212 0.5351094852725484
213 0.5289670803504796
214 0.526909929247158
215 0.5218604137321512
216 0.5198086653197258
217 0.5217905724947979
218 0.5197828360673786
219 0.5197828360673786
220 0.5197828360673786
221 0.511369277440706
222 0.5134037032059301
223 0.5191608102521703
224 0.5191608102521703
225 0.5211845290777162
226 0.5154333746727298
227 0.5134037032059301
228 0.5117059390932892
229 0.5154333746727298
230 0.5154333746727298
231 0.5194786416590927
232 0.5154333746727298
233 0.5134037032059301
234 0.5134037032059301
235 0.5117059390932892
236 0.5157536698890082
237 0.5191608102521703
238 0.5191608102521703
239 0.5191608102521703
240 0.5214943300122176
241 0.5174583386425233
242 0.5174583386425233
243 0.5295118538964722
244 0.5191608102521703
245 0.5188292884721456
246 0.5167927111460564
247 0.5184840205332009
248 0.5184840205332009
249 0.5228882458316109
250 0.524589824971311
251 0.5262892995035853
252 0.5262892995035853
253 0.5262892995035853
254 0.5292335207828165
255 0.5289418890781753
256 0.5269285851992619
257 0.5269285851992619
258 0.5266156814110514
259 0.528318532226438
260 0.5266156814110514
261 0.5266156814110514
262 0.5309506770890675
263 0.5360892908184877
264 0.532047239481565
265 0.532047239481565
266 0.532047239481565
267 0.530343116990492
268 0.530343116990492
269 0.532047239481565
270 0.532047239481565
271 0.5351094852725484
272 0.533066810285304
273 0.5354493632253593
274 0.5374793160507446
275 0.5374793160507446
276 0.5218604137321512
277 0.5259493845559419
278 0.5259493845559419
279 0.5259493845559419
280 0.5259493845559419
281 0.5242553719777776
282 0.528318532226438
283 0.5261237306854731
284 0.5215295239746813
285 0.521084368718691
286 0.5185092476706995
287 0.5185092476706995
288 0.5168652551766795
289 0.5285892116182572
290 0.5285892116182572
291 0.5306497717037022
292 0.5285892116182572
293 0.5306497717037022
294 0.5306497717037022
295 0.5319421373200444
296 0.5319421373200444
297 0.5319421373200444
298 0.5281976744186047
299 0.538843545631805
300 0.538843545631805
301 0.5408801126014241
302 0.5408801126014241
303 0.5408801126014241
304 0.5408801126014241
305 0.538843545631805
306 0.5351094852725484
307 0.5351094852725484
308 0.5351094852725484
309 0.5371474305900535
310 0.5371474305900535
311 0.538843545631805
312 0.538843545631805
313 0.538843545631805
314 0.5405377413207391
315 0.5405377413207391
316 0.5384931530504757
317 0.5425776059910618
318 0.5425776059910618
319 0.5408801126014241
320 0.5412093215664644
321 0.5412093215664644
322 0.5432333612469459
323 0.5452528593082541
324 0.5452528593082541
325 0.5492784158197692
326 0.5492784158197692
327 0.5492784158197692
328 0.5495637454585489
329 0.5512845662760484
330 0.5532863591324453
331 0.5535566925235187
332 0.5535566925235187
333 0.5535566925235187
334 0.5518274971899202
335 0.5518274971899202
336 0.5532863591324453
337 0.5532863591324453
338 0.5532863591324453
339 0.5512845662760484
340 0.5512845662760484
341 0.5455534440496846
342 0.5492784158197692
343 0.5401132276771119
344 0.5381035005095155
345 0.5381035005095155
346 0.53839590443686
347 0.5386752489409694
348 0.5386752489409694
349 0.5386752489409694
350 0.5343785287394309
351 0.5306535569693465
352 0.528636909948102
353 0.530019305019305
354 0.530019305019305
355 0.5309506770890675
356 0.5309506770890675
357 0.5326656686111542
358 0.5346732907629638
359 0.5346732907629638
360 0.5346732907629638
361 0.530343116990492
362 0.546115970732244
363 0.5443889494254375
364 0.5443889494254375
365 0.5443889494254375
366 0.5481082233076788
367 0.546115970732244
368 0.5463780068728523
369 0.5483628268420131
370 0.5478408915028634
371 0.5498363316278814
372 0.5498363316278814
373 0.5498363316278814
374 0.5498363316278814
375 0.5478408915028634
376 0.5478408915028634
377 0.5475607867430695
378 0.5398154812536806
379 0.5458411317846527
380 0.5458411317846527
381 0.5475607867430695
382 0.5458411317846527
383 0.5458411317846527
384 0.5458411317846527
385 0.5455534440496846
386 0.5495637454585489
387 0.5512845662760484
388 0.5530033875898537
389 0.5509940525592592
390 0.5523993381136239
391 0.5489802948876947
392 0.5509940525592592
393 0.5530033875898537
394 0.5530033875898537
395 0.5472678621240663
396 0.5455534440496846
397 0.5515623656468727
398 0.5515623656468727
399 0.5446456484621118
400 0.5446456484621118
401 0.5446456484621118
402 0.5446456484621118
403 0.53839590443686
404 0.5363894481441329
405 0.53839590443686
406 0.53839590443686
407 0.5403979432148446
408 0.5366764690708352
409 0.5386752489409694
410 0.5306535569693465
411 0.5313754249132918
412 0.5313754249132918
413 0.5313754249132918
414 0.5313754249132918
415 0.5242553719777776
416 0.528318532226438
417 0.5242553719777776
418 0.5242553719777776
419 0.5279867023936382
420 0.5279867023936382
421 0.5279867023936382
422 0.5259493845559419
423 0.5259493845559419
424 0.5259493845559419
425 0.518211272242147
426 0.518211272242147
427 0.5198713148625786
428 0.5198713148625786
429 0.5235455628658758
430 0.5281976744186047
431 0.5265237078881007
432 0.5289670803504796
433 0.5285892116182572
434 0.5186446473619752
435 0.5235146092548582
436 0.5235146092548582
437 0.516430937483569
438 0.518615828709153
439 0.518615828709153
440 0.518615828709153
441 0.518615828709153
442 0.5170065645514224
443 0.5170065645514224
444 0.519181782555145
445 0.5197329791695792
446 0.5197329791695792
447 0.5153958123390437
448 0.5197329791695792
449 0.522419983461097
450 0.522419983461097
451 0.5245647807164379
452 0.5245647807164379
453 0.5245647807164379
454 0.5132183807439825
455 0.5132183807439825
456 0.5132183807439825
457 0.5132183807439825
458 0.5132183807439825
459 0.5120430130169125
460 0.5120430130169125
461 0.507630516443473
462 0.507630516443473
463 0.507630516443473
464 0.507630516443473
465 0.5054149085794656
466 0.507630516443473
467 0.507630516443473
468 0.507630516443473
469 0.507630516443473
470 0.507630516443473
471 0.507630516443473
472 0.5098398651495997
473 0.5098398651495997
474 0.5098398651495997
475 0.5041176636489269
476 0.4996258013499393
477 0.4996258013499393
478 0.4996258013499393
479 0.500303184138534
480 0.500303184138534
481 0.500303184138534
482 0.4987299406366151
483 0.4987299406366151
484 0.4987299406366151
485 0.500303184138534
486 0.500303184138534
487 0.500303184138534
488 0.5098398651495997
489 0.5143338188702709
490 0.5137835408820207
491 0.5148693112628534
492 0.5127147046501885
493 0.5164921100404971
494 0.5148693112628534
495 0.5148693112628534
496 0.5132448945430197
497 0.5132448945430197
498 0.5127147046501885
499 0.5127147046501885
500 0.5105543155151757
501 0.5105543155151757
502 0.4955790821801651
503 0.487294121791823
504 0.487294121791823
505 0.4895363902658855
506 0.48598939277914854
507 0.48523020990144006
508 0.5114325973975775
509 0.5114325973975775
510 0.5114325973975775
511 0.5114325973975775
512 0.5092194092827005
513 0.48292206292526074
514 0.48598939277914854
515 0.4882792434381831
516 0.5047741099594412
517 0.5047741099594412
518 0.5047741099594412
519 0.5018750110242887
520 0.5041176636489269
521 0.5041176636489269
522 0.5041176636489269
523 0.5011922551108002
524 0.4996258013499393
525 0.4987299406366151
526 0.5009646800360523
527 0.5004934891273203
528 0.5004934891273203
529 0.5027573529411764
530 0.4989324095022624
531 0.5056920607482405
532 0.4997785862822688
533 0.5020532427074483
534 0.5088368182508646
535 0.5117466226697126
536 0.5117466226697126
537 0.5117466226697126
538 0.514613833796008
539 0.514613833796008
540 0.5162023997296079
541 0.5133261601961442
542 0.5133261601961442
543 0.5133261601961442
544 0.5200118296529969
545 0.5171432099200959
546 0.5149044028354374
547 0.514613833796008
548 0.514613833796008
549 0.5117466226697126
550 0.5162023997296079
551 0.5162023997296079
552 0.49984354554247024
553 0.49522079772079775
554 0.49445539981168607
555 0.4936854354007053
556 0.4936854354007053
557 0.4936854354007053
558 0.4936854354007053
559 0.5020532427074483
560 0.5043211252259614
561 0.5043211252259614
562 0.49291334109694096
563 0.49291334109694096
564 0.49291334109694096
565 0.47966819815149186
566 0.47966819815149186
567 0.47730590862246647
568 0.47579956021953274
569 0.47730590862246647
570 0.5063538198664764
571 0.49439252336448597
572 0.49439252336448597
573 0.49439252336448597
574 0.49439252336448597
575 0.48982529283303555
576 0.48523020990144006
577 0.48982529283303555
578 0.4605521297926184
579 0.46296935692706087
580 0.46296935692706087
581 0.46296935692706087
582 0.46149036405647526
583 0.4648018581177955
584 0.46296935692706087
585 0.46444706026342975
586 0.46444706026342975
587 0.4668608833261401
588 0.4683419907342412
589 0.47075240972521937
590 0.4683419907342412
591 0.4731548327050715
592 0.4755493321844033
593 0.4722369212050526
594 0.4722369212050526
595 0.4722369212050526
596 0.47075240972521937
597 0.47075240972521937
598 0.47255835292768256
599 0.47255835292768256
600 0.46956229245391046
601 0.46956229245391046
602 0.4742919203178142
603 0.4742919203178142
604 0.4742919203178142
605 0.47747352814338817
606 0.4742919203178142
607 0.4719309222875735
608 0.4766453556652638
609 0.4742919203178142
610 0.4766453556652638
611 0.4766453556652638
612 0.4766453556652638
613 0.4766453556652638
614 0.4766453556652638
615 0.48132981206852926
616 0.48132981206852926
617 0.4798076923076923
618 0.4798076923076923
619 0.4798076923076923
620 0.4798076923076923
621 0.47747352814338817
622 0.47747352814338817
623 0.4798076923076923
624 0.4798076923076923
625 0.48676650855406917
626 0.48676650855406917
627 0.49736997354076806
628 0.5011922551108002
629 0.5034454517213138
630 0.5034454517213138
631 0.5011922551108002
632 0.49439252336448597
633 0.49666585302867894
634 0.49666585302867894
635 0.4935476919707359
636 0.4935476919707359
637 0.4935476919707359
638 0.4935476919707359
639 0.4928382169300377
640 0.4928382169300377
641 0.4928382169300377
642 0.4928382169300377
643 0.4928382169300377
644 0.492112357719545
645 0.492112357719545
646 0.49736997354076806
647 0.5016104078762307
648 0.5016104078762307
649 0.4978059071729958
650 0.5229326780641677
651 0.4917721318569966
652 0.4917721318569966
653 0.4917721318569966
654 0.4946411012782694
655 0.4917721318569966
656 0.4917721318569966
657 0.4933458201892745
658 0.5006510211029105
659 0.5000263545352641
660 0.5000263545352641
661 0.5022404832139346
662 0.4933458201892745
663 0.4955790821801651
664 0.4955790821801651
665 0.4978059071729958
666 0.4978059071729958
667 0.4978059071729958
668 0.4978059071729958
669 0.4978059071729958
670 0.5163879970921436
671 0.5163879970921436
672 0.5147476011681269
673 0.5180266711211337
674 0.5031929828265023
675 0.507630516443473
676 0.5066500182384466
677 0.5072445490723614
678 0.5121697189990214
679 0.5153901117094508
680 0.5148693112628534
681 0.5170181899341592
682 0.5094715991518803
683 0.5105543155151757
684 0.5105543155151757
685 0.5105543155151757
686 0.5105543155151757
687 0.5105543155151757
688 0.5105543155151757
689 0.5105543155151757
690 0.5116098421229426
691 0.5116098421229426
692 0.5159513490843003
693 0.5159513490843003
694 0.5207914853252985
695 0.5207914853252985
696 0.5191613948868092
697 0.5191613948868092
698 0.5175296806198093
699 0.5175296806198093
700 0.5121289671140823
701 0.5142612544892675
702 0.5142612544892675
703 0.5152195054181717
704 0.5131054517150194
705 0.5131054517150194
706 0.524453211517165
707 0.5227808122982832
708 0.5248478561549101
709 0.5248478561549101
710 0.5248478561549101
711 0.5261237306854731
712 0.5261237306854731
713 0.5281976744186047
714 0.5281976744186047
715 0.5281976744186047
716 0.530266603477918
717 0.530266603477918
718 0.5285967707780057
719 0.5257099294835144
720 0.5354493632253593
721 0.533414748578683
722 0.5472678621240663
