0 0.0
1 0.5
2 0.6666666666666666
3 0.5
4 0.6
5 0.6666666666666666
6 0.5714285714285714
7 0.5
8 0.5555555555555556
9 0.5
10 0.5454545454545454
11 0.5833333333333334
12 0.6153846153846154
13 0.6428571428571429
14 0.6666666666666666
15 0.6875
16 0.7058823529411765
17 0.6666666666666666
18 0.6842105263157895
19 0.7
20 0.7142857142857143
21 0.7272727272727273
22 0.7391304347826086
23 0.7083333333333334
24 0.68
25 0.6923076923076923
26 0.7037037037037037
27 0.7142857142857143
28 0.7241379310344828
29 0.7333333333333333
30 0.7096774193548387
31 0.71875
32 0.7272727272727273
33 0.7352941176470589
34 0.7428571428571429
35 0.75
36 0.7567567567567568
37 0.7631578947368421
38 0.7692307692307693
39 0.775
40 0.7804878048780488
41 0.7857142857142857
42 0.7906976744186046
43 0.7954545454545454
44 0.7777777777777778
45 0.782608695652174
46 0.7872340425531915
47 0.7916666666666666
48 0.7959183673469388
49 0.8
50 0.803921568627451
51 0.7884615384615384
52 0.7924528301886793
53 0.7962962962962963
54 0.8
55 0.8035714285714286
56 0.8070175438596491
57 0.8103448275862069
58 0.7966101694915254
59 0.8
60 0.8032786885245902
61 0.8064516129032258
62 0.8095238095238095
63 0.796875
64 0.7846153846153846
65 0.7878787878787878
66 0.7910447761194029
67 0.7941176470588235
68 0.7971014492753623
69 0.8
70 0.8028169014084507
71 0.8055555555555556
72 0.8082191780821918
73 0.7972972972972973
74 0.8
75 0.8026315789473685
76 0.8051948051948052
77 0.8076923076923077
78 0.810126582278481
79 0.8125
80 0.8148148148148148
81 0.8048780487804879
82 0.8072289156626506
83 0.8095238095238095
84 0.8117647058823529
85 0.813953488372093
86 0.8160919540229885
87 0.8181818181818182
88 0.8202247191011236
89 0.8222222222222222
90 0.8241758241758241
91 0.8260869565217391
92 0.8279569892473119
93 0.8297872340425532
94 0.8315789473684211
95 0.8333333333333334
96 0.8350515463917526
97 0.826530612244898
98 0.8282828282828283
99 0.83
100 0.8316831683168316
101 0.8333333333333334
102 0.8349514563106796
103 0.8365384615384616
104 0.8380952380952381
105 0.839622641509434
106 0.8411214953271028
107 0.8425925925925926
108 0.8440366972477065
109 0.8454545454545455
110 0.8468468468468469
111 0.8482142857142857
112 0.8495575221238938
113 0.8508771929824561
114 0.8521739130434782
115 0.853448275862069
116 0.8547008547008547
117 0.847457627118644
118 0.8487394957983193
119 0.85
120 0.8512396694214877
121 0.8524590163934426
122 0.8536585365853658
123 0.8548387096774194
124 0.856
125 0.8571428571428571
126 0.8582677165354331
127 0.859375
128 0.8604651162790697
129 0.8615384615384616
130 0.8625954198473282
131 0.8636363636363636
132 0.8646616541353384
133 0.8656716417910447
134 0.8592592592592593
135 0.8602941176470589
136 0.8613138686131386
137 0.8623188405797102
138 0.8633093525179856
139 0.8642857142857143
140 0.8652482269503546
141 0.8661971830985915
142 0.8671328671328671
143 0.8680555555555556
144 0.8689655172413793
145 0.8698630136986302
146 0.8707482993197279
147 0.8716216216216216
148 0.8657718120805369
149 0.8666666666666667
150 0.8609271523178808
151 0.8618421052631579
152 0.8562091503267973
153 0.8571428571428571
154 0.8580645161290322
155 0.8589743589743589
156 0.8598726114649682
157 0.8607594936708861
158 0.8616352201257862
159 0.8625
160 0.8633540372670807
161 0.8641975308641975
162 0.8650306748466258
163 0.8658536585365854
164 0.8666666666666667
165 0.8674698795180723
166 0.8682634730538922
167 0.8690476190476191
168 0.8698224852071006
169 0.8647058823529412
170 0.8654970760233918
171 0.8662790697674418
172 0.8670520231213873
173 0.8620689655172413
174 0.8628571428571429
175 0.8636363636363636
176 0.864406779661017
177 0.8651685393258427
178 0.8603351955307262
179 0.8611111111111112
180 0.861878453038674
181 0.8626373626373627
182 0.8579234972677595
183 0.8532608695652174
184 0.8540540540540541
185 0.8548387096774194
186 0.8556149732620321
187 0.8563829787234043
188 0.8571428571428571
189 0.8578947368421053
190 0.8586387434554974
191 0.859375
192 0.8601036269430051
193 0.8608247422680413
194 0.8615384615384616
195 0.8622448979591837
196 0.8578680203045685
197 0.8585858585858586
198 0.8592964824120602
199 0.86
200 0.8606965174129353
201 0.8613861386138614
202 0.8620689655172413
203 0.8627450980392157
204 0.8634146341463415
205 0.8640776699029126
206 0.8647342995169082
207 0.8605769230769231
208 0.861244019138756
209 0.861904761904762
210 0.8625592417061612
211 0.8632075471698113
212 0.863849765258216
213 0.8598130841121495
214 0.8604651162790697
215 0.8611111111111112
216 0.8617511520737328
217 0.8577981651376146
218 0.8584474885844748
219 0.8590909090909091
220 0.8597285067873304
221 0.8558558558558559
222 0.8565022421524664
223 0.8571428571428571
224 0.8577777777777778
225 0.8584070796460177
226 0.8590308370044053
227 0.8596491228070176
228 0.8602620087336245
229 0.8608695652173913
230 0.8614718614718615
231 0.8620689655172413
232 0.8583690987124464
233 0.8589743589743589
234 0.8553191489361702
235 0.8516949152542372
236 0.8523206751054853
237 0.8529411764705882
238 0.8535564853556485
239 0.8541666666666666
240 0.8506224066390041
241 0.8512396694214877
242 0.8518518518518519
243 0.8483606557377049
244 0.8489795918367347
245 0.8495934959349594
246 0.8461538461538461
247 0.842741935483871
248 0.8433734939759037
249 0.844
250 0.8446215139442231
251 0.8452380952380952
252 0.8458498023715415
253 0.84251968503937
254 0.8431372549019608
255 0.84375
256 0.8443579766536965
257 0.8449612403100775
258 0.8416988416988417
259 0.8423076923076923
260 0.842911877394636
261 0.8435114503816794
262 0.8403041825095057
263 0.8409090909090909
264 0.8415094339622642
265 0.8421052631578947
266 0.8426966292134831
267 0.8432835820895522
268 0.8438661710037175
269 0.8444444444444444
270 0.8450184501845018
271 0.8455882352941176
272 0.8461538461538461
273 0.843065693430657
274 0.84
275 0.8405797101449275
276 0.8411552346570397
277 0.841726618705036
278 0.8422939068100358
279 0.8428571428571429
280 0.8434163701067615
281 0.8439716312056738
282 0.8445229681978799
283 0.8450704225352113
284 0.8456140350877193
285 0.8426573426573427
286 0.8397212543554007
287 0.8368055555555556
288 0.8373702422145328
289 0.8379310344827586
290 0.8384879725085911
291 0.839041095890411
292 0.8395904436860068
293 0.8401360544217688
294 0.8406779661016949
295 0.8412162162162162
296 0.8383838383838383
297 0.8355704697986577
298 0.8361204013377926
299 0.8366666666666667
300 0.8372093023255814
301 0.8377483443708609
302 0.8382838283828383
303 0.8388157894736842
304 0.8360655737704918
305 0.8366013071895425
306 0.8371335504885994
307 0.8376623376623377
308 0.8381877022653722
309 0.8387096774193549
310 0.8392282958199357
311 0.8397435897435898
312 0.8402555910543131
313 0.8375796178343949
314 0.8380952380952381
315 0.8386075949367089
316 0.8359621451104101
317 0.8333333333333334
318 0.8338557993730408
319 0.834375
320 0.8348909657320872
321 0.8354037267080745
322 0.8359133126934984
323 0.8364197530864198
324 0.8369230769230769
325 0.8374233128834356
326 0.8379204892966361
327 0.8353658536585366
328 0.8358662613981763
329 0.8363636363636363
330 0.8368580060422961
331 0.8373493975903614
332 0.8348348348348348
333 0.8353293413173652
334 0.835820895522388
335 0.8333333333333334
336 0.8338278931750742
337 0.834319526627219
338 0.8348082595870207
339 0.8352941176470589
340 0.8357771260997068
341 0.8362573099415205
342 0.8367346938775511
343 0.8372093023255814
344 0.8376811594202899
345 0.838150289017341
346 0.8386167146974063
347 0.8390804597701149
348 0.839541547277937
349 0.84
350 0.8404558404558404
351 0.8409090909090909
352 0.8413597733711048
353 0.8418079096045198
354 0.8422535211267606
355 0.8426966292134831
356 0.8431372549019608
357 0.8435754189944135
358 0.8440111420612814
359 0.8416666666666667
360 0.8421052631578947
361 0.8425414364640884
362 0.8429752066115702
363 0.8434065934065934
364 0.8438356164383561
365 0.8415300546448088
366 0.8419618528610354
367 0.842391304347826
368 0.8428184281842819
369 0.8405405405405405
370 0.8409703504043127
371 0.8413978494623656
372 0.839142091152815
373 0.839572192513369
374 0.84
375 0.8404255319148937
376 0.8408488063660478
377 0.8412698412698413
378 0.8390501319261213
379 0.8394736842105263
380 0.8398950131233596
381 0.8403141361256544
382 0.8407310704960835
383 0.8411458333333334
384 0.8415584415584415
385 0.8393782383419689
386 0.8372093023255814
387 0.8376288659793815
388 0.8380462724935732
389 0.8384615384615385
390 0.8388746803069054
391 0.8392857142857143
392 0.8396946564885496
393 0.8401015228426396
394 0.8379746835443038
395 0.8383838383838383
396 0.8387909319899244
397 0.8391959798994975
398 0.8395989974937343
399 0.84
400 0.8403990024937655
401 0.8407960199004975
402 0.8411910669975186
403 0.8415841584158416
404 0.8419753086419753
405 0.8399014778325123
406 0.8402948402948403
407 0.8406862745098039
408 0.8410757946210269
409 0.8414634146341463
410 0.8394160583941606
411 0.8398058252427184
412 0.8401937046004843
413 0.8381642512077294
414 0.8385542168674699
415 0.8365384615384616
416 0.8369304556354916
417 0.8373205741626795
418 0.8353221957040573
419 0.8357142857142857
420 0.836104513064133
421 0.8341232227488151
422 0.83451536643026
423 0.8349056603773585
424 0.8352941176470589
425 0.8356807511737089
426 0.8360655737704918
427 0.8364485981308412
428 0.8368298368298368
429 0.8372093023255814
430 0.8375870069605569
431 0.8379629629629629
432 0.8383371824480369
433 0.8387096774193549
434 0.8390804597701149
435 0.8394495412844036
436 0.8375286041189931
437 0.8378995433789954
438 0.8382687927107062
439 0.8386363636363636
440 0.8367346938775511
441 0.834841628959276
442 0.835214446952596
443 0.8355855855855856
444 0.8359550561797753
445 0.8363228699551569
446 0.8366890380313199
447 0.8370535714285714
448 0.8374164810690423
449 0.8355555555555556
450 0.835920177383592
451 0.834070796460177
452 0.8344370860927153
453 0.8348017621145375
454 0.8351648351648352
455 0.8355263157894737
456 0.8336980306345733
457 0.834061135371179
458 0.8344226579520697
459 0.8347826086956521
460 0.8351409978308026
461 0.8354978354978355
462 0.8358531317494601
463 0.8362068965517241
464 0.8344086021505376
465 0.8347639484978541
466 0.8351177730192719
467 0.8354700854700855
468 0.835820895522388
469 0.8361702127659575
470 0.8343949044585988
471 0.8347457627118644
472 0.8329809725158562
473 0.8333333333333334
474 0.8336842105263158
475 0.8340336134453782
476 0.8343815513626834
477 0.8326359832635983
478 0.8308977035490606
479 0.83125
480 0.8316008316008316
481 0.8319502074688797
482 0.8322981366459627
483 0.8326446280991735
484 0.8329896907216495
485 0.831275720164609
486 0.8316221765913757
487 0.8299180327868853
488 0.8302658486707567
489 0.8306122448979592
490 0.8309572301425662
491 0.8313008130081301
492 0.8316430020283976
493 0.8319838056680162
494 0.8323232323232324
495 0.8326612903225806
496 0.8329979879275654
497 0.8333333333333334
498 0.8336673346693386
499 0.834
500 0.8343313373253493
501 0.8346613545816733
502 0.8330019880715706
503 0.8313492063492064
504 0.8316831683168316
505 0.8320158102766798
506 0.8323471400394478
507 0.8307086614173228
508 0.831041257367387
509 0.8313725490196079
510 0.8317025440313112
511 0.83203125
512 0.8323586744639376
513 0.8326848249027238
514 0.8330097087378641
515 0.8333333333333334
516 0.8336557059961315
517 0.833976833976834
518 0.8342967244701349
519 0.8346153846153846
520 0.8349328214971209
521 0.8352490421455939
522 0.8355640535372849
523 0.8358778625954199
524 0.8342857142857143
525 0.8326996197718631
526 0.8330170777988615
527 0.8333333333333334
528 0.833648393194707
529 0.8339622641509434
530 0.8342749529190208
531 0.8327067669172933
532 0.8330206378986866
533 0.8333333333333334
534 0.8336448598130841
535 0.8339552238805971
536 0.8342644320297952
537 0.8327137546468402
538 0.8330241187384044
539 0.8333333333333334
540 0.833641404805915
541 0.8339483394833949
542 0.8342541436464088
543 0.8345588235294118
544 0.8348623853211009
545 0.8351648351648352
546 0.8354661791590493
547 0.8357664233576643
548 0.8360655737704918
549 0.8363636363636363
550 0.8348457350272233
551 0.8351449275362319
552 0.8354430379746836
553 0.8357400722021661
554 0.836036036036036
555 0.8363309352517986
556 0.8366247755834829
557 0.8351254480286738
558 0.8354203935599285
559 0.8357142857142857
560 0.8342245989304813
561 0.8327402135231317
562 0.8330373001776199
563 0.8333333333333334
564 0.831858407079646
565 0.8303886925795053
566 0.8306878306878307
567 0.8309859154929577
568 0.8312829525483304
569 0.8315789473684211
570 0.8318739054290718
571 0.8321678321678322
572 0.8324607329842932
573 0.8327526132404182
574 0.8330434782608696
575 0.8333333333333334
576 0.8336221837088388
577 0.8339100346020761
578 0.8324697754749568
579 0.8327586206896552
580 0.8330464716006885
581 0.8316151202749141
582 0.8319039451114922
583 0.8304794520547946
584 0.8290598290598291
585 0.8293515358361775
586 0.8296422487223168
587 0.8299319727891157
588 0.830220713073005
589 0.8305084745762712
590 0.8307952622673435
591 0.831081081081081
592 0.8296795952782462
593 0.82996632996633
594 0.8302521008403362
595 0.8305369127516778
596 0.830820770519263
597 0.8311036789297659
598 0.8313856427378965
599 0.8316666666666667
600 0.831946755407654
601 0.8322259136212624
602 0.8325041459369817
603 0.8327814569536424
604 0.8330578512396695
605 0.8333333333333334
606 0.8336079077429983
607 0.8338815789473685
608 0.8341543513957307
609 0.8344262295081967
610 0.8346972176759411
611 0.8349673202614379
612 0.835236541598695
613 0.8355048859934854
614 0.8357723577235773
615 0.836038961038961
616 0.8363047001620746
617 0.8365695792880259
618 0.8368336025848142
619 0.8370967741935483
620 0.8373590982286635
621 0.837620578778135
622 0.8378812199036918
623 0.8365384615384616
624 0.8368
625 0.8370607028753994
626 0.835725677830941
627 0.8343949044585988
628 0.834658187599364
629 0.834920634920635
630 0.8351822503961965
631 0.8354430379746836
632 0.8357030015797788
633 0.8359621451104101
634 0.8362204724409449
635 0.8349056603773585
636 0.8351648351648352
637 0.835423197492163
638 0.8341158059467919
639 0.834375
640 0.8346333853354134
641 0.8348909657320872
642 0.8351477449455676
643 0.8354037267080745
644 0.8356589147286821
645 0.8359133126934984
646 0.8361669242658424
647 0.8364197530864198
648 0.8366718027734977
649 0.8369230769230769
650 0.837173579109063
651 0.8374233128834356
652 0.8376722817764165
653 0.8379204892966361
654 0.8381679389312977
655 0.8384146341463414
656 0.8386605783866058
657 0.8389057750759878
658 0.8391502276176024
659 0.8393939393939394
660 0.8396369137670197
661 0.8398791540785498
662 0.8401206636500754
663 0.838855421686747
664 0.8390977443609022
665 0.8393393393393394
666 0.8395802098950524
667 0.8398203592814372
668 0.8400597907324364
669 0.8402985074626865
670 0.8405365126676602
671 0.8407738095238095
672 0.8395245170876672
673 0.8397626112759644
674 0.84
675 0.8402366863905325
676 0.8404726735598228
677 0.8407079646017699
678 0.8394698085419735
679 0.8397058823529412
680 0.8399412628487518
681 0.8401759530791789
682 0.8404099560761347
683 0.8406432748538012
684 0.8408759124087591
685 0.8411078717201166
686 0.8413391557496361
687 0.8415697674418605
688 0.841799709724238
689 0.8405797101449275
690 0.8408104196816208
691 0.8410404624277457
692 0.8412698412698413
693 0.8414985590778098
694 0.841726618705036
695 0.8419540229885057
696 0.8421807747489239
697 0.8424068767908309
698 0.8426323319027181
699 0.8428571428571429
700 0.8430813124108416
701 0.8433048433048433
702 0.8435277382645804
703 0.84375
704 0.8439716312056738
705 0.8441926345609065
706 0.8444130127298444
707 0.844632768361582
708 0.843441466854725
709 0.8436619718309859
710 0.8438818565400844
711 0.8441011235955056
712 0.844319775596073
713 0.8445378151260504
714 0.8447552447552448
715 0.8449720670391061
716 0.8451882845188284
717 0.8454038997214485
718 0.8456189151599444
719 0.8458333333333333
720 0.8446601941747572
721 0.8448753462603878
722 0.8450899031811895
723 0.8439226519337016
724 0.8441379310344828
725 0.8443526170798898
726 0.844566712517194
727 0.8434065934065934
728 0.8436213991769548
729 0.8438356164383561
730 0.8426812585499316
731 0.842896174863388
732 0.8431105047748977
733 0.8433242506811989
734 0.8435374149659864
735 0.84375
736 0.8439620081411127
737 0.8441734417344173
738 0.8443843031123139
739 0.8445945945945946
740 0.844804318488529
741 0.8450134770889488
742 0.845222072678331
743 0.8440860215053764
744 0.8429530201342282
745 0.8431635388739946
746 0.8433734939759037
747 0.8435828877005348
748 0.842456608811749
749 0.8426666666666667
750 0.8428761651131824
751 0.8417553191489362
752 0.8419654714475432
753 0.8421750663129973
754 0.8423841059602649
755 0.8425925925925926
756 0.8414795244385733
757 0.8403693931398417
758 0.839262187088274
759 0.8394736842105263
760 0.8396846254927727
761 0.8398950131233596
762 0.8387942332896461
763 0.8390052356020943
764 0.8379084967320262
765 0.8381201044386423
766 0.8383311603650587
767 0.8372395833333334
768 0.8361508452535761
769 0.8363636363636363
770 0.8365758754863813
771 0.8367875647668394
772 0.8369987063389392
773 0.8372093023255814
774 0.8374193548387097
775 0.8376288659793815
776 0.8378378378378378
777 0.8380462724935732
778 0.8382541720154044
779 0.8384615384615385
780 0.8373879641485276
781 0.8375959079283888
782 0.8378033205619413
783 0.8367346938775511
784 0.8369426751592357
785 0.8358778625954199
786 0.8348157560355781
787 0.833756345177665
788 0.8339670468948035
789 0.8341772151898734
790 0.8343868520859671
791 0.8345959595959596
792 0.8348045397225725
793 0.8337531486146096
794 0.8339622641509434
795 0.8329145728643216
796 0.8331242158092849
797 0.8320802005012531
798 0.8322903629536921
799 0.8325
800 0.83270911360799
801 0.8329177057356608
802 0.8331257783312578
803 0.8333333333333334
804 0.8335403726708075
805 0.8337468982630273
806 0.8339529120198265
807 0.8341584158415841
808 0.8343634116192831
809 0.8345679012345679
810 0.8335388409371147
811 0.833743842364532
812 0.8339483394833949
813 0.8341523341523341
814 0.8343558282208589
815 0.8345588235294118
816 0.8347613219094248
817 0.8349633251833741
818 0.833943833943834
819 0.8341463414634146
820 0.833130328867235
821 0.8333333333333334
822 0.8335358444714459
823 0.8337378640776699
824 0.833939393939394
825 0.8341404358353511
826 0.8331318016928658
827 0.8333333333333334
828 0.8335343787696019
829 0.8337349397590361
830 0.8339350180505415
831 0.8329326923076923
832 0.8331332533013205
833 0.8333333333333334
834 0.8335329341317366
835 0.833732057416268
836 0.8339307048984468
837 0.834128878281623
838 0.834326579261025
839 0.8333333333333334
840 0.8335315101070154
841 0.833729216152019
842 0.8327402135231317
843 0.8317535545023697
844 0.8319526627218935
845 0.8321513002364066
846 0.8323494687131051
847 0.8325471698113207
848 0.8327444051825678
849 0.8329411764705882
850 0.8331374853113983
851 0.8333333333333334
852 0.8335287221570926
853 0.8337236533957846
854 0.8339181286549707
855 0.8341121495327103
856 0.8343057176196033
857 0.8344988344988346
858 0.8346915017462165
859 0.8337209302325581
860 0.8339140534262486
861 0.834106728538283
862 0.8342989571263036
863 0.8344907407407407
864 0.8346820809248555
865 0.8337182448036952
866 0.8339100346020761
867 0.8341013824884793
868 0.8331415420023015
869 0.8333333333333334
870 0.8335246842709529
871 0.8337155963302753
872 0.8327605956471936
873 0.8329519450800915
874 0.8331428571428572
875 0.8321917808219178
876 0.8323831242873432
877 0.8325740318906606
878 0.8327645051194539
879 0.8318181818181818
880 0.8320090805902384
881 0.8321995464852607
882 0.8323895809739524
883 0.831447963800905
884 0.831638418079096
885 0.8318284424379232
886 0.8320180383314544
887 0.8322072072072072
888 0.8323959505061868
889 0.8325842696629213
890 0.8327721661054994
891 0.8329596412556054
892 0.8331466965285554
893 0.8333333333333334
894 0.8335195530726257
895 0.8337053571428571
896 0.8338907469342252
897 0.8340757238307349
898 0.8342602892102335
899 0.8344444444444444
900 0.8346281908990011
901 0.8337028824833703
902 0.8338870431893688
903 0.834070796460177
904 0.8342541436464088
905 0.8344370860927153
906 0.834619625137817
907 0.8348017621145375
908 0.834983498349835
909 0.8351648351648352
910 0.8353457738748628
911 0.8355263157894737
912 0.8357064622124863
913 0.8358862144420132
914 0.8360655737704918
915 0.8351528384279476
916 0.8353326063249727
917 0.8344226579520697
918 0.8335146898803046
919 0.8336956521739131
920 0.8338762214983714
921 0.834056399132321
922 0.8342361863488624
923 0.8344155844155844
924 0.8345945945945946
925 0.8347732181425486
926 0.8349514563106796
927 0.8351293103448276
928 0.8353067814854682
929 0.8354838709677419
930 0.8356605800214822
931 0.8358369098712446
932 0.8360128617363344
933 0.8351177730192719
934 0.8352941176470589
935 0.8354700854700855
936 0.8356456776947705
937 0.835820895522388
938 0.8359957401490948
939 0.8361702127659575
940 0.8363443145589798
941 0.8365180467091295
942 0.8356309650053022
943 0.8358050847457628
944 0.834920634920635
945 0.8350951374207188
946 0.8352692713833157
947 0.8354430379746836
948 0.8345626975763962
949 0.8347368421052631
950 0.8349106203995794
951 0.8350840336134454
952 0.8352570828961176
953 0.8354297693920335
954 0.8356020942408376
955 0.8357740585774058
956 0.8359456635318704
957 0.8361169102296451
958 0.8362877997914494
959 0.8354166666666667
960 0.8355879292403746
961 0.8357588357588358
962 0.8359293873312564
963 0.8360995850622407
964 0.8362694300518134
965 0.8364389233954451
966 0.8366080661840745
967 0.8367768595041323
968 0.8359133126934984
969 0.8360824742268042
970 0.835221421215242
971 0.8353909465020576
972 0.8355601233299075
973 0.8357289527720739
974 0.8358974358974359
975 0.8360655737704918
976 0.8352098259979529
977 0.8353783231083844
978 0.8345250255362615
979 0.8346938775510204
980 0.8348623853211009
981 0.835030549898167
982 0.8351983723296033
983 0.8353658536585366
984 0.8355329949238579
985 0.8356997971602435
986 0.8358662613981763
987 0.8360323886639676
988 0.8351870576339737
989 0.8353535353535354
990 0.8355196770938446
991 0.8356854838709677
992 0.8348439073514602
993 0.8350100603621731
994 0.8351758793969849
995 0.8343373493975904
996 0.8335005015045135
997 0.8336673346693386
998 0.8338338338338338
999 0.834
1000 0.8341658341658341
1001 0.8343313373253493
1002 0.8344965104685942
1003 0.8336653386454184
1004 0.8338308457711443
1005 0.8339960238568589
1006 0.8341608738828202
1007 0.8343253968253969
1008 0.8344895936570862
1009 0.8346534653465346
1010 0.8348170128585559
1011 0.8349802371541502
1012 0.8341559723593287
1013 0.834319526627219
1014 0.8344827586206897
1015 0.8346456692913385
1016 0.8348082595870207
1017 0.8349705304518664
1018 0.8351324828263003
1019 0.8352941176470589
1020 0.8354554358472086
1021 0.8356164383561644
1022 0.8357771260997068
1023 0.8359375
1024 0.8360975609756097
1025 0.8362573099415205
1026 0.8364167478091529
1027 0.8365758754863813
1028 0.8367346938775511
1029 0.8368932038834952
1030 0.8370514064015518
1031 0.8372093023255814
1032 0.8373668925459826
1033 0.8375241779497099
1034 0.8376811594202899
1035 0.8378378378378378
1036 0.8379942140790743
1037 0.838150289017341
1038 0.8383060635226179
1039 0.8384615384615385
1040 0.8376560999039385
1041 0.8378119001919386
1042 0.837967401725791
1043 0.8381226053639846
1044 0.8382775119617225
1045 0.8384321223709369
1046 0.8385864374403056
1047 0.8377862595419847
1048 0.8379408960915157
1049 0.8380952380952381
1050 0.8382492863939106
1051 0.8384030418250951
1052 0.8385565052231719
1053 0.8387096774193549
1054 0.8388625592417062
1055 0.8390151515151515
1056 0.8391674550614948
1057 0.8393194706994329
1058 0.8394711992445704
1059 0.839622641509434
1060 0.8397737983034873
1061 0.839924670433145
1062 0.8400752587017873
1063 0.8402255639097744
1064 0.8403755868544601
1065 0.8405253283302064
1066 0.8397375820056232
1067 0.8389513108614233
1068 0.8391019644527596
1069 0.8392523364485981
1070 0.8394024276377218
1071 0.8395522388059702
1072 0.8397017707362535
1073 0.839851024208566
1074 0.84
1075 0.8401486988847584
1076 0.840297121634169
1077 0.839517625231911
1078 0.8396663577386468
1079 0.8398148148148148
1080 0.8390379278445883
1081 0.8391866913123844
1082 0.8393351800554016
1083 0.8394833948339483
1084 0.8387096774193549
1085 0.8388581952117864
1086 0.8390064397424103
1087 0.8382352941176471
1088 0.8383838383838383
1089 0.8376146788990826
1090 0.8368469294225481
1091 0.8360805860805861
1092 0.8362305580969808
1093 0.8363802559414991
1094 0.8365296803652968
1095 0.8357664233576643
1096 0.8359161349134002
1097 0.8360655737704918
1098 0.8362147406733395
1099 0.8363636363636363
1100 0.8365122615803815
1101 0.8366606170598911
1102 0.8368087035358114
1103 0.8369565217391305
1104 0.8361990950226245
1105 0.8363471971066908
1106 0.8364950316169828
1107 0.8366425992779783
1108 0.8367899008115419
1109 0.8369369369369369
1110 0.8361836183618362
1111 0.8363309352517986
1112 0.8364779874213837
1113 0.8357271095152603
1114 0.8358744394618834
1115 0.8351254480286738
1116 0.8352730528200537
1117 0.8354203935599285
1118 0.8355674709562109
1119 0.8357142857142857
1120 0.8358608385370205
1121 0.8360071301247772
1122 0.8361531611754229
1123 0.8362989323843416
1124 0.8355555555555556
1125 0.8357015985790408
1126 0.8349600709849158
1127 0.8351063829787234
1128 0.8352524357838795
1129 0.8353982300884956
1130 0.8355437665782494
1131 0.8356890459363958
1132 0.8358340688437775
1133 0.8359788359788359
1134 0.8352422907488987
1135 0.8345070422535211
1136 0.8346525945470537
1137 0.8347978910369068
1138 0.8349429323968394
1139 0.8350877192982457
1140 0.8352322524101665
1141 0.8353765323992994
1142 0.8355205599300087
1143 0.8356643356643356
1144 0.8349344978165939
1145 0.8350785340314136
1146 0.8352223190932868
1147 0.8353658536585366
1148 0.835509138381201
1149 0.8356521739130435
1150 0.8357949609035621
1151 0.8359375
1152 0.8360797918473547
1153 0.8353552859618717
1154 0.8354978354978355
1155 0.8356401384083045
1156 0.8357821953327571
1157 0.8359240069084629
1158 0.8360655737704918
1159 0.8362068965517241
1160 0.8363479758828596
1161 0.8364888123924269
1162 0.8357695614789338
1163 0.8359106529209622
1164 0.8360515021459227
1165 0.8353344768439108
1166 0.8354755784061697
1167 0.8356164383561644
1168 0.834901625320787
1169 0.8350427350427351
1170 0.8351836037574722
1171 0.8344709897610921
1172 0.83461210571185
1173 0.8347529812606473
1174 0.8348936170212766
1175 0.8350340136054422
1176 0.8351741716227697
1177 0.8353140916808149
1178 0.8354537743850721
1179 0.8355932203389831
1180 0.8348856900931414
1181 0.8350253807106599
1182 0.8351648351648352
1183 0.8353040540540541
1184 0.8354430379746836
1185 0.8355817875210793
1186 0.8357203032855939
1187 0.8358585858585859
1188 0.8359966358284272
1189 0.8361344537815126
1190 0.8354324097397146
1191 0.8355704697986577
1192 0.8357082984073764
1193 0.8350083752093802
1194 0.8343096234309624
1195 0.8344481605351171
1196 0.8345864661654135
1197 0.8347245409015025
1198 0.8340283569641368
1199 0.8341666666666666
1200 0.8343047460449625
1201 0.8344425956738769
1202 0.8345802161263508
1203 0.834717607973422
1204 0.8348547717842324
1205 0.8349917081260365
1206 0.8351284175642087
1207 0.8352649006622517
1208 0.8354011579818031
1209 0.8355371900826446
1210 0.8356729975227085
1211 0.8358085808580858
1212 0.8359439406430338
1213 0.8360790774299836
1214 0.8362139917695474
1215 0.8355263157894737
1216 0.8356614626129828
1217 0.8349753694581281
1218 0.8351107465135357
1219 0.8344262295081967
1220 0.8345618345618345
1221 0.8346972176759411
1222 0.8348323793949305
1223 0.8349673202614379
1224 0.8351020408163266
1225 0.835236541598695
1226 0.8353708231458843
1227 0.8355048859934854
1228 0.8356387306753458
1229 0.8357723577235773
1230 0.8359057676685622
1231 0.836038961038961
1232 0.8361719383617194
1233 0.8363047001620746
1234 0.8364372469635628
1235 0.8365695792880259
1236 0.8367016976556184
1237 0.8360258481421647
1238 0.8361581920903954
1239 0.8362903225806452
1240 0.8356164383561644
1241 0.8357487922705314
1242 0.835076427996782
1243 0.8352090032154341
1244 0.8353413654618473
1245 0.8354735152487961
1246 0.834803528468324
1247 0.8349358974358975
1248 0.8350680544435548
1249 0.8352
1250 0.8353317346123101
1251 0.8354632587859425
1252 0.8347964884277733
1253 0.8349282296650717
1254 0.8350597609561753
1255 0.8351910828025477
1256 0.8345266507557677
1257 0.834658187599364
1258 0.8347895154884829
1259 0.834920634920635
1260 0.8350515463917526
1261 0.8343898573692552
1262 0.8345209817893904
1263 0.8346518987341772
1264 0.83399209486166
1265 0.8341232227488151
1266 0.8342541436464088
1267 0.8343848580441641
1268 0.83451536643026
1269 0.8338582677165355
1270 0.8332022029897719
1271 0.8333333333333334
1272 0.8334642576590731
1273 0.8335949764521193
1274 0.8337254901960784
1275 0.8338557993730408
1276 0.8339859044635866
1277 0.8341158059467919
1278 0.8342455043002346
1279 0.83359375
1280 0.8337236533957846
1281 0.8338533541341654
1282 0.8332034294621979
1283 0.8333333333333334
1284 0.8334630350194553
1285 0.833592534992224
1286 0.8337218337218337
1287 0.8338509316770186
1288 0.8339798293250582
1289 0.834108527131783
1290 0.8342370255615802
1291 0.8343653250773994
1292 0.8337200309358082
1293 0.8330757341576507
1294 0.8332046332046332
1295 0.8333333333333334
1296 0.8334618350038551
1297 0.8335901386748844
1298 0.8337182448036952
1299 0.8338461538461538
1300 0.8339738662567256
1301 0.8341013824884793
1302 0.8342287029930928
1303 0.8343558282208589
1304 0.8337164750957854
1305 0.833843797856049
1306 0.8339709257842387
1307 0.8340978593272171
1308 0.8342245989304813
1309 0.834351145038168
1310 0.8344774980930587
1311 0.8346036585365854
1312 0.8347296268088348
1313 0.834855403348554
1314 0.834980988593156
1315 0.8351063829787234
1316 0.8352315869400152
1317 0.8353566009104704
1318 0.8347232752084913
1319 0.8348484848484848
1320 0.8349735049205148
1321 0.8343419062027232
1322 0.8344671201814059
1323 0.8338368580060423
1324 0.8332075471698113
1325 0.8333333333333334
1326 0.8334589299171062
1327 0.8335843373493976
1328 0.8337095560571859
1329 0.8338345864661654
1330 0.8339594290007513
1331 0.8333333333333334
1332 0.8334583645911477
1333 0.8328335832083958
1334 0.8329588014981273
1335 0.8330838323353293
1336 0.8332086761406133
1337 0.8333333333333334
1338 0.8327109783420463
1339 0.8328358208955224
1340 0.8329604772557793
1341 0.8330849478390462
1342 0.8332092330603127
1343 0.8333333333333334
1344 0.833457249070632
1345 0.8335809806835067
1346 0.8337045285820341
1347 0.8338278931750742
1348 0.8339510748702743
1349 0.8340740740740741
1350 0.8334566987416728
1351 0.8335798816568047
1352 0.8337028824833703
1353 0.8338257016248154
1354 0.8339483394833949
1355 0.834070796460177
1356 0.8341930729550479
1357 0.8343151693667158
1358 0.8344370860927153
1359 0.8345588235294118
1360 0.8346803820720059
1361 0.8348017621145375
1362 0.83492296404989
1363 0.8350439882697948
1364 0.8351648351648352
1365 0.835285505124451
1366 0.8354059985369422
1367 0.8355263157894737
1368 0.8356464572680788
1369 0.8357664233576643
1370 0.8358862144420132
1371 0.8360058309037901
1372 0.8361252731245448
1373 0.8355167394468704
1374 0.8356363636363636
1375 0.8357558139534884
1376 0.8351488743645606
1377 0.8352685050798259
1378 0.8346627991298042
1379 0.8340579710144927
1380 0.834178131788559
1381 0.8342981186685963
1382 0.8344179320318149
1383 0.8345375722543352
1384 0.8346570397111913
1385 0.8347763347763347
1386 0.8348954578226387
1387 0.8350144092219021
1388 0.8344132469402448
1389 0.8345323741007195
1390 0.8346513299784328
1391 0.8347701149425287
1392 0.8348887293610912
1393 0.8350071736011477
1394 0.8351254480286738
1395 0.8345272206303725
1396 0.8339298496778812
1397 0.8340486409155937
1398 0.8341672623302359
1399 0.8342857142857143
1400 0.8344039971448965
1401 0.8345221112696148
1402 0.83464005702067
1403 0.8347578347578347
1404 0.8348754448398576
1405 0.8349928876244666
1406 0.8351101634683724
1407 0.8352272727272727
1408 0.8353442157558553
1409 0.8354609929078014
1410 0.8355776045357902
1411 0.8356940509915014
1412 0.835102618542109
1413 0.8352192362093352
1414 0.8353356890459364
1415 0.83545197740113
1416 0.8355681016231475
1417 0.8356840620592384
1418 0.835799859055673
1419 0.8359154929577465
1420 0.8360309641097818
1421 0.8354430379746836
1422 0.8355586788475052
1423 0.8356741573033708
1424 0.8357894736842105
1425 0.8359046283309958
1426 0.8353188507358094
1427 0.8354341736694678
1428 0.8355493351994402
1429 0.8356643356643356
1430 0.8357791754018169
1431 0.8358938547486033
1432 0.8360083740404746
1433 0.8361227336122734
1434 0.8362369337979094
1435 0.8363509749303621
1436 0.8364648573416841
1437 0.8365785813630042
1438 0.8366921473245309
1439 0.8368055555555556
1440 0.8369188063844553
1441 0.8370319001386962
1442 0.8371448371448371
1443 0.8372576177285319
1444 0.8373702422145328
1445 0.8374827109266944
1446 0.8375950241879752
1447 0.837707182320442
1448 0.8378191856452726
1449 0.8379310344827586
1450 0.8380427291523087
1451 0.8381542699724518
1452 0.8382656572608397
1453 0.8383768913342503
1454 0.8384879725085911
1455 0.8385989010989011
1456 0.8387096774193549
1457 0.8388203017832647
1458 0.8389307745030843
1459 0.839041095890411
1460 0.839151266255989
1461 0.8392612859097127
1462 0.8393711551606289
1463 0.8394808743169399
1464 0.8395904436860068
1465 0.839699863574352
1466 0.8398091342876619
1467 0.8399182561307902
1468 0.8400272294077604
1469 0.8401360544217688
1470 0.840244731475187
1471 0.8403532608695652
1472 0.8404616429056347
1473 0.8398914518317503
1474 0.84
1475 0.8401084010840109
1476 0.8402166553825322
1477 0.8403247631935047
1478 0.8397565922920892
1479 0.8391891891891892
1480 0.8392977717758271
1481 0.8394062078272605
1482 0.839514497639919
1483 0.839622641509434
1484 0.8390572390572391
1485 0.8391655450874832
1486 0.8392737054472091
1487 0.8393817204301075
1488 0.8394895903290799
1489 0.8395973154362416
1490 0.8397048960429242
1491 0.8398123324396782
1492 0.8399196249162759
1493 0.8400267737617135
1494 0.8401337792642141
1495 0.8402406417112299
1496 0.8403473613894455
1497 0.8404539385847797
1498 0.8405603735823882
1499 0.8406666666666667
1500 0.8407728181212525
1501 0.8408788282290279
1502 0.8403193612774451
1503 0.8404255319148937
1504 0.840531561461794
1505 0.8406374501992032
1506 0.840743198407432
1507 0.8408488063660478
1508 0.8409542743538767
1509 0.8410596026490066
1510 0.8405029781601588
1511 0.8406084656084656
1512 0.8407138136153338
1513 0.8408190224570674
1514 0.8409240924092409
1515 0.8410290237467019
1516 0.8411338167435728
1517 0.8412384716732543
1518 0.8413429888084266
1519 0.8414473684210526
1520 0.84155161078238
1521 0.8416557161629435
1522 0.8417596848325674
1523 0.8412073490813649
1524 0.8413114754098361
1525 0.8414154652686763
1526 0.8415193189259987
1527 0.8416230366492147
1528 0.841726618705036
1529 0.8411764705882353
1530 0.8406270411495754
1531 0.8407310704960835
1532 0.8408349641226354
1533 0.8409387222946545
1534 0.8410423452768729
1535 0.8404947916666666
1536 0.8405985686402082
1537 0.840702210663199
1538 0.8408057179987004
1539 0.8409090909090909
1540 0.8410123296560675
1541 0.8411154345006485
1542 0.8412184057031756
1543 0.8406735751295337
1544 0.8407766990291262
1545 0.8408796895213454
1546 0.8409825468648998
1547 0.8410852713178295
1548 0.841187863137508
1549 0.8412903225806452
1550 0.8407479045776918
1551 0.8408505154639175
1552 0.840952994204765
1553 0.8410553410553411
1554 0.8411575562700965
1555 0.8412596401028277
1556 0.8413615928066795
1557 0.8414634146341463
1558 0.841565105837075
1559 0.8416666666666667
1560 0.8417680973734786
1561 0.8418693982074263
1562 0.8419705694177864
1563 0.8414322250639387
1564 0.8415335463258786
1565 0.8416347381864623
1566 0.8417358008934269
1567 0.8411989795918368
1568 0.8413001912045889
1569 0.8407643312101911
1570 0.8408656906429026
1571 0.8409669211195929
1572 0.8410680228862047
1573 0.8405336721728082
1574 0.8406349206349206
1575 0.8401015228426396
1576 0.8402029169308814
1577 0.8403041825095057
1578 0.8404053198226725
1579 0.8405063291139241
1580 0.8406072106261859
1581 0.8407079646017699
1582 0.8401768793430195
1583 0.8402777777777778
1584 0.840378548895899
1585 0.8404791929382094
1586 0.8405797101449275
1587 0.8400503778337531
1588 0.8401510383889238
1589 0.8402515723270441
1590 0.8403519798868636
1591 0.8404522613065326
1592 0.839924670433145
1593 0.8400250941028858
1594 0.8401253918495298
1595 0.8395989974937343
1596 0.8396994364433312
1597 0.8397997496871089
1598 0.8398999374609131
1599 0.84
1600 0.8400999375390381
1601 0.8401997503121099
1602 0.8402994385527136
1603 0.8397755610972568
1604 0.8392523364485981
1605 0.8393524283935243
1606 0.8394523957685127
1607 0.8395522388059702
1608 0.8396519577377253
1609 0.8391304347826087
1610 0.8392302917442582
1611 0.8393300248138957
1612 0.8394296342219467
1613 0.8395291201982652
1614 0.8396284829721362
1615 0.8391089108910891
1616 0.8385899814471243
1617 0.8386897404202719
1618 0.8381717109326745
1619 0.8382716049382716
1620 0.838371375694016
1621 0.8384710234278668
1622 0.8385705483672212
1623 0.8386699507389163
1624 0.8387692307692308
1625 0.8382533825338253
1626 0.8383527965580824
1627 0.8384520884520884
1628 0.8385512584407612
1629 0.8386503067484663
1630 0.838749233599019
1631 0.8388480392156863
1632 0.838946723821188
1633 0.8390452876376989
1634 0.8391437308868501
1635 0.839242053789731
1636 0.8393402565668907
1637 0.8388278388278388
1638 0.8389261744966443
1639 0.8390243902439024
1640 0.8385131017672152
1641 0.8386114494518879
1642 0.8381010346926354
1643 0.8381995133819952
1644 0.8382978723404255
1645 0.8377885783718104
1646 0.8378870673952641
1647 0.8379854368932039
1648 0.8380836870830807
1649 0.8381818181818181
1650 0.8382798304058147
1651 0.8383777239709443
1652 0.838475499092559
1653 0.8385731559854898
1654 0.8386706948640483
1655 0.8387681159420289
1656 0.8388654194327098
1657 0.838962605548854
1658 0.8390596745027125
1659 0.8391566265060241
1660 0.839253461770018
1661 0.8393501805054152
1662 0.8388454600120264
1663 0.8383413461538461
1664 0.8384384384384385
1665 0.8385354141656662
1666 0.8386322735452909
1667 0.8387290167865707
1668 0.8388256440982624
1669 0.8383233532934131
1670 0.8384201077199281
1671 0.8379186602870813
1672 0.8380155409444112
1673 0.8381123058542413
1674 0.8382089552238806
1675 0.8383054892601431
1676 0.83840190816935
1677 0.8384982121573301
1678 0.8385944014294223
1679 0.8386904761904762
1680 0.8387864366448543
1681 0.8388822829964329
1682 0.8389780154486037
1683 0.838479809976247
1684 0.8385756676557864
1685 0.8386714116251482
1686 0.8381742738589212
1687 0.8382701421800948
1688 0.8383658969804618
1689 0.8384615384615385
1690 0.8385570668243643
1691 0.8386524822695035
1692 0.8387477849970466
1693 0.8388429752066116
1694 0.8383480825958702
1695 0.8384433962264151
1696 0.8379493223335298
1697 0.8380447585394581
1698 0.8381400824014126
1699 0.8382352941176471
1700 0.8383303938859494
1701 0.8378378378378378
1702 0.8373458602466236
1703 0.8374413145539906
1704 0.836950146627566
1705 0.8370457209847597
1706 0.8371411833626244
1707 0.8372365339578455
1708 0.8373317729666472
1709 0.8374269005847953
1710 0.8375219170075979
1711 0.8376168224299065
1712 0.837711617046118
1713 0.8378063010501751
1714 0.8379008746355685
1715 0.837995337995338
1716 0.8380896913220733
1717 0.8381839348079162
1718 0.8382780686445608
1719 0.8377906976744186
1720 0.8378849506101104
1721 0.837979094076655
1722 0.8380731282646546
1723 0.8381670533642691
1724 0.8382608695652174
1725 0.8383545770567786
1726 0.8378691372321946
1727 0.8379629629629629
1728 0.8380566801619433
1729 0.838150289017341
1730 0.8382437897169266
1731 0.8383371824480369
1732 0.8384304673975764
1733 0.8385236447520185
1734 0.8386167146974063
1735 0.8387096774193549
1736 0.8388025331030512
1737 0.8383199079401611
1738 0.8384128809660725
1739 0.8385057471264368
1740 0.8380241240666284
1741 0.8381171067738232
1742 0.8382099827882961
1743 0.838302752293578
1744 0.8383954154727794
1745 0.8379152348224513
1746 0.8380080137378363
1747 0.8381006864988558
1748 0.8381932532875929
1749 0.8382857142857143
1750 0.8383780696744717
1751 0.8378995433789954
1752 0.8379920136908158
1753 0.8380843785632839
1754 0.8381766381766381
1755 0.8382687927107062
1756 0.838360842344906
1757 0.838452787258248
1758 0.8385446276293349
1759 0.8386363636363636
1760 0.8387279954571266
1761 0.8388195232690124
1762 0.8389109472490074
1763 0.8390022675736961
1764 0.8390934844192635
1765 0.8386183465458663
1766 0.8387096774193549
1767 0.8388009049773756
1768 0.8388920293951385
1769 0.8389830508474576
1770 0.8390739695087521
1771 0.8391647855530474
1772 0.8392554991539763
1773 0.8393461104847801
1774 0.8394366197183099
1775 0.839527027027027
1776 0.8396173325830051
1777 0.8397075365579303
1778 0.8392355255761664
1779 0.8393258426966292
1780 0.8394160583941606
1781 0.8395061728395061
1782 0.839035333707235
1783 0.8391255605381166
1784 0.8392156862745098
1785 0.8393057110862262
1786 0.8393956351426972
1787 0.8394854586129754
1788 0.8390162101732812
1789 0.8391061452513966
1790 0.8391959798994975
1791 0.8392857142857143
1792 0.8393753485778026
1793 0.8394648829431438
1794 0.8395543175487465
1795 0.8396436525612472
1796 0.8397328881469115
1797 0.8398220244716351
1798 0.839911061700945
1799 0.84
1800 0.8400888395335925
1801 0.8401775804661488
1802 0.8402662229617305
1803 0.8398004434589801
1804 0.8398891966759002
1805 0.8399778516057586
1806 0.8400664084117322
1807 0.8401548672566371
1808 0.839690436705362
1809 0.8392265193370165
1810 0.8393152954168968
1811 0.8394039735099338
1812 0.839492553778268
1813 0.8395810363836824
1814 0.8396694214876033
1815 0.8392070484581498
1816 0.8392955421023666
1817 0.8393839383938394
1818 0.839472237493128
1819 0.8395604395604396
1820 0.8396485447556288
1821 0.8391877058177827
1822 0.8392759188151399
1823 0.8393640350877193
1824 0.8394520547945206
1825 0.8389923329682366
1826 0.8390804597701149
1827 0.8391684901531729
1828 0.8387096774193549
1829 0.8387978142076503
1830 0.8388858547241944
1831 0.8389737991266376
1832 0.8390616475722859
1833 0.8391494002181025
1834 0.8392370572207084
1835 0.8393246187363834
1836 0.839412084921067
1837 0.8394994559303591
1838 0.8395867319195215
1839 0.8396739130434783
1840 0.8392178164041282
1841 0.8393051031487514
1842 0.839392295170917
1843 0.838937093275488
1844 0.8390243902439024
1845 0.8391115926327194
1846 0.8391987005955603
1847 0.8392857142857143
1848 0.8388318009734992
1849 0.8389189189189189
1850 0.8390059427336575
1851 0.8390928725701944
1852 0.83917970858068
1853 0.8392664509169363
1854 0.8393530997304582
1855 0.8394396551724138
1856 0.8395261173936457
1857 0.8396124865446717
1858 0.8396987627756859
1859 0.8397849462365592
1860 0.8398710370768404
1861 0.8399570354457573
1862 0.8395061728395061
1863 0.8395922746781116
1864 0.839142091152815
1865 0.8392282958199357
1866 0.8387787895018747
1867 0.838865096359743
1868 0.8389513108614233
1869 0.8385026737967914
1870 0.8385889898450026
1871 0.8386752136752137
1872 0.8387613454351308
1873 0.8388473852721452
1874 0.8384
1875 0.8384861407249466
1876 0.838572189664358
1877 0.8386581469648562
1878 0.8387440127727515
1879 0.8388297872340426
1880 0.8389154704944178
1881 0.8390010626992561
1882 0.8390865639936272
1883 0.839171974522293
1884 0.8392572944297082
1885 0.8393425238600212
1886 0.8394276629570747
1887 0.8395127118644068
1888 0.8395976707252515
1889 0.8396825396825397
1890 0.8392384981491274
1891 0.8393234672304439
1892 0.8394083465398838
1893 0.8389651531151003
1894 0.8390501319261213
1895 0.8391350210970464
1896 0.8392198207696363
1897 0.8387776606954689
1898 0.8383359662980516
1899 0.838421052631579
1900 0.8385060494476592
1901 0.8385909568874869
1902 0.8386757750919601
1903 0.8387605042016807
1904 0.8388451443569553
1905 0.8389296956977964
1906 0.8390141583639223
1907 0.8385744234800838
1908 0.8386589837611315
1909 0.8387434554973822
1910 0.8388278388278388
1911 0.8389121338912134
1912 0.8389963408259279
1913 0.8390804597701149
1914 0.8386422976501305
1915 0.8387265135699373
1916 0.838810641627543
1917 0.8388946819603754
1918 0.8389786347055758
1919 0.8390625
1920 0.8391462779802187
1921 0.8392299687825182
1922 0.8393135725429017
1923 0.8393970893970893
1924 0.8394805194805195
1925 0.839563862928349
1926 0.839647119875454
1927 0.8397302904564315
1928 0.8398133748055988
1929 0.8398963730569948
1930 0.8399792853443812
1931 0.8400621118012422
1932 0.8401448525607863
1933 0.8402275077559462
1934 0.8403100775193798
1935 0.8403925619834711
1936 0.8404749612803304
1937 0.8405572755417957
1938 0.8406395048994327
1939 0.8407216494845361
1940 0.8408037094281299
1941 0.840885684860968
1942 0.840452907874421
1943 0.8405349794238683
1944 0.8406169665809768
1945 0.8401849948612539
1946 0.8402670775552131
1947 0.8403490759753593
1948 0.840430990251411
1949 0.8405128205128205
1950 0.840594566888775
1951 0.8406762295081968
1952 0.840757808499744
1953 0.8408393039918116
1954 0.8409207161125319
1955 0.841002044989775
1956 0.8410832907511497
1957 0.8406537282941777
1958 0.8407350689127105
1959 0.8408163265306122
1960 0.8408975012748597
1961 0.8409785932721713
1962 0.8410596026490066
1963 0.8411405295315683
1964 0.8412213740458016
1965 0.8413021363173957
1966 0.8408744280630401
1967 0.8409552845528455
1968 0.8410360589131539
1969 0.8411167512690355
1970 0.8411973617453069
1971 0.8412778904665315
1972 0.8408514951849975
1973 0.8409321175278622
1974 0.8405063291139241
1975 0.8405870445344129
1976 0.8406676783004552
1977 0.8407482305358949
1978 0.8408287013643254
1979 0.8409090909090909
1980 0.8404846037354872
1981 0.8405650857719476
1982 0.8406454866364095
1983 0.8407258064516129
1984 0.8408060453400503
1985 0.8408862034239678
1986 0.8409662808253648
1987 0.8410462776659959
1988 0.8411261940673705
1989 0.8412060301507538
1990 0.8407835258663988
1991 0.8408634538152611
1992 0.8409433015554441
1993 0.8405215646940822
1994 0.8406015037593985
1995 0.8406813627254509
1996 0.8402603905858789
1997 0.8398398398398398
1998 0.8394197098549274
1999 0.8395
2000 0.8390804597701149
2001 0.8386613386613386
2002 0.8387418871692461
2003 0.8388223552894212
2004 0.8389027431421446
2005 0.8389830508474576
2006 0.8385650224215246
2007 0.8381474103585658
2008 0.8382279741164759
2009 0.8383084577114428
2010 0.8383888612630532
2011 0.8379721669980119
2012 0.8380526577247889
2013 0.8376365441906654
2014 0.8372208436724565
2015 0.8368055555555556
2016 0.8368864650470996
2017 0.8369672943508424
2018 0.8370480435859337
2019 0.8371287128712871
2020 0.8372093023255814
2021 0.8372898120672602
2022 0.8373702422145328
2023 0.8374505928853755
2024 0.837037037037037
2025 0.8371174728529122
2026 0.8367044893931919
2027 0.8367850098619329
2028 0.8368654509610646
2029 0.8369458128078818
2030 0.8370260955194485
2031 0.8371062992125984
2032 0.836694540088539
2033 0.8367748279252704
2034 0.8368550368550368
2035 0.8364440078585462
2036 0.836033382425135
2037 0.8361138370951914
2038 0.836194212849436
2039 0.8362745098039216
2040 0.8363547280744733
2041 0.8364348677766895
2042 0.8365149290259423
2043 0.8365949119373777
2044 0.8361858190709046
2045 0.8362658846529815
2046 0.8363458720078163
2047 0.83642578125
2048 0.8365056124938994
2049 0.8365853658536585
2050 0.8361774744027304
2051 0.8362573099415205
2052 0.8363370677057964
2053 0.8364167478091529
2054 0.8364963503649635
2055 0.8365758754863813
2056 0.8366553232863393
2057 0.8367346938775511
2058 0.8368139873725109
2059 0.8364077669902913
2060 0.8364871421639981
2061 0.8365664403491756
2062 0.83664566165778
2063 0.8367248062015504
2064 0.8368038740920097
2065 0.8368828654404646
2066 0.8369617803580067
2067 0.8370406189555126
2068 0.8371193813436443
2069 0.8367149758454107
2070 0.8367938194109126
2071 0.8368725868725869
2072 0.8369512783405693
2073 0.837029893924783
2074 0.8366265060240964
2075 0.8367052023121387
2076 0.836783822821377
2077 0.8368623676612127
2078 0.836940836940837
2079 0.8370192307692308
2080 0.8370975492551658
2081 0.8371757925072046
2082 0.8367738838214114
2083 0.836852207293666
2084 0.8369304556354916
2085 0.8370086289549377
2086 0.8370867273598467
2087 0.8366858237547893
2088 0.8362853039731929
2089 0.8363636363636363
2090 0.836441893830703
2091 0.8360420650095602
2092 0.8361204013377926
2093 0.8357211079274116
2094 0.835799522673031
2095 0.8354007633587787
2096 0.8354792560801144
2097 0.8355576739752145
2098 0.8356360171510243
2099 0.8357142857142857
2100 0.8357924797715374
2101 0.8358705994291151
2102 0.8359486447931527
2103 0.8360266159695817
2104 0.836104513064133
2105 0.8361823361823362
2106 0.8362600854295207
2107 0.8363377609108159
2108 0.8359412043622569
2109 0.8360189573459715
2110 0.8360966366650876
2111 0.8361742424242424
2112 0.836251774727875
2113 0.836329233680227
2114 0.8359338061465721
2115 0.8360113421550095
2116 0.8360888049126122
2117 0.836166194523135
2118 0.8362435110901368
2119 0.8363207547169811
2120 0.8363979255068364
2121 0.8364750235626767
2122 0.8365520489872822
2123 0.8366290018832392
2124 0.8367058823529412
2125 0.8367826904985889
2126 0.8368594264221909
2127 0.8369360902255639
2128 0.8370126820103335
2129 0.8366197183098592
2130 0.8366963866729236
2131 0.8367729831144465
2132 0.8368495077355836
2133 0.8369259606373008
2134 0.8370023419203747
2135 0.8370786516853933
2136 0.8371548900327562
2137 0.8372310570626754
2138 0.8373071528751753
2139 0.8373831775700935
2140 0.8374591312470808
2141 0.8375350140056023
2142 0.837610825944937
2143 0.8376865671641791
2144 0.8377622377622378
2145 0.8378378378378378
2146 0.8379133674895203
2147 0.8379888268156425
2148 0.8375988832014891
2149 0.8372093023255814
2150 0.8372849837284984
2151 0.8368959107806692
2152 0.8369716674407803
2153 0.8370473537604457
2154 0.837122969837587
2155 0.8371985157699443
2156 0.8372739916550765
2157 0.8368860055607044
2158 0.8369615562760537
2159 0.837037037037037
2160 0.8371124479407681
2161 0.8371877890841813
2162 0.8372630605640314
2163 0.8373382624768947
2164 0.8374133949191686
2165 0.8374884579870729
2166 0.8375634517766497
2167 0.8376383763837638
2168 0.8377132319041033
2169 0.8377880184331797
2170 0.8378627360663289
2171 0.8379373848987108
2172 0.8380119650253106
2173 0.8380864765409384
2174 0.8381609195402299
2175 0.8382352941176471
2176 0.8383096003674781
2177 0.8383838383838383
2178 0.8384580082606701
2179 0.8380733944954128
2180 0.838147638697845
2181 0.8377635197066912
2182 0.8378378378378378
2183 0.8379120879120879
2184 0.8379862700228833
2185 0.8380603842634949
2186 0.8381344307270233
2187 0.8382084095063985
2188 0.838282320694381
2189 0.8383561643835616
2190 0.8379735280693748
2191 0.8380474452554745
2192 0.8381212950296397
2193 0.8381950774840474
2194 0.8382687927107062
2195 0.8383424408014571
2196 0.8384160218479745
2197 0.83803457688808
2198 0.8381082310140974
2199 0.8381818181818181
2200 0.838255338482508
2201 0.8383287920072662
2202 0.8384021788470268
2203 0.838475499092559
2204 0.8385487528344672
2205 0.8386219401631912
2206 0.8382419574082465
2207 0.8383152173913043
2208 0.838388411045722
2209 0.8380090497737557
2210 0.838082315694256
2211 0.8381555153707052
2212 0.8382286488929056
2213 0.8383017163504969
2214 0.8383747178329571
2215 0.8384476534296029
2216 0.8385205232295896
2217 0.8385933273219116
2218 0.8386660657954034
2219 0.8387387387387387
2220 0.8388113462404322
2221 0.8388838883888389
2222 0.8389563652721548
2223 0.8385791366906474
2224 0.8386516853932584
2225 0.8387241689128482
2226 0.838796587337225
2227 0.8388689407540395
2228 0.8389412292507851
2229 0.8390134529147982
2230 0.8390856118332586
2231 0.83915770609319
2232 0.8392297357814599
2233 0.8393017009847806
2234 0.8389261744966443
2235 0.8389982110912343
2236 0.8390701832811801
2237 0.839142091152815
2238 0.839213934792318
2239 0.8392857142857143
2240 0.8389112003569835
2241 0.8389830508474576
2242 0.8390548372715114
2243 0.838680926916221
2244 0.8383073496659242
2245 0.838379341050757
2246 0.838006230529595
2247 0.8380782918149466
2248 0.838150289017341
2249 0.8382222222222222
2250 0.8382940915148823
2251 0.8383658969804618
2252 0.8384376387039503
2253 0.8385093167701864
2254 0.8385809312638581
2255 0.8386524822695035
2256 0.8382809038546744
2257 0.8383525243578388
2258 0.8384240814519699
2259 0.838495575221239
2260 0.8385670057496682
2261 0.8386383731211318
2262 0.8387096774193549
2263 0.8387809187279152
2264 0.8388520971302428
2265 0.8384819064430715
2266 0.8381120423467138
2267 0.8381834215167548
2268 0.8382547377699427
2269 0.8378854625550661
2270 0.837956847203875
2271 0.8380281690140845
2272 0.8380994280686318
2273 0.8381706244503079
2274 0.8382417582417583
2275 0.8383128295254832
2276 0.8383838383838383
2277 0.8380158033362599
2278 0.8380868802106187
2279 0.8377192982456141
2280 0.8377904427882508
2281 0.8378615249780894
2282 0.8379325448970653
2283 0.8380035026269702
2284 0.837636761487965
2285 0.8377077865266842
2286 0.8377787494534324
2287 0.8374125874125874
2288 0.8374836173001311
2289 0.8375545851528384
2290 0.8376254910519424
2291 0.837696335078534
2292 0.837767117313563
2293 0.8378378378378378
2294 0.8379084967320262
2295 0.837979094076655
2296 0.8380496299521114
2297 0.8381201044386423
2298 0.838190517616355
2299 0.8378260869565217
2300 0.8374619730551934
2301 0.8375325803649001
2302 0.8376031263569258
2303 0.8376736111111112
2304 0.8377440347071583
2305 0.8373807458803122
2306 0.8374512353706112
2307 0.837521663778163
2308 0.83759203118233
2309 0.8376623376623377
2310 0.837732583297274
2311 0.83780276816609
2312 0.8378728923476005
2313 0.837942955920484
2314 0.838012958963283
2315 0.8380829015544041
2316 0.8381527837721191
2317 0.8382226056945643
2318 0.8382923673997412
2319 0.8383620689655172
2320 0.8384317104696252
2321 0.838501291989664
2322 0.8385708136030995
2323 0.8382099827882961
2324 0.8382795698924731
2325 0.8383490971625107
2326 0.8384185646755479
2327 0.8384879725085911
2328 0.8385573207385144
2329 0.8386266094420601
2330 0.8386958386958387
2331 0.8383361921097771
2332 0.8384054864980711
2333 0.8384747215081405
2334 0.8385438972162741
2335 0.8386130136986302
2336 0.8386820710312366
2337 0.8387510692899914
2338 0.8388200085506626
2339 0.8388888888888889
2340 0.8389577103801794
2341 0.8390264730999146
2342 0.8390951771233461
2343 0.8391638225255973
2344 0.8392324093816631
2345 0.8393009377664109
2346 0.8393694077545804
2347 0.8394378194207837
2348 0.8395061728395061
2349 0.8395744680851064
2350 0.8396427052318163
2351 0.8392857142857143
2352 0.8393540161495963
2353 0.8394222599830077
2354 0.8394904458598726
2355 0.8395585738539898
2356 0.8396266440390326
2357 0.8396946564885496
2358 0.8393387028401865
2359 0.839406779661017
2360 0.8390512494705633
2361 0.8391193903471634
2362 0.8391874735505713
2363 0.8392554991539763
2364 0.8393234672304439
2365 0.8393913778529163
2366 0.839459231094212
2367 0.839527027027027
2368 0.8395947657239341
2369 0.8396624472573839
2370 0.8397300716997048
2371 0.8397976391231029
2372 0.8398651495996629
2373 0.8399326032013479
2374 0.84
2375 0.8396464646464646
2376 0.8397139251156921
2377 0.8397813288477712
2378 0.8398486759142497
2379 0.8399159663865546
2380 0.8399832003359933
2381 0.8400503778337531
2382 0.8401174989509023
2383 0.8401845637583892
2384 0.8402515723270441
2385 0.8403185247275775
2386 0.8403854210305823
2387 0.8404522613065326
2388 0.8405190456257848
2389 0.8401673640167364
2390 0.8402342116269343
2391 0.8398829431438127
2392 0.8399498537400752
2393 0.8400167084377611
2394 0.8400835073068893
2395 0.8401502504173622
2396 0.8402169378389653
2397 0.8402835696413679
2398 0.8403501458941226
2399 0.8404166666666667
2400 0.8404831320283215
2401 0.8405495420482931
2402 0.8401997503121099
2403 0.8402662229617305
2404 0.8403326403326403
2405 0.8399833748960931
2406 0.8400498545907769
2407 0.8397009966777409
2408 0.8397675383976754
2409 0.8398340248962656
2410 0.8399004562422231
2411 0.8399668325041459
2412 0.8396187318690427
2413 0.8396851698425849
2414 0.8397515527950311
2415 0.839817880794702
2416 0.8394704178733968
2417 0.8395368072787428
2418 0.8396031417941298
2419 0.8396694214876033
2420 0.8397356464270962
2421 0.8398018166804294
2422 0.8398679323153116
2423 0.8399339933993399
2424 0.8395876288659794
2425 0.8396537510305029
2426 0.8397198187062217
2427 0.8393739703459637
2428 0.839440098806093
2429 0.8390946502057613
2430 0.8391608391608392
2431 0.8388157894736842
2432 0.8388820386354295
2433 0.8389482333607231
2434 0.8390143737166325
2435 0.8390804597701149
2436 0.839146491588018
2437 0.8392124692370796
2438 0.8392783927839278
2439 0.839344262295082
2440 0.8394100778369521
2441 0.8394758394758395
2442 0.839541547277937
2443 0.839607201309329
2444 0.8396728016359918
2445 0.839329517579722
2446 0.8393951777686963
2447 0.8394607843137255
2448 0.8395263372805226
2449 0.8395918367346938
2450 0.8396572827417381
2451 0.8397226753670473
2452 0.8393803505911129
2453 0.839038304808476
2454 0.8391038696537678
2455 0.8391693811074918
2456 0.8392348392348392
2457 0.838893409275834
2458 0.8389589263928426
2459 0.8390243902439024
2460 0.8386834620073141
2461 0.838748984565394
2462 0.8388144539179861
2463 0.8388798701298701
2464 0.8389452332657201
2465 0.8390105433901054
2466 0.8390758005674909
2467 0.8391410048622366
2468 0.8392061563385986
2469 0.8392712550607287
2470 0.839336301092675
2471 0.8394012944983819
2472 0.8394662353416903
2473 0.8395311236863379
2474 0.8395959595959596
2475 0.8396607431340872
2476 0.8397254743641501
2477 0.8393866020984665
2478 0.8390480032271077
2479 0.8391129032258065
2480 0.8391777509068924
2481 0.839242546333602
2482 0.8393072895690696
2483 0.8393719806763285
2484 0.8394366197183099
2485 0.8395012067578439
2486 0.8395657418576599
2487 0.8396302250803859
2488 0.8396946564885496
2489 0.8397590361445784
2490 0.8398233641107988
2491 0.8398876404494382
2492 0.8399518652226233
2493 0.8400160384923817
2494 0.8400801603206413
2495 0.8401442307692307
2496 0.8402082498998799
2497 0.8398718975180144
2498 0.8399359743897559
2499 0.84
2500 0.8396641343462615
2501 0.8393285371702638
2502 0.8393927287255294
2503 0.8394568690095847
2504 0.8395209580838323
2505 0.8391859537110934
2506 0.8392500997207818
2507 0.8393141945773525
2508 0.8393782383419689
2509 0.8394422310756973
2510 0.8395061728395061
2511 0.8395700636942676
2512 0.8396339037007561
2513 0.8396976929196499
2514 0.8397614314115308
2515 0.839825119236884
2516 0.8398887564560985
2517 0.8399523431294679
2518 0.8400158793171894
2519 0.8396825396825397
2520 0.8397461324871083
2521 0.8398096748612213
2522 0.8398731668648435
2523 0.8399366085578447
2524 0.84
2525 0.8400633412509897
2526 0.8401266323703996
2527 0.8401898734177216
2528 0.8402530644523527
2529 0.8399209486166008
2530 0.8399841959699723
2531 0.840047393364929
2532 0.8401105408606395
2533 0.84017363851618
2534 0.8402366863905325
2535 0.8402996845425867
2536 0.8403626330311391
2537 0.8404255319148937
2538 0.8404883812524616
2539 0.8405511811023622
2540 0.8406139315230224
2541 0.8406766325727774
2542 0.8407392843098702
2543 0.8408018867924528
2544 0.8408644400785854
2545 0.8409269442262373
2546 0.8409893992932862
2547 0.8410518053375197
2548 0.841114162416634
2549 0.8411764705882353
2550 0.8412387299098393
2551 0.8413009404388715
2552 0.8413631022326674
2553 0.841425215348473
2554 0.8410958904109589
2555 0.8407668231611893
2556 0.8408290965975753
2557 0.8408913213448006
2558 0.8409534974599453
2559 0.841015625
2560 0.8410777040218664
2561 0.8411397345823576
2562 0.8408115489660554
2563 0.8408736349453978
2564 0.8409356725146199
2565 0.8409976617303195
2566 0.8410596026490066
2567 0.8411214953271028
2568 0.841183339820942
2569 0.8412451361867704
2570 0.8413068844807468
2571 0.8409797822706065
2572 0.8410415856976292
2573 0.8411033411033411
2574 0.8411650485436893
2575 0.8412267080745341
2576 0.8409002716336825
2577 0.8405740884406516
2578 0.8406359053896859
2579 0.8406976744186047
2580 0.8407593955831073
2581 0.8404337722695585
2582 0.840495547812621
2583 0.8405572755417957
2584 0.8406189555125725
2585 0.8402938901778809
2586 0.8403556242752223
2587 0.8404173106646059
2588 0.8404789494013133
2589 0.8401544401544402
2590 0.8402161327672714
2591 0.8402777777777778
2592 0.8403393752410335
2593 0.8404009252120278
2594 0.8404624277456647
2595 0.8405238828967643
2596 0.8405852907200616
2597 0.8402617397998461
2598 0.8403232012312428
2599 0.8403846153846154
2600 0.8404459823144944
2601 0.8405073020753266
2602 0.8405685747214752
2603 0.8406298003072197
2604 0.8406909788867563
2605 0.8403683806600154
2606 0.8404296125815113
2607 0.8404907975460123
2608 0.8401686469911843
2609 0.8402298850574713
2610 0.8402910762160092
2611 0.8403522205206738
2612 0.8404133180252583
2613 0.8404743687834736
2614 0.8405353728489484
2615 0.8405963302752294
2616 0.8406572411157814
2617 0.8407181054239877
2618 0.8407789232531501
2619 0.8408396946564886
2620 0.8409004196871424
2621 0.8405797101449275
2622 0.8406404879908502
2623 0.8407012195121951
2624 0.8407619047619047
2625 0.8408225437928408
2626 0.8405024743052912
2627 0.8405631659056316
2628 0.8406238113351084
2629 0.8406844106463879
2630 0.8407449638920562
2631 0.84080547112462
2632 0.8408659323965059
2633 0.8409263477600607
2634 0.8406072106261859
2635 0.8406676783004552
2636 0.8407281001137656
2637 0.8407884761182715
2638 0.8408488063660478
2639 0.8409090909090909
2640 0.8409693297993185
2641 0.8410295230885693
2642 0.8410896708286039
2643 0.8411497730711044
2644 0.8412098298676749
2645 0.8408919123204838
2646 0.8405742349829997
2647 0.8406344410876133
2648 0.8406946017365043
2649 0.840754716981132
2650 0.8408147868728781
2651 0.8408748114630468
2652 0.8409347908028647
2653 0.8409947249434815
2654 0.8410546139359699
2655 0.8411144578313253
2656 0.8411742566804666
2657 0.8412340105342363
2658 0.8412937194433998
2659 0.8413533834586466
2660 0.84141300263059
2661 0.8414725770097671
2662 0.8415321066466391
2663 0.8415915915915916
2664 0.8416510318949343
2665 0.8417104276069017
2666 0.8417697787776528
2667 0.8414542728635682
2668 0.8415136755339079
2669 0.8415730337078652
2670 0.8416323474354175
2671 0.8416916167664671
2672 0.8417508417508418
2673 0.8418100224382947
2674 0.8418691588785047
2675 0.8415545590433483
2676 0.8412401942472918
2677 0.8412994772218073
2678 0.8409854423292273
2679 0.8406716417910448
2680 0.8407310704960835
2681 0.8407904548844146
2682 0.8408497950055908
2683 0.8409090909090909
2684 0.8409683426443203
2685 0.8410275502606106
2686 0.84108671380722
2687 0.8411458333333334
2688 0.840833023428784
2689 0.8408921933085501
2690 0.8409513192121888
2691 0.8410104011887073
2692 0.8410694392870405
2693 0.8411284335560505
2694 0.8411873840445269
2695 0.841246290801187
2696 0.8413051538746755
2697 0.8413639733135656
2698 0.841422749166358
2699 0.8411111111111111
2700 0.841169937060348
2701 0.8412287194670615
2702 0.8412874583795783
2703 0.8413461538461539
2704 0.8414048059149722
2705 0.8410938654841094
2706 0.8411525674178056
2707 0.8408419497784343
2708 0.8409007013658176
2709 0.840959409594096
2710 0.8410180745112504
2711 0.8410766961651918
2712 0.8411352746037597
2713 0.840825350036846
2714 0.8408839779005525
2715 0.8409425625920471
2716 0.8410011041589989
2717 0.840691685062546
2718 0.8407502758367047
2719 0.8404411764705882
2720 0.8404998162440279
2721 0.8405584129316679
2722 0.8402497245684907
2723 0.8399412628487518
2724 0.84
2725 0.8400586940572267
2726 0.8401173450678401
2727 0.8398093841642229
2728 0.8398680835470869
2729 0.8399267399267399
2730 0.8399853533504211
2731 0.8400439238653001
2732 0.8401024515184778
2733 0.8401609363569861
2734 0.839853747714808
2735 0.8399122807017544
2736 0.8399707709170625
2737 0.8400292184075968
2738 0.8400876232201533
2739 0.8401459854014599
2740 0.8398394746442904
2741 0.8398978847556529
2742 0.8399562522785271
2743 0.8396501457725948
2744 0.8397085610200364
2745 0.8397669337217771
2746 0.839825263924281
2747 0.8398835516739447
2748 0.8399417970170971
2749 0.84
2750 0.8396946564885496
2751 0.8397529069767442
2752 0.8398111151471123
2753 0.8395061728395061
2754 0.8395644283121597
2755 0.839622641509434
2756 0.8396808124773304
2757 0.8397389412617839
2758 0.8397970279086625
2759 0.8398550724637681
2760 0.839913074972836
2761 0.8399710354815351
2762 0.8400289540354687
2763 0.8400868306801736
2764 0.8401446654611212
2765 0.8402024584237165
2766 0.8402602096132996
2767 0.8403179190751445
2768 0.8403755868544601
2769 0.8404332129963898
2770 0.8404907975460123
2771 0.8405483405483406
2772 0.8406058420483231
2773 0.8406633020908435
2774 0.8407207207207207
2775 0.840778097982709
2776 0.8404753330932662
2777 0.8405327573794097
2778 0.8405901403382512
2779 0.8406474820143884
2780 0.8407047824523552
2781 0.8407620416966212
2782 0.8408192597915918
2783 0.8408764367816092
2784 0.8409335727109515
2785 0.8406317300789663
2786 0.8406889128094726
2787 0.8407460545193687
2788 0.8408031552527788
2789 0.8408602150537634
2790 0.8409172339663203
2791 0.8409742120343839
2792 0.841031149301826
2793 0.8410880458124552
2794 0.8411449016100179
2795 0.8412017167381974
2796 0.8412584912406149
2797 0.8413152251608291
2798 0.8413719185423365
2799 0.8414285714285714
2800 0.841485183862906
2801 0.841541755888651
2802 0.8415982875490546
2803 0.8416547788873039
2804 0.841711229946524
2805 0.8417676407697791
2806 0.8418240114000712
2807 0.8418803418803419
2808 0.841936632253471
2809 0.8419928825622776
2810 0.8420490928495198
2811 0.8417496443812233
2812 0.8418059011731248
2813 0.841862117981521
2814 0.8419182948490231
2815 0.8419744318181818
2816 0.8420305289314874
2817 0.8417317246273953
2818 0.8417878680383114
2819 0.8418439716312057
2820 0.8415455512229706
2821 0.8416017009213324
2822 0.8416578108395324
2823 0.84171388101983
2824 0.8417699115044248
2825 0.8418259023354565
2826 0.8418818535550053
2827 0.8419377652050919
2828 0.8419936373276776
2829 0.8420494699646643
2830 0.8421052631578947
2831 0.8421610169491526
2832 0.8422167313801624
2833 0.8419195483415667
2834 0.8419753086419753
2835 0.842031029619182
2836 0.8420867113147691
2837 0.8417899929527837
2838 0.8418457203240578
2839 0.8419014084507043
2840 0.841957057374164
2841 0.8420126671358198
2842 0.8420682377769961
2843 0.8421237693389592
2844 0.8421792618629174
2845 0.8418833450456782
2846 0.8419388830347735
2847 0.8419943820224719
2848 0.842049842049842
2849 0.8421052631578947
2850 0.8421606453875833
2851 0.8422159887798036
2852 0.8422712933753943
2853 0.8423265592151367
2854 0.842031523642732
2855 0.8417366946778712
2856 0.8417920896044803
2857 0.8418474457662701
2858 0.8419027632039174
2859 0.8419580419580419
2860 0.8420132820692066
2861 0.8420684835779175
2862 0.8421236465246246
2863 0.8421787709497207
2864 0.8422338568935428
2865 0.8419399860432659
2866 0.8419951168468782
2867 0.8420502092050209
2868 0.8421052631578947
2869 0.8421602787456446
2870 0.8418669453152212
2871 0.8419220055710307
2872 0.8419770274973895
2873 0.8420320111343076
2874 0.8420869565217391
2875 0.8421418636995828
2876 0.8421967327076816
2877 0.8422515635858235
2878 0.8423063563737408
2879 0.8423611111111111
2880 0.8424158278375564
2881 0.842470506592644
2882 0.8425251474158862
2883 0.8425797503467406
2884 0.8422876949740035
2885 0.8423423423423423
2886 0.8423969518531348
2887 0.8424515235457064
2888 0.8425060574593285
2889 0.842560553633218
2890 0.8426150121065376
2891 0.8426694329183956
2892 0.8427238161078465
2893 0.8427781617138909
2894 0.842832469775475
2895 0.8428867403314917
2896 0.8425957887469796
2897 0.8426501035196687
2898 0.8427043808209728
2899 0.8427586206896551
2900 0.8428128231644261
2901 0.8428669882839421
2902 0.8429211160868068
2903 0.8426308539944903
2904 0.8426850258175559
2905 0.842395044735031
2906 0.8424492604059167
2907 0.842503438789546
2908 0.8425575799243726
2909 0.8426116838487973
2910 0.8423222260391618
2911 0.8423763736263736
2912 0.8420871953312736
2913 0.8417982155113246
2914 0.841852487135506
2915 0.8419067215363512
2916 0.8419609187521426
2917 0.8420150788211104
2918 0.842069201781432
2919 0.8421232876712329
2920 0.8421773365285861
2921 0.8422313483915127
2922 0.8422853232979816
2923 0.8423392612859097
2924 0.8423931623931624
2925 0.842447026657553
2926 0.8425008541168432
2927 0.8425546448087432
2928 0.8426083987709115
2929 0.842320819112628
2930 0.842374616171955
2931 0.8424283765347885
2932 0.8424821002386634
2933 0.8425357873210634
2934 0.8425894378194208
2935 0.8426430517711172
2936 0.8423561457269323
2937 0.8424098025867938
2938 0.8424634229329704
2939 0.8425170068027211
2940 0.842570554233254
2941 0.8426240652617267
2942 0.8423377505946313
2943 0.842391304347826
2944 0.8424448217317487
2945 0.8421588594704684
2946 0.842212419409569
2947 0.8422659430122117
2948 0.8423194303153612
2949 0.8423728813559322
2950 0.8424262961707896
2951 0.842479674796748
2952 0.8421943785980359
2953 0.8422477995937712
2954 0.8423011844331642
2955 0.8423545331529093
2956 0.8424078457896517
2957 0.8421230561189993
2958 0.8421764109496451
2959 0.8422297297297298
2960 0.8422830124957784
2961 0.8423362592842674
2962 0.8423894701316234
2963 0.8421052631578947
2964 0.8421585160202361
2965 0.842211732973702
2966 0.8419278732726659
2967 0.8419811320754716
2968 0.8420343550016841
2969 0.8420875420875421
2970 0.8421406933692359
2971 0.8421938088829072
2972 0.8419105280861083
2973 0.8419636852723604
2974 0.8420168067226891
2975 0.8417338709677419
2976 0.8417870339267719
2977 0.8418401611820013
2978 0.8415575696542464
2979 0.8416107382550335
2980 0.8416638711841664
2981 0.8417169684775319
2982 0.8417700301709689
2983 0.8418230563002681
2984 0.8418760469011726
2985 0.8419290020093771
2986 0.841981921660529
2987 0.8420348058902276
2988 0.8417530946804952
2989 0.8414715719063545
2990 0.8415245737211635
2991 0.8415775401069518
2992 0.8412963581690611
2993 0.8413493653974616
2994 0.8414023372287145
2995 0.8414552736982643
2996 0.8415081748415082
2997 0.8415610406937959
2998 0.8416138712904302
2999 0.8413333333333334
3000 0.8413862045984671
3001 0.8414390406395736
3002 0.8414918414918415
3003 0.8415446071904128
3004 0.8415973377703827
3005 0.8416500332667998
3006 0.8417026937146658
3007 0.8417553191489362
3008 0.8418079096045198
3009 0.8418604651162791
3010 0.8419129857190302
3011 0.8419654714475432
3012 0.8420179223365416
3013 0.8420703384207033
3014 0.8417910447761194
3015 0.84184350132626
3016 0.8418959231024197
3017 0.841948310139165
3018 0.8420006624710169
3019 0.8420529801324503
3020 0.8421052631578947
3021 0.8418266048974189
3022 0.8418789282170029
3023 0.841931216931217
3024 0.8419834710743802
3025 0.8420356906807667
3026 0.8420878757846052
3027 0.8418097754293263
3028 0.8418620006602839
3029 0.8419141914191419
3030 0.8416364236225669
3031 0.841688654353562
3032 0.8414111440817672
3033 0.8411338167435728
3034 0.8411861614497529
3035 0.8412384716732543
3036 0.8412907474481396
3037 0.8413429888084266
3038 0.8413951957880882
3039 0.8414473684210526
3040 0.8414995067412036
3041 0.8412228796844181
3042 0.8409464344396976
3043 0.8409986859395532
3044 0.8410509031198686
3045 0.8411030860144452
3046 0.8411552346570397
3047 0.8412073490813649
3048 0.8409314529353886
3049 0.8406557377049181
3050 0.8407079646017699
3051 0.8407601572739187
3052 0.840812315754995
3053 0.8405370006548788
3054 0.8405891980360065
3055 0.8406413612565445
3056 0.840366372260386
3057 0.8404185742315239
3058 0.8404707420725728
3059 0.8401960784313726
3060 0.8402482848742241
3061 0.8403004572175049
3062 0.8403525954946132
3063 0.8404046997389034
3064 0.8401305057096248
3065 0.8401826484018264
3066 0.8402347570916204
3067 0.839960886571056
3068 0.8400130335614207
3069 0.8400651465798046
3070 0.8401172256593943
3071 0.8401692708333334
3072 0.8402212821347218
3073 0.8402732595966168
3074 0.8403252032520325
3075 0.8403771131339401
3076 0.8404289892752681
3077 0.8404808317089019
3078 0.8405326404676843
3079 0.8405844155844155
3080 0.8406361570918532
3081 0.8406878650227125
3082 0.840739539409666
3083 0.8407911802853437
3084 0.8408427876823339
3085 0.8405703175631886
3086 0.8402980239714933
3087 0.8403497409326425
3088 0.840401424409194
3089 0.8404530744336569
3090 0.8405046910384989
3091 0.8405562742561449
3092 0.8406078241189784
3093 0.8406593406593407
3094 0.8407108239095316
3095 0.8404392764857881
3096 0.8401679044236358
3097 0.8402194964493221
3098 0.8402710551790901
3099 0.8403225806451613
3100 0.8400515962592712
3101 0.8401031592520954
3102 0.8401546890106348
3103 0.8402061855670103
3104 0.8402576489533011
3105 0.8403090792015454
3106 0.8403604763437399
3107 0.8404118404118404
3108 0.8404631714377614
3109 0.8405144694533762
3110 0.8405657344905175
3111 0.8406169665809768
3112 0.8403469322197238
3113 0.840398201669878
3114 0.8404494382022472
3115 0.8405006418485238
3116 0.8405518126403593
3117 0.840602950609365
3118 0.8406540557871113
3119 0.8403846153846154
3120 0.8404357577699455
3121 0.840486867392697
3122 0.840537944284342
3123 0.8405889884763125
3124 0.84032
3125 0.8403710812539987
3126 0.8404221298369043
3127 0.8404731457800512
3128 0.8405241291147332
3129 0.8405750798722045
3130 0.8403066113062919
3131 0.8400383141762452
3132 0.8400893712097032
3133 0.8401403956604978
3134 0.8401913875598086
3135 0.8402423469387755
3136 0.8399744979279566
3137 0.840025493945188
3138 0.8397578846766486
3139 0.8398089171974522
3140 0.839859917223814
3141 0.83991088478676
3142 0.8399618199172765
3143 0.8400127226463104
3144 0.8400635930047695
3145 0.8401144310235219
3146 0.8401652367333969
3147 0.8398983481575604
3148 0.8396316290885996
3149 0.8396825396825397
3150 0.8397334179625515
3151 0.8397842639593909
3152 0.8398350777037742
3153 0.8398858592263792
3154 0.8399366085578447
3155 0.8399873257287706
3156 0.8400380107697181
3157 0.8400886637112096
3158 0.840139284583729
3159 0.8401898734177216
3160 0.8402404302435938
3161 0.8402909550917141
3162 0.8403414479924123
3163 0.8403919089759798
3164 0.8404423380726699
3165 0.8404927353126974
3166 0.8405431007262394
3167 0.8405934343434344
3168 0.840643736194383
3169 0.8406940063091483
3170 0.8404288867865026
3171 0.8404791929382094
3172 0.8405294673810274
3173 0.8405797101449275
3174 0.8406299212598425
3175 0.8406801007556675
3176 0.84073024866226
3177 0.8407803650094399
3178 0.8405158854985845
3179 0.840566037735849
3180 0.8406161584407419
3181 0.8406662476429918
3182 0.8404021363493559
3183 0.8401381909547738
3184 0.8401883830455259
3185 0.8402385436283741
3186 0.8402886727329777
3187 0.8400250941028858
3188 0.8400752587017873
3189 0.8401253918495298
3190 0.8401754935756816
3191 0.8402255639097744
3192 0.8402756028813029
3193 0.8403256105197244
3194 0.8403755868544601
3195 0.8404255319148937
3196 0.8404754457303723
3197 0.8405253283302064
3198 0.8405751797436699
3199 0.840625
3200 0.8406747891283973
3201 0.8407245471580262
3202 0.8407742741180143
3203 0.8408239700374532
3204 0.8405616224648986
3205 0.8406113537117904
3206 0.8406610539444964
3207 0.84071072319202
3208 0.8404487379245871
3209 0.8404984423676013
3210 0.8402366863905325
3211 0.839975093399751
3212 0.8397136632430751
3213 0.8397635345364033
3214 0.8398133748055988
3215 0.839863184079602
3216 0.8399129623873174
3217 0.8396519577377253
3218 0.8397017707362535
3219 0.8397515527950311
3220 0.8398013039428749
3221 0.839851024208566
3222 0.8399007136208502
3223 0.8399503722084367
3224 0.84
3225 0.8400495970241786
3226 0.8400991633095755
3227 0.8401486988847584
3228 0.8401982037782595
3229 0.8402476780185758
3230 0.840297121634169
3231 0.8403465346534653
3232 0.8400866068666872
3233 0.8401360544217688
3234 0.8401854714064915
3235 0.8399258343634116
3236 0.8399752857584183
3237 0.840024706609018
3238 0.8400740969435011
3239 0.8401234567901235
3240 0.8401727861771058
3241 0.8402220851326342
3242 0.8399629972247918
3243 0.8400123304562269
3244 0.8400616332819723
3245 0.8401109057301294
3246 0.840160147828765
3247 0.8402093596059114
3248 0.840258541089566
3249 0.8403076923076923
3250 0.840356813288219
3251 0.8404059040590406
3252 0.8404549646480172
3253 0.8405039950829748
3254 0.840552995391705
3255 0.8406019656019657
3256 0.8406509057414799
3257 0.8406998158379374
3258 0.8407486959189936
3259 0.84079754601227
3260 0.8405397117448635
3261 0.8405885959534029
3262 0.8406374501992032
3263 0.8406862745098039
3264 0.8407350689127105
3265 0.840783833435395
3266 0.8408325681052954
3267 0.8408812729498164
3268 0.8406240440501682
3269 0.8403669724770643
3270 0.8404157749923571
3271 0.840158924205379
3272 0.8402077604644057
3273 0.8402565668906536
3274 0.8403053435114504
3275 0.8403540903540904
3276 0.8404028074458346
3277 0.8404514948139109
3278 0.8405001524855139
3279 0.8402439024390244
3280 0.8402925937214264
3281 0.8403412553321146
3282 0.8403898872982029
3283 0.8401339829476249
3284 0.8401826484018264
3285 0.8402312842361533
3286 0.8402798904776392
3287 0.8403284671532847
3288 0.8403770142900577
3289 0.8404255319148937
3290 0.8404740200546946
3291 0.8405224787363305
3292 0.8405709079866384
3293 0.8406193078324226
3294 0.8406676783004552
3295 0.8407160194174758
3296 0.8407643312101911
3297 0.8405093996361431
3298 0.8405577447711428
3299 0.8406060606060606
3300 0.840654347167525
3301 0.8407026044821321
3302 0.8407508325764457
3303 0.840496368038741
3304 0.8405446293494705
3305 0.8405928614640048
3306 0.8406410644088298
3307 0.840689238210399
3308 0.8407373828951344
3309 0.840785498489426
3310 0.8408335850196316
3311 0.8408816425120773
3312 0.8409296709930576
3313 0.8406759203379601
3314 0.8407239819004525
3315 0.8407720144752714
3316 0.8408200180886343
3317 0.840867992766727
3318 0.8409159385357036
3319 0.8409638554216867
3320 0.8410117434507678
3321 0.8410596026490066
3322 0.8408065001504664
3323 0.8405535499398316
3324 0.8406015037593985
3325 0.8406494287432351
3326 0.840697324917343
3327 0.8407451923076923
3328 0.8407930309402223
3329 0.8408408408408409
3330 0.8405884118883218
3331 0.8406362545018007
3332 0.8406840684068407
3333 0.8407318536292742
3334 0.8407796101949025
3335 0.8408273381294964
3336 0.8408750374587953
3337 0.8409227082085081
3338 0.8406708595387841
3339 0.8407185628742515
3340 0.8407662376533972
3341 0.8408138839018552
3342 0.8408615016452289
3343 0.8409090909090909
3344 0.8406576980568012
3345 0.840406455469217
3346 0.8404541380340603
3347 0.8405017921146953
3348 0.8405494177366378
3349 0.8405970149253731
3350 0.8406445837063563
3351 0.8403937947494033
3352 0.8404413957649866
3353 0.8404889683959451
3354 0.8405365126676602
3355 0.8405840286054828
3356 0.8406315162347334
3357 0.8406789755807028
3358 0.8407264066686514
3359 0.8407738095238095
3360 0.8408211841713775
3361 0.8405710886377157
3362 0.84061849539102
3363 0.8406658739595719
3364 0.8407132243684993
3365 0.8407605466428996
3366 0.8408078408078408
3367 0.8408551068883611
3368 0.8409023449094687
3369 0.8409495548961424
3370 0.8407000889943637
3371 0.8407473309608541
3372 0.8407945449155055
3373 0.8408417308832247
3374 0.8408888888888889
3375 0.8406398104265402
3376 0.8406870002961209
3377 0.8407341622261694
3378 0.8407812962414916
3379 0.840828402366864
3380 0.8408754806270334
3381 0.8409225310467179
3382 0.8406739580254212
3383 0.8407210401891253
3384 0.840768094534712
3385 0.8405197873597164
3386 0.8405668733392383
3387 0.8403187721369539
3388 0.8400708173502508
3389 0.840117994100295
3390 0.8398702447655558
3391 0.8399174528301887
3392 0.8396699086354259
3393 0.8397171479080731
3394 0.8397643593519882
3395 0.839811542991755
3396 0.8398586988519282
3397 0.8399058269570335
3398 0.8399529273315681
3399 0.84
3400 0.8397530138194649
3401 0.8398001175778954
3402 0.8395533352923891
3403 0.8396004700352526
3404 0.839647577092511
3405 0.8396946564885496
3406 0.8397417082477253
3407 0.8397887323943662
3408 0.839542387797008
3409 0.8395894428152493
3410 0.8396364702433304
3411 0.8396834701055099
3412 0.8394374450629944
3413 0.8394844756883422
3414 0.8395314787701318
3415 0.8395784543325527
3416 0.8396254023997659
3417 0.839672322995904
3418 0.8397192161450716
3419 0.839766081871345
3420 0.839520608009354
3421 0.8395675043834016
3422 0.8396143733567046
3423 0.8396612149532711
3424 0.8397080291970803
3425 0.8394629305312318
3426 0.8395097753136854
3427 0.8395565927654609
3428 0.8393117526975795
3429 0.8393586005830904
3430 0.8391139609443311
3431 0.8391608391608392
3432 0.8392076900669968
3433 0.8392545136866628
3434 0.8393013100436681
3435 0.8393480791618161
3436 0.8393948210648822
3437 0.8391506689936009
3438 0.8391974411166037
3439 0.8392441860465116
3440 0.8390002906131938
3441 0.8390470656595003
3442 0.8390938135347081
3443 0.8391405342624855
3444 0.8391872278664732
3445 0.8392338943702844
3446 0.8392805337975051
3447 0.8390371229698376
3448 0.8390837924035952
3449 0.8391304347826087
3450 0.839177050130397
3451 0.8389339513325609
3452 0.8389805965826818
3453 0.8387376954255935
3454 0.8387843704775687
3455 0.8388310185185185
3456 0.8388776395718831
3457 0.8389242336610757
3458 0.8389708008094825
3459 0.8390173410404624
3460 0.8387749205431956
3461 0.8385326400924321
3462 0.8385792665319087
3463 0.8386258660508084
3464 0.8386724386724387
3465 0.8387189844200807
3466 0.8387655033169887
3467 0.8385236447520185
3468 0.8385701931392332
3469 0.8386167146974063
3470 0.8383751080380294
3471 0.8384216589861752
3472 0.8384681831269796
3473 0.8385146804835925
3474 0.838273381294964
3475 0.8383199079401611
3476 0.8383664078228358
3477 0.8384128809660725
3478 0.838459327392929
3479 0.8385057471264368
3480 0.838264866417696
3481 0.8383113153360138
3482 0.8380706287683032
3483 0.8378300803673938
3484 0.8375896700143473
3485 0.8376362593230063
3486 0.8376828219099512
3487 0.8374426605504587
3488 0.8372026368586988
3489 0.8372492836676217
3490 0.8372959037525064
3491 0.8373424971363116
3492 0.8373890638419696
3493 0.8371493989696622
3494 0.8371959942775393
3495 0.8372425629290617
3496 0.8372891049470975
3497 0.8370497427101201
3498 0.8368105172906545
3499 0.8368571428571429
3500 0.8369037417880606
3501 0.836950314106225
3502 0.8369968598344276
3503 0.8370433789954338
3504 0.8370898716119829
3505 0.8371363377067884
3506 0.8371827773025378
3507 0.8372291904218928
3508 0.8372755770874893
3509 0.8373219373219373
3510 0.8373682711478211
3511 0.837129840546697
3512 0.8371762026757756
3513 0.8372225384177575
3514 0.8372688477951636
3515 0.8373151308304891
3516 0.8373613875462042
3517 0.8371233655486071
3518 0.8368854788292128
3519 0.8366477272727273
3520 0.8366941209883556
3521 0.8364565587734242
3522 0.8362191314220835
3523 0.8362656072644722
3524 0.8363120567375887
3525 0.8360748723766307
3526 0.8361213495888857
3527 0.8361678004535147
3528 0.8362142249929159
3529 0.8362606232294617
3530 0.8363069951854999
3531 0.8363533408833522
3532 0.8361166147749788
3533 0.8361629881154499
3534 0.8362093352192362
3535 0.8362556561085973
3536 0.8363019508057676
3537 0.8360655737704918
3538 0.8361118960158237
3539 0.8358757062146893
3540 0.8359220559164078
3541 0.8359683794466403
3542 0.8360146768275473
3543 0.8357787810383747
3544 0.835543018335684
3545 0.835589396503102
3546 0.835635748519876
3547 0.8356820744081173
3548 0.8357283741899126
3549 0.8357746478873239
3550 0.8355392847085328
3551 0.8355855855855856
3552 0.8356318603996623
3553 0.8356781091727631
3554 0.8357243319268636
3555 0.8357705286839145
3556 0.835816699465842
3557 0.8358628442945475
3558 0.8359089631919079
3559 0.8359550561797753
3560 0.8360011232799776
3561 0.8357664233576643
3562 0.8358125175413977
3563 0.8358585858585859
3564 0.8359046283309958
3565 0.8359506449803702
3566 0.8359966358284272
3567 0.836042600896861
3568 0.8358083496777808
3569 0.8355742296918768
3570 0.8353402408288995
3571 0.8353863381858903
3572 0.8354324097397146
3573 0.8354784555120314
3574 0.8355244755244755
3575 0.8355704697986577
3576 0.8356164383561644
3577 0.8356623812185578
3578 0.8357082984073764
3579 0.8354748603351956
3580 0.8355208042446244
3581 0.8355667225013959
3582 0.8356126151269886
3583 0.8356584821428571
3584 0.8357043235704323
3585 0.835750139431121
3586 0.8355171452467243
3587 0.8355629877369007
3588 0.8353301755363611
3589 0.8353760445682451
3590 0.835421888053467
3591 0.8354677060133631
3592 0.8355134984692457
3593 0.835559265442404
3594 0.8356050069541029
3595 0.835650723025584
3596 0.835696413678065
3597 0.8354641467481935
3598 0.8352320088913587
3599 0.8352777777777778
3600 0.8353235212440988
3601 0.8353692393114936
3602 0.8351373855120733
3603 0.8349056603773585
3604 0.8349514563106796
3605 0.8349972268441487
3606 0.8347657332963682
3607 0.8348115299334812
3608 0.8348573011914657
3609 0.8349030470914127
3610 0.8349487676543894
3611 0.834717607973422
3612 0.834763354553003
3613 0.8348090758162701
3614 0.8348547717842324
3615 0.8349004424778761
3616 0.8349460879181643
3617 0.8349917081260365
3618 0.8350373031224095
3619 0.8350828729281768
3620 0.8351284175642087
3621 0.8351739370513528
3622 0.8352194314104333
3623 0.8352649006622517
3624 0.8353103448275863
3625 0.8353557639271925
3626 0.8354011579818031
3627 0.8354465270121278
3628 0.8352163130338937
3629 0.8352617079889807
3630 0.8353070779399614
3631 0.835352422907489
3632 0.8353977429121938
3633 0.8354430379746836
3634 0.8354883081155433
3635 0.8355335533553355
3636 0.8355787737146
3637 0.8356239692138537
3638 0.8356691398735916
3639 0.8354395604395605
3640 0.8352101071134304
3641 0.8352553542009885
3642 0.835026077408729
3643 0.8350713501646543
3644 0.8351165980795611
3645 0.8351618211738892
3646 0.835207019468056
3647 0.8352521929824561
3648 0.8352973417374623
3649 0.8350684931506849
3650 0.8351136674883594
3651 0.835158817086528
3652 0.8352039419655078
3653 0.8352490421455939
3654 0.8352941176470589
3655 0.8353391684901532
3656 0.8353841946951053
3657 0.8354291962821214
3658 0.8352008745558895
3659 0.8352459016393443
3660 0.8352909041245561
3661 0.8353358820316766
3662 0.8353808353808354
3663 0.8354257641921398
3664 0.8351978171896316
3665 0.8349699945444626
3666 0.8350149986364875
3667 0.8350599781897492
3668 0.8351049332243118
3669 0.8351498637602179
3670 0.8351947698174884
3671 0.835239651416122
3672 0.8352845085760958
3673 0.8350571584104518
3674 0.8351020408163266
3675 0.8348748639825898
3676 0.8349197715528964
3677 0.8349646547036433
3678 0.8347377004620821
3679 0.8345108695652174
3680 0.8345558272208639
3681 0.8346007604562737
3682 0.8343741515069237
3683 0.8344191096634094
3684 0.8344640434192673
3685 0.834508952794357
3686 0.8342826145918091
3687 0.8343275488069414
