0 1.0
1 0.5
2 0.3333333333333333
3 0.25
4 0.2
5 0.16666666666666666
6 0.14285714285714285
7 0.125
8 0.1111111111111111
9 0.2
10 0.2727272727272727
11 0.3333333333333333
12 0.38461538461538464
13 0.35714285714285715
14 0.4
15 0.375
16 0.35294117647058826
17 0.3888888888888889
18 0.42105263157894735
19 0.4
20 0.38095238095238093
21 0.4090909090909091
22 0.391304347826087
23 0.375
24 0.36
25 0.34615384615384615
26 0.3333333333333333
27 0.32142857142857145
28 0.3448275862068966
29 0.3333333333333333
30 0.3225806451612903
31 0.3125
32 0.30303030303030304
33 0.29411764705882354
34 0.3142857142857143
35 0.3055555555555556
36 0.2972972972972973
37 0.2894736842105263
38 0.28205128205128205
39 0.3
40 0.3170731707317073
41 0.30952380952380953
42 0.32558139534883723
43 0.3409090909090909
44 0.35555555555555557
45 0.3695652173913043
46 0.3829787234042553
47 0.375
48 0.3877551020408163
49 0.4
50 0.4117647058823529
51 0.40384615384615385
52 0.41509433962264153
53 0.4074074074074074
54 0.41818181818181815
55 0.4107142857142857
56 0.42105263157894735
57 0.41379310344827586
58 0.423728813559322
59 0.43333333333333335
60 0.4262295081967213
61 0.41935483870967744
62 0.42857142857142855
63 0.421875
64 0.4153846153846154
65 0.4090909090909091
66 0.417910447761194
67 0.4264705882352941
68 0.42028985507246375
69 0.42857142857142855
70 0.43661971830985913
71 0.4444444444444444
72 0.4520547945205479
73 0.44594594594594594
74 0.4533333333333333
75 0.4605263157894737
76 0.4675324675324675
77 0.47435897435897434
78 0.4810126582278481
79 0.4875
80 0.49382716049382713
81 0.5
82 0.4939759036144578
83 0.5
84 0.5058823529411764
85 0.5116279069767442
86 0.5172413793103449
87 0.5113636363636364
88 0.5168539325842697
89 0.5222222222222223
90 0.5164835164835165
91 0.5217391304347826
92 0.5268817204301075
93 0.5319148936170213
94 0.5368421052631579
95 0.5416666666666666
96 0.5360824742268041
97 0.5306122448979592
98 0.5252525252525253
99 0.53
100 0.5247524752475248
101 0.5196078431372549
102 0.5242718446601942
103 0.5288461538461539
104 0.5333333333333333
105 0.5283018867924528
106 0.5233644859813084
107 0.5277777777777778
108 0.5321100917431193
109 0.5272727272727272
110 0.5315315315315315
111 0.5357142857142857
112 0.5309734513274337
113 0.5263157894736842
114 0.5304347826086957
115 0.5258620689655172
116 0.5213675213675214
117 0.5169491525423728
118 0.5210084033613446
119 0.525
120 0.5289256198347108
121 0.5245901639344263
122 0.5284552845528455
123 0.532258064516129
124 0.536
125 0.5396825396825397
126 0.5433070866141733
127 0.546875
128 0.5503875968992248
129 0.5461538461538461
130 0.549618320610687
131 0.553030303030303
132 0.5488721804511278
133 0.5447761194029851
134 0.5481481481481482
135 0.5514705882352942
136 0.5474452554744526
137 0.5434782608695652
138 0.539568345323741
139 0.5357142857142857
140 0.5319148936170213
141 0.528169014084507
142 0.5314685314685315
143 0.5347222222222222
144 0.5379310344827586
145 0.541095890410959
146 0.5374149659863946
147 0.5337837837837838
148 0.5369127516778524
149 0.5333333333333333
150 0.5298013245033113
151 0.5328947368421053
152 0.5294117647058824
153 0.5324675324675324
154 0.5290322580645161
155 0.532051282051282
156 0.535031847133758
157 0.5316455696202531
158 0.5345911949685535
159 0.5375
160 0.5341614906832298
161 0.5370370370370371
162 0.5398773006134969
163 0.5365853658536586
164 0.5333333333333333
165 0.5301204819277109
166 0.5329341317365269
167 0.5297619047619048
168 0.5325443786982249
169 0.5352941176470588
170 0.5380116959064327
171 0.5348837209302325
172 0.5375722543352601
173 0.5402298850574713
174 0.5371428571428571
175 0.5397727272727273
176 0.536723163841808
177 0.5393258426966292
178 0.5418994413407822
179 0.5444444444444444
180 0.5469613259668509
181 0.5494505494505495
182 0.5519125683060109
183 0.5489130434782609
184 0.5513513513513514
185 0.553763440860215
186 0.5508021390374331
187 0.5531914893617021
188 0.5555555555555556
189 0.5526315789473685
190 0.5497382198952879
191 0.546875
192 0.5492227979274611
193 0.5463917525773195
194 0.5487179487179488
195 0.5459183673469388
196 0.5431472081218274
197 0.5454545454545454
198 0.5477386934673367
199 0.55
200 0.5472636815920398
201 0.5445544554455446
202 0.541871921182266
203 0.5441176470588235
204 0.5463414634146342
205 0.5485436893203883
206 0.5507246376811594
207 0.5528846153846154
208 0.5550239234449761
209 0.5523809523809524
210 0.5545023696682464
211 0.5566037735849056
212 0.5539906103286385
213 0.5514018691588785
214 0.5534883720930233
215 0.5509259259259259
216 0.5483870967741935
217 0.5458715596330275
218 0.547945205479452
219 0.55
220 0.5520361990950227
221 0.5540540540540541
222 0.5560538116591929
223 0.5535714285714286
224 0.5511111111111111
225 0.5486725663716814
226 0.5506607929515418
227 0.5482456140350878
228 0.5458515283842795
229 0.5478260869565217
230 0.5454545454545454
231 0.5474137931034483
232 0.5493562231759657
233 0.5470085470085471
234 0.5446808510638298
235 0.5466101694915254
236 0.5485232067510548
237 0.5504201680672269
238 0.5481171548117155
239 0.55
240 0.5518672199170125
241 0.5537190082644629
242 0.551440329218107
243 0.5491803278688525
244 0.5510204081632653
245 0.5528455284552846
246 0.5506072874493927
247 0.5483870967741935
248 0.5502008032128514
249 0.552
250 0.5537848605577689
251 0.5515873015873016
252 0.549407114624506
253 0.5511811023622047
254 0.5529411764705883
255 0.55078125
256 0.5486381322957199
257 0.5465116279069767
258 0.5444015444015444
259 0.5423076923076923
260 0.5402298850574713
261 0.5419847328244275
262 0.5437262357414449
263 0.5454545454545454
264 0.5471698113207547
265 0.5488721804511278
266 0.550561797752809
267 0.5522388059701493
268 0.5539033457249071
269 0.5555555555555556
270 0.5571955719557196
