0 0.11446189880371094
1 0.348388671875
2 0.19514083862304688
3 0.05861210823059082
4 0.03015899658203125
5 0.8071939945220947
6 0.028087615966796875
7 0.22299480438232422
8 0.05176186561584473
9 0.0849921703338623
10 0.08501696586608887
11 0.08138322830200195
12 0.12457728385925293
13 0.06215858459472656
14 0.21139955520629883
15 0.05602002143859863
16 0.24492835998535156
17 0.18721461296081543
18 0.5564277172088623
19 0.2384929656982422
20 0.14699959754943848
21 0.02568507194519043
22 0.044387102127075195
23 0.07570409774780273
24 0.11149954795837402
25 0.14537668228149414
26 0.08056235313415527
27 0.1960618495941162
28 0.10844993591308594
29 0.17417144775390625
30 0.13875818252563477
31 0.12865638732910156
32 0.19802641868591309
33 0.10426545143127441
34 0.269939661026001
35 0.1655740737915039
36 0.02365422248840332
37 0.09212303161621094
38 0.09675073623657227
39 0.16085219383239746
40 0.11396551132202148
41 0.12127971649169922
42 0.037840843200683594
43 0.0220181941986084
44 0.35758209228515625
45 0.08799576759338379
46 0.1861729621887207
47 0.019263267517089844
48 0.19269108772277832
49 0.1592555046081543
50 0.09880423545837402
51 0.7598466873168945
52 0.34586405754089355
53 0.07634377479553223
54 0.20363092422485352
55 0.0919809341430664
56 0.15064764022827148
57 0.09144163131713867
58 0.6536271572113037
59 0.12476062774658203
60 0.1347339153289795
61 0.23444890975952148
62 0.20741677284240723
63 0.15890264511108398
64 0.13902711868286133
65 0.2385265827178955
66 0.09839081764221191
67 0.14102578163146973
68 0.05094313621520996
69 0.1727588176727295
70 0.1859569549560547
71 0.3504910469055176
72 0.11792755126953125
73 0.11982035636901855
74 0.11681389808654785
75 0.2998785972595215
76 0.2899899482727051
77 0.13872265815734863
78 0.09692215919494629
79 0.1524336338043213
80 0.23760461807250977
81 0.6905825138092041
82 0.30993080139160156
83 0.40599989891052246
84 0.05898308753967285
85 0.030560970306396484
86 0.11124014854431152
87 0.07056212425231934
88 0.028727293014526367
89 0.3404240608215332
90 0.0379338264465332
91 0.11881089210510254
92 0.14104437828063965
93 0.18774056434631348
94 0.08418869972229004
95 0.45364999771118164
96 0.14007306098937988
97 1.2093241214752197
98 0.13837647438049316
99 0.20796823501586914
100 0.24213314056396484
101 0.12024235725402832
102 0.1743624210357666
103 0.08559966087341309
104 0.3537917137145996
105 0.09083986282348633
106 0.23036408424377441
107 0.5170192718505859
108 0.11326956748962402
109 0.3577156066894531
110 0.1273329257965088
111 0.13080048561096191
112 0.34146642684936523
113 0.12881803512573242
114 0.5269854068756104
115 0.10211181640625
116 0.12256097793579102
117 0.04838252067565918
118 0.18999958038330078
119 0.0813760757446289
120 0.06705474853515625
121 0.3222806453704834
122 0.16037774085998535
123 0.20228815078735352
124 0.10951519012451172
125 0.2212986946105957
126 0.09679198265075684
127 0.3653898239135742
128 0.0926966667175293
129 0.047239065170288086
130 0.18880200386047363
131 0.29557228088378906
132 0.17614102363586426
133 0.12304186820983887
134 0.13753199577331543
135 0.1701672077178955
136 0.5325543880462646
137 0.41767454147338867
138 0.5876917839050293
139 0.1422114372253418
140 0.4473443031311035
141 0.1858816146850586
142 0.22926092147827148
143 0.27309346199035645
144 0.35697460174560547
145 0.43500185012817383
146 0.022245168685913086
147 0.08307337760925293
148 0.09778404235839844
149 0.03952836990356445
150 0.09054136276245117
151 0.14895296096801758
152 0.12107062339782715
153 0.1938028335571289
154 0.08291387557983398
155 0.043784379959106445
156 0.2769961357116699
157 0.1529700756072998
158 0.23663878440856934
159 0.047791481018066406
160 0.17539548873901367
161 0.07731246948242188
162 0.1576220989227295
163 0.34756994247436523
164 0.10247278213500977
165 0.044049739837646484
166 0.11611652374267578
167 0.06338620185852051
168 0.1128537654876709
169 0.10589814186096191
170 0.09513282775878906
171 1.2948029041290283
172 0.08832383155822754
173 0.14852499961853027
174 0.0373842716217041
175 0.05611562728881836
176 0.6293826103210449
177 0.07294678688049316
178 0.280548095703125
179 0.4820821285247803
180 0.038208961486816406
181 0.06436944007873535
182 0.33897852897644043
183 0.06937694549560547
184 0.25226807594299316
185 0.11258482933044434
186 0.03861641883850098
187 0.17795300483703613
188 0.4179799556732178
189 0.043665409088134766
190 0.18123984336853027
191 0.42529988288879395
192 0.6049432754516602
193 0.18837308883666992
194 0.07845544815063477
195 0.08405852317810059
196 0.1405038833618164
197 0.030735015869140625
198 0.10979342460632324
199 0.13077974319458008
200 0.13648295402526855
