0 0.0
1 0.0
2 0.3333333333333333
3 0.25
4 0.2
5 0.3333333333333333
6 0.42857142857142855
7 0.375
8 0.3333333333333333
9 0.4
10 0.45454545454545453
11 0.5
12 0.5384615384615384
13 0.5714285714285714
14 0.6
15 0.625
16 0.6470588235294118
17 0.6111111111111112
18 0.631578947368421
19 0.6
20 0.6190476190476191
21 0.6363636363636364
22 0.6521739130434783
23 0.625
24 0.6
25 0.6153846153846154
26 0.6296296296296297
27 0.6071428571428571
28 0.6206896551724138
29 0.6333333333333333
30 0.6129032258064516
31 0.625
32 0.6363636363636364
33 0.6470588235294118
34 0.6571428571428571
35 0.6666666666666666
36 0.6486486486486487
37 0.631578947368421
38 0.6410256410256411
39 0.65
40 0.6585365853658537
41 0.6428571428571429
42 0.627906976744186
43 0.6136363636363636
44 0.6222222222222222
45 0.6304347826086957
46 0.6170212765957447
47 0.625
48 0.6326530612244898
49 0.64
50 0.6470588235294118
51 0.6346153846153846
52 0.6415094339622641
53 0.6296296296296297
54 0.6181818181818182
55 0.625
56 0.631578947368421
57 0.6379310344827587
58 0.6271186440677966
59 0.6333333333333333
60 0.6229508196721312
61 0.6290322580645161
62 0.6349206349206349
63 0.640625
64 0.6307692307692307
65 0.6363636363636364
66 0.6417910447761194
67 0.6470588235294118
68 0.6376811594202898
69 0.6428571428571429
70 0.647887323943662
71 0.6527777777777778
72 0.6575342465753424
73 0.6486486486486487
74 0.6533333333333333
75 0.6447368421052632
76 0.6493506493506493
77 0.6538461538461539
78 0.6582278481012658
79 0.6625
80 0.6666666666666666
81 0.6707317073170732
82 0.6746987951807228
83 0.6785714285714286
84 0.6823529411764706
85 0.6744186046511628
86 0.6781609195402298
87 0.6818181818181818
88 0.6853932584269663
89 0.6888888888888889
90 0.6923076923076923
91 0.6956521739130435
92 0.6989247311827957
93 0.7021276595744681
94 0.7052631578947368
95 0.6979166666666666
96 0.7010309278350515
97 0.6938775510204082
98 0.696969696969697
99 0.7
100 0.7029702970297029
101 0.7058823529411765
102 0.7087378640776699
103 0.7115384615384616
104 0.7047619047619048
105 0.7075471698113207
106 0.7009345794392523
107 0.7037037037037037
108 0.7064220183486238
109 0.7090909090909091
110 0.7117117117117117
111 0.7142857142857143
112 0.7168141592920354
113 0.7192982456140351
114 0.7217391304347827
115 0.7241379310344828
116 0.7264957264957265
117 0.7203389830508474
118 0.7226890756302521
119 0.725
120 0.7272727272727273
121 0.7213114754098361
122 0.7235772357723578
123 0.7258064516129032
124 0.728
125 0.7222222222222222
126 0.7244094488188977
127 0.7265625
128 0.7286821705426356
129 0.7307692307692307
130 0.7251908396946565
131 0.7196969696969697
132 0.7218045112781954
133 0.7238805970149254
134 0.7185185185185186
135 0.7205882352941176
136 0.7226277372262774
137 0.7246376811594203
138 0.7194244604316546
139 0.7214285714285714
140 0.723404255319149
141 0.7183098591549296
142 0.7202797202797203
143 0.7222222222222222
144 0.7241379310344828
145 0.726027397260274
146 0.7278911564625851
147 0.7297297297297297
148 0.7248322147651006
149 0.72
150 0.7152317880794702
151 0.7171052631578947
152 0.7124183006535948
153 0.7077922077922078
154 0.7032258064516129
155 0.6987179487179487
156 0.7006369426751592
157 0.7025316455696202
158 0.7044025157232704
159 0.70625
160 0.7080745341614907
161 0.7098765432098766
162 0.7116564417177914
163 0.7073170731707317
164 0.7090909090909091
165 0.7048192771084337
166 0.7065868263473054
167 0.7083333333333334
168 0.7100591715976331
169 0.7058823529411765
170 0.7076023391812866
171 0.7093023255813954
172 0.7109826589595376
173 0.7068965517241379
174 0.7028571428571428
175 0.6988636363636364
176 0.7005649717514124
177 0.702247191011236
178 0.7039106145251397
179 0.7055555555555556
180 0.7016574585635359
181 0.7032967032967034
182 0.7049180327868853
183 0.7010869565217391
184 0.7027027027027027
185 0.7043010752688172
186 0.7005347593582888
187 0.7021276595744681
188 0.7037037037037037
189 0.7052631578947368
190 0.7015706806282722
191 0.703125
192 0.7046632124352331
193 0.7061855670103093
194 0.7076923076923077
195 0.7091836734693877
196 0.7055837563451777
197 0.702020202020202
198 0.7035175879396985
199 0.7
200 0.7014925373134329
201 0.698019801980198
202 0.6945812807881774
203 0.696078431372549
204 0.697560975609756
205 0.6990291262135923
206 0.7004830917874396
207 0.6971153846153846
208 0.6985645933014354
209 0.7
210 0.7014218009478673
211 0.7028301886792453
212 0.704225352112676
213 0.7009345794392523
214 0.7023255813953488
215 0.7037037037037037
216 0.7050691244239631
217 0.7064220183486238
218 0.7077625570776256
219 0.7045454545454546
220 0.7058823529411765
221 0.7027027027027027
222 0.7040358744394619
223 0.7053571428571429
224 0.7022222222222222
225 0.7035398230088495
226 0.7048458149779736
227 0.7017543859649122
228 0.6986899563318777
229 0.6956521739130435
230 0.6926406926406926
231 0.6939655172413793
232 0.6909871244635193
233 0.688034188034188
234 0.6851063829787234
235 0.6864406779661016
236 0.6877637130801688
237 0.6890756302521008
238 0.6903765690376569
239 0.6875
240 0.6846473029045643
241 0.6859504132231405
242 0.6872427983539094
243 0.6844262295081968
244 0.6857142857142857
245 0.6869918699186992
246 0.6842105263157895
247 0.6854838709677419
248 0.6867469879518072
249 0.688
250 0.6892430278884463
251 0.6904761904761905
252 0.691699604743083
253 0.6889763779527559
254 0.6901960784313725
255 0.69140625
256 0.688715953307393
257 0.689922480620155
258 0.6872586872586872
259 0.6884615384615385
260 0.6896551724137931
261 0.6908396946564885
262 0.688212927756654
263 0.6856060606060606
264 0.6867924528301886
265 0.6879699248120301
266 0.6891385767790262
267 0.6902985074626866
268 0.6914498141263941
269 0.6888888888888889
270 0.6863468634686347
271 0.6875
272 0.6886446886446886
273 0.6897810218978102
274 0.6872727272727273
275 0.6884057971014492
276 0.6859205776173285
277 0.6834532374100719
278 0.6845878136200717
279 0.6857142857142857
280 0.6868327402135231
281 0.6879432624113475
282 0.6890459363957597
283 0.6901408450704225
284 0.6912280701754386
285 0.6923076923076923
286 0.6898954703832753
287 0.6875
288 0.6885813148788927
289 0.6896551724137931
290 0.6872852233676976
291 0.684931506849315
292 0.6825938566552902
293 0.6836734693877551
294 0.6847457627118644
295 0.6824324324324325
296 0.6801346801346801
297 0.6778523489932886
298 0.6755852842809364
299 0.6766666666666666
300 0.6777408637873754
301 0.6788079470198676
302 0.6798679867986799
303 0.680921052631579
304 0.6786885245901639
305 0.6797385620915033
306 0.6807817589576547
307 0.6818181818181818
308 0.6796116504854369
309 0.6774193548387096
310 0.6784565916398714
311 0.6794871794871795
312 0.6805111821086262
313 0.678343949044586
314 0.6761904761904762
315 0.6772151898734177
316 0.6750788643533123
317 0.6761006289308176
318 0.677115987460815
319 0.678125
320 0.6791277258566978
321 0.6801242236024845
322 0.6811145510835913
323 0.6820987654320988
324 0.683076923076923
325 0.6840490797546013
326 0.6850152905198776
327 0.6859756097560976
328 0.6838905775075987
329 0.6818181818181818
330 0.6827794561933535
331 0.6837349397590361
332 0.6816816816816816
333 0.6826347305389222
334 0.6835820895522388
335 0.6845238095238095
336 0.6824925816023739
337 0.6834319526627219
338 0.6843657817109144
339 0.6823529411764706
340 0.6832844574780058
341 0.6842105263157895
342 0.685131195335277
343 0.686046511627907
344 0.6869565217391305
345 0.6878612716763006
346 0.6858789625360231
347 0.6867816091954023
348 0.6876790830945558
349 0.6885714285714286
350 0.6894586894586895
351 0.6903409090909091
352 0.6883852691218131
353 0.6892655367231638
354 0.6873239436619718
355 0.6882022471910112
356 0.6890756302521008
357 0.6899441340782123
358 0.6908077994428969
359 0.6888888888888889
360 0.6897506925207756
361 0.6906077348066298
362 0.6914600550964187
363 0.6923076923076923
364 0.6931506849315069
365 0.6912568306010929
366 0.6920980926430518
367 0.6929347826086957
368 0.6937669376693767
369 0.6918918918918919
370 0.692722371967655
371 0.6908602150537635
372 0.6916890080428955
373 0.6925133689839572
374 0.6933333333333334
375 0.6941489361702128
376 0.6949602122015915
377 0.6957671957671958
378 0.6939313984168866
379 0.6947368421052632
380 0.6929133858267716
381 0.693717277486911
382 0.6945169712793734
383 0.6953125
384 0.6961038961038961
385 0.694300518134715
386 0.6925064599483204
387 0.6907216494845361
388 0.6915167095115681
389 0.6923076923076923
390 0.6930946291560103
391 0.6938775510204082
392 0.6946564885496184
393 0.6954314720812182
394 0.6936708860759494
395 0.6944444444444444
396 0.6952141057934509
397 0.6959798994974874
398 0.6942355889724311
399 0.695
400 0.6957605985037406
401 0.6940298507462687
402 0.6947890818858561
403 0.6955445544554455
404 0.6962962962962963
405 0.6945812807881774
406 0.6928746928746928
407 0.6911764705882353
408 0.6919315403422983
409 0.6926829268292682
410 0.6934306569343066
411 0.6941747572815534
412 0.6949152542372882
413 0.6932367149758454
414 0.6939759036144578
415 0.6923076923076923
416 0.6930455635491607
417 0.69377990430622
418 0.6945107398568019
419 0.6952380952380952
420 0.6959619952494062
421 0.6966824644549763
422 0.6950354609929078
423 0.6933962264150944
424 0.691764705882353
425 0.6924882629107981
426 0.6932084309133489
427 0.6915887850467289
428 0.6923076923076923
429 0.6930232558139535
430 0.6937354988399071
431 0.6944444444444444
432 0.6951501154734411
433 0.6935483870967742
434 0.6942528735632184
435 0.6926605504587156
436 0.6910755148741419
437 0.6917808219178082
438 0.6924829157175398
439 0.6931818181818182
440 0.691609977324263
441 0.6900452488687783
442 0.690744920993228
443 0.6914414414414415
444 0.6921348314606741
445 0.6905829596412556
446 0.6912751677852349
447 0.6919642857142857
448 0.6926503340757239
449 0.6911111111111111
450 0.6917960088691796
451 0.6924778761061947
452 0.6931567328918322
453 0.6916299559471366
454 0.6923076923076923
455 0.6929824561403509
456 0.6936542669584245
457 0.6921397379912664
458 0.690631808278867
459 0.6891304347826087
460 0.6898047722342733
461 0.6883116883116883
462 0.6889848812095032
463 0.6896551724137931
464 0.6903225806451613
465 0.6909871244635193
466 0.6916488222698073
467 0.6923076923076923
468 0.6929637526652452
469 0.6936170212765957
470 0.692144373673036
471 0.6927966101694916
472 0.6913319238900634
473 0.689873417721519
474 0.6905263157894737
475 0.6911764705882353
476 0.6918238993710691
477 0.6903765690376569
478 0.6889352818371608
479 0.6875
480 0.6881496881496881
481 0.6887966804979253
482 0.6894409937888198
483 0.6900826446280992
484 0.6907216494845361
485 0.6893004115226338
486 0.6899383983572895
487 0.6885245901639344
488 0.689161554192229
489 0.6877551020408164
490 0.6863543788187373
491 0.6849593495934959
492 0.6855983772819473
493 0.6862348178137652
494 0.6848484848484848
495 0.6854838709677419
496 0.6841046277665996
497 0.6847389558232931
498 0.685370741482966
499 0.686
500 0.6866267465069861
501 0.6872509960159362
502 0.6858846918489065
503 0.6845238095238095
504 0.6831683168316832
505 0.6837944664031621
506 0.6844181459566075
507 0.6830708661417323
508 0.6836935166994106
509 0.6843137254901961
510 0.684931506849315
511 0.68359375
512 0.682261208576998
513 0.6828793774319066
514 0.683495145631068
515 0.6841085271317829
516 0.6847195357833655
517 0.6853281853281853
518 0.6859344894026975
519 0.6846153846153846
520 0.6852207293666027
521 0.6839080459770115
522 0.6845124282982792
523 0.6851145038167938
524 0.6838095238095238
525 0.6825095057034221
526 0.683111954459203
527 0.6837121212121212
528 0.6843100189035917
529 0.6830188679245283
530 0.6836158192090396
531 0.6823308270676691
532 0.6829268292682927
533 0.6835205992509363
534 0.6841121495327103
535 0.6847014925373134
536 0.6834264432029795
537 0.6821561338289963
538 0.6827458256029685
539 0.6833333333333333
540 0.6839186691312384
541 0.6845018450184502
542 0.6850828729281768
543 0.6856617647058824
544 0.6844036697247706
545 0.684981684981685
546 0.6855575868372943
547 0.6861313868613139
548 0.6867030965391621
549 0.6872727272727273
550 0.6860254083484574
551 0.6865942028985508
552 0.6871609403254972
553 0.6877256317689531
554 0.6864864864864865
555 0.6870503597122302
556 0.6876122082585279
557 0.6863799283154122
558 0.6869409660107334
559 0.6875
560 0.6862745098039216
561 0.6850533807829181
562 0.6856127886323268
563 0.6861702127659575
564 0.6849557522123894
565 0.6837455830388692
566 0.6843033509700176
567 0.6848591549295775
568 0.6854130052724078
569 0.6859649122807018
570 0.6865148861646234
571 0.6870629370629371
572 0.68760907504363
573 0.6881533101045296
574 0.688695652173913
575 0.6892361111111112
576 0.6897746967071057
577 0.6903114186851211
578 0.689119170984456
579 0.6896551724137931
580 0.6884681583476764
581 0.6872852233676976
582 0.6878216123499142
583 0.6866438356164384
584 0.6854700854700855
585 0.6860068259385665
586 0.6848381601362862
587 0.685374149659864
588 0.6859083191850595
589 0.6864406779661016
590 0.6869712351945855
591 0.6875
592 0.6863406408094435
593 0.6868686868686869
594 0.6873949579831933
595 0.6879194630872483
596 0.6867671691792295
597 0.6872909698996655
598 0.6878130217028381
599 0.6883333333333334
600 0.6888519134775375
601 0.6893687707641196
602 0.6898839137645107
603 0.6887417218543046
604 0.6892561983471074
605 0.6897689768976898
606 0.6902800658978583
607 0.6891447368421053
608 0.6896551724137931
609 0.6901639344262295
610 0.690671031096563
611 0.6911764705882353
612 0.6916802610114192
613 0.6921824104234527
614 0.6926829268292682
615 0.6931818181818182
616 0.6920583468395461
617 0.6925566343042071
618 0.691437802907916
619 0.6919354838709677
620 0.6924315619967794
621 0.6929260450160771
622 0.6934189406099518
623 0.6923076923076923
624 0.6912
625 0.6916932907348243
626 0.6905901116427432
627 0.6894904458598726
628 0.6899841017488076
629 0.6904761904761905
630 0.6909667194928685
631 0.6914556962025317
632 0.6919431279620853
633 0.692429022082019
634 0.6929133858267716
635 0.6918238993710691
636 0.6907378335949764
637 0.6912225705329154
638 0.6917057902973396
639 0.6921875
640 0.6926677067082684
641 0.6915887850467289
642 0.6920684292379471
643 0.6909937888198758
644 0.689922480620155
645 0.6904024767801857
646 0.6908809891808346
647 0.691358024691358
648 0.6918335901386748
649 0.6907692307692308
650 0.6912442396313364
651 0.691717791411043
652 0.6921898928024502
653 0.6926605504587156
654 0.6931297709923664
655 0.6935975609756098
656 0.6940639269406392
657 0.6945288753799392
658 0.6949924127465857
659 0.6954545454545454
660 0.6959152798789713
661 0.6948640483383686
662 0.6953242835595776
663 0.6942771084337349
664 0.6947368421052632
665 0.6951951951951952
666 0.6941529235382309
667 0.6946107784431138
668 0.6935724962630793
669 0.6940298507462687
670 0.6944858420268256
671 0.6949404761904762
672 0.6939078751857355
673 0.6928783382789317
674 0.6933333333333334
675 0.6937869822485208
676 0.6942392909896603
677 0.6946902654867256
678 0.695139911634757
679 0.6941176470588235
680 0.6945668135095447
681 0.6950146627565983
682 0.6954612005856515
683 0.695906432748538
684 0.6963503649635037
685 0.6967930029154519
686 0.6957787481804949
687 0.6962209302325582
688 0.6952104499274311
689 0.6942028985507246
690 0.6946454413892909
691 0.6950867052023122
692 0.6955266955266955
693 0.6959654178674352
694 0.6964028776978417
695 0.6954022988505747
696 0.6944045911047346
697 0.6948424068767909
698 0.6952789699570815
699 0.6957142857142857
700 0.6961483594864479
701 0.6951566951566952
702 0.6955903271692745
703 0.6960227272727273
704 0.6964539007092199
705 0.6968838526912181
706 0.6973125884016973
707 0.6977401129943502
708 0.6967559943582511
709 0.6971830985915493
710 0.6962025316455697
711 0.6966292134831461
712 0.697054698457223
713 0.696078431372549
714 0.6965034965034965
715 0.696927374301676
716 0.697350069735007
717 0.6977715877437326
718 0.6981919332406119
719 0.6986111111111111
720 0.6976421636615812
721 0.6980609418282548
722 0.6984785615491009
723 0.6975138121546961
724 0.6979310344827586
725 0.6983471074380165
726 0.6987620357634112
727 0.6978021978021978
728 0.6982167352537723
729 0.6972602739726027
730 0.6963064295485636
731 0.6967213114754098
732 0.6957708049113234
733 0.6961852861035422
734 0.6952380952380952
735 0.6956521739130435
736 0.6960651289009498
737 0.6964769647696477
738 0.6968876860622463
739 0.6972972972972973
740 0.6977058029689609
741 0.6967654986522911
742 0.6958277254374159
743 0.696236559139785
744 0.6953020134228188
745 0.6957104557640751
746 0.6947791164658634
747 0.6951871657754011
748 0.6955941255006676
749 0.696
750 0.6950732356857523
751 0.6941489361702128
752 0.6945551128818062
753 0.6949602122015915
754 0.695364238410596
755 0.6944444444444444
756 0.6935270805812418
757 0.6926121372031663
758 0.691699604743083
759 0.6921052631578948
760 0.6925098554533509
761 0.6929133858267716
762 0.6920052424639581
763 0.6924083769633508
764 0.6915032679738562
765 0.6919060052219321
766 0.6923076923076923
767 0.6927083333333334
768 0.6931079323797139
769 0.6935064935064935
770 0.6939040207522698
771 0.694300518134715
772 0.6946959896507116
773 0.6950904392764858
774 0.6954838709677419
775 0.6958762886597938
776 0.6962676962676962
777 0.6966580976863753
778 0.6970474967907574
779 0.6974358974358974
780 0.6965428937259923
781 0.69693094629156
782 0.6960408684546615
783 0.6951530612244898
784 0.6942675159235668
785 0.693384223918575
786 0.6925031766200762
787 0.6916243654822335
788 0.6920152091254753
789 0.6924050632911393
790 0.6927939317319848
791 0.6931818181818182
792 0.6935687263556116
793 0.6926952141057935
794 0.6930817610062893
795 0.6922110552763819
796 0.6925972396486826
797 0.6929824561403509
798 0.6933667083854819
799 0.69375
800 0.6941323345817728
801 0.6945137157107232
802 0.6948941469489415
803 0.695273631840796
804 0.6956521739130435
805 0.6947890818858561
806 0.6951672862453532
807 0.6955445544554455
808 0.695920889987639
809 0.6962962962962963
810 0.6954377311960542
811 0.6958128078817734
812 0.6961869618696187
813 0.6965601965601965
814 0.6969325153374233
815 0.6973039215686274
816 0.6976744186046512
817 0.6968215158924206
818 0.6959706959706959
819 0.6951219512195121
820 0.6954933008526187
821 0.6958637469586375
822 0.6962332928311057
823 0.6966019417475728
824 0.696969696969697
825 0.6973365617433414
826 0.6964933494558646
827 0.6968599033816425
828 0.6960193003618818
829 0.6951807228915663
830 0.6955475330926595
831 0.6959134615384616
832 0.6962785114045619
833 0.6966426858513189
834 0.6970059880239521
835 0.6961722488038278
836 0.6953405017921147
837 0.6957040572792362
838 0.6948748510131109
839 0.694047619047619
840 0.6944114149821641
841 0.6947743467933492
842 0.693950177935943
843 0.693127962085308
844 0.693491124260355
845 0.693853427895981
846 0.6942148760330579
847 0.6945754716981132
848 0.6949352179034158
849 0.6941176470588235
850 0.6933019976498237
851 0.6924882629107981
852 0.6928487690504103
853 0.6920374707259953
854 0.6912280701754386
855 0.6915887850467289
856 0.691948658109685
857 0.6923076923076923
858 0.6926658905704307
859 0.6918604651162791
860 0.6922183507549361
861 0.6925754060324826
862 0.6929316338354577
863 0.6932870370370371
864 0.6936416184971098
865 0.6928406466512702
866 0.6931949250288351
867 0.6935483870967742
868 0.6927502876869965
869 0.6919540229885057
870 0.6923076923076923
871 0.6926605504587156
872 0.6918671248568156
873 0.6922196796338673
874 0.6925714285714286
875 0.6917808219178082
876 0.6921322690992018
877 0.6924829157175398
878 0.6928327645051194
879 0.6920454545454545
880 0.6923950056753689
881 0.6927437641723356
882 0.6930917327293318
883 0.6923076923076923
884 0.6926553672316385
885 0.6930022573363431
886 0.6922209695603156
887 0.6925675675675675
888 0.6929133858267716
889 0.6932584269662921
890 0.6936026936026936
891 0.6939461883408071
892 0.6942889137737962
893 0.6935123042505593
894 0.693854748603352
895 0.6941964285714286
896 0.693422519509476
897 0.6937639198218263
898 0.6941045606229144
899 0.6933333333333334
900 0.6936736958934517
901 0.6940133037694013
902 0.6932447397563677
903 0.6935840707964602
904 0.6939226519337016
905 0.6942604856512141
906 0.6945975744211687
907 0.6949339207048458
908 0.6941694169416942
909 0.6945054945054945
910 0.6948408342480791
911 0.694078947368421
912 0.6933187294633077
913 0.6936542669584245
914 0.6939890710382514
915 0.6932314410480349
916 0.6924754634678298
917 0.6917211328976035
918 0.690968443960827
919 0.691304347826087
920 0.6916395222584147
921 0.6919739696312365
922 0.6923076923076923
923 0.6926406926406926
924 0.692972972972973
925 0.6922246220302376
926 0.6925566343042071
927 0.6928879310344828
928 0.6921420882669537
929 0.6924731182795699
930 0.6928034371643395
931 0.6931330472103004
932 0.692390139335477
933 0.6916488222698073
934 0.6919786096256685
935 0.6923076923076923
936 0.6926360725720384
937 0.6929637526652452
938 0.6932907348242812
939 0.6936170212765957
940 0.6928799149840595
941 0.6932059447983014
942 0.6935312831389183
943 0.6938559322033898
944 0.6931216931216931
945 0.693446088794926
946 0.6937697993664202
947 0.6930379746835443
948 0.6923076923076923
949 0.6915789473684211
950 0.6919032597266036
951 0.6922268907563025
952 0.6925498426023085
953 0.6928721174004193
954 0.6921465968586388
955 0.6914225941422594
956 0.6917450365726228
957 0.6920668058455115
958 0.6923879040667362
959 0.6927083333333334
960 0.6930280957336108
961 0.6933471933471933
962 0.6926272066458983
963 0.6929460580912863
964 0.6922279792746114
965 0.6915113871635611
966 0.6907962771458118
967 0.6900826446280992
968 0.6893704850361198
969 0.6896907216494845
970 0.6889804325437693
971 0.6893004115226338
972 0.6896197327852004
973 0.688911704312115
974 0.6892307692307692
975 0.6895491803278688
976 0.6898669396110543
977 0.6901840490797546
978 0.6905005107252298
979 0.689795918367347
980 0.6901121304791029
981 0.6904276985743381
982 0.6897253306205493
983 0.6900406504065041
984 0.6903553299492385
985 0.6906693711967545
986 0.690982776089159
987 0.6912955465587044
988 0.6905965621840243
989 0.6909090909090909
990 0.6912209889001009
991 0.6915322580645161
992 0.6918429003021148
993 0.6921529175050302
994 0.6924623115577889
995 0.6917670682730924
996 0.691073219658977
997 0.6913827655310621
998 0.6906906906906907
999 0.691
1000 0.6913086913086913
1001 0.6916167664670658
1002 0.6919242273180458
1003 0.6912350597609562
1004 0.690547263681592
1005 0.6908548707753479
1006 0.6911618669314796
1007 0.691468253968254
1008 0.6917740336967294
1009 0.692079207920792
1010 0.6923837784371909
1011 0.691699604743083
1012 0.6910167818361304
1013 0.6913214990138067
1014 0.6916256157635468
1015 0.6919291338582677
1016 0.6922320550639135
1017 0.6925343811394892
1018 0.6928361138370952
1019 0.6931372549019608
1020 0.692458374142997
1021 0.6927592954990215
1022 0.6920821114369502
1023 0.6923828125
1024 0.6917073170731707
1025 0.6920077972709552
1026 0.6923076923076923
1027 0.6926070038910506
1028 0.6929057337220602
1029 0.6932038834951456
1030 0.6925315227934045
1031 0.6928294573643411
1032 0.6931268151016456
1033 0.6934235976789168
1034 0.693719806763285
1035 0.694015444015444
1036 0.6933461909353905
1037 0.6926782273603083
1038 0.6929740134744947
1039 0.6932692307692307
1040 0.6935638808837656
1041 0.6938579654510557
1042 0.6941514860977949
1043 0.6944444444444444
1044 0.69377990430622
1045 0.6940726577437859
1046 0.6943648519579751
1047 0.6937022900763359
1048 0.6939942802669209
1049 0.6942857142857143
1050 0.6945765937202664
1051 0.6948669201520913
1052 0.6942070275403609
1053 0.6944971537001897
1054 0.6947867298578199
1055 0.6950757575757576
1056 0.6944181646168401
1057 0.6947069943289225
1058 0.6949952785646837
1059 0.6943396226415094
1060 0.6946277097078228
1061 0.6939736346516008
1062 0.6942615239887112
1063 0.6945488721804511
1064 0.6938967136150235
1065 0.6941838649155723
1066 0.6935332708528584
1067 0.6928838951310862
1068 0.6931711880261927
1069 0.6925233644859813
1070 0.6928104575163399
1071 0.6930970149253731
1072 0.6933830382106244
1073 0.6936685288640596
1074 0.693953488372093
1075 0.6942379182156134
1076 0.6935933147632312
1077 0.6929499072356216
1078 0.6932344763670065
1079 0.6935185185185185
1080 0.692876965772433
1081 0.6922365988909427
1082 0.6925207756232687
1083 0.6928044280442804
1084 0.6921658986175115
1085 0.6924493554327809
1086 0.6927322907083716
1087 0.6920955882352942
1088 0.6923783287419651
1089 0.691743119266055
1090 0.6911090742438131
1091 0.6904761904761905
1092 0.6907593778591034
1093 0.6901279707495429
1094 0.6894977168949772
1095 0.6897810218978102
1096 0.6900638103919782
1097 0.6903460837887068
1098 0.6906278434940856
1099 0.6909090909090909
1100 0.6911898274296094
1101 0.691470054446461
1102 0.6908431550317317
1103 0.6902173913043478
1104 0.6904977375565611
1105 0.689873417721519
1106 0.6901535682023487
1107 0.6904332129963899
1108 0.690712353471596
1109 0.690990990990991
1110 0.6903690369036903
1111 0.6906474820143885
1112 0.6909254267744834
1113 0.6912028725314183
1114 0.6914798206278027
1115 0.6908602150537635
1116 0.6911369740376008
1117 0.6914132379248659
1118 0.6916890080428955
1119 0.6919642857142857
1120 0.6922390722569135
1121 0.6925133689839572
1122 0.6918967052537845
1123 0.6921708185053381
1124 0.6924444444444444
1125 0.6918294849023091
1126 0.6921029281277729
1127 0.6923758865248227
1128 0.6926483613817538
1129 0.6929203539823009
1130 0.6923076923076923
1131 0.6925795053003534
1132 0.6919682259488085
1133 0.6922398589065256
1134 0.6916299559471366
1135 0.6910211267605634
1136 0.6912928759894459
1137 0.6906854130052724
1138 0.6900790166812993
1139 0.6894736842105263
1140 0.6888694127957932
1141 0.6891418563922942
1142 0.689413823272091
1143 0.6896853146853147
1144 0.6890829694323144
1145 0.6884816753926701
1146 0.6887532693984307
1147 0.6890243902439024
1148 0.6892950391644909
1149 0.6895652173913044
1150 0.6898349261511729
1151 0.6892361111111112
1152 0.6895056374674762
1153 0.6897746967071057
1154 0.69004329004329
1155 0.6903114186851211
1156 0.6905790838375108
1157 0.690846286701209
1158 0.6911130284728214
1159 0.6913793103448276
1160 0.6907838070628768
1161 0.6910499139414802
1162 0.6904557179707652
1163 0.6898625429553265
1164 0.6901287553648069
1165 0.6895368782161235
1166 0.6889460154241646
1167 0.6892123287671232
1168 0.688622754491018
1169 0.688034188034188
1170 0.6883005977796754
1171 0.6877133105802048
1172 0.6879795396419437
1173 0.6873935264054515
1174 0.6876595744680851
1175 0.6879251700680272
1176 0.6873406966864911
1177 0.6876061120543294
1178 0.6878710771840543
1179 0.688135593220339
1180 0.6875529212531752
1181 0.6878172588832487
1182 0.6880811496196112
1183 0.6883445945945946
1184 0.6877637130801688
1185 0.6871838111298483
1186 0.6874473462510531
1187 0.6877104377104377
1188 0.687973086627418
1189 0.6882352941176471
1190 0.6876574307304786
1191 0.6879194630872483
1192 0.6881810561609388
1193 0.6876046901172529
1194 0.6870292887029289
1195 0.6872909698996655
1196 0.6875522138680034
1197 0.6878130217028381
1198 0.6872393661384487
1199 0.6875
1200 0.6877601998334721
1201 0.6871880199667221
1202 0.686616791354946
1203 0.686046511627907
1204 0.6863070539419087
1205 0.6865671641791045
1206 0.6859983429991715
1207 0.6854304635761589
1208 0.685690653432589
1209 0.6859504132231405
1210 0.6862097440132122
1211 0.6864686468646864
1212 0.686727122835944
1213 0.6869851729818781
1214 0.6864197530864198
1215 0.6858552631578947
1216 0.686113393590797
1217 0.6855500821018062
1218 0.6858080393765381
1219 0.6852459016393443
1220 0.6855036855036855
1221 0.6857610474631751
1222 0.6860179885527392
1223 0.6862745098039216
1224 0.686530612244898
1225 0.6867862969004894
1226 0.687041564792176
1227 0.6872964169381107
1228 0.6875508543531327
1229 0.6878048780487804
1230 0.6880584890333062
1231 0.6883116883116883
1232 0.6885644768856448
1233 0.6888168557536467
1234 0.6890688259109312
1235 0.6893203883495146
1236 0.6895715440582053
1237 0.6890145395799677
1238 0.6892655367231638
1239 0.6887096774193548
1240 0.6881547139403706
1241 0.6884057971014492
1242 0.6878519710378117
1243 0.6872990353697749
1244 0.6867469879518072
1245 0.6869983948635634
1246 0.6864474739374499
1247 0.686698717948718
1248 0.6869495596477182
1249 0.6864
1250 0.6858513189448441
1251 0.6861022364217252
1252 0.6855546687948922
1253 0.6858054226475279
1254 0.6852589641434262
1255 0.6855095541401274
1256 0.684964200477327
1257 0.6844197138314785
1258 0.6846703733121525
1259 0.6849206349206349
1260 0.6851704996034893
1261 0.6854199683042789
1262 0.6856690419635788
1263 0.6859177215189873
1264 0.6853754940711463
1265 0.6856240126382307
1266 0.6850828729281768
1267 0.6853312302839116
1268 0.6847911741528763
1269 0.684251968503937
1270 0.6837136113296617
1271 0.6831761006289309
1272 0.6834249803613511
1273 0.6836734693877551
1274 0.683921568627451
1275 0.6841692789968652
1276 0.6836335160532498
1277 0.6838810641627543
1278 0.6841282251759186
1279 0.68359375
1280 0.6830601092896175
1281 0.6833073322932918
1282 0.6827747466874513
1283 0.6830218068535826
1284 0.6832684824902724
1285 0.6835147744945568
1286 0.6837606837606838
1287 0.6840062111801242
1288 0.6834755624515128
1289 0.6837209302325581
1290 0.6839659178931061
1291 0.6842105263157895
1292 0.6844547563805105
1293 0.6839258114374034
1294 0.6841698841698842
1295 0.6844135802469136
1296 0.6838858905165767
1297 0.6841294298921418
1298 0.6843725943033102
1299 0.6846153846153846
1300 0.684857801691007
1301 0.684331797235023
1302 0.6845740598618573
1303 0.6848159509202454
1304 0.6842911877394636
1305 0.6845329249617151
1306 0.6847742922723795
1307 0.6850152905198776
1308 0.6852559205500381
1309 0.6854961832061068
1310 0.6857360793287567
1311 0.6859756097560976
1312 0.6854531607006854
1313 0.684931506849315
1314 0.685171102661597
1315 0.6846504559270516
1316 0.6848899012908124
1317 0.6843702579666161
1318 0.6838514025777104
1319 0.6840909090909091
1320 0.6843300529901589
1321 0.6838124054462935
1322 0.6840513983371126
1323 0.6835347432024169
1324 0.6830188679245283
1325 0.6832579185520362
1326 0.6834966088922382
1327 0.6837349397590361
1328 0.6832204665161776
1329 0.6827067669172933
1330 0.6821938392186326
1331 0.6824324324324325
1332 0.68192048012003
1333 0.6814092953523239
1334 0.6816479400749064
1335 0.6818862275449101
1336 0.6821241585639491
1337 0.6816143497757847
1338 0.6811053024645257
1339 0.6813432835820895
1340 0.6815809097688292
1341 0.6810730253353204
1342 0.6813104988830976
1343 0.6815476190476191
1344 0.6810408921933085
1345 0.6812778603268945
1346 0.6815144766146993
1347 0.6817507418397626
1348 0.6819866567828021
1349 0.6822222222222222
1350 0.6817172464840858
1351 0.6819526627218935
1352 0.6821877309682187
1353 0.6824224519940916
1354 0.6819188191881919
1355 0.6821533923303835
1356 0.6823876197494473
1357 0.6826215022091311
1358 0.6828550404709345
1359 0.6830882352941177
1360 0.6825863335782513
1361 0.6828193832599119
1362 0.6830520909757887
1363 0.6825513196480938
1364 0.6827838827838828
1365 0.6830161054172768
1366 0.6832479882955377
1367 0.6834795321637427
1368 0.6829802775748721
1369 0.6832116788321168
1370 0.6834427425237053
1371 0.6829446064139941
1372 0.6831755280407866
1373 0.6834061135371179
1374 0.6836363636363636
1375 0.6831395348837209
1376 0.6833696441539578
1377 0.6828737300435413
1378 0.6823785351704134
1379 0.6818840579710145
1380 0.6821144098479363
1381 0.6823444283646889
1382 0.6825741142443963
1383 0.6828034682080925
1384 0.6830324909747293
1385 0.6832611832611832
1386 0.6834895457822638
1387 0.6837175792507204
1388 0.6839452843772498
1389 0.6841726618705036
1390 0.6843997124370956
1391 0.6846264367816092
1392 0.6848528356066045
1393 0.6850789096126255
1394 0.6853046594982078
1395 0.6848137535816619
1396 0.6850393700787402
1397 0.6852646638054364
1398 0.6854896354538956
1399 0.6857142857142857
1400 0.6859386152748037
1401 0.6861626248216833
1402 0.6863863150392017
1403 0.6866096866096866
1404 0.6868327402135231
1405 0.6870554765291608
1406 0.6872778962331201
1407 0.6875
1408 0.687721788502484
1409 0.6879432624113475
1410 0.6881644223954642
1411 0.6883852691218131
1412 0.6878980891719745
1413 0.6881188118811881
1414 0.688339222614841
1415 0.6885593220338984
1416 0.6880733944954128
1417 0.688293370944993
1418 0.6885130373502466
1419 0.6880281690140845
1420 0.6882477128782547
1421 0.6877637130801688
1422 0.6872803935347856
1423 0.6875
1424 0.6870175438596491
1425 0.6865357643758766
1426 0.6860546601261388
1427 0.6862745098039216
1428 0.6857942617214835
1429 0.686013986013986
1430 0.6855345911949685
1431 0.6857541899441341
1432 0.685973482205164
1433 0.6861924686192469
1434 0.6857142857142857
1435 0.685933147632312
1436 0.686151704940849
1437 0.6863699582753825
1438 0.6865879082696317
1439 0.6868055555555556
1440 0.6870229007633588
1441 0.687239944521498
1442 0.6874566874566874
1443 0.6876731301939059
1444 0.6878892733564014
1445 0.6881051175656985
1446 0.6883206634416034
1447 0.68853591160221
1448 0.6887508626639062
1449 0.6889655172413793
1450 0.6891798759476223
1451 0.6893939393939394
1452 0.6896077081899519
1453 0.6898211829436038
1454 0.6900343642611684
1455 0.6902472527472527
1456 0.6904598490048044
1457 0.6906721536351166
1458 0.6908841672378341
1459 0.6904109589041096
1460 0.6906228610540726
1461 0.6908344733242134
1462 0.6903622693096377
1463 0.6905737704918032
1464 0.6907849829351536
1465 0.6909959072305594
1466 0.6912065439672802
1467 0.69141689373297
1468 0.6909462219196733
1469 0.691156462585034
1470 0.6913664174031271
1471 0.6915760869565217
1472 0.691785471826205
1473 0.6913161465400272
1474 0.6915254237288135
1475 0.6917344173441734
1476 0.6912660798916723
1477 0.6914749661705006
1478 0.6910074374577417
1479 0.6905405405405406
1480 0.6907494935854153
1481 0.6902834008097166
1482 0.6904922454484154
1483 0.6900269541778976
1484 0.6895622895622896
1485 0.6897711978465679
1486 0.6893073301950235
1487 0.6895161290322581
1488 0.6897246474143721
1489 0.6899328859060403
1490 0.6901408450704225
1491 0.6903485254691689
1492 0.6905559276624247
1493 0.6907630522088354
1494 0.6909698996655519
1495 0.6911764705882353
1496 0.6913827655310621
1497 0.6915887850467289
1498 0.6917945296864576
1499 0.6913333333333334
1500 0.6915389740173218
1501 0.6917443408788282
1502 0.6919494344644045
1503 0.692154255319149
1504 0.692358803986711
1505 0.6918990703851262
1506 0.6921035169210352
1507 0.6923076923076923
1508 0.6925115970841617
1509 0.6927152317880795
1510 0.6929185969556585
1511 0.6924603174603174
1512 0.6926635822868473
1513 0.6928665785997358
1514 0.693069306930693
1515 0.6926121372031663
1516 0.6928147659854977
1517 0.6930171277997365
1518 0.6925608953258723
1519 0.6921052631578948
1520 0.6923076923076923
1521 0.6925098554533509
1522 0.6927117531188444
1523 0.6929133858267716
1524 0.6931147540983607
1525 0.6933158584534731
1526 0.693516699410609
1527 0.693717277486911
1528 0.6939175931981687
1529 0.6941176470588235
1530 0.6936642717178315
1531 0.693864229765013
1532 0.6940639269406392
1533 0.6942633637548892
1534 0.6944625407166124
1535 0.6940104166666666
1536 0.6942094990240729
1537 0.694408322496749
1538 0.6946068875893437
1539 0.6948051948051948
1540 0.6950032446463336
1541 0.695201037613489
1542 0.6953985742060921
1543 0.6949481865284974
1544 0.6951456310679611
1545 0.6946959896507116
1546 0.6942469295410472
1547 0.6944444444444444
1548 0.6939961265332473
1549 0.6935483870967742
1550 0.6931012250161186
1551 0.6932989690721649
1552 0.6934964584674823
1553 0.693050193050193
1554 0.6932475884244373
1555 0.6934447300771208
1556 0.6936416184971098
1557 0.6938382541720154
1558 0.6940346375881976
1559 0.6942307692307692
1560 0.6937860345932095
1561 0.6939820742637645
1562 0.6941778630838131
1563 0.6937340153452686
1564 0.6939297124600639
1565 0.6934865900383141
1566 0.6936821952776006
1567 0.6932397959183674
1568 0.6927979604843849
1569 0.6923566878980891
1570 0.6919159770846595
1571 0.6921119592875318
1572 0.6923076923076923
1573 0.6918678526048284
1574 0.692063492063492
1575 0.692258883248731
1576 0.6924540266328472
1577 0.6926489226869454
1578 0.6928435718809373
1579 0.6924050632911393
1580 0.6925996204933587
1581 0.6927939317319848
1582 0.6929879974731522
1583 0.6931818181818182
1584 0.6927444794952682
1585 0.692938209331652
1586 0.6931316950220542
1587 0.6933249370277078
1588 0.6935179358086847
1589 0.6937106918238993
1590 0.6932746700188561
1591 0.6934673366834171
1592 0.6930320150659134
1593 0.6932245922208281
1594 0.6934169278996866
1595 0.6929824561403509
1596 0.6931747025673137
1597 0.6927409261576971
1598 0.6923076923076923
1599 0.691875
1600 0.6920674578388507
1601 0.6922596754057428
1602 0.6924516531503431
1603 0.6920199501246883
1604 0.6915887850467289
1605 0.6917808219178082
1606 0.6919726197884256
1607 0.6921641791044776
1608 0.692355500310752
1609 0.6919254658385093
1610 0.691495965238982
1611 0.6916873449131513
1612 0.6918784872907625
1613 0.6920693928128873
1614 0.691640866873065
1615 0.6912128712871287
1616 0.6907854050711194
1617 0.6903584672435105
1618 0.6905497220506486
1619 0.6907407407407408
1620 0.6909315237507712
1621 0.6911220715166461
1622 0.6913123844731978
1623 0.6915024630541872
1624 0.6916923076923077
1625 0.6912669126691267
1626 0.6914566687154272
1627 0.6916461916461917
1628 0.6918354818907305
1629 0.6920245398773006
1630 0.6922133660331086
1631 0.6924019607843137
1632 0.6925903245560319
1633 0.6927784577723378
1634 0.6929663608562691
1635 0.6931540342298288
1636 0.693341478313989
1637 0.6929181929181929
1638 0.6924954240390482
1639 0.6926829268292682
1640 0.692260816575259
1641 0.692448233861145
1642 0.6920267802799757
1643 0.6922141119221411
1644 0.6924012158054711
1645 0.6919805589307412
1646 0.692167577413479
1647 0.6923543689320388
1648 0.6925409338993329
1649 0.6927272727272727
1650 0.6929133858267716
1651 0.6930992736077481
1652 0.6926799758015729
1653 0.6928657799274486
1654 0.6930513595166163
1655 0.6932367149758454
1656 0.6934218467109233
1657 0.6936067551266586
1658 0.6937914406268837
1659 0.6939759036144578
1660 0.6941601444912703
1661 0.694344163658243
1662 0.6945279615153337
1663 0.6947115384615384
1664 0.6948948948948949
1665 0.695078031212485
1666 0.6946610677864428
1667 0.6948441247002398
1668 0.6944278010784901
1669 0.6940119760479042
1670 0.6941950927588271
1671 0.694377990430622
1672 0.694560669456067
1673 0.6947431302270012
1674 0.6949253731343283
1675 0.6951073985680191
1676 0.6946929039952295
1677 0.6948748510131109
1678 0.6950565812983919
1679 0.6952380952380952
1680 0.6948245092207019
1681 0.6950059453032105
1682 0.6945929887106358
1683 0.6947743467933492
1684 0.6943620178041543
1685 0.6945432977461448
1686 0.6941315945465323
1687 0.6943127962085308
1688 0.69449378330373
1689 0.6946745562130178
1690 0.6948551153163809
1691 0.6950354609929078
1692 0.6946249261665682
1693 0.6948051948051948
1694 0.6943952802359882
1695 0.6945754716981132
1696 0.6941661756040071
1697 0.6943462897526502
1698 0.694526191877575
1699 0.6947058823529412
1700 0.6942974720752498
1701 0.6944770857814336
1702 0.6940692894891368
1703 0.6936619718309859
1704 0.6932551319648094
1705 0.6934349355216881
1706 0.6936145284124194
1707 0.6937939110070258
1708 0.6939730836746636
1709 0.6935672514619883
1710 0.6937463471654004
1711 0.6939252336448598
1712 0.6941039112667834
1713 0.6942823803967327
1714 0.6938775510204082
1715 0.6940559440559441
1716 0.6942341292952825
1717 0.6944121071012805
1718 0.6940081442699244
1719 0.6936046511627907
1720 0.6932016269610691
1721 0.6933797909407665
1722 0.693557748113755
1723 0.6937354988399071
1724 0.6939130434782609
1725 0.694090382387022
1726 0.6936884771279676
1727 0.6932870370370371
1728 0.6934644303065356
1729 0.6936416184971098
1730 0.6938186019641825
1731 0.6939953810623557
1732 0.6941719561454126
1733 0.6943483275663207
1734 0.6945244956772334
1735 0.6947004608294931
1736 0.6948762233736328
1737 0.6944764096662831
1738 0.6946520989074181
1739 0.6942528735632184
1740 0.6938541068351523
1741 0.6934557979334098
1742 0.693631669535284
1743 0.6938073394495413
1744 0.6939828080229227
1745 0.6941580756013745
1746 0.6943331425300515
1747 0.6945080091533181
1748 0.6946826758147513
1749 0.6948571428571428
1750 0.6944603083952028
1751 0.694634703196347
1752 0.6942384483742157
1753 0.6944127708095781
1754 0.6945868945868946
1755 0.6947608200455581
1756 0.6949345475241889
1757 0.6951080773606371
1758 0.6952814098919841
1759 0.6954545454545454
1760 0.6956274843838728
1761 0.6952326901248581
1762 0.6948383437322745
1763 0.6950113378684807
1764 0.6951841359773371
1765 0.695356738391846
1766 0.6955291454442558
1767 0.6957013574660633
1768 0.6958733747880158
1769 0.696045197740113
1770 0.6962168266516092
1771 0.6963882618510158
1772 0.6965595036661026
1773 0.6961668545659526
1774 0.6963380281690141
1775 0.696509009009009
1776 0.6961170512099043
1777 0.6957255343082115
1778 0.6958965711073637
1779 0.6955056179775281
1780 0.6956765861875351
1781 0.6958473625140292
1782 0.6954570947840718
1783 0.695067264573991
1784 0.6952380952380952
1785 0.6954087346024636
1786 0.6955791829882485
1787 0.6957494407158836
1788 0.6953605366126328
1789 0.6955307262569832
1790 0.6957007258514796
1791 0.6958705357142857
1792 0.6960401561628555
1793 0.6962095875139354
1794 0.6963788300835655
1795 0.6965478841870824
1796 0.6967167501391207
1797 0.6968854282536151
1798 0.6964980544747081
1799 0.6966666666666667
1800 0.6968350916157691
1801 0.6970033296337403
1802 0.697171381031614
1803 0.6967849223946785
1804 0.6969529085872577
1805 0.6971207087486158
1806 0.6967349197565025
1807 0.6969026548672567
1808 0.6965174129353234
1809 0.6966850828729282
1810 0.6963003865267808
1811 0.6964679911699779
1812 0.6966354109211252
1813 0.6968026460859978
1814 0.696969696969697
1815 0.6965859030837004
1816 0.6967528893780958
1817 0.6969196919691969
1818 0.697086311159978
1819 0.6972527472527472
1820 0.6974190005491488
1821 0.6970362239297475
1822 0.6972024136039495
1823 0.6973684210526315
1824 0.6969863013698631
1825 0.696604600219058
1826 0.6962233169129721
1827 0.6963894967177243
1828 0.6960087479496992
1829 0.6961748633879782
1830 0.6963407973784818
1831 0.6965065502183406
1832 0.696126568466994
1833 0.6962922573609597
1834 0.6964577656675749
1835 0.6966230936819172
1836 0.6967882416984214
1837 0.6964091403699674
1838 0.6965742251223491
1839 0.6967391304347826
1840 0.6963606735469854
1841 0.6965255157437568
1842 0.6966901790558871
1843 0.6968546637744034
1844 0.6970189701897019
1845 0.6971830985915493
1846 0.697347049269085
1847 0.6975108225108225
1848 0.6976744186046512
1849 0.6978378378378378
1850 0.6980010804970286
1851 0.6981641468682506
1852 0.6983270372369131
1853 0.6984897518878102
1854 0.6981132075471698
1855 0.6982758620689655
1856 0.6978998384491115
1857 0.6980624327233584
1858 0.6982248520710059
1859 0.6983870967741935
1860 0.6980118216012896
1861 0.6976369495166488
1862 0.6972624798711755
1863 0.6974248927038627
1864 0.6970509383378016
1865 0.6966773847802786
1866 0.6963042313872523
1867 0.6964668094218416
1868 0.6966292134831461
1869 0.6962566844919786
1870 0.6964190272581507
1871 0.6965811965811965
1872 0.6967431927389215
1873 0.6969050160085379
1874 0.6970666666666666
1875 0.697228144989339
1876 0.6973894512519979
1877 0.6970181043663471
1878 0.6971793507184673
1879 0.6968085106382979
1880 0.696969696969697
1881 0.6971307120085016
1882 0.6972915560276155
1883 0.697452229299363
1884 0.6976127320954907
1885 0.6977730646871686
1886 0.6979332273449921
1887 0.698093220338983
1888 0.6977236633139227
1889 0.6978835978835979
1890 0.6975145425700687
1891 0.6976744186046512
1892 0.6978341257263603
1893 0.6974656810982048
1894 0.6970976253298153
1895 0.6972573839662447
1896 0.6974169741697417
1897 0.6970495258166491
1898 0.6966824644549763
1899 0.6968421052631579
1900 0.6964755391899
1901 0.6966351209253417
1902 0.6967945349448239
1903 0.6964285714285714
1904 0.6965879265091863
1905 0.6967471143756558
1906 0.6969061352910331
1907 0.6965408805031447
1908 0.6966998428496595
1909 0.6963350785340314
1910 0.696493982208268
1911 0.6961297071129707
1912 0.6962885520125457
1913 0.6964472309299895
1914 0.6966057441253264
1915 0.6967640918580376
1916 0.6964006259780907
1917 0.6965589155370178
1918 0.6967170401250652
1919 0.6963541666666667
1920 0.6965122332118688
1921 0.6966701352757544
1922 0.6963078523140925
1923 0.6964656964656964
1924 0.6966233766233766
1925 0.6967808930425753
1926 0.6964193046185781
1927 0.696058091286307
1928 0.6956972524624158
1929 0.6958549222797927
1930 0.6960124287933713
1931 0.6961697722567288
1932 0.6963269529229178
1933 0.6964839710444675
1934 0.696640826873385
1935 0.6962809917355371
1936 0.696437790397522
1937 0.6965944272445821
1938 0.6962351727694688
1939 0.6963917525773196
1940 0.6965481710458526
1941 0.6967044284243048
1942 0.6968605249613999
1943 0.6970164609053497
1944 0.6971722365038561
1945 0.696813977389517
1946 0.696969696969697
1947 0.696611909650924
1948 0.6967675731144176
1949 0.696923076923077
1950 0.6970784213223987
1951 0.6972336065573771
1952 0.6973886328725039
1953 0.6975435005117707
1954 0.69769820971867
1955 0.6973415132924335
1956 0.6974961676034747
1957 0.6971399387129724
1958 0.697294538029607
1959 0.6974489795918367
1960 0.6976032636409994
1961 0.6977573904179408
1962 0.6974019358125318
1963 0.6970468431771895
1964 0.6972010178117048
1965 0.6973550356052899
1966 0.6970005083884088
1967 0.6971544715447154
1968 0.6973082783138649
1969 0.6974619289340102
1970 0.6976154236428209
1971 0.6977687626774848
1972 0.6974151039026862
1973 0.6970618034447822
1974 0.6967088607594937
1975 0.6968623481781376
1976 0.6970156803237229
1977 0.6971688574317493
1978 0.697321879737241
1979 0.696969696969697
1980 0.6971226653205452
1981 0.6972754793138244
1982 0.697428139183056
1983 0.6975806451612904
1984 0.6977329974811083
1985 0.6978851963746223
1986 0.6980372420734776
1987 0.6976861167002012
1988 0.6978381096028154
1989 0.6974874371859296
1990 0.6971371170266197
1991 0.697289156626506
1992 0.6974410436527847
1993 0.6970912738214644
1994 0.6967418546365914
1995 0.6963927855711423
1996 0.6960440660991487
1997 0.6956956956956957
1998 0.6953476738369184
1999 0.6955
2000 0.6951524237881059
2001 0.6953046953046953
2002 0.6954568147778333
2003 0.6951097804391217
2004 0.6947630922693266
2005 0.6949152542372882
2006 0.6945690084703537
2007 0.6942231075697212
2008 0.6943753111000498
2009 0.6945273631840796
2010 0.69418199900547
2011 0.6938369781312127
2012 0.6939890710382514
2013 0.6941410129096326
2014 0.6942928039702233
2015 0.6944444444444444
2016 0.6945959345562717
2017 0.6947472745292369
2018 0.6948984645864289
2019 0.695049504950495
2020 0.6947055912914398
2021 0.6948565776458951
2022 0.69451309935739
2023 0.6946640316205533
2024 0.6948148148148148
2025 0.694471865745311
2026 0.6941292550567341
2027 0.6942800788954635
2028 0.6944307540660424
2029 0.6945812807881774
2030 0.6947316592811423
2031 0.6948818897637795
2032 0.6945400885391048
2033 0.6946902654867256
2034 0.6948402948402949
2035 0.6949901768172888
2036 0.6946489936180658
2037 0.6943081452404318
2038 0.6939676311917606
2039 0.6941176470588235
2040 0.6942675159235668
2041 0.6944172380019589
2042 0.6940773372491434
2043 0.6942270058708415
2044 0.6943765281173594
2045 0.6940371456500489
2046 0.6941866145578895
2047 0.6943359375
2048 0.6939970717423133
2049 0.6941463414634146
2050 0.6938078985860556
2051 0.6934697855750487
2052 0.6936190940087676
2053 0.6937682570593963
2054 0.6939172749391728
2055 0.6940661478599222
2056 0.6942148760330579
2057 0.6943634596695821
2058 0.694026226323458
2059 0.6941747572815534
2060 0.6943231441048034
2061 0.6944713870029098
2062 0.694134755210858
2063 0.6942829457364341
2064 0.6944309927360774
2065 0.6945788964181994
2066 0.6947266569908079
2067 0.6943907156673114
2068 0.694538424359594
2069 0.6942028985507246
2070 0.6943505552873008
2071 0.6944980694980695
2072 0.6946454413892909
2073 0.6947926711668274
2074 0.6944578313253013
2075 0.6946050096339114
2076 0.6947520462205103
2077 0.6948989412897016
2078 0.695045695045695
2079 0.6951923076923077
2080 0.6948582412301778
2081 0.6950048030739674
2082 0.6946711473835814
2083 0.6948176583493282
2084 0.6949640287769784
2085 0.6951102588686481
2086 0.6952563488260661
2087 0.6949233716475096
2088 0.6950694112015319
2089 0.6952153110047847
2090 0.6953610712577714
2091 0.6950286806883366
2092 0.6951743908265647
2093 0.6948424068767909
2094 0.6949880668257756
2095 0.6946564885496184
2096 0.6943252265140677
2097 0.6944709246901811
2098 0.6946164840400191
2099 0.6947619047619048
2100 0.694907187053784
2101 0.6945765937202664
2102 0.6947218259629101
2103 0.6943916349809885
2104 0.6945368171021378
2105 0.694681861348528
2106 0.6943521594684385
2107 0.6940227703984819
2108 0.6936936936936937
2109 0.6938388625592417
2110 0.693983893889152
2111 0.6941287878787878
2112 0.6942735447231424
2113 0.6944181646168401
2114 0.6940898345153664
2115 0.694234404536862
2116 0.6943788379782712
2117 0.6945231350330501
2118 0.6941953751769703
2119 0.6938679245283019
2120 0.6935407826496935
2121 0.6936852026390198
2122 0.6933584550164861
2123 0.693502824858757
2124 0.6936470588235294
2125 0.69379115710254
2126 0.693935119887165
2127 0.694078947368421
2128 0.6942226397369657
2129 0.6938967136150235
2130 0.6940403566400751
2131 0.6941838649155723
2132 0.6943272386310361
2133 0.6944704779756327
2134 0.6946135831381733
2135 0.6947565543071161
2136 0.6948993916705662
2137 0.6950420954162769
2138 0.6951846657316503
2139 0.6948598130841122
2140 0.694535263895376
2141 0.6942110177404295
2142 0.6943537097526832
2143 0.6940298507462687
2144 0.6941724941724942
2145 0.6943150046598322
2146 0.6939916162086632
2147 0.6941340782122905
2148 0.6938110749185668
2149 0.6934883720930233
2150 0.6936308693630869
2151 0.6937732342007435
2152 0.6934509986065954
2153 0.6935933147632312
2154 0.6932714617169373
2155 0.6934137291280148
2156 0.6935558646267965
2157 0.6932344763670065
2158 0.6929133858267716
2159 0.6930555555555555
2160 0.6931975937066173
2161 0.6933395004625347
2162 0.6934812760055479
2163 0.69362292051756
2164 0.6937644341801386
2165 0.6934441366574331
2166 0.6935856022150438
2167 0.6937269372693727
2168 0.6938681420009221
2169 0.6940092165898617
2170 0.6941501612160295
2171 0.6942909760589319
2172 0.694431661297745
2173 0.6945722171113156
2174 0.6942528735632184
2175 0.6939338235294118
2176 0.6940744143316491
2177 0.6942148760330579
2178 0.6943552088113814
2179 0.6940366972477064
2180 0.694176983035305
2181 0.693858845096242
2182 0.6939990838295923
2183 0.6941391941391941
2184 0.6938215102974828
2185 0.6939615736505031
2186 0.6936442615454961
2187 0.6937842778793418
2188 0.6939241662859753
2189 0.6940639269406392
2190 0.6942035600182564
2191 0.6938868613138686
2192 0.6940264477884177
2193 0.6941659070191432
2194 0.6943052391799545
2195 0.6944444444444444
2196 0.6945835229858899
2197 0.694722474977252
2198 0.6948613005911778
2199 0.695
2200 0.6951385733757383
2201 0.6948228882833788
2202 0.6949614162505674
2203 0.6950998185117967
2204 0.6952380952380952
2205 0.6949229374433363
2206 0.6946080652469415
2207 0.6947463768115942
2208 0.6944318696242644
2209 0.6941176470588235
2210 0.6938037087290818
2211 0.6939421338155516
2212 0.6936285585178491
2213 0.6933152664859982
2214 0.6934537246049661
2215 0.6935920577617328
2216 0.6932792061344158
2217 0.6929666366095582
2218 0.6931050022532672
2219 0.6932432432432433
2220 0.6933813597478613
2221 0.6935193519351935
2222 0.6936572199730094
2223 0.6933453237410072
2224 0.6934831460674157
2225 0.6936208445642408
2226 0.6937584193982936
2227 0.6938958707360862
2228 0.6940331987438313
2229 0.694170403587444
2230 0.6943074854325415
2231 0.6944444444444444
2232 0.6945812807881774
2233 0.6947179946284691
2234 0.6948545861297539
2235 0.6949910554561717
2236 0.695127402771569
2237 0.6952636282394995
2238 0.6949531040643144
2239 0.6950892857142857
2240 0.6947791164658634
2241 0.6949152542372882
2242 0.6950512706197057
2243 0.6947415329768271
2244 0.6944320712694878
2245 0.6941228851291185
2246 0.693813974187806
2247 0.693950177935943
2248 0.694086260560249
2249 0.6942222222222222
2250 0.6943580630830742
2251 0.69449378330373
2252 0.6946293830448291
2253 0.6947648624667259
2254 0.6949002217294901
2255 0.6950354609929078
2256 0.6947275143996455
2257 0.6948627103631533
2258 0.6949977866312528
2259 0.6951327433628318
2260 0.6952675807164971
2261 0.6954022988505747
2262 0.6955368979231109
2263 0.6952296819787986
2264 0.695364238410596
2265 0.6954986760812003
2266 0.6951918835465373
2267 0.6953262786596119
2268 0.6954605553107096
2269 0.6951541850220264
2270 0.695288419198591
2271 0.6954225352112676
2272 0.6955565332160141
2273 0.6952506596306068
2274 0.6953846153846154
2275 0.695518453427065
2276 0.6956521739130435
2277 0.6953467954345918
2278 0.6954804738920579
2279 0.6951754385964912
2280 0.6948706707584393
2281 0.6945661700262927
2282 0.6946999561979851
2283 0.6948336252189142
2284 0.6949671772428884
2285 0.6951006124234471
2286 0.695233930913861
2287 0.6949300699300699
2288 0.6950633464394932
2289 0.6951965065502184
2290 0.695329550414666
2291 0.6954624781849913
2292 0.6955952900130833
2293 0.6957279860505667
2294 0.6958605664488018
2295 0.695993031358885
2296 0.69612538093165
2297 0.6962576153176675
2298 0.6963897346672466
2299 0.6960869565217391
2300 0.6957844415471535
2301 0.6954821894005213
2302 0.6951801997394702
2303 0.6953125
2304 0.6954446854663774
2305 0.6951431049436253
2306 0.6952752492414391
2307 0.6954072790294628
2308 0.6955391944564747
2309 0.6956709956709957
2310 0.6958026828212894
2311 0.6959342560553633
2312 0.6956333765672287
2313 0.6957649092480553
2314 0.6958963282937365
2315 0.6955958549222798
2316 0.6952956409149763
2317 0.6954270923209663
2318 0.6955584303579129
2319 0.6956896551724138
2320 0.6958207669108143
2321 0.6959517657192076
2322 0.6956521739130435
2323 0.6957831325301205
2324 0.6959139784946237
2325 0.6960447119518487
2326 0.6961753330468414
2327 0.6963058419243986
2328 0.6964362387290682
2329 0.6965665236051503
2330 0.6966966966966966
2331 0.6968267581475128
2332 0.6965280754393485
2333 0.696229648671808
2334 0.6963597430406853
2335 0.6964897260273972
2336 0.6966195977749251
2337 0.6967493584260052
2338 0.6968790081231295
2339 0.697008547008547
2340 0.6971379752242631
2341 0.697267292912041
2342 0.696969696969697
2343 0.697098976109215
2344 0.697228144989339
2345 0.69693094629156
2346 0.6966340008521517
2347 0.696763202725724
2348 0.6964665815240528
2349 0.6965957446808511
2350 0.6962994470438112
2351 0.6964285714285714
2352 0.6965575860603485
2353 0.6966864910790145
2354 0.6968152866242038
2355 0.6969439728353141
2356 0.6966482817140432
2357 0.6967769296013571
2358 0.6964815599830436
2359 0.6966101694915254
2360 0.6963151207115629
2361 0.6960203217612193
2362 0.6961489631823953
2363 0.6962774957698815
2364 0.6959830866807611
2365 0.6961115807269653
2366 0.6962399662019434
2367 0.6963682432432432
2368 0.6964964119881807
2369 0.6966244725738396
2370 0.6963306621678617
2371 0.6964586846543002
2372 0.6965865992414665
2373 0.6967144060657119
2374 0.6968421052631579
2375 0.6965488215488216
2376 0.6966764829617165
2377 0.6968040370058873
2378 0.6969314838167298
2379 0.6970588235294117
2380 0.6971860562788744
2381 0.6973131821998321
2382 0.697440201426773
2383 0.6975671140939598
2384 0.6976939203354298
2385 0.6974015088013411
2386 0.6971093422706326
2387 0.6968174204355109
2388 0.6965257429886982
2389 0.6962343096234309
2390 0.6963613550815558
2391 0.6960702341137124
2392 0.6961972419557041
2393 0.695906432748538
2394 0.6960334029227557
2395 0.6957429048414023
2396 0.6958698372966208
2397 0.69557964970809
2398 0.6957065443934973
2399 0.6958333333333333
2400 0.6959600166597251
2401 0.6960865945045795
2402 0.6957969205160216
2403 0.6959234608985025
2404 0.6960498960498961
2405 0.6957605985037406
2406 0.6958869962609057
2407 0.6955980066445183
2408 0.6957243669572437
2409 0.695850622406639
2410 0.6955620074657818
2411 0.695273631840796
2412 0.6953999171156237
2413 0.6955260977630489
2414 0.6956521739130435
2415 0.6957781456953642
2416 0.6954902772031444
2417 0.695616211745244
2418 0.6957420421661844
2419 0.6958677685950413
2420 0.6959933911606774
2421 0.6957060280759703
2422 0.695418902187371
2423 0.6955445544554455
2424 0.6952577319587628
2425 0.6953833470733718
2426 0.6955088586732592
2427 0.6952224052718287
2428 0.6953478797859202
2429 0.6954732510288066
2430 0.6951871657754011
2431 0.6949013157894737
2432 0.6950267159884915
2433 0.695152013147083
2434 0.6952772073921971
2435 0.6954022988505747
2436 0.6951169470660649
2437 0.6952420016406891
2438 0.6953669536695367
2439 0.6954918032786885
2440 0.6956165505940188
2441 0.6957411957411958
2442 0.6958657388456816
2443 0.6959901800327333
2444 0.6961145194274029
2445 0.695829926410466
2446 0.6959542296689825
2447 0.696078431372549
2448 0.6962025316455697
2449 0.6963265306122449
2450 0.6964504283965728
2451 0.6961663947797716
2452 0.6958825927435793
2453 0.69559902200489
2454 0.6957230142566192
2455 0.6958469055374593
2456 0.6955636955636956
2457 0.6952807160292921
2458 0.6954046360309069
2459 0.6955284552845529
2460 0.695245835026412
2461 0.6953696181965882
2462 0.6954933008526187
2463 0.6956168831168831
2464 0.6953346855983773
2465 0.6954582319545823
2466 0.6955816781516011
2467 0.6952998379254457
2468 0.6954232482786553
2469 0.6955465587044535
2470 0.6956697693241602
2471 0.6957928802588996
2472 0.6959158916295997
2473 0.6960388035569928
2474 0.6961616161616162
2475 0.6962843295638126
2476 0.6964069438837304
2477 0.6961259079903148
2478 0.6958450988301734
2479 0.6959677419354838
2480 0.6960902861749295
2481 0.6962127316680097
2482 0.6963350785340314
2483 0.6964573268921095
2484 0.6965794768611671
2485 0.6967015285599356
2486 0.6968234821069562
2487 0.6969453376205788
2488 0.6970670952189635
2489 0.6971887550200804
2490 0.6973103171417102
2491 0.6974317817014446
2492 0.6975531488166867
2493 0.6972734562951083
2494 0.6973947895791583
2495 0.6975160256410257
2496 0.697637164597517
2497 0.6977582065652522
2498 0.6978791516606643
2499 0.698
2500 0.6977209116353459
2501 0.6974420463629096
2502 0.6975629244906113
2503 0.6976837060702875
2504 0.6974051896207585
2505 0.6971268954509178
2506 0.6972477064220184
2507 0.6973684210526315
2508 0.6970904742925468
2509 0.6972111553784861
2510 0.697331740342493
2511 0.6970541401273885
2512 0.697174691603661
2513 0.6968973747016707
2514 0.6970178926441352
2515 0.6971383147853736
2516 0.6968613428684942
2517 0.6969817315329627
2518 0.6971020246129417
2519 0.6972222222222222
2520 0.6973423244744149
2521 0.69746233148295
2522 0.6975822433610781
2523 0.6973058637083994
2524 0.697029702970297
2525 0.6967537608867775
2526 0.6968737633557578
2527 0.6965981012658228
2528 0.6967180703835508
2529 0.6964426877470355
2530 0.6965626234689846
2531 0.6966824644549763
2532 0.6968022108172128
2533 0.696921862667719
2534 0.6970414201183432
2535 0.6971608832807571
2536 0.6968860859282617
2537 0.6970055161544523
2538 0.6971248523040567
2539 0.697244094488189
2540 0.6973632428177883
2541 0.6974822974036192
2542 0.6976012583562721
2543 0.6973270440251572
2544 0.6974459724950884
2545 0.6975648075412412
2546 0.6976835492736553
2547 0.6978021978021978
2548 0.6979207532365633
2549 0.6980392156862745
2550 0.6981575852606821
2551 0.697884012539185
2552 0.6980023501762632
2553 0.6977290524667189
2554 0.6974559686888454
2555 0.6971830985915493
2556 0.6973015252248729
2557 0.6974198592650508
2558 0.6975381008206331
2559 0.69765625
2560 0.6977743069113628
2561 0.6978922716627635
2562 0.6976199765899337
2563 0.6973478939157566
2564 0.6974658869395711
2565 0.6975837879968823
2566 0.6973120373977405
2567 0.697429906542056
2568 0.697158427403659
2569 0.6972762645914397
2570 0.6970050563982886
2571 0.6967340590979783
2572 0.6964632724446171
2573 0.6961926961926962
2574 0.6963106796116505
2575 0.6964285714285714
2576 0.6961583236321304
2577 0.6962761830876648
2578 0.6963939511438542
2579 0.6965116279069767
2580 0.6966292134831461
2581 0.6963594113090628
2582 0.6964769647696477
2583 0.6965944272445821
2584 0.6967117988394584
2585 0.6964423820572312
2586 0.6965597216853499
2587 0.6966769706336939
2588 0.6964078794901506
2589 0.6961389961389961
2590 0.6962562717097646
2591 0.6963734567901234
2592 0.6964905514847667
2593 0.6966075558982266
2594 0.6967244701348747
2595 0.6968412942989214
2596 0.6969580284944167
2597 0.6970746728252502
2598 0.6971912273951519
2599 0.696923076923077
2600 0.697039600153787
2601 0.6971560338201384
2602 0.6972723780253554
2603 0.6973886328725039
2604 0.6975047984644913
2605 0.6972371450498849
2606 0.6973532796317606
2607 0.6970858895705522
2608 0.6968187044844768
2609 0.696551724137931
2610 0.6966679433167369
2611 0.6967840735068913
2612 0.6965174129353234
2613 0.6966335118592196
2614 0.6967495219885277
2615 0.6968654434250765
2616 0.6969812762705387
2617 0.6970970206264324
2618 0.6972126765941199
2619 0.6973282442748091
2620 0.6974437237695537
2621 0.6971777269260107
2622 0.6972931757529547
2623 0.6974085365853658
2624 0.6975238095238095
2625 0.6976389946686976
2626 0.6973734297677959
2627 0.6974885844748858
2628 0.697603651578547
2629 0.6973384030418252
2630 0.6974534397567465
2631 0.6975683890577508
2632 0.697683251044436
2633 0.6977980258162491
2634 0.6975332068311195
2635 0.6976479514415781
2636 0.6977626090254077
2637 0.6978771796815769
2638 0.6979916635089048
2639 0.6981060606060606
2640 0.6982203710715638
2641 0.698334595003785
2642 0.6980703745743473
2643 0.6981845688350984
2644 0.6982986767485823
2645 0.6980347694633409
2646 0.6981488477521722
2647 0.6978851963746223
2648 0.6979992449981125
2649 0.6981132075471698
2650 0.6982270841192003
2651 0.6979638009049773
2652 0.6980776479457218
2653 0.69819140919367
2654 0.6983050847457627
2655 0.6984186746987951
2656 0.6985321791494167
2657 0.698645598194131
2658 0.6987589319292967
2659 0.6988721804511279
2660 0.6989853438556933
2661 0.6990984222389182
2662 0.6988358993616223
2663 0.6985735735735735
2664 0.698686679174484
2665 0.6987996999249813
2666 0.6989126359205099
2667 0.6986506746626686
2668 0.698388909704009
2669 0.6985018726591761
2670 0.6986147510295769
2671 0.6987275449101796
2672 0.6984661429105874
2673 0.6985789080029918
2674 0.6983177570093458
2675 0.6980568011958147
2676 0.6977960403436683
2677 0.6979088872292756
2678 0.6980216498693542
2679 0.698134328358209
2680 0.6978739276389407
2681 0.697986577181208
2682 0.6980991427506522
2683 0.6982116244411326
2684 0.6983240223463687
2685 0.6980640357408786
2686 0.6978042426497953
2687 0.6979166666666666
2688 0.6980290070658237
2689 0.6981412639405205
2690 0.6982534373838721
2691 0.6983655274888558
2692 0.6984775343483104
2693 0.6985894580549369
2694 0.6987012987012987
2695 0.6988130563798219
2696 0.6989247311827957
2697 0.6986656782802075
2698 0.6987773249351612
2699 0.6988888888888889
2700 0.6986301369863014
2701 0.698741672834937
2702 0.6988531261561228
2703 0.6989644970414202
2704 0.6990757855822551
2705 0.6988174427198818
2706 0.698928703361655
2707 0.69903988183161
2708 0.698781838316722
2709 0.6985239852398524
2710 0.698635189966802
2711 0.6987463126843658
2712 0.6988573534832289
2713 0.6985998526160648
2714 0.6987108655616943
2715 0.698821796759941
2716 0.6989326463010673
2717 0.6986754966887417
2718 0.6987863184994483
2719 0.6985294117647058
2720 0.6986402058066887
2721 0.6987509184423218
2722 0.6984943077488065
2723 0.698237885462555
2724 0.6983486238532111
2725 0.6980924431401321
2726 0.6982031536486982
2727 0.6983137829912024
2728 0.6984243312568706
2729 0.6985347985347985
2730 0.6986451849139509
2731 0.6987554904831625
2732 0.698865715331138
2733 0.6989758595464521
2734 0.6990859232175503
2735 0.6991959064327485
2736 0.6993058092802338
2737 0.6990504017531045
2738 0.6991602774735305
2739 0.698905109489051
2740 0.6990149580445093
2741 0.6987600291757841
2742 0.6988698505286183
2743 0.6986151603498543
2744 0.6987249544626594
2745 0.6988346686088857
2746 0.6989443028758646
2747 0.6986899563318777
2748 0.6984357948344853
2749 0.6985454545454546
2750 0.698291530352599
2751 0.6984011627906976
2752 0.6981474754812932
2753 0.6978939724037764
2754 0.6980036297640654
2755 0.6981132075471698
2756 0.6982227058396808
2757 0.6983321247280638
2758 0.6984414642986589
2759 0.6985507246376812
2760 0.6986599058312206
2761 0.6984069514844315
2762 0.6981541802388708
2763 0.6982633863965267
2764 0.6983725135623869
2765 0.6981200289226319
2766 0.697867726779906
2767 0.6979768786127167
2768 0.6980859516070783
2769 0.6981949458483755
2770 0.6983038614218694
2771 0.6984126984126984
2772 0.6981608366390191
2773 0.6982696467195386
2774 0.6983783783783784
2775 0.6984870317002881
2776 0.6985956067698955
2777 0.6983441324694024
2778 0.698452680820439
2779 0.6982014388489208
2780 0.6983099604458828
2781 0.6984184040258806
2782 0.6985267696730147
2783 0.6986350574712644
2784 0.6987432675044883
2785 0.6984924623115578
2786 0.6986006458557589
2787 0.6983500717360115
2788 0.698099677303693
2789 0.6978494623655914
2790 0.697957721246865
2791 0.6980659025787965
2792 0.6981740064446831
2793 0.6982820329277022
2794 0.6983899821109123
2795 0.6984978540772532
2796 0.6986056489095459
2797 0.6987133666904932
2798 0.6988210075026795
2799 0.6989285714285715
2800 0.6990360585505176
2801 0.6991434689507494
2802 0.6992508027113806
2803 0.6990014265335235
2804 0.699108734402852
2805 0.6988595866001426
2806 0.6989668685429284
2807 0.6987179487179487
2808 0.6988252046991812
2809 0.698576512455516
2810 0.6986837424404126
2811 0.6984352773826458
2812 0.6985424813366513
2813 0.6986496090973703
2814 0.6987566607460035
2815 0.6988636363636364
2816 0.6986155484558041
2817 0.6983676366217175
2818 0.698474636395885
2819 0.6985815602836879
2820 0.6986884083658277
2821 0.6987951807228916
2822 0.6989018774353525
2823 0.6990084985835694
2824 0.6991150442477876
2825 0.6992215145081387
2826 0.699327909444641
2827 0.6994342291371994
2828 0.6995404736656062
2829 0.6992932862190813
2830 0.6993995054750971
2831 0.6995056497175142
2832 0.6996117190257677
2833 0.6993648553281581
2834 0.6994708994708995
2835 0.6995768688293371
2836 0.699682763482552
2837 0.6994362226920366
2838 0.6995420922860162
2839 0.6992957746478873
2840 0.6994016191481872
2841 0.6995073891625616
2842 0.6996130847696096
2843 0.6993670886075949
2844 0.6991212653778559
2845 0.6988756148981026
2846 0.6989813839128908
2847 0.6990870786516854
2848 0.6991926991926992
2849 0.6992982456140351
2850 0.6994037179936864
2851 0.6995091164095372
2852 0.6996144409393621
2853 0.6997196916608269
2854 0.6994746059544659
2855 0.6995798319327731
2856 0.6996849842492124
2857 0.6997900629811057
2858 0.6998950682056663
2859 0.7
2860 0.7001048584411045
2861 0.70020964360587
2862 0.7003143555710792
2863 0.7000698324022346
2864 0.699825479930192
2865 0.6995812979762736
2866 0.699686083013603
2867 0.699442119944212
2868 0.6995468804461484
2869 0.6996515679442509
2870 0.699407871821665
2871 0.6995125348189415
2872 0.6996171249564914
2873 0.6993736951983298
2874 0.6994782608695652
2875 0.6995827538247567
2876 0.6996871741397289
2877 0.6997915218902016
2878 0.6998957971517888
2879 0.7
2880 0.7001041305102395
2881 0.6998612074947953
2882 0.6999653139091224
2883 0.7000693481276006
2884 0.6998266897746968
2885 0.6999306999306999
2886 0.6996882577069622
2887 0.699792243767313
2888 0.6995500173070267
2889 0.6993079584775086
2890 0.6994119681771014
2891 0.6995159059474412
2892 0.6996197718631179
2893 0.6997235659986178
2894 0.6998272884283246
2895 0.6999309392265194
2896 0.7000345184673801
2897 0.7001380262249828
2898 0.7002414625733011
2899 0.7003448275862069
2900 0.7001034126163392
2901 0.6998621640248105
2902 0.6999655528763348
2903 0.699724517906336
2904 0.6998278829604131
2905 0.6995870612525809
2906 0.6996904024767802
2907 0.6997936726272352
2908 0.6995531110347198
2909 0.6996563573883161
2910 0.6994160082445895
2911 0.6995192307692307
2912 0.6992790937178167
2913 0.699382292381606
2914 0.6994854202401373
2915 0.6992455418381345
2916 0.6993486458690436
2917 0.6991089787525703
2918 0.6992120589242892
2919 0.6989726027397261
2920 0.6990756590208833
2921 0.6991786447638604
2922 0.6989394457748889
2923 0.6987004103967168
2924 0.6988034188034188
2925 0.6989063568010937
2926 0.6990092244619064
2927 0.6991120218579235
2928 0.699214749061113
2929 0.6989761092150171
2930 0.6990788126919141
2931 0.699181446111869
2932 0.6992840095465394
2933 0.6990456714383094
2934 0.6991482112436116
2935 0.6992506811989101
2936 0.6990125978890024
2937 0.6991150442477876
2938 0.6992174208914597
2939 0.6993197278911565
2940 0.6994219653179191
2941 0.699524133242692
2942 0.6992864424057085
2943 0.6993885869565217
2944 0.699151103565365
2945 0.6989137813985065
2946 0.6986766202918222
2947 0.6987788331071914
2948 0.698880976602238
2949 0.6989830508474576
2950 0.6990850559132498
2951 0.6991869918699187
2952 0.6992888587876736
2953 0.6993906567366283
2954 0.6994923857868021
2955 0.699255751014885
2956 0.6993574568819749
2957 0.6991210277214334
2958 0.6988847583643123
2959 0.6989864864864865
2960 0.6990881458966566
2961 0.699189736664416
2962 0.6992912588592642
2963 0.6993927125506073
2964 0.6994940978077572
2965 0.6995954146999326
2966 0.6993596225143243
2967 0.6994609164420486
2968 0.6995621421353991
2969 0.6996632996632997
2970 0.6997643890945809
2971 0.699528936742934
2972 0.6992936427850656
2973 0.699058507061197
2974 0.6991596638655462
2975 0.6989247311827957
2976 0.6990258649647296
2977 0.6991269308260577
2978 0.6988922457200403
2979 0.6989932885906041
2980 0.6990942636699095
2981 0.6991951710261569
2982 0.6992960107274556
2983 0.699396782841823
2984 0.699497487437186
2985 0.6995981245813798
2986 0.6996986943421493
2987 0.6997991967871486
2988 0.6995650719304115
2989 0.6996655518394649
2990 0.6997659645603477
2991 0.6998663101604278
2992 0.6996324757768125
2993 0.6997327989311958
2994 0.6998330550918197
2995 0.6999332443257676
2996 0.7000333667000334
2997 0.700133422281521
2998 0.7002334111370457
2999 0.7003333333333334
3000 0.700433188937021
3001 0.7005329780146569
3002 0.7006327006327007
3003 0.7003994673768309
3004 0.7004991680532446
3005 0.7005988023952096
3006 0.7006983704689059
3007 0.7004654255319149
3008 0.7005649717514124
3009 0.7006644518272426
3010 0.7004317502490867
3011 0.700531208499336
3012 0.7006306007301693
3013 0.7007299270072993
3014 0.7008291873963516
3015 0.7009283819628647
3016 0.7010275107722903
3017 0.7011265738899933
3018 0.7012255713812521
3019 0.7013245033112583
3020 0.7014233697451175
3021 0.701191264063534
3022 0.701290109163083
3023 0.7013888888888888
3024 0.7014876033057851
3025 0.7015862524785195
3026 0.7016848364717542
3027 0.7014531043593131
3028 0.7015516672169033
3029 0.7016501650165017
3030 0.7017485978225009
3031 0.7018469656992085
3032 0.7016155621496868
3033 0.7013843111404087
3034 0.7014827018121911
3035 0.7015810276679841
3036 0.7016792887718143
3037 0.7017774851876234
3038 0.7018756169792695
3039 0.7019736842105263
3040 0.7017428477474515
3041 0.7015121630506246
3042 0.7012816299704239
3043 0.7010512483574245
3044 0.7008210180623974
3045 0.700919238345371
3046 0.7010173941581884
3047 0.7011154855643045
3048 0.7008855362413906
3049 0.7006557377049181
3050 0.700753851196329
3051 0.7008519003931848
3052 0.7009498853586636
3053 0.7007203667321545
3054 0.7008183306055646
3055 0.7009162303664922
3056 0.7010140660778541
3057 0.7007848266841072
3058 0.7008826413860739
3059 0.7009803921568627
3060 0.700751388435152
3061 0.7008491182233834
3062 0.7009467841984982
3063 0.7010443864229765
3064 0.700815660685155
3065 0.7009132420091324
3066 0.7010107597000326
3067 0.7011082138200783
3068 0.7012056044314109
3069 0.7013029315960913
3070 0.701400195376099
3071 0.701171875
3072 0.7012691181256101
3073 0.7013662979830839
3074 0.7011382113821139
3075 0.7009102730819246
3076 0.7010074748131296
3077 0.7011046133853152
3078 0.7012016888600194
3079 0.7012987012987013
3080 0.7013956507627394
3081 0.7011680726800779
3082 0.701265001621797
3083 0.7013618677042801
3084 0.7014586709886548
3085 0.7015554115359689
3086 0.7013281503077421
3087 0.7014248704663213
3088 0.7015215280025898
3089 0.7012944983818771
3090 0.7013911355548367
3091 0.7014877102199224
3092 0.7015842224377626
3093 0.7013574660633484
3094 0.701453957996769
3095 0.7015503875968992
3096 0.7013238618017437
3097 0.7014202711426727
3098 0.7011939335269441
3099 0.7012903225806452
3100 0.7010641728474686
3101 0.7011605415860735
3102 0.7012568482114083
3103 0.7013530927835051
3104 0.7014492753623188
3105 0.701545396007727
3106 0.7016414547795301
3107 0.7014157014157014
3108 0.7011900932775812
3109 0.7012861736334405
3110 0.7013821922211507
3111 0.7014781491002571
3112 0.7012528107934468
3113 0.7013487475915221
3114 0.7014446227929374
3115 0.7012195121951219
3116 0.7013153673403913
3117 0.7014111610006415
3118 0.7015068932350113
3119 0.701602564102564
3120 0.7016981736622877
3121 0.7017937219730942
3122 0.70188920909382
3123 0.7019846350832266
3124 0.70176
3125 0.7015355086372361
3126 0.7013111608570515
3127 0.7014066496163683
3128 0.7011824864173858
3129 0.7012779552715654
3130 0.7010539763653785
3131 0.7008301404853129
3132 0.7006064474944143
3133 0.7007019783024888
3134 0.7007974481658692
3135 0.7008928571428571
3136 0.7009882052916799
3137 0.7010834926704907
3138 0.7008601465434852
3139 0.7009554140127389
3140 0.7010506208213945
3141 0.7011457670273711
3142 0.7012408526885141
3143 0.7013358778625954
3144 0.7014308426073131
3145 0.7015257469802925
3146 0.7016205910390848
3147 0.7013977128335451
3148 0.7014925373134329
3149 0.7015873015873015
3150 0.7016820057124722
3151 0.7017766497461929
3152 0.7015540754836663
3153 0.7016487000634115
3154 0.7014263074484944
3155 0.7015209125475285
3156 0.7016154577130187
3157 0.7017099430018999
3158 0.7014878125989237
3159 0.7015822784810126
3160 0.7016766845934831
3161 0.7017710309930424
3162 0.7018653177363263
3163 0.7019595448798989
3164 0.7020537124802527
3165 0.7021478205938092
3166 0.7022418692769182
3167 0.702020202020202
3168 0.7021142316188071
3169 0.7018927444794952
3170 0.7016713970356354
3171 0.701765447667087
3172 0.70154427986133
3173 0.701638311279143
3174 0.701732283464567
3175 0.7015113350125944
3176 0.7016052880075543
3177 0.7016991818753934
3178 0.7014784523435043
3179 0.7012578616352201
3180 0.7013517761710154
3181 0.7014456316781899
3182 0.7012252591894439
3183 0.7010050251256281
3184 0.701098901098901
3185 0.7011927181418707
3186 0.7012864763100094
3187 0.7010664993726474
3188 0.7011602383192224
3189 0.7009404388714734
3190 0.7010341585709808
3191 0.7011278195488722
3192 0.7012214218603194
3193 0.7013149655604258
3194 0.7014084507042253
3195 0.7015018773466833
3196 0.7012824522990303
3197 0.7013758599124453
3198 0.7014692091278525
3199 0.70125
3200 0.7013433302093096
3201 0.7014366021236728
3202 0.7015298157976897
3203 0.7016229712858927
3204 0.7014040561622464
3205 0.7014971927635683
3206 0.7015902712815716
3207 0.7016832917705735
3208 0.7014646307260829
3209 0.7015576323987539
3210 0.7016505761445033
3211 0.7014321295143213
3212 0.7012138188608776
3213 0.70130678282514
3214 0.7013996889580093
3215 0.7014925373134329
3216 0.7015853279452906
3217 0.7013673088875078
3218 0.7014600807704255
3219 0.7012422360248447
3220 0.7013349891338094
3221 0.7011173184357542
3222 0.7012100527458889
3223 0.701302729528536
3224 0.7013953488372093
3225 0.7011779293242405
3226 0.7012705299039356
3227 0.701363073110285
3228 0.7014555589965934
3229 0.701547987616099
3230 0.7016403590219746
3231 0.7017326732673267
3232 0.7015156201670275
3233 0.7012987012987013
3234 0.7010819165378671
3235 0.7008652657601978
3236 0.7009576768612913
3237 0.7010500308832612
3238 0.701142327878975
3239 0.7012345679012346
3240 0.701326751002777
3241 0.7014188772362739
3242 0.7012025901942646
3243 0.7012946979038225
3244 0.7010785824345146
3245 0.7011706715958103
3246 0.7012627040344934
3247 0.7013546798029556
3248 0.7014465989535241
3249 0.7015384615384616
3250 0.7013226699477084
3251 0.7011070110701108
3252 0.7011988933292346
3253 0.7012907191149355
3254 0.7013824884792627
3255 0.7011670761670762
3256 0.7012588271415413
3257 0.7013505217925108
3258 0.7014421601718318
3259 0.7015337423312883
3260 0.7013186139221098
3261 0.7011036174126303
3262 0.701195219123506
3263 0.7012867647058824
3264 0.7013782542113323
3265 0.7014696876913656
3266 0.7015610651974288
3267 0.7016523867809058
3268 0.7014377485469563
3269 0.7012232415902141
3270 0.7013145826964231
3271 0.7011002444987775
3272 0.7011915673693859
3273 0.7012828344532682
3274 0.7010687022900763
3275 0.7011599511599511
3276 0.7012511443393348
3277 0.7010372178157414
3278 0.7011283928026838
3279 0.7012195121951219
3280 0.701310576043889
3281 0.7010968921389397
3282 0.7011879378617119
3283 0.701278928136419
3284 0.7013698630136986
3285 0.7011564211807669
3286 0.7009431092181321
3287 0.7010340632603407
3288 0.7011249619945272
3289 0.7009118541033434
3290 0.7010027347310848
3291 0.7007897934386391
3292 0.7008806559368357
3293 0.7009714632665452
3294 0.7007587253414264
3295 0.7005461165048543
3296 0.7006369426751592
3297 0.7007277137659187
3298 0.7008184298272204
3299 0.7006060606060606
3300 0.7006967585580127
3301 0.7007874015748031
3302 0.7008779897063275
3303 0.7006658595641646
3304 0.7007564296520423
3305 0.7005444646098004
3306 0.7006350166313879
3307 0.7004232164449818
3308 0.7005137503777576
3309 0.7006042296072508
3310 0.7006946541830262
3311 0.7007850241545893
3312 0.7008753395713855
3313 0.7009656004828002
3314 0.7010558069381598
3315 0.701145958986731
3316 0.7009345794392523
3317 0.7010247136829415
3318 0.7011147936125339
3319 0.7012048192771084
3320 0.701294790725685
3321 0.7013847080072245
3322 0.7011736382786639
3323 0.7012635379061372
3324 0.7013533834586466
3325 0.7011425135297655
3326 0.7012323414487527
3327 0.7013221153846154
3328 0.7014118353860018
3329 0.7015015015015015
3330 0.7012909036325428
3331 0.7010804321728692
3332 0.7011701170117012
3333 0.7012597480503899
3334 0.7013493253373313
3335 0.7014388489208633
3336 0.7015283188492658
3337 0.701617735170761
3338 0.701707097933513
3339 0.7017964071856287
3340 0.7015863513917988
3341 0.7016756433273489
3342 0.7014657493269518
3343 0.7015550239234449
3344 0.701644245142003
3345 0.7017334130304842
3346 0.7018225276366896
3347 0.7019115890083633
3348 0.7017020005971932
3349 0.7017910447761194
3350 0.7015816174276336
3351 0.7013723150357996
3352 0.7014613778705637
3353 0.7012522361359571
3354 0.701043219076006
3355 0.7011323003575686
3356 0.7012213285671731
3357 0.7010125074449077
3358 0.7011015183090206
3359 0.7008928571428571
3360 0.7006843201428147
3361 0.7004759071980964
3362 0.7005649717514124
3363 0.700653983353151
3364 0.70074294205052
3365 0.7005347593582888
3366 0.7006237006237006
3367 0.7007125890736342
3368 0.7008014247551202
3369 0.7008902077151336
3370 0.7009789380005933
3371 0.701067615658363
3372 0.7011562407352505
3373 0.7012448132780082
3374 0.7013333333333334
3375 0.7011255924170616
3376 0.7012140953509032
3377 0.7013025458851392
3378 0.7013909440662918
3379 0.7011834319526628
3380 0.7009760425909495
3381 0.7010644589000591
3382 0.7008572273130358
3383 0.7009456264775413
3384 0.7010339734121123
3385 0.7008269344359126
3386 0.7009152642456451
3387 0.7007083825265643
3388 0.7005016228976099
3389 0.700589970501475
3390 0.7003833677381304
3391 0.7004716981132075
3392 0.7005599764220454
3393 0.7006482027106659
3394 0.7007363770250368
3395 0.7008244994110718
3396 0.7006181925228142
3397 0.7004120070629782
3398 0.7002059429243895
3399 0.7002941176470588
3400 0.7000882093501911
3401 0.7001763668430335
3402 0.699970614163973
3403 0.7000587544065805
3404 0.7001468428781205
3405 0.6999412800939518
3406 0.7000293513354857
3407 0.7001173708920188
3408 0.7002053388090349
3409 0.7
3410 0.7000879507475813
3411 0.7001758499413834
3412 0.6999707002636977
3413 0.700058582308143
3414 0.7001464128843338
3415 0.7002341920374707
3416 0.7003219198127012
3417 0.7001170275014629
3418 0.7002047382275519
3419 0.7002923976608187
3420 0.7000876936568254
3421 0.7001753360607832
3422 0.6999707858603564
3423 0.7000584112149533
3424 0.6998540145985401
3425 0.6996497373029772
3426 0.6994455792238109
3427 0.6995332555425904
3428 0.6993292505103529
3429 0.6994169096209912
3430 0.6992130574176625
3431 0.6993006993006993
3432 0.6993882901252548
3433 0.6994758299359348
3434 0.6995633187772926
3435 0.69965075669383
3436 0.6997381437299971
3437 0.699825479930192
3438 0.6996219831346322
3439 0.6994186046511628
3440 0.6992153443766347
3441 0.6990122022080186
3442 0.6988091780424048
3443 0.6988966318234611
3444 0.6989840348330915
3445 0.6990713871154962
3446 0.6991586887148245
3447 0.699245939675174
3448 0.6993331400405914
3449 0.6994202898550724
3450 0.6992176180817155
3451 0.6990150637311703
3452 0.6991022299449754
3453 0.699189345686161
3454 0.6992764109985529
3455 0.6993634259259259
3456 0.6994503905120046
3457 0.6992481203007519
3458 0.6993350679387106
3459 0.6991329479768786
3460 0.6992198786477897
3461 0.6990179087232813
3462 0.6991048224083165
3463 0.6991916859122402
3464 0.6992784992784993
3465 0.6993652625504905
3466 0.6994519757715604
3467 0.6992502883506344
3468 0.6993369847218218
3469 0.6994236311239193
3470 0.6992221261884183
3471 0.6993087557603687
3472 0.6993953354448603
3473 0.6994818652849741
3474 0.699568345323741
3475 0.6996547756041427
3476 0.6997411561691113
3477 0.6998274870615296
3478 0.6999137683242311
3479 0.7
3480 0.6997989083596667
3481 0.6998851234922459
3482 0.699971289118576
3483 0.6997703788748565
3484 0.6995695839311334
3485 0.6996557659208261
3486 0.6997418984800688
3487 0.6995412844036697
3488 0.6993407853253081
3489 0.6994269340974212
3490 0.6995130335147522
3491 0.6995990836197021
3492 0.6996850844546235
3493 0.6994848311390955
3494 0.6995708154506438
3495 0.6996567505720824
3496 0.6994566771518445
3497 0.6995425957690109
3498 0.699628465275793
3499 0.6997142857142857
3500 0.6998000571265353
3501 0.6998857795545402
3502 0.6999714530402512
3503 0.7000570776255708
3504 0.6998573466476462
3505 0.6999429549343982
3506 0.699743370402053
3507 0.6998289623717218
3508 0.6999145055571387
3509 0.7
3510 0.7000854457419539
3511 0.7001708428246014
3512 0.7002561912894961
3513 0.7003414911781446
3514 0.7001422475106686
3515 0.699943117178612
3516 0.6997441000853
3517 0.6998294485503127
3518 0.6999147485080989
3519 0.6997159090909091
3520 0.6995171826185743
3521 0.6996024985803521
3522 0.6996877661084303
3523 0.6997729852440409
3524 0.6998581560283688
3525 0.6996596710153148
3526 0.6997448256308477
3527 0.6998299319727891
3528 0.6996316236894304
3529 0.6997167138810199
3530 0.6998017558765223
3531 0.6998867497168743
3532 0.6999716954429663
3533 0.7000565930956423
3534 0.6998585572842999
3535 0.6999434389140271
3536 0.6997455470737913
3537 0.6995477671000565
3538 0.6993500988979938
3539 0.6994350282485876
3540 0.699519909630048
3541 0.6993224167137211
3542 0.6994072819644369
3543 0.6992099322799097
3544 0.6990126939351199
3545 0.6988155668358714
3546 0.6989004792782634
3547 0.6989853438556933
3548 0.6987883910960834
3549 0.6985915492957746
3550 0.698394818361025
3551 0.6984797297297297
3552 0.6985645933014354
3553 0.6986494091164884
3554 0.6987341772151898
3555 0.6988188976377953
3556 0.698903570424515
3557 0.6989881956155143
3558 0.6987917954481596
3559 0.698876404494382
3560 0.6989609660207807
3561 0.6987647389107243
3562 0.6988492843109739
3563 0.6986531986531986
3564 0.6987377279102385
3565 0.6988222097588335
3566 0.6989066442388562
3567 0.6989910313901345
3568 0.6990753712524517
3569 0.6988795518207283
3570 0.6989638756650798
3571 0.6990481522956327
3572 0.6991323817520291
3573 0.6992165640738668
3574 0.6993006993006993
3575 0.6993847874720358
3576 0.6994688286273414
3577 0.6995528228060369
3578 0.6996367700474994
3579 0.6994413407821229
3580 0.6995252722703156
3581 0.699609156895589
3582 0.6994138989673458
3583 0.6994977678571429
3584 0.699581589958159
3585 0.699665365309537
3586 0.6994703094507946
3587 0.6992753623188406
3588 0.6990805238227918
3589 0.6988857938718663
3590 0.6989696463380674
3591 0.6990534521158129
3592 0.6991372112440857
3593 0.6992209237618253
3594 0.6993045897079276
3595 0.6993882091212458
3596 0.699193772588268
3597 0.6989994441356309
3598 0.6990830786329536
3599 0.6991666666666667
3600 0.6989725076367675
3601 0.6990560799555803
3602 0.6991396058839856
3603 0.6989456159822419
3604 0.6990291262135923
3605 0.6991125901275652
3606 0.6989187690601608
3607 0.6987250554323725
3608 0.6985314491548905
3609 0.6986149584487534
3610 0.698698421489892
3611 0.698781838316722
3612 0.698865208967617
3613 0.6989485334809076
3614 0.6990318118948824
3615 0.6991150442477876
3616 0.6991982305778269
3617 0.6990049751243781
3618 0.6990881458966566
3619 0.699171270718232
3620 0.6992543496271748
3621 0.699337382661513
3622 0.6991443555064863
3623 0.6992273730684326
3624 0.6993103448275862
3625 0.6993932708218422
3626 0.6994761510890544
3627 0.6995589856670342
3628 0.6996417745935519
3629 0.699724517906336
3630 0.6998072156430736
3631 0.699614537444934
3632 0.6994219653179191
3633 0.6995046780407265
3634 0.6995873452544704
3635 0.6996699669966997
3636 0.6997525433049216
3637 0.6998350742166025
3638 0.6999175597691674
3639 0.6997252747252747
3640 0.6995330953034881
3641 0.6996155958264689
3642 0.6994235520175679
3643 0.6995060373216246
3644 0.6993141289437586
3645 0.6993965990126165
3646 0.6992048258842885
3647 0.6990131578947368
3648 0.6988215949575226
3649 0.6986301369863014
3650 0.6984387838948234
3651 0.6982475355969332
3652 0.6983301396112784
3653 0.6984126984126984
3654 0.6984952120383037
3655 0.6985776805251641
3656 0.698660103910309
3657 0.6987424822307272
3658 0.698551516807871
3659 0.6986338797814208
3660 0.6984430483474461
3661 0.6982523211359912
3662 0.6983346983346983
3663 0.6984170305676856
3664 0.6982264665757162
3665 0.6980360065466449
3666 0.6981183528770112
3667 0.697928026172301
3668 0.6980103570455165
3669 0.6980926430517711
3670 0.6979024788885863
3671 0.6979847494553377
3672 0.698066975224612
3673 0.6981491562329886
3674 0.6982312925170068
3675 0.6980413492927094
3676 0.697851509382649
3677 0.6976617727025557
3678 0.6974721391682522
3679 0.6972826086956522
3680 0.6973648465091008
3681 0.6971754481260185
3682 0.6969861525929948
3683 0.6970684039087948
3684 0.6971506105834464
3685 0.6972327726532827
3686 0.6970436669378899
3687 0.6971258134490239
