0 0.00383758544921875
1 0.00400233268737793
2 0.003682374954223633
3 0.004217863082885742
4 0.004198789596557617
5 0.004248857498168945
6 0.004378795623779297
7 0.003640890121459961
8 0.0038962364196777344
9 0.004307746887207031
10 0.004014253616333008
11 0.004204988479614258
12 0.004085063934326172
13 0.004666566848754883
14 0.00438690185546875
15 0.004850149154663086
16 0.0040280818939208984
17 0.004884243011474609
18 0.0045092105865478516
19 0.00475311279296875
20 0.00424647331237793
21 0.0048716068267822266
22 0.004403591156005859
23 0.004514932632446289
24 0.004271507263183594
25 0.005104541778564453
26 0.0058896541595458984
27 0.005464076995849609
28 0.005368232727050781
29 0.004716634750366211
30 0.004509687423706055
31 0.0048863887786865234
32 0.005125522613525391
33 0.006001472473144531
34 0.0050470829010009766
35 0.004820585250854492
36 0.005011796951293945
37 0.005033254623413086
38 0.00493931770324707
39 0.005452156066894531
40 0.0048825740814208984
41 0.005135536193847656
42 0.005094766616821289
43 0.005440950393676758
44 0.005455970764160156
45 0.0055217742919921875
46 0.005698204040527344
47 0.0053806304931640625
48 0.005666017532348633
49 0.005692243576049805
50 0.006056785583496094
51 0.00530242919921875
52 0.006623983383178711
53 0.0063838958740234375
54 0.006149768829345703
55 0.006244182586669922
56 0.005663633346557617
57 0.00597834587097168
58 0.0052509307861328125
59 0.005896806716918945
60 0.005972385406494141
61 0.005548715591430664
62 0.00619816780090332
63 0.0058705806732177734
64 0.0054438114166259766
65 0.006123065948486328
66 0.006008148193359375
67 0.006196260452270508
68 0.00636744499206543
69 0.0062885284423828125
70 0.00781393051147461
71 0.005839824676513672
72 0.005974531173706055
73 0.007625579833984375
74 0.005852460861206055
75 0.006839752197265625
76 0.0061223506927490234
77 0.006817817687988281
78 0.0062677860260009766
79 0.0067234039306640625
80 0.006490945816040039
81 0.008082866668701172
82 0.00737452507019043
83 0.006222963333129883
84 0.006467580795288086
85 0.0068323612213134766
86 0.007277727127075195
87 0.0064241886138916016
88 0.006208896636962891
89 0.006362438201904297
90 0.007005929946899414
91 0.007593870162963867
92 0.007281780242919922
93 0.0062732696533203125
94 0.006234169006347656
95 0.006940364837646484
96 0.0064465999603271484
97 0.007538318634033203
98 0.006452798843383789
99 0.00708317756652832
100 0.007124423980712891
101 0.0069427490234375
102 0.007870197296142578
103 0.006798744201660156
104 0.0071697235107421875
105 0.00763392448425293
106 0.007596254348754883
107 0.006587028503417969
108 0.008029699325561523
109 0.009354591369628906
110 0.0076830387115478516
111 0.007340908050537109
112 0.00722193717956543
113 0.007894515991210938
114 0.007787227630615234
115 0.008730888366699219
116 0.007544994354248047
117 0.008239984512329102
118 0.008023262023925781
119 0.0070950984954833984
120 0.007982492446899414
121 0.008330821990966797
122 0.00783991813659668
123 0.007405996322631836
124 0.008865594863891602
125 0.013453245162963867
126 0.007839441299438477
127 0.007620811462402344
128 0.00880885124206543
129 0.0077457427978515625
130 0.008193254470825195
131 0.007844924926757812
132 0.009123086929321289
133 0.00847935676574707
134 0.010384559631347656
135 0.011478900909423828
136 0.008693456649780273
137 0.008498668670654297
138 0.00781702995300293
139 0.008152484893798828
140 0.008265018463134766
141 0.009673118591308594
142 0.008845090866088867
143 0.014239072799682617
144 0.00927114486694336
145 0.008692741394042969
146 0.007897377014160156
147 0.010274887084960938
148 0.00845956802368164
149 0.00802922248840332
150 0.009516716003417969
151 0.009191751480102539
152 0.012248039245605469
153 0.008653640747070312
154 0.009717226028442383
155 0.008687257766723633
156 0.011380434036254883
157 0.008768081665039062
158 0.01030588150024414
159 0.008627891540527344
160 0.010161161422729492
161 0.011971235275268555
162 0.008944988250732422
163 0.009091615676879883
164 0.008697271347045898
165 0.008512258529663086
166 0.009406089782714844
167 0.008380413055419922
168 0.01036691665649414
169 0.010164976119995117
170 0.011244773864746094
171 0.011054039001464844
172 0.010097265243530273
173 0.011301279067993164
174 0.01025080680847168
175 0.010697603225708008
176 0.011035680770874023
177 0.008253812789916992
178 0.01252126693725586
179 0.010043144226074219
180 0.009341716766357422
181 0.01089167594909668
