0 1.0
1 1.0
2 0.6666666666666666
3 0.75
4 0.8
5 0.8333333333333334
6 0.8571428571428571
7 0.75
8 0.7777777777777778
9 0.8
10 0.8181818181818182
11 0.8333333333333334
12 0.8461538461538461
13 0.8571428571428571
14 0.8666666666666667
15 0.875
16 0.8823529411764706
17 0.8888888888888888
18 0.8947368421052632
19 0.9
20 0.9047619047619048
21 0.9090909090909091
22 0.9130434782608695
23 0.9166666666666666
24 0.92
25 0.9230769230769231
26 0.9259259259259259
27 0.9285714285714286
28 0.896551724137931
29 0.9
30 0.9032258064516129
31 0.90625
32 0.9090909090909091
33 0.9117647058823529
34 0.9142857142857143
35 0.9166666666666666
36 0.918918918918919
37 0.9210526315789473
38 0.8974358974358975
39 0.9
40 0.9024390243902439
41 0.9047619047619048
42 0.9069767441860465
43 0.8863636363636364
44 0.8888888888888888
45 0.8913043478260869
46 0.8936170212765957
47 0.8958333333333334
48 0.8775510204081632
49 0.88
50 0.8823529411764706
51 0.8846153846153846
52 0.8867924528301887
53 0.8888888888888888
54 0.8909090909090909
55 0.8928571428571429
56 0.8947368421052632
57 0.896551724137931
58 0.8983050847457628
59 0.9
60 0.9016393442622951
61 0.8870967741935484
62 0.8888888888888888
63 0.875
64 0.8769230769230769
65 0.8787878787878788
66 0.8805970149253731
67 0.8823529411764706
68 0.8840579710144928
69 0.8857142857142857
70 0.8873239436619719
71 0.8888888888888888
72 0.8904109589041096
73 0.8918918918918919
74 0.8933333333333333
75 0.8947368421052632
76 0.8831168831168831
77 0.8846153846153846
78 0.8860759493670886
79 0.875
80 0.8765432098765432
81 0.8780487804878049
82 0.8795180722891566
83 0.8809523809523809
84 0.8823529411764706
85 0.8837209302325582
86 0.8850574712643678
87 0.8863636363636364
88 0.8876404494382022
89 0.8888888888888888
90 0.8791208791208791
91 0.8804347826086957
92 0.8817204301075269
93 0.8829787234042553
94 0.8842105263157894
95 0.875
96 0.8762886597938144
97 0.8775510204081632
98 0.8686868686868687
99 0.87
100 0.8712871287128713
101 0.8725490196078431
102 0.8737864077669902
103 0.8653846153846154
104 0.8666666666666667
105 0.8679245283018868
106 0.8691588785046729
107 0.8611111111111112
108 0.8623853211009175
109 0.8636363636363636
110 0.8648648648648649
111 0.8660714285714286
112 0.8672566371681416
113 0.868421052631579
114 0.8695652173913043
115 0.8620689655172413
116 0.8547008547008547
117 0.8559322033898306
118 0.8571428571428571
119 0.8583333333333333
120 0.859504132231405
121 0.860655737704918
122 0.8617886178861789
123 0.8629032258064516
124 0.864
125 0.8650793650793651
126 0.8661417322834646
127 0.8671875
128 0.8682170542635659
129 0.8692307692307693
130 0.8625954198473282
131 0.8560606060606061
132 0.8571428571428571
133 0.8582089552238806
134 0.8592592592592593
135 0.8602941176470589
136 0.8613138686131386
137 0.8623188405797102
138 0.8633093525179856
139 0.8642857142857143
140 0.8652482269503546
141 0.8661971830985915
142 0.8671328671328671
143 0.8680555555555556
144 0.8620689655172413
145 0.863013698630137
146 0.8639455782312925
147 0.8648648648648649
148 0.8657718120805369
149 0.8666666666666667
150 0.8609271523178808
151 0.8618421052631579
152 0.8627450980392157
153 0.8636363636363636
154 0.864516129032258
155 0.8589743589743589
156 0.8598726114649682
157 0.8607594936708861
158 0.8616352201257862
159 0.8625
160 0.8633540372670807
161 0.8641975308641975
162 0.8650306748466258
163 0.8658536585365854
164 0.8666666666666667
165 0.8674698795180723
166 0.8682634730538922
167 0.8690476190476191
168 0.8698224852071006
169 0.8705882352941177
170 0.8713450292397661
171 0.8662790697674418
172 0.8670520231213873
173 0.8620689655172413
174 0.8628571428571429
175 0.8636363636363636
176 0.8587570621468926
177 0.8595505617977528
178 0.8603351955307262
179 0.8611111111111112
180 0.856353591160221
181 0.8571428571428571
182 0.8579234972677595
183 0.8586956521739131
184 0.8594594594594595
185 0.8602150537634409
186 0.8609625668449198
187 0.8617021276595744
188 0.8571428571428571
189 0.8578947368421053
190 0.8586387434554974
191 0.859375
192 0.8601036269430051
193 0.8608247422680413
194 0.8564102564102564
195 0.8571428571428571
196 0.8578680203045685
197 0.8585858585858586
198 0.8542713567839196
199 0.855
200 0.8557213930348259
201 0.8564356435643564
202 0.8522167487684729
203 0.8480392156862745
204 0.848780487804878
205 0.8446601941747572
206 0.8454106280193237
207 0.8461538461538461
208 0.84688995215311
209 0.8476190476190476
210 0.8483412322274881
211 0.8490566037735849
212 0.8497652582159625
213 0.8457943925233645
214 0.8465116279069768
215 0.8425925925925926
216 0.8433179723502304
217 0.8440366972477065
218 0.8447488584474886
219 0.8454545454545455
220 0.8461538461538461
221 0.8468468468468469
222 0.8475336322869955
223 0.8482142857142857
224 0.8488888888888889
225 0.8495575221238938
226 0.8502202643171806
227 0.8508771929824561
228 0.851528384279476
229 0.8521739130434782
230 0.8528138528138528
231 0.853448275862069
232 0.8540772532188842
233 0.8547008547008547
234 0.8553191489361702
235 0.8559322033898306
236 0.8565400843881856
237 0.8571428571428571
238 0.8577405857740585
239 0.8583333333333333
240 0.8589211618257261
241 0.859504132231405
242 0.8600823045267489
243 0.860655737704918
244 0.8612244897959184
245 0.8617886178861789
246 0.8582995951417004
247 0.8588709677419355
248 0.8594377510040161
249 0.86
250 0.8605577689243028
251 0.8611111111111112
252 0.8616600790513834
253 0.8622047244094488
254 0.8627450980392157
255 0.86328125
256 0.8638132295719845
257 0.8643410852713178
258 0.8648648648648649
259 0.8653846153846154
260 0.8659003831417624
261 0.8664122137404581
262 0.8669201520912547
263 0.8674242424242424
264 0.8679245283018868
265 0.8646616541353384
266 0.8651685393258427
267 0.8656716417910447
268 0.8661710037174721
269 0.8666666666666667
270 0.8671586715867159
271 0.8639705882352942
272 0.8608058608058609
273 0.8613138686131386
274 0.8618181818181818
275 0.8623188405797102
276 0.8628158844765343
277 0.8597122302158273
278 0.8602150537634409
279 0.8607142857142858
280 0.8612099644128114
281 0.8617021276595744
282 0.8621908127208481
283 0.8626760563380281
284 0.8631578947368421
285 0.8636363636363636
286 0.8641114982578397
287 0.8645833333333334
288 0.8650519031141869
289 0.8655172413793103
290 0.865979381443299
291 0.8664383561643836
292 0.8668941979522184
293 0.8673469387755102
294 0.8677966101694915
295 0.8682432432432432
296 0.8686868686868687
297 0.8691275167785235
298 0.8695652173913043
299 0.87
300 0.8704318936877077
301 0.8708609271523179
302 0.8712871287128713
303 0.8717105263157895
304 0.8721311475409836
305 0.8725490196078431
306 0.8729641693811075
307 0.8733766233766234
308 0.8737864077669902
309 0.8741935483870967
310 0.8713826366559485
311 0.8717948717948718
312 0.8690095846645367
313 0.8694267515923567
314 0.8666666666666667
315 0.8670886075949367
316 0.8675078864353313
317 0.8679245283018868
318 0.8683385579937304
319 0.86875
320 0.8691588785046729
321 0.8695652173913043
322 0.8699690402476781
323 0.8703703703703703
324 0.8676923076923077
325 0.8680981595092024
326 0.8654434250764526
327 0.8658536585365854
328 0.8662613981762918
329 0.8636363636363636
330 0.8640483383685801
331 0.8644578313253012
332 0.8618618618618619
333 0.8622754491017964
334 0.8626865671641791
335 0.8630952380952381
336 0.8635014836795252
337 0.863905325443787
338 0.8643067846607669
339 0.8647058823529412
340 0.8651026392961877
341 0.8654970760233918
342 0.8658892128279884
343 0.8662790697674418
344 0.8666666666666667
345 0.8670520231213873
346 0.8674351585014409
347 0.867816091954023
348 0.8681948424068768
349 0.8685714285714285
350 0.8689458689458689
351 0.8693181818181818
352 0.8696883852691218
353 0.8700564971751412
354 0.8704225352112676
355 0.8707865168539326
356 0.8683473389355743
357 0.8687150837988827
358 0.8690807799442897
359 0.8666666666666667
360 0.8670360110803325
361 0.8674033149171271
362 0.8677685950413223
363 0.8681318681318682
364 0.8684931506849315
365 0.8688524590163934
366 0.8692098092643051
367 0.8695652173913043
368 0.8699186991869918
369 0.8675675675675676
370 0.8679245283018868
371 0.8655913978494624
372 0.8659517426273459
373 0.8663101604278075
374 0.8666666666666667
375 0.8670212765957447
376 0.8673740053050398
377 0.8677248677248677
378 0.8680738786279684
379 0.868421052631579
380 0.868766404199475
381 0.8691099476439791
382 0.8694516971279374
383 0.8697916666666666
384 0.8701298701298701
385 0.8704663212435233
386 0.8708010335917312
387 0.8711340206185567
388 0.87146529562982
389 0.8717948717948718
390 0.8721227621483376
391 0.8724489795918368
392 0.8727735368956743
393 0.8730964467005076
394 0.8734177215189873
395 0.8737373737373737
396 0.8740554156171285
397 0.8743718592964824
398 0.87468671679198
399 0.875
400 0.8753117206982544
401 0.8731343283582089
402 0.8734491315136477
403 0.8737623762376238
404 0.8740740740740741
405 0.874384236453202
406 0.8746928746928747
407 0.875
408 0.8753056234718827
409 0.875609756097561
410 0.8759124087591241
411 0.8762135922330098
412 0.8765133171912833
413 0.8743961352657005
414 0.8746987951807229
415 0.8725961538461539
416 0.8729016786570744
417 0.8732057416267942
418 0.8735083532219571
419 0.8738095238095238
420 0.8741092636579573
421 0.8744075829383886
422 0.8747044917257684
423 0.875
424 0.8752941176470588
425 0.8755868544600939
426 0.8758782201405152
427 0.8761682242990654
428 0.8764568764568764
429 0.8767441860465116
430 0.877030162412993
431 0.8773148148148148
432 0.8775981524249422
433 0.8778801843317973
434 0.8781609195402299
435 0.8761467889908257
436 0.8741418764302059
437 0.8744292237442922
438 0.8747152619589977
439 0.875
440 0.8752834467120182
441 0.8755656108597285
442 0.8758465011286681
443 0.8761261261261262
444 0.8764044943820225
445 0.8766816143497758
446 0.8769574944071589
447 0.875
448 0.8752783964365256
449 0.8755555555555555
450 0.8758314855875832
451 0.8761061946902655
452 0.8763796909492274
453 0.8766519823788547
454 0.8769230769230769
455 0.8771929824561403
456 0.8774617067833698
457 0.8777292576419214
458 0.8758169934640523
459 0.8760869565217392
460 0.8763557483731019
461 0.8766233766233766
462 0.8768898488120951
463 0.8771551724137931
464 0.8774193548387097
465 0.8776824034334764
466 0.8779443254817987
467 0.8782051282051282
468 0.8784648187633263
469 0.8787234042553191
470 0.8789808917197452
471 0.8792372881355932
472 0.879492600422833
473 0.879746835443038
474 0.88
475 0.8802521008403361
476 0.8784067085953878
477 0.8786610878661087
478 0.8789144050104384
479 0.8791666666666667
480 0.8794178794178794
481 0.8796680497925311
482 0.8799171842650103
483 0.8801652892561983
484 0.8804123711340206
485 0.8806584362139918
486 0.8809034907597536
487 0.8811475409836066
488 0.8813905930470347
489 0.8816326530612245
490 0.8818737270875764
491 0.8800813008130082
492 0.8803245436105477
493 0.8805668016194332
494 0.8787878787878788
495 0.8790322580645161
496 0.8772635814889336
497 0.8775100401606426
498 0.8777555110220441
499 0.878
500 0.8782435129740519
501 0.8784860557768924
502 0.878727634194831
503 0.878968253968254
504 0.8792079207920792
505 0.8794466403162056
506 0.8777120315581854
507 0.8779527559055118
508 0.8781925343811395
509 0.8784313725490196
510 0.8786692759295499
511 0.87890625
512 0.8791423001949318
513 0.8793774319066148
514 0.8796116504854369
515 0.8798449612403101
516 0.8800773694390716
517 0.8803088803088803
518 0.8805394990366089
519 0.8807692307692307
520 0.8809980806142035
521 0.8812260536398467
522 0.8814531548757171
523 0.8816793893129771
524 0.8819047619047619
525 0.8821292775665399
526 0.8823529411764706
527 0.8825757575757576
528 0.8827977315689981
529 0.8830188679245283
530 0.8813559322033898
531 0.881578947368421
532 0.8818011257035647
533 0.8820224719101124
534 0.8822429906542056
535 0.8824626865671642
536 0.88268156424581
537 0.8810408921933085
538 0.8812615955473099
539 0.8814814814814815
540 0.8817005545286506
541 0.8819188191881919
542 0.8821362799263351
543 0.8823529411764706
544 0.8825688073394495
545 0.8827838827838828
546 0.8811700182815356
547 0.8813868613138686
548 0.8816029143897997
549 0.88
550 0.8802177858439202
551 0.8804347826086957
552 0.8806509945750453
553 0.8808664259927798
554 0.8810810810810811
555 0.8812949640287769
556 0.881508078994614
557 0.8817204301075269
558 0.8819320214669052
559 0.8821428571428571
560 0.8823529411764706
561 0.8807829181494662
562 0.8809946714031972
563 0.8812056737588653
564 0.8814159292035398
565 0.8816254416961131
566 0.8818342151675485
567 0.8820422535211268
568 0.8822495606326889
569 0.8824561403508772
570 0.882661996497373
571 0.8828671328671329
572 0.8830715532286213
573 0.8832752613240418
574 0.8834782608695653
575 0.8836805555555556
576 0.8838821490467937
577 0.884083044982699
578 0.8842832469775475
579 0.8827586206896552
580 0.882960413080895
581 0.8831615120274914
582 0.8833619210977701
583 0.8818493150684932
584 0.882051282051282
585 0.8822525597269625
586 0.8824531516183987
587 0.8826530612244898
588 0.8828522920203735
589 0.8830508474576271
590 0.883248730964467
591 0.8834459459459459
592 0.8836424957841484
593 0.8821548821548821
594 0.8823529411764706
595 0.8825503355704698
596 0.8827470686767169
597 0.882943143812709
598 0.8831385642737897
599 0.8833333333333333
600 0.8835274542429284
601 0.8837209302325582
602 0.8839137645107794
603 0.8841059602649006
604 0.8842975206611571
605 0.8844884488448845
606 0.8846787479406919
607 0.8848684210526315
608 0.8850574712643678
609 0.8852459016393442
610 0.88379705400982
611 0.8839869281045751
612 0.8841761827079935
613 0.8843648208469055
614 0.8845528455284553
615 0.8847402597402597
616 0.8849270664505673
617 0.8851132686084142
618 0.8852988691437803
619 0.885483870967742
620 0.8856682769726248
621 0.8858520900321544
622 0.8860353130016051
623 0.8846153846153846
624 0.8848
625 0.8849840255591054
626 0.8851674641148325
627 0.8853503184713376
628 0.8855325914149443
629 0.8857142857142857
630 0.8858954041204438
631 0.8860759493670886
632 0.8862559241706162
633 0.886435331230284
634 0.8866141732283465
635 0.8867924528301887
636 0.8869701726844584
637 0.8871473354231975
638 0.8873239436619719
639 0.8875
640 0.8876755070202809
641 0.8878504672897196
642 0.8880248833592534
643 0.8881987577639752
644 0.8883720930232558
645 0.8885448916408669
646 0.8887171561051005
647 0.8888888888888888
648 0.889060092449923
649 0.8892307692307693
650 0.8894009216589862
651 0.8895705521472392
652 0.889739663093415
653 0.8899082568807339
654 0.8900763358778626
655 0.8902439024390244
656 0.8904109589041096
657 0.8905775075987842
658 0.8907435508345979
659 0.8909090909090909
660 0.8910741301059002
661 0.8912386706948641
662 0.8914027149321267
663 0.891566265060241
664 0.8917293233082707
665 0.8918918918918919
666 0.8920539730134932
667 0.8922155688622755
668 0.890881913303438
669 0.891044776119403
670 0.8912071535022354
671 0.8913690476190477
672 0.8915304606240714
673 0.8916913946587537
674 0.8918518518518519
675 0.8920118343195266
676 0.8921713441654358
677 0.8923303834808259
678 0.8924889543446245
679 0.8926470588235295
680 0.8928046989720999
681 0.8929618768328446
682 0.8931185944363104
683 0.8932748538011696
684 0.8934306569343066
685 0.892128279883382
686 0.8922852983988355
687 0.8924418604651163
688 0.8911465892597968
689 0.8913043478260869
690 0.8914616497829233
691 0.8916184971098265
692 0.8917748917748918
693 0.8919308357348703
694 0.8920863309352518
695 0.8922413793103449
696 0.890961262553802
697 0.8911174785100286
698 0.8912732474964234
699 0.8914285714285715
700 0.891583452211127
701 0.8917378917378918
702 0.8918918918918919
703 0.8920454545454546
704 0.8921985815602836
705 0.8923512747875354
706 0.8925035360678925
707 0.8926553672316384
708 0.8928067700987306
709 0.8929577464788733
710 0.8931082981715893
711 0.8932584269662921
712 0.8934081346423562
713 0.8935574229691877
714 0.8937062937062937
715 0.8938547486033519
716 0.8940027894002789
717 0.8941504178272981
718 0.894297635605007
719 0.8944444444444445
720 0.8945908460471568
721 0.8947368421052632
722 0.8948824343015215
723 0.8950276243093923
724 0.8951724137931034
725 0.8953168044077136
726 0.8954607977991746
727 0.8956043956043956
728 0.8957475994513031
729 0.8958904109589041
730 0.896032831737346
731 0.8961748633879781
732 0.8963165075034106
733 0.896457765667575
734 0.8965986394557823
735 0.8967391304347826
736 0.8968792401628223
737 0.8970189701897019
738 0.8971583220568335
739 0.8972972972972973
740 0.8974358974358975
741 0.8975741239892183
742 0.8963660834454913
743 0.8951612903225806
744 0.8953020134228188
745 0.8954423592493298
746 0.8955823293172691
747 0.8957219251336899
748 0.8958611481975968
749 0.896
750 0.8961384820239681
751 0.8962765957446809
752 0.896414342629482
753 0.896551724137931
754 0.895364238410596
755 0.8955026455026455
756 0.8956406869220608
757 0.8944591029023746
758 0.8932806324110671
759 0.8934210526315789
760 0.8935611038107752
761 0.8937007874015748
762 0.8925294888597641
763 0.8913612565445026
764 0.8915032679738563
765 0.891644908616188
766 0.8917861799217731
767 0.8919270833333334
768 0.8920676202860858
769 0.8922077922077922
770 0.8923476005188068
771 0.8924870466321243
772 0.8926261319534282
773 0.8927648578811369
774 0.8929032258064517
775 0.8930412371134021
776 0.8931788931788932
777 0.8933161953727506
778 0.8934531450577664
779 0.8923076923076924
780 0.8924455825864277
781 0.8925831202046036
782 0.89272030651341
783 0.8928571428571429
784 0.8929936305732484
785 0.8931297709923665
786 0.8932655654383735
787 0.8934010152284264
788 0.8935361216730038
789 0.8936708860759494
790 0.8938053097345132
791 0.8939393939393939
792 0.8940731399747793
793 0.8942065491183879
794 0.8943396226415095
795 0.8932160804020101
796 0.8933500627352572
797 0.8922305764411027
798 0.8923654568210263
799 0.8925
800 0.8926342072409488
801 0.8927680798004988
802 0.8929016189290162
803 0.8930348258706468
804 0.893167701863354
805 0.8933002481389578
806 0.8934324659231723
807 0.8935643564356436
808 0.8936959208899876
809 0.8938271604938272
810 0.8939580764488286
811 0.8940886699507389
812 0.8942189421894219
813 0.8931203931203932
814 0.8932515337423312
815 0.8933823529411765
816 0.8935128518971848
817 0.8936430317848411
818 0.8937728937728938
819 0.8939024390243903
820 0.8940316686967114
821 0.8941605839416058
822 0.8942891859052248
823 0.8944174757281553
824 0.8933333333333333
825 0.8934624697336562
826 0.8935912938331319
827 0.893719806763285
828 0.893848009650181
829 0.8939759036144578
830 0.8929001203369434
831 0.8930288461538461
832 0.8931572629051621
833 0.8932853717026379
834 0.8922155688622755
835 0.8923444976076556
836 0.8924731182795699
837 0.8926014319809069
838 0.8927294398092968
839 0.8928571428571429
840 0.8929845422116528
841 0.8931116389548693
842 0.8932384341637011
843 0.8933649289099526
844 0.893491124260355
845 0.8936170212765957
846 0.8925619834710744
847 0.8926886792452831
848 0.8928150765606596
849 0.8917647058823529
850 0.8918918918918919
851 0.892018779342723
852 0.8921453692848769
853 0.892271662763466
854 0.8923976608187134
855 0.8925233644859814
856 0.8926487747957993
857 0.8927738927738927
858 0.8928987194412107
859 0.8930232558139535
860 0.8931475029036005
861 0.8932714617169374
862 0.8922363847045192
863 0.8912037037037037
864 0.8913294797687862
865 0.8914549653579676
866 0.8915801614763552
867 0.8917050691244239
868 0.8918296892980437
869 0.8919540229885058
870 0.8920780711825488
871 0.8922018348623854
872 0.8923253150057274
873 0.8924485125858124
874 0.8925714285714286
875 0.8915525114155252
876 0.8916761687571265
877 0.8917995444191344
878 0.8919226393629124
879 0.8920454545454546
880 0.8921679909194098
881 0.8922902494331065
882 0.8924122310305775
883 0.8925339366515838
884 0.8926553672316384
885 0.8927765237020316
886 0.8928974069898534
887 0.8930180180180181
888 0.8920134983127109
889 0.8921348314606742
890 0.8922558922558923
891 0.8923766816143498
892 0.8924972004479284
893 0.8926174496644296
894 0.8927374301675978
895 0.8917410714285714
896 0.8907469342251951
897 0.89086859688196
898 0.8909899888765295
899 0.8911111111111111
900 0.8912319644839067
901 0.8913525498891353
902 0.8903654485049833
903 0.8904867256637168
904 0.8906077348066298
905 0.890728476821192
906 0.8908489525909592
907 0.8909691629955947
908 0.8910891089108911
909 0.8901098901098901
910 0.8902305159165752
911 0.8903508771929824
912 0.8904709748083242
913 0.8894967177242888
914 0.8896174863387978
915 0.888646288209607
916 0.8887677208287895
917 0.8888888888888888
918 0.8890097932535365
919 0.8891304347826087
920 0.8892508143322475
921 0.8893709327548807
922 0.8884073672806068
923 0.8885281385281385
924 0.8886486486486487
925 0.8887688984881209
926 0.8888888888888888
927 0.8890086206896551
928 0.8891280947255114
929 0.8881720430107527
930 0.8882921589688507
931 0.8884120171673819
932 0.8885316184351554
933 0.8886509635974305
934 0.8887700534759359
935 0.8888888888888888
936 0.8890074706510138
937 0.8891257995735607
938 0.8892438764643238
939 0.8893617021276595
940 0.8894792773645058
941 0.8895966029723992
942 0.8897136797454931
943 0.8898305084745762
944 0.8899470899470899
945 0.8900634249471459
946 0.8901795142555439
947 0.890295358649789
948 0.8904109589041096
949 0.8905263157894737
950 0.8906414300736067
951 0.8907563025210085
952 0.8908709338929696
953 0.8909853249475891
954 0.8910994764397906
955 0.891213389121339
956 0.8913270637408568
957 0.8914405010438413
958 0.8915537017726799
959 0.890625
960 0.890738813735692
961 0.8908523908523909
962 0.8909657320872274
963 0.8910788381742739
964 0.8911917098445595
965 0.8913043478260869
966 0.8914167528438469
967 0.8915289256198347
968 0.891640866873065
969 0.8917525773195877
970 0.8918640576725025
971 0.8919753086419753
972 0.8920863309352518
973 0.8921971252566735
974 0.8923076923076924
975 0.8924180327868853
976 0.8925281473899693
977 0.8926380368098159
978 0.8927477017364658
979 0.8928571428571429
980 0.8929663608562691
981 0.8930753564154786
982 0.8931841302136317
983 0.8932926829268293
984 0.8934010152284264
985 0.8935091277890467
986 0.8936170212765957
987 0.8937246963562753
988 0.8938321536905965
989 0.8939393939393939
990 0.8940464177598385
991 0.8941532258064516
992 0.8942598187311178
993 0.8943661971830986
994 0.8944723618090452
995 0.8945783132530121
996 0.8946840521564694
997 0.8947895791583166
998 0.8948948948948949
999 0.895
1000 0.8951048951048951
1001 0.8952095808383234
1002 0.8953140578265204
1003 0.8954183266932271
1004 0.8955223880597015
1005 0.8956262425447317
1006 0.8947368421052632
1007 0.8948412698412699
1008 0.8949454905847374
1009 0.8950495049504951
1010 0.8951533135509396
1011 0.8952569169960475
1012 0.8953603158933859
1013 0.8954635108481263
1014 0.8955665024630541
1015 0.8956692913385826
1016 0.895771878072763
1017 0.8958742632612967
1018 0.8959764474975466
1019 0.8960784313725491
1020 0.8961802154750245
1021 0.8962818003913894
1022 0.895405669599218
1023 0.8955078125
1024 0.895609756097561
1025 0.8957115009746589
1026 0.8958130477117819
1027 0.8959143968871596
1028 0.8960155490767736
1029 0.8951456310679612
1030 0.895247332686712
1031 0.8953488372093024
1032 0.8954501452081317
1033 0.8955512572533849
1034 0.8956521739130435
1035 0.8957528957528957
1036 0.8958534233365477
1037 0.8959537572254336
1038 0.8960538979788258
1039 0.8961538461538462
1040 0.8962536023054755
1041 0.8963531669865643
1042 0.8964525407478428
1043 0.896551724137931
1044 0.8966507177033493
1045 0.8967495219885278
1046 0.8968481375358166
1047 0.8959923664122137
1048 0.8960915157292659
1049 0.8961904761904762
1050 0.8953377735490009
1051 0.8954372623574145
1052 0.8945868945868946
1053 0.8946869070208728
1054 0.8938388625592417
1055 0.8939393939393939
1056 0.8930936613055819
1057 0.8931947069943289
1058 0.8932955618508026
1059 0.8933962264150943
1060 0.8934967012252591
1061 0.8926553672316384
1062 0.8927563499529633
1063 0.8928571428571429
1064 0.892018779342723
1065 0.8921200750469043
1066 0.8912839737582006
1067 0.8913857677902621
1068 0.8914873713751169
1069 0.891588785046729
1070 0.8916900093370682
1071 0.8917910447761194
1072 0.8918918918918919
1073 0.8919925512104283
1074 0.892093023255814
1075 0.8921933085501859
1076 0.8922934076137419
1077 0.8923933209647495
1078 0.8924930491195552
1079 0.8925925925925926
1080 0.8926919518963923
1081 0.8927911275415896
1082 0.8928901200369345
1083 0.8920664206642066
1084 0.8921658986175115
1085 0.8922651933701657
1086 0.8923643054277829
1087 0.8924632352941176
1088 0.891643709825528
1089 0.8917431192660551
1090 0.8918423464711274
1091 0.891941391941392
1092 0.8920402561756633
1093 0.8921389396709324
1094 0.8922374429223744
1095 0.8923357664233577
1096 0.8924339106654512
1097 0.8925318761384335
1098 0.8926296633303002
1099 0.8927272727272727
1100 0.8919164396003633
1101 0.8920145190562614
1102 0.8921124206708976
1103 0.8913043478260869
1104 0.8914027149321267
1105 0.891500904159132
1106 0.8915989159891599
1107 0.8916967509025271
1108 0.8917944093778178
1109 0.890990990990991
1110 0.8910891089108911
1111 0.8911870503597122
1112 0.8903863432165319
1113 0.8904847396768402
1114 0.8905829596412556
1115 0.8897849462365591
1116 0.8898836168307968
1117 0.8899821109123435
1118 0.8900804289544236
1119 0.8901785714285714
1120 0.8902765388046388
1121 0.8903743315508021
1122 0.8904719501335708
1123 0.8896797153024911
1124 0.8897777777777778
1125 0.8898756660746003
1126 0.8899733806566105
1127 0.8900709219858156
1128 0.8901682905225864
1129 0.8902654867256637
1130 0.8903625110521662
1131 0.8904593639575972
1132 0.8905560458958517
1133 0.8897707231040565
1134 0.8898678414096917
1135 0.8899647887323944
1136 0.890061565523307
1137 0.8901581722319859
1138 0.8902546093064091
1139 0.8903508771929824
1140 0.8904469763365469
1141 0.8905429071803853
1142 0.8906386701662292
1143 0.8907342657342657
1144 0.8908296943231441
1145 0.8909249563699826
1146 0.8910200523103748
1147 0.8911149825783972
1148 0.8912097476066144
1149 0.8913043478260869
1150 0.891398783666377
1151 0.890625
1152 0.8907198612315698
1153 0.8908145580589255
1154 0.8909090909090909
1155 0.8910034602076125
1156 0.8910976663785652
1157 0.8903281519861831
1158 0.8904227782571182
1159 0.8905172413793103
1160 0.8906115417743324
1161 0.8907056798623064
1162 0.8907996560619088
1163 0.8908934707903781
1164 0.8909871244635194
1165 0.8910806174957119
1166 0.8911739502999143
1167 0.8912671232876712
1168 0.8913601368691189
1169 0.8914529914529915
1170 0.8915456874466268
1171 0.8916382252559727
1172 0.8917306052855924
1173 0.8918228279386712
1174 0.8919148936170213
1175 0.8920068027210885
1176 0.8920985556499575
1177 0.8921901528013583
1178 0.8922815945716709
1179 0.8915254237288136
1180 0.8916172734970365
1181 0.8917089678510999
1182 0.8918005071851226
1183 0.8910472972972973
1184 0.8911392405063291
1185 0.8912310286677909
1186 0.8913226621735467
1187 0.8914141414141414
1188 0.8915054667788057
1189 0.8915966386554622
1190 0.8916876574307305
1191 0.8917785234899329
1192 0.8918692372170998
1193 0.8919597989949749
1194 0.8920502092050209
1195 0.8921404682274248
1196 0.8922305764411027
1197 0.8914858096828047
1198 0.8915763135946623
1199 0.8916666666666667
1200 0.8917568692756037
1201 0.891846921797005
1202 0.8919368246051538
1203 0.8920265780730897
1204 0.8921161825726142
1205 0.8922056384742952
1206 0.8922949461474731
1207 0.8923841059602649
1208 0.8924731182795699
1209 0.8925619834710744
1210 0.8926507018992568
1211 0.8927392739273927
1212 0.8928276999175597
1213 0.8920922570016474
1214 0.891358024691358
1215 0.8914473684210527
1216 0.8907148726376335
1217 0.8908045977011494
1218 0.8908941755537325
1219 0.8909836065573771
1220 0.8902538902538902
1221 0.8903436988543372
1222 0.8904333605887162
1223 0.8905228758169934
1224 0.8906122448979592
1225 0.8907014681892332
1226 0.8907905460472698
1227 0.8908794788273615
1228 0.8909682668836453
1229 0.8910569105691057
1230 0.8911454102355808
1231 0.8912337662337663
1232 0.8913219789132197
1233 0.8914100486223663
1234 0.891497975708502
1235 0.8915857605177994
1236 0.8916734033953112
1237 0.8917609046849758
1238 0.8918482647296206
1239 0.8919354838709678
1240 0.8920225624496374
1241 0.8921095008051529
1242 0.8921962992759453
1243 0.8914790996784566
1244 0.891566265060241
1245 0.8908507223113965
1246 0.8909382518043304
1247 0.8910256410256411
1248 0.8911128903122498
1249 0.8904
1250 0.8904876099120703
1251 0.889776357827476
1252 0.8890662410215483
1253 0.8891547049441786
1254 0.8892430278884462
1255 0.8893312101910829
1256 0.8894192521877486
1257 0.8895071542130366
1258 0.8895949166004765
1259 0.8896825396825396
1260 0.8897700237906423
1261 0.8890649762282092
1262 0.8891528107680127
1263 0.8892405063291139
1264 0.8893280632411067
1265 0.8894154818325435
1266 0.8895027624309392
1267 0.889589905362776
1268 0.8896769109535066
1269 0.889763779527559
1270 0.8898505114083399
1271 0.889937106918239
1272 0.8900235663786331
1273 0.8901098901098901
1274 0.8894117647058823
1275 0.8894984326018809
1276 0.889584964761159
1277 0.8896713615023474
1278 0.8897576231430805
1279 0.88984375
1280 0.8899297423887588
1281 0.890015600624025
1282 0.8901013250194856
1283 0.8901869158878505
1284 0.890272373540856
1285 0.8895800933125972
1286 0.8896658896658897
1287 0.889751552795031
1288 0.8890612878200155
1289 0.8891472868217054
1290 0.8892331525948877
1291 0.8893188854489165
1292 0.8894044856921887
1293 0.8894899536321483
1294 0.8895752895752895
1295 0.8896604938271605
1296 0.889745566692367
1297 0.8898305084745762
1298 0.8899153194765204
1299 0.89
1300 0.8900845503458877
1301 0.8901689708141322
1302 0.8902532617037605
1303 0.8903374233128835
1304 0.8904214559386974
1305 0.889739663093415
1306 0.8898240244835501
1307 0.8899082568807339
1308 0.8899923605805958
1309 0.8900763358778626
1310 0.8901601830663616
1311 0.8902439024390244
1312 0.8895658796648895
1313 0.8896499238964992
1314 0.8889733840304183
1315 0.8890577507598785
1316 0.8891419893697798
1317 0.8892261001517451
1318 0.8893100833965125
1319 0.8893939393939394
1320 0.8894776684330054
1321 0.8895612708018155
1322 0.8888888888888888
1323 0.8889728096676737
1324 0.8890566037735849
1325 0.8891402714932126
1326 0.8892238131122834
1327 0.8893072289156626
1328 0.8886380737396539
1329 0.8887218045112782
1330 0.8888054094665665
1331 0.8888888888888888
1332 0.8889722430607652
1333 0.889055472263868
1334 0.8891385767790262
1335 0.8892215568862275
1336 0.8893044128646223
1337 0.8893871449925261
1338 0.8894697535474234
1339 0.8895522388059701
1340 0.889634601043997
1341 0.8897168405365127
1342 0.8897989575577067
1343 0.8898809523809523
1344 0.8899628252788104
1345 0.8900445765230312
1346 0.8901262063845583
1347 0.8902077151335311
1348 0.8902891030392883
1349 0.8903703703703704
1350 0.8904515173945226
1351 0.8905325443786982
1352 0.8898743532889875
1353 0.8899556868537666
1354 0.8900369003690037
1355 0.890117994100295
1356 0.8901989683124539
1357 0.8902798232695139
1358 0.8896247240618101
1359 0.8897058823529411
1360 0.8890521675238795
1361 0.8891336270190896
1362 0.8892149669845928
1363 0.8892961876832844
1364 0.8893772893772893
1365 0.8894582723279648
1366 0.8895391367959035
1367 0.8896198830409356
1368 0.8897005113221329
1369 0.8897810218978102
1370 0.8898614150255288
1371 0.8899416909620991
1372 0.8900218499635834
1373 0.8901018922852983
1374 0.8901818181818182
1375 0.8902616279069767
1376 0.8903413217138707
1377 0.8904208998548622
1378 0.8905003625815808
1379 0.8905797101449275
1380 0.8906589427950761
1381 0.8907380607814761
1382 0.8908170643528561
1383 0.8908959537572254
1384 0.8909747292418773
1385 0.8910533910533911
1386 0.8911319394376351
1387 0.8912103746397695
1388 0.8912886969042476
1389 0.8913669064748202
1390 0.8907260963335729
1391 0.8908045977011494
1392 0.8908829863603733
1393 0.890961262553802
1394 0.8910394265232975
1395 0.8911174785100286
1396 0.8911954187544738
1397 0.8912732474964234
1398 0.8913509649749821
1399 0.8914285714285715
1400 0.8915060670949322
1401 0.891583452211127
1402 0.8916607270135424
1403 0.8917378917378918
1404 0.8918149466192171
1405 0.8918918918918919
1406 0.8919687277896233
1407 0.8913352272727273
1408 0.8914123491838183
1409 0.8914893617021277
1410 0.891566265060241
1411 0.8916430594900849
1412 0.89171974522293
1413 0.8917963224893918
1414 0.8918727915194347
1415 0.8919491525423728
1416 0.8920254057868737
1417 0.892101551480959
1418 0.8921775898520085
1419 0.8922535211267606
1420 0.8923293455313159
1421 0.8924050632911392
1422 0.8924806746310612
1423 0.8925561797752809
1424 0.8926315789473684
1425 0.8927068723702665
1426 0.8927820602662929
1427 0.8928571428571429
1428 0.8929321203638908
1429 0.893006993006993
1430 0.8930817610062893
1431 0.8931564245810056
1432 0.8932309839497558
1433 0.893305439330544
1434 0.8933797909407666
1435 0.8927576601671309
1436 0.8928322894919972
1437 0.8929068150208623
1438 0.8929812369701181
1439 0.8930555555555556
1440 0.8931297709923665
1441 0.8932038834951457
1442 0.8932778932778933
1443 0.8933518005540166
1444 0.8927335640138409
1445 0.892807745504841
1446 0.8921907394609537
1447 0.8922651933701657
1448 0.8923395445134575
1449 0.8924137931034483
1450 0.892487939352171
1451 0.8925619834710744
1452 0.8926359256710255
1453 0.8920220082530949
1454 0.8920962199312715
1455 0.8921703296703297
1456 0.8922443376801648
1457 0.892318244170096
1458 0.8923920493488691
1459 0.8924657534246575
1460 0.892539356605065
1461 0.8926128590971272
1462 0.8926862611073137
1463 0.89275956284153
1464 0.8928327645051195
1465 0.8922237380627558
1466 0.8922972051806408
1467 0.8923705722070845
1468 0.8924438393464942
1469 0.8925170068027211
1470 0.8925900747790618
1471 0.8926630434782609
1472 0.8927359131025119
1473 0.89280868385346
1474 0.8928813559322034
1475 0.8929539295392954
1476 0.8923493568043331
1477 0.8924221921515562
1478 0.8918187964841109
1479 0.8918918918918919
1480 0.8919648885887913
1481 0.8920377867746289
1482 0.8921105866486851
1483 0.8921832884097035
1484 0.8922558922558923
1485 0.892328398384926
1486 0.8924008069939475
1487 0.8924731182795699
1488 0.8925453324378778
1489 0.8926174496644296
1490 0.8926894701542589
1491 0.8927613941018767
1492 0.8928332217012726
1493 0.892904953145917
1494 0.8929765886287625
1495 0.893048128342246
1496 0.8931195724782899
1497 0.8931909212283045
1498 0.8932621747831888
1499 0.8933333333333333
1500 0.893404397068621
1501 0.8934753661784287
1502 0.89354624085163
1503 0.8936170212765957
1504 0.893687707641196
1505 0.8937583001328021
1506 0.893828798938288
1507 0.8938992042440318
1508 0.8939695162359178
1509 0.8940397350993378
1510 0.8941098610191925
1511 0.8941798941798942
1512 0.8942498347653668
1513 0.8943196829590488
1514 0.8937293729372937
1515 0.8937994722955145
1516 0.8938694792353329
1517 0.8939393939393939
1518 0.8940092165898618
1519 0.8940789473684211
1520 0.8941485864562788
1521 0.8942181340341656
1522 0.8942875902823375
1523 0.8943569553805775
1524 0.8944262295081967
1525 0.8944954128440367
1526 0.8945645055664702
1527 0.893979057591623
1528 0.8940483976455199
1529 0.8941176470588236
1530 0.8935336381450033
1531 0.893603133159269
1532 0.8936725375081539
1533 0.89374185136897
1534 0.8938110749185668
1535 0.8938802083333334
1536 0.8939492517891997
1537 0.8940182054616385
1538 0.894087069525666
1539 0.8941558441558441
1540 0.8942245295262816
1541 0.8942931258106356
1542 0.8943616331821128
1543 0.8944300518134715
1544 0.8944983818770227
1545 0.8945666235446313
1546 0.8946347769877182
1547 0.8947028423772609
1548 0.894770819883796
1549 0.8941935483870967
1550 0.8942617666021921
1551 0.8943298969072165
1552 0.8943979394719896
1553 0.8944658944658944
1554 0.8945337620578778
1555 0.8946015424164524
1556 0.8946692357096981
1557 0.8947368421052632
1558 0.8948043617703656
1559 0.8948717948717949
1560 0.8949391415759129
1561 0.8950064020486556
1562 0.8950735764555342
1563 0.8951406649616368
1564 0.8952076677316294
1565 0.8952745849297573
1566 0.8953414167198468
1567 0.8954081632653061
1568 0.8948374760994264
1569 0.8949044585987261
1570 0.8949713558243158
1571 0.8950381679389313
1572 0.8951048951048951
1573 0.8951715374841169
1574 0.8946031746031746
1575 0.8946700507614214
1576 0.8941027266962587
1577 0.894169835234474
1578 0.8942368587713743
1579 0.8943037974683544
1580 0.894370651486401
1581 0.8944374209860936
1582 0.8945041061276058
1583 0.8945707070707071
1584 0.8946372239747634
1585 0.894703656998739
1586 0.8947700063011972
1587 0.8948362720403022
1588 0.89490245437382
1589 0.8949685534591195
1590 0.8944060339409177
1591 0.8938442211055276
1592 0.8939108600125549
1593 0.8939774153074027
1594 0.8940438871473354
1595 0.8941102756892231
1596 0.8941765810895429
1597 0.8936170212765957
1598 0.8936835522201376
1599 0.89375
1600 0.8938163647720175
1601 0.8938826466916354
1602 0.8939488459139114
1603 0.8940149625935162
1604 0.8940809968847352
1605 0.8941469489414695
1606 0.8942128189172371
1607 0.8942786069651741
1608 0.8943443132380361
1609 0.8944099378881988
1610 0.8938547486033519
1611 0.8939205955334988
1612 0.8939863608183509
1613 0.8934324659231723
1614 0.8934984520123839
1615 0.8935643564356436
1616 0.8936301793444651
1617 0.8936959208899876
1618 0.8937615812229771
1619 0.8938271604938272
1620 0.8938926588525602
1621 0.8939580764488286
1622 0.8940234134319162
1623 0.8940886699507389
1624 0.8941538461538462
1625 0.8942189421894219
1626 0.8942839582052858
1627 0.8943488943488943
1628 0.894413750767342
1629 0.894478527607362
1630 0.894543225015328
1631 0.8946078431372549
1632 0.8946723821187997
1633 0.8947368421052632
1634 0.8948012232415902
1635 0.8948655256723717
1636 0.8943188759926696
1637 0.8943833943833944
1638 0.8944478340451495
1639 0.8945121951219512
1640 0.894576477757465
1641 0.8946406820950061
1642 0.8947048082775411
1643 0.8947688564476886
1644 0.894224924012158
1645 0.8942891859052248
1646 0.8943533697632058
1647 0.8944174757281553
1648 0.8944815039417829
1649 0.8945454545454545
1650 0.8946093276801939
1651 0.8946731234866828
1652 0.8947368421052632
1653 0.8948004836759371
1654 0.8948640483383686
1655 0.894927536231884
1656 0.8943874471937237
1657 0.8944511459589868
1658 0.8945147679324894
1659 0.8945783132530121
1660 0.8946417820590006
1661 0.894705174488568
1662 0.8947684906794949
1663 0.8948317307692307
1664 0.8948948948948949
1665 0.8949579831932774
1666 0.8950209958008398
1667 0.895083932853717
1668 0.8951467944877172
1669 0.8952095808383234
1670 0.8952722920406941
1671 0.8953349282296651
1672 0.895397489539749
1673 0.8954599761051374
1674 0.8955223880597015
1675 0.8955847255369929
1676 0.8956469886702445
1677 0.8957091775923719
1678 0.8957712924359738
1679 0.8958333333333334
1680 0.8958953004164188
1681 0.8959571938168847
1682 0.8960190136660725
1683 0.8960807600950119
1684 0.8961424332344213
1685 0.8962040332147093
1686 0.8962655601659751
1687 0.8963270142180095
1688 0.896388395500296
1689 0.8964497041420119
1690 0.8965109402720284
1691 0.8965721040189125
1692 0.8966331955109273
1693 0.8966942148760331
1694 0.8967551622418879
1695 0.8968160377358491
1696 0.8968768414849735
1697 0.8969375736160189
1698 0.8969982342554443
1699 0.8970588235294118
1700 0.897119341563786
1701 0.8971797884841363
1702 0.897240164415737
1703 0.8973004694835681
1704 0.8973607038123167
1705 0.8974208675263775
1706 0.8974809607498535
1707 0.8975409836065574
1708 0.8976009362200117
1709 0.8976608187134503
1710 0.8971361776738749
1711 0.897196261682243
1712 0.8972562755399883
1713 0.897316219369895
1714 0.8973760932944607
1715 0.8968531468531469
1716 0.8969132207338381
1717 0.8969732246798603
1718 0.8970331588132635
1719 0.897093023255814
1720 0.8971528181289947
1721 0.8972125435540069
1722 0.8972721996517702
1723 0.8973317865429234
1724 0.8973913043478261
1725 0.8974507531865585
1726 0.897510133178923
1727 0.8975694444444444
1728 0.8976286871023713
1729 0.8976878612716763
1730 0.8977469670710572
1731 0.8978060046189377
1732 0.897864974033468
1733 0.8979238754325259
1734 0.8979827089337176
1735 0.8980414746543779
1736 0.8981001727115717
1737 0.8981588032220944
1738 0.8982173663024727
1739 0.8982758620689655
1740 0.8983342906375646
1741 0.8983926521239954
1742 0.8984509466437177
1743 0.8979357798165137
1744 0.8979942693409743
1745 0.8980526918671249
1746 0.8981110475100171
1747 0.8981693363844394
1748 0.8976558033161807
1749 0.8977142857142857
1750 0.8977727013135351
1751 0.8978310502283106
1752 0.8978893325727325
1753 0.8979475484606614
1754 0.898005698005698
1755 0.8980637813211845
1756 0.8981217985202049
1757 0.8981797497155859
1758 0.8982376350198976
1759 0.8977272727272727
1760 0.8977853492333902
1761 0.8978433598183881
1762 0.8979013045944413
1763 0.8979591836734694
1764 0.8980169971671388
1765 0.8980747451868629
1766 0.8981324278438031
1767 0.8981900452488688
1768 0.8982475975127191
1769 0.8977401129943503
1770 0.8977978543195935
1771 0.8978555304740407
1772 0.8979131415679639
1773 0.8979706877113867
1774 0.8980281690140846
1775 0.8980855855855856
1776 0.8975801913337085
1777 0.8970753655793026
1778 0.897133220910624
1779 0.897191011235955
1780 0.8972487366647951
1781 0.8973063973063973
1782 0.89736399326977
1783 0.8974215246636771
1784 0.8974789915966387
1785 0.8975363941769317
1786 0.8975937325125909
1787 0.8976510067114094
1788 0.897708216880939
1789 0.8977653631284916
1790 0.897822445561139
1791 0.8978794642857143
1792 0.8973786949247072
1793 0.8974358974358975
1794 0.8974930362116992
1795 0.8975501113585747
1796 0.897607122982749
1797 0.8971078976640712
1798 0.8971650917176209
1799 0.8972222222222223
1800 0.8972792892837312
1801 0.8973362930077692
1802 0.8973932334997227
1803 0.8968957871396895
1804 0.8969529085872576
1805 0.8964562569213732
1806 0.8959601549529607
1807 0.8960176991150443
1808 0.8960751796572692
1809 0.8961325966850828
1810 0.8956377691882937
1811 0.8956953642384106
1812 0.8957528957528957
1813 0.8958103638368247
1814 0.8953168044077136
1815 0.8948237885462555
1816 0.8948816730875069
1817 0.894939493949395
1818 0.8949972512369434
1819 0.8945054945054945
1820 0.8945634266886326
1821 0.8946212952799122
1822 0.8946791003839825
1823 0.8947368421052632
1824 0.8947945205479452
1825 0.8948521358159912
1826 0.8949096880131363
1827 0.8949671772428884
1828 0.8950246036085292
1829 0.8945355191256831
1830 0.894593118514473
1831 0.894650655021834
1832 0.8941625750136388
1833 0.8942202835332607
1834 0.8942779291553133
1835 0.8937908496732027
1836 0.8938486663037561
1837 0.8939064200217628
1838 0.8939641109298532
1839 0.8940217391304348
1840 0.8940793047256925
1841 0.8941368078175895
1842 0.8941942485078677
1843 0.8942516268980477
1844 0.8937669376693766
1845 0.8938244853737811
1846 0.8933405522468868
1847 0.8933982683982684
1848 0.8934559221200649
1849 0.8935135135135135
1850 0.8935710426796326
1851 0.8936285097192225
1852 0.8936859147328656
1853 0.8937432578209277
1854 0.8938005390835579
1855 0.8938577586206896
1856 0.8939149165320409
1857 0.8939720129171151
1858 0.8940290478752018
1859 0.8940860215053763
1860 0.8941429339065019
1861 0.8941997851772288
1862 0.8942565754159957
1863 0.89431330472103
1864 0.8943699731903485
1865 0.8944265809217578
1866 0.8944831280128549
1867 0.8945396145610278
1868 0.8945960406634564
1869 0.8946524064171123
1870 0.89470871191876
1871 0.8947649572649573
1872 0.8948211425520555
1873 0.8948772678762006
1874 0.8949333333333334
1875 0.8949893390191898
1876 0.8945125199786894
1877 0.8945686900958466
1878 0.8946248004257584
1879 0.8946808510638298
1880 0.8947368421052632
1881 0.8942614240170031
1882 0.8943175783324482
1883 0.8943736730360934
1884 0.8944297082228116
1885 0.8944856839872747
1886 0.8945416004239534
1887 0.8945974576271186
1888 0.8946532556908418
1889 0.8947089947089947
1890 0.8947646747752512
1891 0.8948202959830867
1892 0.8948758584257792
1893 0.8949313621964097
1894 0.8949868073878628
1895 0.895042194092827
1896 0.8950975224037955
1897 0.8951527924130663
1898 0.8952080042127436
1899 0.8952631578947369
1900 0.8953182535507628
1901 0.8953732912723449
1902 0.8954282711508145
1903 0.895483193277311
1904 0.8955380577427822
1905 0.8955928646379853
1906 0.8956476140534871
1907 0.8957023060796646
1908 0.8957569408067051
1909 0.8958115183246074
1910 0.8958660387231816
1911 0.8959205020920502
1912 0.8959749085206482
1913 0.8960292580982236
1914 0.8960835509138381
1915 0.8961377870563675
1916 0.8961919666145018
1917 0.8962460896767466
1918 0.8963001563314226
1919 0.8963541666666667
1920 0.8964081207704321
1921 0.896462018730489
1922 0.8965158606344253
1923 0.8965696465696466
1924 0.8966233766233767
1925 0.8966770508826584
1926 0.8967306694343539
1927 0.8962655601659751
1928 0.8963193364437533
1929 0.8963730569948186
1930 0.8964267219057483
1931 0.8964803312629399
1932 0.8965338851526126
1933 0.8965873836608066
1934 0.896640826873385
1935 0.8966942148760331
1936 0.8967475477542591
1937 0.8968008255933952
1938 0.8963383187209902
1939 0.8963917525773196
1940 0.8964451313755796
1941 0.8964984552008239
1942 0.896551724137931
1943 0.8966049382716049
1944 0.8966580976863753
1945 0.8967112024665982
1946 0.8967642526964561
1947 0.8968172484599589
1948 0.896870189840944
1949 0.8969230769230769
1950 0.8969759097898513
1951 0.8970286885245902
1952 0.8970814132104454
1953 0.8971340839303992
1954 0.8971867007672635
1955 0.897239263803681
1956 0.8972917731221257
1957 0.8973442288049029
1958 0.8973966309341501
1959 0.8974489795918368
1960 0.8975012748597654
1961 0.8975535168195719
1962 0.8970962812022415
1963 0.8971486761710794
1964 0.8972010178117048
1965 0.8972533062054934
1966 0.8973055414336553
1967 0.8973577235772358
1968 0.8974098527171153
1969 0.8974619289340101
1970 0.8975139523084729
1971 0.8975659229208925
1972 0.8976178408514952
1973 0.8976697061803445
1974 0.8972151898734178
1975 0.8967611336032388
1976 0.8968133535660091
1977 0.8968655207280081
1978 0.8969176351692774
1979 0.896969696969697
1980 0.8970217062089854
1981 0.8970736629667003
1982 0.897125567322239
1983 0.8966733870967742
1984 0.8967254408060453
1985 0.8967774420946626
1986 0.8968293910417715
1987 0.8968812877263581
1988 0.8969331322272499
1989 0.8969849246231156
1990 0.8970366649924661
1991 0.8970883534136547
1992 0.8971399899648771
1993 0.8966900702106319
1994 0.8967418546365915
1995 0.8967935871743486
1996 0.8968452679018528
1997 0.8968968968968969
1998 0.8969484742371185
1999 0.897
2000 0.8970514742628686
2001 0.8971028971028971
2002 0.8966550174737893
2003 0.8967065868263473
2004 0.8967581047381546
2005 0.8968095712861416
2006 0.8968609865470852
2007 0.8969123505976095
2008 0.8969636635141862
2009 0.8970149253731343
2010 0.8970661362506216
2011 0.897117296222664
2012 0.8971684053651267
2013 0.8967229394240318
2014 0.896774193548387
2015 0.8968253968253969
2016 0.8963807635101636
2017 0.8964321110009911
2018 0.8964834076275384
2019 0.8965346534653466
2020 0.896585848589807
2021 0.8966369930761622
2022 0.8966880869995056
2023 0.8967391304347826
2024 0.8967901234567901
2025 0.8968410661401777
2026 0.8968919585594475
2027 0.8969428007889546
2028 0.8969935929029078
2029 0.896551724137931
2030 0.896602658788774
2031 0.8966535433070866
2032 0.896704377766847
2033 0.8962635201573255
2034 0.8963144963144963
2035 0.8963654223968566
2036 0.8964162984781542
2037 0.8964671246319922
2038 0.8965179009318294
2039 0.8960784313725491
2040 0.8961293483586478
2041 0.8961802154750245
2042 0.8962310327949095
2043 0.8962818003913894
2044 0.8963325183374083
2045 0.8963831867057673
2046 0.8964338055691256
2047 0.896484375
2048 0.8965348950707662
2049 0.8960975609756098
2050 0.8961482203803023
2051 0.8957115009746589
2052 0.8957622990745251
2053 0.8958130477117819
2054 0.8958637469586375
2055 0.8959143968871596
2056 0.8959649975692756
2057 0.8960155490767736
2058 0.8960660514813016
2059 0.8956310679611651
2060 0.8956817079087821
2061 0.895247332686712
2062 0.8952981095492002
2063 0.8953488372093024
2064 0.8953995157384987
2065 0.8954501452081317
2066 0.895500725689405
2067 0.8955512572533849
2068 0.8956017399710005
2069 0.8956521739130435
2070 0.895702559150169
2071 0.8957528957528957
2072 0.8958031837916064
2073 0.8958534233365477
2074 0.8959036144578313
2075 0.8959537572254336
2076 0.8960038517091959
2077 0.8960538979788258
2078 0.8961038961038961
2079 0.8961538461538462
2080 0.8962037481979818
2081 0.8962536023054755
2082 0.8958233317330773
2083 0.8958733205374281
2084 0.8954436450839328
2085 0.8954937679769894
2086 0.8955438428366076
2087 0.8955938697318008
2088 0.8956438487314504
2089 0.8956937799043062
2090 0.8957436633189861
2091 0.8957934990439771
2092 0.895843287147635
2093 0.8958930276981852
2094 0.8959427207637232
2095 0.8959923664122137
2096 0.8960419647114926
2097 0.8960915157292659
2098 0.896141019533111
2099 0.8961904761904762
2100 0.8962398857686816
2101 0.8962892483349191
2102 0.896338563956253
2103 0.8963878326996197
2104 0.896437054631829
2105 0.8964862298195632
2106 0.8960607498813479
2107 0.8961100569259962
2108 0.8961593172119487
2109 0.8962085308056872
2110 0.896257697773567
2111 0.8963068181818182
2112 0.8963558920965452
2113 0.8964049195837275
2114 0.8964539007092198
2115 0.8965028355387523
2116 0.896551724137931
2117 0.896600566572238
2118 0.8966493629070316
2119 0.8966981132075472
2120 0.8967468175388967
2121 0.8967954759660698
2122 0.8968440885539332
2123 0.8968926553672316
2124 0.8969411764705882
2125 0.8969896519285042
2126 0.8970380818053597
2127 0.8966165413533834
2128 0.8966651009863785
2129 0.8967136150234741
2130 0.8967620835288597
2131 0.8968105065666041
2132 0.8968588842006564
2133 0.8969072164948454
2134 0.8969555035128806
2135 0.897003745318352
2136 0.8970519419747309
2137 0.8971000935453695
2138 0.8971482000935016
2139 0.897196261682243
2140 0.8972442783745913
2141 0.8972922502334267
2142 0.897340177321512
2143 0.8973880597014925
2144 0.8974358974358975
2145 0.8974836905871388
2146 0.8975314392175128
2147 0.8975791433891993
2148 0.8976268031642625
2149 0.8972093023255814
2150 0.897257089725709
2151 0.8968401486988847
2152 0.896888063167673
2153 0.8969359331476323
2154 0.896983758700696
2155 0.8970315398886828
2156 0.8970792767732962
2157 0.897126969416126
2158 0.8971746178786475
2159 0.8972222222222223
2160 0.8972697825080981
2161 0.8973172987974098
2162 0.897364771151179
2163 0.8974121996303143
2164 0.897459584295612
2165 0.8975069252077562
2166 0.8975542224273189
2167 0.8976014760147601
2168 0.8976486860304288
2169 0.8976958525345622
2170 0.897742975587287
2171 0.8977900552486188
2172 0.8978370915784629
2173 0.8978840846366145
2174 0.8979310344827586
2175 0.8979779411764706
2176 0.8980248047772164
2177 0.8980716253443526
2178 0.8981184029371271
2179 0.8981651376146789
2180 0.8982118294360385
2181 0.8982584784601283
2182 0.8978469995419148
2183 0.8974358974358975
2184 0.8974828375286041
2185 0.8975297346752058
2186 0.8975765889346137
2187 0.8976234003656307
2188 0.897670169026953
2189 0.897716894977169
2190 0.8977635782747604
2191 0.8978102189781022
2192 0.8978568171454628
2193 0.8974475843208751
2194 0.89749430523918
2195 0.8975409836065574
2196 0.8975876194811107
2197 0.8976342129208371
2198 0.897680763983629
2199 0.8977272727272727
2200 0.8973194002726034
2201 0.8973660308810173
2202 0.8974126191556968
2203 0.8974591651542649
2204 0.8975056689342403
2205 0.8975521305530372
2206 0.8975985500679655
2207 0.8976449275362319
2208 0.8976912630149388
2209 0.897737556561086
2210 0.8977838082315694
2211 0.8978300180831826
2212 0.8978761861726163
2213 0.8979223125564589
2214 0.8979683972911964
2215 0.898014440433213
2216 0.8980604420387912
2217 0.8981064021641119
2218 0.8981523208652546
2219 0.8981981981981982
2220 0.8982440342188204
2221 0.8982898289828983
2222 0.8983355825461089
2223 0.8983812949640287
2224 0.8984269662921348
2225 0.8984725965858041
2226 0.8985181859003143
2227 0.8981149012567325
2228 0.8981606101390758
2229 0.8977578475336323
2230 0.8978036754818467
2231 0.8978494623655914
2232 0.8978952082400359
2233 0.8979409131602507
2234 0.897986577181208
2235 0.8980322003577818
2236 0.8980777827447475
2237 0.8981233243967829
2238 0.8981688253684681
2239 0.8982142857142857
2240 0.8982597054886211
2241 0.8983050847457628
2242 0.8983504235399019
2243 0.8983957219251337
2244 0.8984409799554566
2245 0.8984861976847729
2246 0.8985313751668892
2247 0.8981316725978647
2248 0.8981769675411294
2249 0.8977777777777778
2250 0.8978231896934695
2251 0.8978685612788633
2252 0.8979138925876609
2253 0.8979591836734694
2254 0.8975609756097561
2255 0.8976063829787234
2256 0.8976517501107665
2257 0.8976970770593445
2258 0.897742363877822
2259 0.897787610619469
2260 0.8978328173374613
2261 0.8978779840848806
2262 0.897923110914715
2263 0.8979681978798587
2264 0.8980132450331125
2265 0.8980582524271845
2266 0.898103220114689
2267 0.8977072310405644
2268 0.8977523137946232
2269 0.8977973568281938
2270 0.8978423601937473
2271 0.897887323943662
2272 0.8974923009238891
2273 0.8975373790677221
2274 0.8971428571428571
2275 0.8971880492091389
2276 0.8967940272288099
2277 0.8968393327480246
2278 0.8968845985081176
2279 0.8969298245614035
2280 0.8969750109601052
2281 0.8970201577563541
2282 0.8970652650021901
2283 0.8971103327495622
2284 0.8971553610503282
2285 0.8972003499562554
2286 0.8972452995190205
2287 0.8972902097902098
2288 0.8973350808213194
2289 0.8973799126637555
2290 0.8974247053688346
2291 0.8974694589877836
2292 0.8975141735717401
2293 0.8975588491717524
2294 0.8976034858387799
2295 0.8976480836236934
2296 0.8976926425772747
2297 0.8977371627502175
2298 0.8977816441931274
2299 0.8978260869565218
2300 0.8978704910908301
2301 0.8979148566463945
2302 0.8979591836734694
2303 0.8980034722222222
2304 0.8976138828633405
2305 0.8976582827406765
2306 0.8972691807542262
2307 0.8973136915077989
2308 0.8973581637072325
2309 0.8974025974025974
2310 0.8974469926438771
2311 0.8974913494809689
2312 0.8971033290099438
2313 0.8971477960242005
2314 0.8971922246220302
2315 0.8972366148531952
2316 0.8972809667673716
2317 0.8973252804141502
2318 0.8973695558430358
2319 0.8974137931034483
2320 0.8974579922447221
2321 0.8975021533161068
2322 0.8975462763667671
2323 0.8975903614457831
2324 0.8976344086021505
2325 0.8976784178847808
2326 0.897722389342501
2327 0.897766323024055
2328 0.8978102189781022
2329 0.8978540772532189
2330 0.8978978978978979
2331 0.8979416809605489
2332 0.8979854264894985
2333 0.8980291345329906
2334 0.8980728051391863
2335 0.8981164383561644
2336 0.8981600342319213
2337 0.8982035928143712
2338 0.8982471141513467
2339 0.8982905982905983
2340 0.8979068774028193
2341 0.8979504696840307
2342 0.8979940247545881
2343 0.898037542662116
2344 0.8980810234541577
2345 0.8981244671781756
2346 0.898167873881551
2347 0.8982112436115843
2348 0.898254576415496
2349 0.8982978723404256
2350 0.8983411314334325
2351 0.8983843537414966
2352 0.8984275393115172
2353 0.8984706881903144
2354 0.8985138004246285
2355 0.8985568760611206
2356 0.8985999151463725
2357 0.8986429177268872
2358 0.8986858838490887
2359 0.898728813559322
2360 0.8983481575603558
2361 0.8983911939034717
2362 0.8984341938214134
2363 0.8984771573604061
2364 0.8985200845665962
2365 0.8985629754860525
2366 0.8986058301647655
2367 0.8986486486486487
2368 0.8986914309835373
2369 0.8987341772151899
2370 0.8987768873892872
2371 0.898397976391231
2372 0.898440792246102
2373 0.8984835720303286
2374 0.8981052631578947
2375 0.8977272727272727
2376 0.8977702986958351
2377 0.8978132884777124
2378 0.8974358974358975
2379 0.8974789915966387
2380 0.8975220495590088
2381 0.8975650713685979
2382 0.8976080570709191
2383 0.8976510067114094
2384 0.8976939203354297
2385 0.8977367979882649
2386 0.8977796397151235
2387 0.897822445561139
2388 0.8978652155713688
2389 0.897907949790795
2390 0.8979506482643246
2391 0.8979933110367893
2392 0.8980359381529461
2393 0.898078529657477
2394 0.8981210855949896
2395 0.8981636060100167
2396 0.8982060909470171
2397 0.8982485404503753
2398 0.8982909545644019
2399 0.8979166666666667
2400 0.8979591836734694
2401 0.8980016652789342
2402 0.8980441115272576
2403 0.8980865224625624
2404 0.8981288981288982
2405 0.8981712385702411
