0 0.0
1 0.5025125628140703
2 0.6700111107370122
3 0.7537561551507855
4 0.8039997984001211
5 0.6666105552338272
6 0.5684852929860476
7 0.4949000176737073
8 0.5533047246967345
9 0.4954385113536105
10 0.44810139616939604
11 0.4086611030554543
12 0.3752952868915904
13 0.42289031805115723
14 0.46412962751257897
15 0.5002049157613965
16 0.46835625370473366
17 0.500482414221393
18 0.5292181693422725
19 0.5001551088193131
20 0.4738688048743444
21 0.5003916036215442
22 0.4761461465009764
23 0.5005885368139412
24 0.4780576339575656
25 0.5007550381236614
26 0.5217619666722563
27 0.5004899326536082
28 0.48069425656593673
29 0.5006445634562611
30 0.519298344637558
31 0.5367771549995972
32 0.517760675465321
33 0.5344214010277489
34 0.516400249547339
35 0.5323297886183658
36 0.5151883227782766
37 0.5304606080154054
38 0.5449404555202126
39 0.558687305109648
40 0.5717547977646484
41 0.584191465967276
42 0.5675429666282552
43 0.5516626814836101
44 0.5639859204238548
45 0.5757644702268412
46 0.5870331062521199
47 0.5716942511806179
48 0.5827080011423001
49 0.5932725178130663
50 0.6034142351494367
51 0.588589554731452
52 0.5743367223002027
53 0.5844997868692373
54 0.5942844297707696
55 0.6037109331105633
56 0.5898673624031562
57 0.5991519718340156
58 0.6081131437939322
59 0.5946843690625453
60 0.5817089162051661
61 0.5907290245206189
62 0.5781360591668608
63 0.5659494702406667
64 0.5749986092706643
65 0.5837640026633528
66 0.5718507981352113
67 0.5804982834758313
68 0.5888855840478753
69 0.5970238635058157
70 0.6049236567300587
71 0.6125949134909455
72 0.6008110364875832
73 0.589359599660111
74 0.5782272851785628
75 0.5861238875702015
76 0.5752451239212567
77 0.5830618794540476
78 0.5724212165666188
79 0.5801605242458847
80 0.5876986866351682
81 0.5950430786440767
82 0.6022007199298626
83 0.6091782960423484
84 0.5985730066689116
85 0.6055101197435065
86 0.6122780732809622
87 0.6188826505659782
88 0.6084140482255403
89 0.5981932061795966
90 0.6048976364231944
91 0.5948715236287043
92 0.6015426224842586
93 0.5917008882715565
94 0.5983387765651956
95 0.6048281432873406
96 0.5951161372693331
97 0.6015784003151532
98 0.5920336329224445
99 0.5826950866295396
100 0.5892397321761519
101 0.5956453333829628
102 0.586408218967986
103 0.592786961313115
104 0.599033452150067
105 0.5898933150140161
106 0.5809397186590737
107 0.5872675867779368
108 0.5784447627391877
109 0.584746348511237
110 0.5909231699949771
111 0.58217593796385
112 0.5883312815623725
113 0.5797048615102699
114 0.5858388481609803
115 0.5773279412171404
116 0.568978482478311
117 0.5607863310614879
118 0.5527474850633872
119 0.5591311561652332
120 0.5653969384249143
121 0.5715477597832407
122 0.5775864531205681
123 0.5835157600881411
124 0.5893383347555284
125 0.5811318721500724
126 0.5869417553792872
127 0.5926489636198589
128 0.5982559141141741
129 0.5900521512274163
130 0.581990815007405
131 0.5740686250071834
132 0.5798456309295316
133 0.5720089741176623
134 0.5643053092599586
135 0.556731658720833
136 0.5626605648042236
137 0.5551600534866705
138 0.5610702808117142
139 0.566882882439309
140 0.5725999710645981
141 0.565065835471423
142 0.557654236345256
143 0.5503625736644713
144 0.5562238250942176
145 0.5619911653482633
146 0.5676665491516788
147 0.5732518785316064
148 0.5787490045835412
149 0.5713153094687454
150 0.576805898013916
151 0.5822109857410118
152 0.5875322877039695
153 0.5927714745285334
154 0.5852623497786186
155 0.5905021943811143
156 0.5956622459790272
157 0.6007440587283873
158 0.6057491477950767
159 0.5981746605271321
160 0.6031866654773939
161 0.6081239448696881
162 0.6129879136612686
163 0.6177799523960461
164 0.6225014082453627
165 0.6271535960111526
166 0.6317377990930658
167 0.6362552704210541
168 0.6284679826612366
169 0.6330050964270036
170 0.6252919589419392
171 0.6176894168750086
172 0.6223276859861274
173 0.6268999337263361
174 0.6193263924293675
175 0.6239157377766029
176 0.6164093329474037
177 0.6210150034528944
178 0.6255562618144531
179 0.6180752498082029
180 0.6106981545899811
181 0.6153357268876121
182 0.6080195103394842
183 0.6008039181176289
184 0.5936872454530012
185 0.5984912570421973
186 0.6032298282560815
187 0.607904052719849
188 0.6125150009699631
189 0.6170637210594768
190 0.6215512391443473
191 0.6259785600514377
192 0.6186679047664277
193 0.611454738090102
194 0.6159773572550433
195 0.6204400154761281
196 0.6248436764026645
197 0.6176058253660588
198 0.622028269807723
199 0.6148456639063465
200 0.619286199346852
201 0.6121572041960123
202 0.6051209117061167
203 0.6096529815199362
204 0.6026662487649552
205 0.6072131257182537
206 0.6117014917976881
207 0.6161322468469458
208 0.6091116548624258
209 0.6135594754724916
210 0.6179506311412404
211 0.6109383652660797
212 0.6153473453155774
213 0.6083832963913538
214 0.6015071192007065
215 0.606005177683162
216 0.6104467442411735
217 0.6148326563434086
218 0.6079190658006278
219 0.6010917141066978
220 0.605566223397384
221 0.6099851652672862
222 0.6143493493851316
223 0.6186595709402216
224 0.6229166109618614
225 0.6271212366303278
226 0.6312742015796325
227 0.6353762461923355
228 0.6394280978866493
229 0.6434304713960718
230 0.6362961960505523
231 0.6403245153354168
232 0.6443039365088503
233 0.6482351471826437
234 0.641078277224942
235 0.6450368499366753
236 0.6489477386966196
237 0.6528116059531061
238 0.656629103013164
239 0.6604008702725586
240 0.6641275374401188
241 0.6678097237565218
242 0.6714480382076924
243 0.6750430797329716
244 0.6785954374282065
245 0.671184086869933
246 0.6747719774067787
247 0.6674158761929254
248 0.6710383127130276
249 0.6637360162717946
250 0.6673920448371231
251 0.6601421534964876
252 0.6529772013288354
253 0.6567404529752032
254 0.660459753889292
255 0.6641356849718028
256 0.6677688179846137
257 0.6713597157259732
258 0.6641092322089446
259 0.6677338531220897
260 0.6713165263492337
261 0.6748577980677735
262 0.6783582060383575
263 0.6818182797624789
264 0.6852385406365191
265 0.6778781569813185
266 0.6813356156980502
267 0.6740279355575013
268 0.6775216213625167
269 0.6809753838059669
270 0.6736872722945941
271 0.6664822227579708
272 0.6700467005198162
273 0.6735706600648731
274 0.6770546133953439
275 0.680499064949404
276 0.6839045117360435
277 0.6872714434670204
278 0.6906003426859972
279 0.6938916848949317
280 0.6865148854777436
281 0.6898454606375398
282 0.6931385945417882
283 0.696394751482251
284 0.6996143890757143
285 0.692199683402994
286 0.6954598852988344
287 0.6986836470706819
288 0.7018714161705594
289 0.6944502847917341
290 0.6976791172948404
291 0.7008720184864923
292 0.7040294262450997
293 0.7071517723132825
294 0.7102394824004994
295 0.7027549847435114
296 0.7058856659196363
297 0.7089817256326729
298 0.7015224013756045
299 0.7046611020490987
300 0.7077651963109096
301 0.7108350991680902
302 0.7138712199511151
303 0.7063795883189657
304 0.709459428165729
305 0.7020214130791862
306 0.6946649395610373
307 0.6978630099663814
308 0.6905570762073449
309 0.6937951181270205
310 0.6969977904874061
311 0.7001655105433222
312 0.703298689983877
313 0.6959527355155224
314 0.6886867429010621
315 0.6814997746254154
316 0.6848221182032729
317 0.677681672116014
318 0.6810409604834837
319 0.6843638342962874
320 0.6876507173517818
321 0.6909020279126077
322 0.694118178791335
323 0.6972995774335665
324 0.6900500479594965
325 0.6932711893904347
326 0.6860692250873971
327 0.6893291910508512
328 0.6925540649287668
329 0.6853678398867785
330 0.6886313638089164
331 0.6918598341859624
332 0.6950536523245009
333 0.6982132144252876
334 0.7013389116586574
335 0.6940775264359623
336 0.697243806912754
337 0.7003762203944738
338 0.7034751516809377
339 0.7065409807356033
340 0.7095740827558163
341 0.702242604745725
342 0.6949892869275949
343 0.6981386436660622
344 0.7012544681652109
345 0.7043371382663396
346 0.7073870271258625
347 0.700092328375456
348 0.7031840635789415
349 0.6959372084735258
350 0.6990698526038732
351 0.6918697787772476
352 0.6847459957635071
353 0.6879910220420271
354 0.6912017041431352
355 0.694378424830294
356 0.6872371528860801
357 0.6904528194604703
358 0.6833559367037177
359 0.6763339561754671
360 0.6796589439853159
361 0.672678782774653
362 0.6760394947203632
363 0.6793648122317952
364 0.6826551262249926
365 0.6756516475890572
366 0.6687218149101631
367 0.6618648171158649
368 0.6550798528136839
369 0.6483661301604603
370 0.651969027224983
371 0.655534130840292
372 0.6590618553305251
373 0.6625526101132979
374 0.6660067997651702
375 0.6694248240860919
376 0.6728070781628505
377 0.6659248978117354
378 0.6693413877163379
379 0.6727221716973575
380 0.6760676385072393
381 0.6793781723488128
382 0.6826541529349331
383 0.6858959555472129
384 0.6891039510938632
385 0.692278506166658
386 0.6954199830970385
387 0.6883220398281357
388 0.6915025859018764
389 0.6946500318653415
390 0.6875642973334781
391 0.6907506396612264
392 0.6837074899490281
393 0.686931892511397
394 0.6901228041098838
395 0.6830901577707056
396 0.6863189896553241
397 0.689514322348029
398 0.6926765156079614
399 0.6958059250833899
400 0.6989029023636605
401 0.6917887109714946
402 0.6949254578490538
403 0.6980297309654364
404 0.6909282049427183
405 0.6940720542278331
406 0.6870132319032414
407 0.6800273876116414
408 0.6832804580398979
409 0.6864999186944305
410 0.6896861276752525
411 0.6826777554958929
412 0.6859017624595287
413 0.678934087653169
414 0.6821950918662095
415 0.6752672549312271
416 0.6785644735755084
417 0.6716756341370209
418 0.6750083018710111
419 0.6783066447331882
420 0.6815710262780397
421 0.6746558080118114
422 0.6678117507548876
423 0.6711811531330449
424 0.6643743021444919
425 0.6677776019165517
426 0.661007176185838
427 0.6644436606396429
428 0.6678448411853543
429 0.671211089928532
430 0.674542774862796
431 0.6677084060175748
432 0.6710746920425547
433 0.6744064409921302
434 0.6675761283438411
435 0.6709424494491991
436 0.6641489486393207
437 0.6675491188290424
438 0.6607916616427538
439 0.6642249736555924
440 0.6676231222274528
441 0.6709864758128037
442 0.6743153988378991
443 0.6776102517481715
444 0.6808713910549996
445 0.6739848197548122
446 0.677281874254586
447 0.6805452156172451
448 0.6736642803403345
449 0.6769634673466741
450 0.6802289417203918
451 0.6834610551636281
452 0.6765536569708391
453 0.6798222188845203
454 0.683057409537988
455 0.6761562736975887
456 0.6794278269646531
457 0.6725647727517882
458 0.6758719352985757
459 0.679145366818956
460 0.6823854179395183
461 0.6754952367305734
462 0.6787715073805862
463 0.6820143880680516
464 0.6852242253524182
465 0.6884013620702741
466 0.691546137377856
467 0.684567428094124
468 0.6877503117634006
469 0.6909007931995077
470 0.6839304898034398
471 0.687118943144748
472 0.6902749547613571
473 0.6933988603024823
474 0.6964909918330083
475 0.699551677873998
476 0.692497760375587
477 0.6855155538308457
478 0.6886861256874263
479 0.6817434922476928
480 0.6748714039062763
481 0.6781484917788051
482 0.6713137320098607
483 0.674626155821769
484 0.6779049428131179
485 0.6811504396696962
486 0.6843629894015992
487 0.6774682510524976
488 0.6706434846640522
489 0.6739611532197101
490 0.667172715775099
491 0.6604531413088244
492 0.6538017215084525
493 0.65728803487845
494 0.6607389975675936
495 0.6641549728856173
496 0.657468142572965
497 0.6508490877285927
498 0.654363924299881
499 0.6578431452189315
500 0.6612871160330567
501 0.6646961984444688
502 0.6580065879647354
503 0.6513847276855492
504 0.6548928004752166
505 0.6583653536124856
506 0.6618027511096183
507 0.665205353160891
508 0.6685735161843872
509 0.6618478153810459
510 0.6652493477784072
511 0.6686164643090751
512 0.6719495171722034
513 0.6752488548828633
514 0.6684579911711134
515 0.6717920636909271
516 0.6750924222348903
517 0.6783594114321876
518 0.6815933723148254
519 0.6847946423566614
520 0.677910067909446
521 0.6710950719638787
522 0.6744013616577399
523 0.6776742435901447
524 0.6708626896037702
525 0.664119947429944
526 0.6674956567481763
527 0.6607874349791435
528 0.654146960671179
529 0.6576223822694548
530 0.6610627118916063
531 0.6544204445246903
532 0.6578926142635148
533 0.6613297349302811
534 0.6647321635760718
535 0.6580542854978586
536 0.6514437970407472
537 0.6449000120702478
538 0.6484668482250372
539 0.6519976994850851
540 0.6554929320398534
541 0.6589529082894929
542 0.6623779868853105
543 0.665768522769776
544 0.6691248672160813
545 0.6724473678672508
546 0.675736368774814
547 0.6689514863202914
548 0.6722753177553102
549 0.6755656442246567
550 0.668783296325092
551 0.6721084182896605
552 0.6653613097316471
553 0.6586821921294259
554 0.6621083222085372
555 0.6654999322738016
556 0.6688573727026119
557 0.6721809902646988
558 0.6754711281602993
559 0.6787281260579033
560 0.6819523201315798
561 0.6851440430978898
562 0.6782686190849878
563 0.6714624282394333
564 0.664724768649609
565 0.6580549456151255
566 0.6614858927574614
567 0.6548490170288774
568 0.658311899556022
569 0.6617399262029859
570 0.6651334500689609
571 0.6684928206311364
572 0.6718183837827509
573 0.6751104818707253
574 0.678369453732883
575 0.6815956347347629
576 0.6847893568060295
577 0.6879509484764843
578 0.6910807349116845
579 0.6941790379481723
580 0.6972461761283189
581 0.700282464734791
582 0.7032882158246403
583 0.7062637382630206
584 0.6991812960156178
585 0.7021978339466488
586 0.7051840398589284
587 0.7081402204023708
588 0.7110666790937236
589 0.713963716349239
590 0.7068052331062022
591 0.7097448424695115
592 0.7126549028770396
593 0.7055101024689097
594 0.7084624678379486
595 0.7113851605991307
596 0.7142784804538266
597 0.7171427240468538
598 0.719978184998237
599 0.7127610458615742
600 0.7156402907676019
601 0.7184906064804867
602 0.7112888946586172
603 0.7141826910830229
604 0.7170474161993259
605 0.7198833633832282
606 0.7226908230234192
607 0.7254700825525117
608 0.7282214264776506
609 0.7209233385264295
610 0.7237201274578786
611 0.7264888283998855
612 0.7292297246299574
613 0.7219221593824845
614 0.7247087016072822
615 0.7174467438165606
616 0.710257702133312
617 0.7131609519731658
618 0.7160350531292298
619 0.718880299407301
620 0.7216969816287673
621 0.7244853876613784
622 0.7172266794533331
623 0.7100408345505048
624 0.7029271188074698
625 0.7059033595008489
626 0.7088497278993802
627 0.7017483408437559
628 0.7047362265339261
629 0.7076941263317174
630 0.7106223422317254
631 0.7135211731659308
632 0.7063736237017736
633 0.7093149137974976
634 0.7122266907987357
635 0.7151092518353268
636 0.7179628910258834
637 0.720787899508703
638 0.723584565472354
639 0.72635317418594
640 0.7190780546740114
641 0.7118759173180207
642 0.7147616630763459
643 0.707602982799181
644 0.7105314335946312
645 0.7034153402866784
646 0.6963706227354943
647 0.6994114308569815
648 0.6924070218698612
649 0.6954874337897801
650 0.6985369522672716
651 0.7015558880181194
652 0.7045445486153862
653 0.6974892418520011
654 0.7005185411764969
655 0.7035174639776344
656 0.7064863156862992
657 0.7094253986458209
658 0.7123350121435129
659 0.715215452441883
660 0.7080539682392006
661 0.7109771987350639
662 0.7038583371520044
663 0.696810845296667
664 0.6898340058608399
665 0.6929395132449989
666 0.6960138888971823
667 0.6890452883483841
668 0.6921585779899202
669 0.6852287450742586
670 0.688380170603635
671 0.6915000079031287
672 0.6945885743296984
673 0.6976461840373117
674 0.7006731480095615
675 0.7036697740919468
676 0.7066363670238179
677 0.709573228469991
678 0.7124806570520357
679 0.7053481738077221
680 0.698287168324611
681 0.7013074827080864
682 0.7042975304787167
683 0.697247265996629
684 0.6902676493626131
685 0.6933681146098569
686 0.6964375126212026
687 0.6894662139650956
688 0.6825647662093937
689 0.675732468096576
690 0.6789782712348212
691 0.6821915540386435
692 0.6853726429529851
693 0.6885218611335775
694 0.6816302631171215
695 0.6848168807720271
696 0.6879715740839186
697 0.6810856735300466
698 0.6842776551150299
699 0.6874376603518237
700 0.6805572874477959
701 0.6837544730826688
702 0.686919631919928
703 0.6900530853222757
704 0.6931551514169609
705 0.6962261451285687
706 0.6992663782114746
707 0.7022761592819647
708 0.7052557938500261
709 0.7082055843508125
710 0.7111258301757855
711 0.7140168277035381
712 0.7168788703303012
713 0.709704594980451
714 0.7126097485775935
715 0.7154858068349473
716 0.7183330615785822
717 0.7111444499801508
718 0.7040278296657457
719 0.7069896839415535
720 0.699914743996533
721 0.7029177157067718
722 0.6958836243398417
723 0.6889199717470417
