0 0.5523200631141663
1 0.560390293598175
2 0.5602439045906067
3 0.5642115473747253
4 0.5502974987030029
5 0.5547696948051453
6 0.5879718661308289
7 0.5615851283073425
8 0.5464973449707031
9 0.5909226536750793
10 0.5743129849433899
11 0.5581045150756836
12 0.5910202264785767
13 0.5656620860099792
14 0.5509709119796753
15 0.5566595792770386
16 0.5646634101867676
17 0.559398889541626
18 0.5658597946166992
19 0.5429917573928833
20 0.5543355941772461
21 0.5611016750335693
22 0.5272510051727295
23 0.5664148330688477
24 0.557436466217041
25 0.5657579898834229
26 0.5641337633132935
27 0.5577406287193298
28 0.5575544238090515
29 0.5654252767562866
30 0.5700686573982239
31 0.5788704752922058
32 0.5512858629226685
33 0.5116093754768372
34 0.5772309899330139
35 0.5698322057723999
36 0.5412906408309937
37 0.568410336971283
38 0.5614330768585205
39 0.5908063054084778
40 0.5622112154960632
41 0.5684921741485596
42 0.5890213847160339
43 0.5617448091506958
44 0.559752881526947
45 0.5502129197120667
46 0.5697663426399231
47 0.526405394077301
48 0.529446005821228
49 0.56174635887146
50 0.5594881772994995
51 0.5680903792381287
52 0.5765931606292725
53 0.5441882610321045
54 0.5548086762428284
55 0.561086118221283
56 0.5871097445487976
57 0.5668120980262756
58 0.5427507758140564
59 0.5957015156745911
60 0.5274766683578491
61 0.5485255718231201
62 0.5902943015098572
63 0.5695087909698486
64 0.5884258151054382
65 0.5599149465560913
66 0.5543302893638611
67 0.5610485672950745
68 0.5632447004318237
69 0.5465585589408875
70 0.5640019774436951
71 0.556689977645874
72 0.5557973384857178
73 0.5465773344039917
74 0.5565310716629028
75 0.565083920955658
76 0.5761830806732178
77 0.5726382732391357
78 0.5635197758674622
79 0.5689399838447571
80 0.6112158894538879
81 0.5755024552345276
82 0.5531132817268372
83 0.5400972962379456
84 0.5720362067222595
85 0.5252483487129211
86 0.5289664268493652
87 0.5726180076599121
88 0.5631330609321594
89 0.5180831551551819
90 0.5577492713928223
91 0.566155731678009
92 0.5535640120506287
93 0.5733168125152588
94 0.5721585750579834
95 0.5643756985664368
96 0.5564401745796204
97 0.5482708215713501
98 0.5659290552139282
99 0.561089813709259
100 0.5728558897972107
101 0.5435216426849365
102 0.5601917505264282
103 0.6052501797676086
104 0.5186916589736938
105 0.5956550240516663
106 0.5687588453292847
107 0.5636389851570129
108 0.5726115703582764
109 0.557037353515625
110 0.5390996932983398
111 0.5624722838401794
112 0.5705130100250244
113 0.6042511463165283
114 0.5280869007110596
115 0.5673378705978394
116 0.5424942374229431
117 0.568233847618103
118 0.558939516544342
119 0.5269935131072998
120 0.5443413853645325
121 0.5721859931945801
122 0.5318524241447449
123 0.5629556179046631
124 0.5538610816001892
125 0.5960590243339539
126 0.5624918341636658
127 0.5417860746383667
128 0.5688711404800415
129 0.5641074776649475
130 0.5886991024017334
131 0.5583299398422241
132 0.5532236099243164
133 0.5562103390693665
134 0.5710375308990479
135 0.5821619033813477
136 0.5569978952407837
137 0.5488512516021729
138 0.5429791212081909
139 0.5620371103286743
140 0.5516653060913086
141 0.5653706789016724
142 0.5797736644744873
143 0.593115508556366
144 0.5437389016151428
145 0.5296705961227417
146 0.5622295141220093
147 0.5886943936347961
148 0.5785714387893677
149 0.5482065081596375
150 0.5679101943969727
151 0.593996524810791
152 0.5621065497398376
153 0.5388277769088745
154 0.5681173205375671
155 0.5993413329124451
156 0.5679181218147278
157 0.5637437105178833
158 0.5638524293899536
159 0.5644006729125977
160 0.549985408782959
161 0.5736253261566162
162 0.5619339346885681
163 0.5518970489501953
164 0.5626821517944336
165 0.5864547491073608
166 0.567743182182312
167 0.5711696147918701
168 0.5851856470108032
169 0.5968659520149231
170 0.5693695545196533
171 0.5637335181236267
172 0.5722758769989014
173 0.5469672679901123
174 0.56354159116745
175 0.5362039804458618
176 0.5537891983985901
177 0.5494633913040161
178 0.5614461302757263
179 0.5457236170768738
180 0.5628416538238525
181 0.5702835917472839
182 0.5701064467430115
183 0.5453543663024902
184 0.5858312845230103
185 0.6068299412727356
186 0.5530081987380981
187 0.5874288082122803
188 0.5942472219467163
189 0.5615392327308655
190 0.5647916793823242
191 0.5558193325996399
192 0.5775694847106934
193 0.5460025668144226
194 0.5388911366462708
195 0.530953586101532
196 0.5669941902160645
197 0.5734604597091675
198 0.5950853228569031
199 0.5292940139770508
200 0.5362685322761536
201 0.5756282210350037
202 0.5276016592979431
203 0.5633729100227356
204 0.5191507339477539
205 0.5284531116485596
206 0.5545241236686707
207 0.5673766732215881
208 0.519130527973175
209 0.5562551617622375
210 0.5885335206985474
211 0.5703748464584351
212 0.5598600506782532
213 0.5596081018447876
214 0.5590584874153137
215 0.5671179294586182
216 0.549012303352356
217 0.5495868921279907
218 0.5605522394180298
219 0.5739942789077759
220 0.5950251221656799
221 0.5754075050354004
222 0.5934843420982361
223 0.5448363423347473
224 0.5663764476776123
225 0.5725760459899902
226 0.5332757830619812
227 0.5644632577896118
228 0.5415684580802917
229 0.559036910533905
230 0.5400112867355347
231 0.6044742465019226
232 0.5564820766448975
233 0.5728802680969238
234 0.557360053062439
235 0.5668348073959351
236 0.581088125705719
237 0.575614333152771
238 0.581373929977417
239 0.5565310716629028
240 0.516459047794342
241 0.514552116394043
242 0.5580621957778931
243 0.5634396076202393
244 0.5762802958488464
245 0.5749117732048035
246 0.5604233145713806
247 0.5415323376655579
248 0.5612618923187256
249 0.5419679284095764
250 0.6014891266822815
251 0.5566954612731934
252 0.5545535683631897
253 0.5750489234924316
254 0.5688551068305969
255 0.5507444739341736
256 0.5478519797325134
257 0.5775310397148132
258 0.5666341185569763
259 0.5815290808677673
260 0.5506925582885742
261 0.5585393905639648
262 0.5564302802085876
263 0.540216326713562
264 0.5712937712669373
265 0.5287578701972961
266 0.5269266366958618
267 0.5538020730018616
268 0.5358400940895081
269 0.5960190296173096
270 0.5993920564651489
