0 0.0
1 0.5
2 0.6666666666666666
3 0.5
4 0.6
5 0.6666666666666666
6 0.5714285714285714
7 0.625
8 0.6666666666666666
9 0.6
10 0.6363636363636364
11 0.6666666666666666
12 0.6923076923076923
13 0.7142857142857143
14 0.7333333333333333
15 0.75
16 0.7647058823529411
17 0.7777777777777778
18 0.7894736842105263
19 0.8
20 0.8095238095238095
21 0.8181818181818182
22 0.8260869565217391
23 0.7916666666666666
24 0.8
25 0.7692307692307693
26 0.7777777777777778
27 0.7857142857142857
28 0.7931034482758621
29 0.8
30 0.7741935483870968
31 0.78125
32 0.7878787878787878
33 0.7941176470588235
34 0.8
35 0.8055555555555556
36 0.8108108108108109
37 0.8157894736842105
38 0.8205128205128205
39 0.825
40 0.8292682926829268
41 0.8333333333333334
42 0.813953488372093
43 0.8181818181818182
44 0.8
45 0.8043478260869565
46 0.8085106382978723
47 0.8125
48 0.8163265306122449
49 0.82
50 0.8235294117647058
51 0.8076923076923077
52 0.8113207547169812
53 0.8148148148148148
54 0.8181818181818182
55 0.8214285714285714
56 0.8245614035087719
57 0.8275862068965517
58 0.8135593220338984
59 0.8166666666666667
60 0.819672131147541
61 0.8225806451612904
62 0.8253968253968254
63 0.8125
64 0.8
65 0.803030303030303
66 0.8059701492537313
67 0.8088235294117647
68 0.8115942028985508
69 0.8142857142857143
70 0.8169014084507042
71 0.8194444444444444
72 0.821917808219178
73 0.8108108108108109
74 0.8133333333333334
75 0.8157894736842105
76 0.8181818181818182
77 0.8205128205128205
78 0.8227848101265823
79 0.825
80 0.8271604938271605
81 0.8170731707317073
82 0.8192771084337349
83 0.8214285714285714
84 0.8235294117647058
85 0.8255813953488372
86 0.8275862068965517
87 0.8295454545454546
88 0.8314606741573034
89 0.8333333333333334
90 0.8351648351648352
91 0.8369565217391305
92 0.8279569892473119
93 0.8297872340425532
94 0.8315789473684211
95 0.8333333333333334
96 0.8350515463917526
97 0.826530612244898
98 0.8282828282828283
99 0.83
100 0.8217821782178217
101 0.8235294117647058
102 0.8252427184466019
103 0.8269230769230769
104 0.8285714285714286
105 0.8301886792452831
106 0.8317757009345794
107 0.8333333333333334
108 0.8348623853211009
109 0.8363636363636363
110 0.8378378378378378
111 0.8392857142857143
112 0.8407079646017699
113 0.8421052631578947
114 0.8434782608695652
115 0.8448275862068966
116 0.8461538461538461
117 0.847457627118644
118 0.8487394957983193
119 0.85
120 0.8512396694214877
121 0.8524590163934426
122 0.8536585365853658
123 0.8548387096774194
124 0.856
125 0.8571428571428571
126 0.8582677165354331
127 0.859375
128 0.8604651162790697
129 0.8615384615384616
130 0.8625954198473282
131 0.8636363636363636
132 0.8646616541353384
133 0.8656716417910447
134 0.8666666666666667
135 0.8676470588235294
136 0.8686131386861314
137 0.8695652173913043
138 0.8705035971223022
139 0.8714285714285714
140 0.8723404255319149
141 0.8732394366197183
142 0.8741258741258742
143 0.875
144 0.8758620689655172
145 0.8767123287671232
146 0.8775510204081632
147 0.8783783783783784
148 0.87248322147651
149 0.8733333333333333
150 0.8675496688741722
151 0.868421052631579
152 0.8627450980392157
153 0.8636363636363636
154 0.864516129032258
155 0.8653846153846154
156 0.8662420382165605
157 0.8670886075949367
158 0.8679245283018868
159 0.86875
160 0.8695652173913043
161 0.8703703703703703
162 0.8711656441717791
163 0.8719512195121951
164 0.8727272727272727
165 0.8734939759036144
166 0.874251497005988
167 0.875
168 0.8757396449704142
169 0.8705882352941177
170 0.8713450292397661
171 0.872093023255814
172 0.8728323699421965
173 0.867816091954023
174 0.8685714285714285
175 0.8693181818181818
176 0.8700564971751412
177 0.8707865168539326
178 0.8659217877094972
179 0.8666666666666667
180 0.8674033149171271
181 0.8681318681318682
182 0.8633879781420765
183 0.8586956521739131
184 0.8594594594594595
185 0.8602150537634409
186 0.8609625668449198
187 0.8617021276595744
188 0.8624338624338624
189 0.8631578947368421
190 0.8638743455497382
191 0.8645833333333334
192 0.8652849740932642
193 0.865979381443299
194 0.8666666666666667
195 0.8673469387755102
196 0.8629441624365483
197 0.8636363636363636
198 0.864321608040201
199 0.865
200 0.8656716417910447
201 0.8663366336633663
202 0.8620689655172413
203 0.8627450980392157
204 0.8634146341463415
205 0.8640776699029126
206 0.8647342995169082
207 0.8605769230769231
208 0.861244019138756
209 0.861904761904762
210 0.8625592417061612
211 0.8632075471698113
212 0.863849765258216
213 0.8644859813084113
214 0.8651162790697674
215 0.8657407407407407
216 0.8663594470046083
217 0.8623853211009175
218 0.863013698630137
219 0.8636363636363636
220 0.8642533936651584
221 0.8603603603603603
222 0.8609865470852018
223 0.8616071428571429
224 0.8622222222222222
225 0.8628318584070797
226 0.8634361233480177
227 0.8640350877192983
228 0.8646288209606987
229 0.8652173913043478
230 0.8658008658008658
231 0.8663793103448276
232 0.8626609442060086
233 0.8632478632478633
234 0.8595744680851064
235 0.8601694915254238
236 0.8607594936708861
237 0.8613445378151261
238 0.8619246861924686
239 0.8625
240 0.8589211618257261
241 0.859504132231405
242 0.8600823045267489
243 0.8565573770491803
244 0.8571428571428571
245 0.8577235772357723
246 0.854251012145749
247 0.8548387096774194
248 0.8554216867469879
249 0.856
250 0.8565737051792829
251 0.8571428571428571
252 0.857707509881423
253 0.8582677165354331
254 0.8588235294117647
255 0.859375
256 0.8599221789883269
257 0.8604651162790697
258 0.8571428571428571
259 0.8576923076923076
260 0.8582375478927203
261 0.8587786259541985
262 0.8593155893536122
263 0.8598484848484849
264 0.8603773584905661
265 0.8609022556390977
266 0.8576779026217228
267 0.8582089552238806
268 0.8587360594795539
269 0.8592592592592593
270 0.8597785977859779
271 0.8602941176470589
272 0.8608058608058609
273 0.8576642335766423
274 0.8545454545454545
275 0.855072463768116
276 0.855595667870036
277 0.8561151079136691
278 0.8566308243727598
279 0.8571428571428571
280 0.8576512455516014
281 0.8581560283687943
282 0.8586572438162544
283 0.8591549295774648
284 0.8596491228070176
285 0.8566433566433567
286 0.8571428571428571
287 0.8541666666666666
288 0.8546712802768166
289 0.8551724137931035
290 0.8556701030927835
291 0.8561643835616438
292 0.856655290102389
293 0.8571428571428571
294 0.8576271186440678
295 0.8581081081081081
296 0.8552188552188552
297 0.8557046979865772
298 0.8561872909698997
299 0.8566666666666667
300 0.8571428571428571
301 0.8576158940397351
302 0.858085808580858
303 0.8585526315789473
304 0.8557377049180328
305 0.8562091503267973
306 0.8566775244299675
307 0.8571428571428571
308 0.8576051779935275
309 0.8580645161290322
310 0.8585209003215434
311 0.8589743589743589
312 0.8594249201277955
313 0.856687898089172
314 0.8571428571428571
315 0.8575949367088608
316 0.8548895899053628
317 0.8522012578616353
318 0.8526645768025078
319 0.853125
320 0.8535825545171339
321 0.8540372670807453
322 0.8544891640866873
323 0.8549382716049383
324 0.8553846153846154
325 0.8558282208588958
326 0.8562691131498471
327 0.8536585365853658
328 0.8541033434650456
329 0.8545454545454545
330 0.8549848942598187
331 0.8554216867469879
332 0.8528528528528528
333 0.8532934131736527
334 0.8537313432835821
335 0.8541666666666666
336 0.8545994065281899
337 0.8550295857988166
338 0.855457227138643
339 0.8558823529411764
340 0.8563049853372434
341 0.8567251461988304
342 0.8571428571428571
343 0.8575581395348837
344 0.8579710144927536
345 0.8583815028901735
346 0.8559077809798271
347 0.8563218390804598
348 0.8567335243553008
349 0.8571428571428571
350 0.8575498575498576
351 0.8579545454545454
352 0.8583569405099151
353 0.8587570621468926
354 0.8591549295774648
355 0.8595505617977528
356 0.8599439775910365
357 0.8603351955307262
358 0.8607242339832869
359 0.8583333333333333
360 0.8587257617728532
361 0.8591160220994475
362 0.859504132231405
363 0.8598901098901099
364 0.8602739726027397
365 0.8579234972677595
366 0.8583106267029973
367 0.8586956521739131
368 0.8590785907859079
369 0.8567567567567568
370 0.8571428571428571
371 0.8575268817204301
372 0.8579088471849866
373 0.8582887700534759
374 0.8586666666666667
375 0.8590425531914894
376 0.8594164456233422
377 0.8597883597883598
378 0.8575197889182058
379 0.8578947368421053
380 0.8582677165354331
381 0.8586387434554974
382 0.8590078328981723
383 0.859375
384 0.8597402597402597
385 0.8575129533678757
386 0.8552971576227391
387 0.8556701030927835
388 0.8560411311053985
389 0.8564102564102564
390 0.8567774936061381
391 0.8571428571428571
392 0.8575063613231552
393 0.8578680203045685
394 0.8556962025316456
395 0.8560606060606061
396 0.8564231738035264
397 0.8567839195979899
398 0.8571428571428571
399 0.8575
400 0.85785536159601
401 0.8582089552238806
402 0.858560794044665
403 0.8589108910891089
404 0.8592592592592593
405 0.8596059113300493
406 0.85995085995086
407 0.8602941176470589
408 0.8606356968215159
409 0.8609756097560975
410 0.8588807785888077
411 0.8592233009708737
412 0.8595641646489104
413 0.8599033816425121
414 0.8602409638554217
415 0.8605769230769231
416 0.8609112709832134
417 0.861244019138756
418 0.8591885441527446
419 0.8595238095238096
420 0.8598574821852731
421 0.8578199052132701
422 0.8581560283687943
423 0.8584905660377359
424 0.8588235294117647
425 0.8591549295774648
426 0.8594847775175644
427 0.8598130841121495
428 0.8601398601398601
429 0.8604651162790697
430 0.8607888631090487
431 0.8611111111111112
432 0.8614318706697459
433 0.8617511520737328
434 0.8620689655172413
435 0.8623853211009175
436 0.8604118993135011
437 0.860730593607306
438 0.8587699316628702
439 0.8590909090909091
440 0.8571428571428571
441 0.8552036199095022
442 0.8555304740406321
443 0.8558558558558559
444 0.8561797752808988
445 0.8565022421524664
446 0.8568232662192393
447 0.8571428571428571
448 0.8574610244988864
449 0.8555555555555555
450 0.8558758314855875
451 0.8539823008849557
452 0.8543046357615894
453 0.8546255506607929
454 0.8549450549450549
455 0.8552631578947368
456 0.8533916849015317
457 0.851528384279476
458 0.8518518518518519
459 0.8521739130434782
460 0.8524945770065075
461 0.8528138528138528
462 0.8531317494600432
463 0.853448275862069
464 0.8516129032258064
465 0.851931330472103
466 0.8522483940042827
467 0.8525641025641025
468 0.8528784648187633
469 0.8531914893617021
470 0.851380042462845
471 0.8516949152542372
472 0.8498942917547568
473 0.8502109704641351
474 0.8505263157894737
475 0.8508403361344538
476 0.8511530398322851
477 0.8514644351464435
478 0.8496868475991649
479 0.85
480 0.8503118503118503
481 0.8506224066390041
482 0.8509316770186336
483 0.8491735537190083
484 0.8494845360824742
485 0.8497942386831275
486 0.8501026694045175
487 0.8483606557377049
488 0.8486707566462167
489 0.8489795918367347
490 0.8492871690427699
491 0.8495934959349594
492 0.8498985801217038
493 0.8502024291497976
494 0.8505050505050505
495 0.8508064516129032
496 0.8511066398390342
497 0.8514056224899599
498 0.8496993987975952
499 0.85
500 0.8502994011976048
501 0.850597609561753
502 0.8489065606361829
503 0.8472222222222222
504 0.8475247524752475
505 0.8478260869565217
506 0.8481262327416174
507 0.8484251968503937
508 0.8487229862475442
509 0.8490196078431372
510 0.8493150684931506
511 0.849609375
512 0.8499025341130604
513 0.8501945525291829
514 0.8504854368932039
515 0.8507751937984496
516 0.851063829787234
517 0.8513513513513513
518 0.8516377649325626
519 0.8519230769230769
520 0.8522072936660269
521 0.8505747126436781
522 0.8508604206500956
523 0.851145038167939
524 0.8514285714285714
525 0.8498098859315589
526 0.8500948766603416
527 0.8503787878787878
528 0.8506616257088847
529 0.8509433962264151
530 0.8512241054613936
531 0.849624060150376
532 0.849906191369606
533 0.850187265917603
534 0.8504672897196262
535 0.8507462686567164
536 0.851024208566108
537 0.8494423791821561
538 0.849721706864564
539 0.85
540 0.8502772643253235
541 0.8505535055350554
542 0.850828729281768
543 0.8511029411764706
544 0.8513761467889909
545 0.8516483516483516
546 0.8519195612431444
547 0.8521897810218978
548 0.8524590163934426
549 0.8527272727272728
550 0.8511796733212341
551 0.8514492753623188
552 0.8517179023508138
553 0.851985559566787
554 0.8522522522522522
555 0.8525179856115108
556 0.8527827648114902
557 0.8512544802867383
558 0.851520572450805
559 0.8517857142857143
560 0.8502673796791443
561 0.8487544483985765
562 0.8490230905861457
563 0.849290780141844
564 0.8477876106194691
565 0.8462897526501767
566 0.8465608465608465
567 0.846830985915493
568 0.8471001757469244
569 0.8473684210526315
570 0.8476357267950964
571 0.8479020979020979
572 0.8481675392670157
573 0.8484320557491289
574 0.8486956521739131
575 0.8472222222222222
576 0.8474870017331022
577 0.8477508650519031
578 0.846286701208981
579 0.846551724137931
580 0.846815834767642
581 0.8470790378006873
582 0.8473413379073756
583 0.8458904109589042
584 0.8444444444444444
585 0.8447098976109215
586 0.8449744463373083
587 0.8435374149659864
588 0.8438030560271647
589 0.8440677966101695
590 0.8443316412859561
591 0.8445945945945946
592 0.8431703204047217
593 0.8434343434343434
594 0.8436974789915966
595 0.8439597315436241
596 0.8442211055276382
597 0.8444816053511706
598 0.8447412353923205
599 0.845
600 0.8452579034941764
601 0.845514950166113
602 0.845771144278607
603 0.8460264900662252
604 0.8462809917355372
605 0.8465346534653465
606 0.8467874794069192
607 0.8470394736842105
608 0.8472906403940886
609 0.8475409836065574
610 0.8477905073649754
611 0.8480392156862745
612 0.8482871125611745
613 0.8485342019543974
614 0.848780487804878
615 0.849025974025974
616 0.8492706645056726
617 0.8495145631067961
618 0.8497576736672051
619 0.85
620 0.8502415458937198
621 0.8504823151125402
622 0.8507223113964687
623 0.8509615384615384
624 0.8512
625 0.8514376996805112
626 0.8500797448165869
627 0.8487261146496815
628 0.848966613672496
629 0.8492063492063492
630 0.849445324881141
631 0.8496835443037974
632 0.8499210110584519
633 0.8501577287066246
634 0.8503937007874016
635 0.8490566037735849
636 0.8492935635792779
637 0.8495297805642633
638 0.8482003129890454
639 0.8484375
640 0.8486739469578783
641 0.8473520249221184
642 0.8475894245723172
643 0.8478260869565217
644 0.8480620155038759
645 0.848297213622291
646 0.848531684698609
647 0.8487654320987654
648 0.8489984591679507
649 0.8492307692307692
650 0.8494623655913979
651 0.8496932515337423
652 0.8499234303215927
653 0.8501529051987767
654 0.850381679389313
655 0.850609756097561
656 0.8508371385083714
657 0.851063829787234
658 0.8512898330804249
659 0.8515151515151516
660 0.8517397881996974
661 0.851963746223565
662 0.8521870286576169
663 0.8509036144578314
664 0.8511278195488722
665 0.8513513513513513
666 0.8515742128935532
667 0.8517964071856288
668 0.852017937219731
669 0.8522388059701492
670 0.8524590163934426
671 0.8526785714285714
672 0.8514115898959881
673 0.8516320474777448
674 0.8518518518518519
675 0.8520710059171598
676 0.8522895125553914
677 0.8525073746312685
678 0.8512518409425626
679 0.8514705882352941
680 0.8516886930983847
681 0.8519061583577713
682 0.8521229868228404
683 0.8523391812865497
684 0.8525547445255475
685 0.8527696793002916
686 0.8529839883551674
687 0.8531976744186046
688 0.8534107402031931
689 0.8521739130434782
690 0.8523878437047757
691 0.8526011560693642
692 0.8528138528138528
693 0.8530259365994236
694 0.8532374100719424
695 0.853448275862069
696 0.8536585365853658
697 0.8538681948424068
698 0.8540772532188842
699 0.8542857142857143
700 0.854493580599144
701 0.8547008547008547
702 0.8549075391180654
703 0.8551136363636364
704 0.8553191489361702
705 0.8555240793201133
706 0.8557284299858557
707 0.8559322033898306
708 0.8547249647390691
709 0.8549295774647887
710 0.8551336146272855
711 0.8553370786516854
712 0.8555399719495091
713 0.8557422969187675
714 0.855944055944056
715 0.8561452513966481
716 0.8563458856345886
717 0.8565459610027855
718 0.8567454798331016
719 0.8569444444444444
720 0.8571428571428571
721 0.8573407202216067
722 0.8575380359612724
723 0.856353591160221
724 0.856551724137931
725 0.8567493112947658
726 0.8569463548830811
727 0.8557692307692307
728 0.8559670781893004
729 0.8561643835616438
730 0.8549931600547196
731 0.855191256830601
732 0.8553888130968622
733 0.8555858310626703
734 0.85578231292517
735 0.8559782608695652
736 0.8561736770691994
737 0.8563685636856369
738 0.8565629228687416
739 0.8567567567567568
740 0.8569500674763832
741 0.8571428571428571
742 0.857335127860027
743 0.8561827956989247
744 0.8550335570469799
745 0.8552278820375335
746 0.8554216867469879
747 0.8556149732620321
748 0.855807743658211
749 0.856
750 0.8561917443408789
751 0.8550531914893617
752 0.8552456839309429
753 0.8554376657824934
754 0.8556291390728477
755 0.8558201058201058
756 0.8560105680317041
757 0.8548812664907651
758 0.8537549407114624
759 0.8539473684210527
760 0.8541392904073587
761 0.8543307086614174
762 0.8532110091743119
763 0.8534031413612565
764 0.8522875816993464
765 0.8524804177545692
766 0.8526727509778357
767 0.8528645833333334
768 0.8517555266579974
769 0.8519480519480519
770 0.8521400778210116
771 0.8523316062176166
772 0.8525226390685641
773 0.8527131782945736
774 0.8529032258064516
775 0.8530927835051546
776 0.8532818532818532
777 0.8534704370179949
778 0.8536585365853658
779 0.8538461538461538
780 0.8540332906530089
781 0.8542199488491049
782 0.8544061302681992
783 0.8533163265306123
784 0.8535031847133758
785 0.8524173027989822
786 0.8513341804320204
787 0.850253807106599
788 0.8504435994930292
789 0.850632911392405
790 0.8508217446270544
791 0.851010101010101
792 0.8511979823455234
793 0.8501259445843828
794 0.8503144654088051
795 0.8492462311557789
796 0.849435382685069
797 0.849624060150376
798 0.8498122653316645
799 0.85
800 0.850187265917603
801 0.8503740648379052
802 0.8505603985056039
803 0.8507462686567164
804 0.8509316770186336
805 0.8511166253101737
806 0.8513011152416357
807 0.8514851485148515
808 0.8516687268232386
809 0.8518518518518519
810 0.8508014796547472
811 0.8509852216748769
812 0.8511685116851169
813 0.8513513513513513
814 0.8515337423312883
815 0.8517156862745098
816 0.8518971848225214
817 0.8520782396088019
818 0.8522588522588522
819 0.8512195121951219
820 0.8501827040194885
821 0.8503649635036497
822 0.850546780072904
823 0.8507281553398058
824 0.850909090909091
825 0.851089588377724
826 0.8500604594921403
827 0.8502415458937198
828 0.850422195416164
829 0.8506024096385543
830 0.8507821901323707
831 0.8509615384615384
832 0.851140456182473
833 0.8513189448441247
834 0.8514970059880239
835 0.8516746411483254
836 0.8518518518518519
837 0.8520286396181385
838 0.8522050059594756
839 0.8511904761904762
840 0.8513674197384067
841 0.8515439429928741
842 0.8505338078291815
843 0.8495260663507109
844 0.8497041420118343
845 0.8498817966903073
846 0.8500590318772137
847 0.8502358490566038
848 0.850412249705536
849 0.8505882352941176
850 0.8507638072855465
851 0.8509389671361502
852 0.8511137162954279
853 0.8512880562060889
854 0.8502923976608188
855 0.8504672897196262
856 0.8506417736289381
857 0.8496503496503497
858 0.8498253783469151
859 0.8488372093023255
860 0.8490127758420442
861 0.8491879350348028
862 0.8493626882966396
863 0.8495370370370371
864 0.8497109826589595
865 0.848729792147806
866 0.8489042675893888
867 0.8490783410138248
868 0.8481012658227848
869 0.8482758620689655
870 0.8484500574052812
871 0.8486238532110092
872 0.847651775486827
873 0.8478260869565217
874 0.848
875 0.8470319634703196
876 0.8472063854047891
877 0.8473804100227791
878 0.8475540386803185
879 0.8465909090909091
880 0.8467650397275823
881 0.8469387755102041
882 0.8471121177802945
883 0.8461538461538461
884 0.8463276836158192
885 0.8465011286681715
886 0.846674182638106
887 0.8468468468468469
888 0.8470191226096738
889 0.8471910112359551
890 0.8473625140291807
891 0.8475336322869955
892 0.8477043673012318
893 0.8467561521252797
894 0.846927374301676
895 0.8470982142857143
896 0.8472686733556298
897 0.8474387527839644
898 0.8476084538375973
899 0.8466666666666667
900 0.8468368479467259
901 0.8458980044345898
902 0.8460686600221484
903 0.8462389380530974
904 0.8464088397790055
905 0.8465783664459161
906 0.8467475192943771
907 0.8469162995594713
908 0.847084708470847
909 0.8472527472527472
910 0.8474204171240395
911 0.8475877192982456
912 0.8477546549835706
913 0.8479212253829321
914 0.848087431693989
915 0.8471615720524017
916 0.8473282442748091
917 0.8464052287581699
918 0.8454842219804135
919 0.8456521739130435
920 0.8458197611292074
921 0.8459869848156182
922 0.8461538461538461
923 0.8463203463203464
924 0.8464864864864865
925 0.8466522678185745
926 0.8468176914778857
927 0.8469827586206896
928 0.8471474703982778
929 0.8473118279569892
930 0.8474758324382384
931 0.8476394849785408
932 0.8478027867095391
933 0.8468950749464668
934 0.8470588235294118
935 0.8472222222222222
936 0.847385272145144
937 0.847547974413646
938 0.8477103301384451
939 0.847872340425532
940 0.8480340063761955
941 0.8481953290870489
942 0.8472958642629904
943 0.847457627118644
944 0.8465608465608465
945 0.846723044397463
946 0.8468848996832101
947 0.8470464135021097
948 0.8461538461538461
949 0.8463157894736842
950 0.8464773922187171
951 0.8466386554621849
952 0.8467995802728226
953 0.8469601677148847
954 0.8471204188481676
955 0.8472803347280334
956 0.8474399164054337
957 0.8475991649269311
958 0.8477580813347236
959 0.846875
960 0.8470343392299687
961 0.8471933471933472
962 0.8473520249221184
963 0.8475103734439834
964 0.8476683937823835
965 0.8478260869565217
966 0.8479834539813857
967 0.8481404958677686
968 0.847265221878225
969 0.8474226804123711
970 0.8465499485066942
971 0.8467078189300411
972 0.8468653648509764
973 0.8470225872689938
974 0.8471794871794872
975 0.8473360655737705
976 0.8474923234390993
977 0.8476482617586912
978 0.8478038815117467
979 0.8479591836734693
980 0.8481141692150866
981 0.8482688391038696
982 0.8484231943031536
983 0.8485772357723578
984 0.848730964467005
985 0.8488843813387424
986 0.8490374873353597
987 0.8491902834008097
988 0.8483316481294236
989 0.8484848484848485
990 0.8486377396569122
991 0.8487903225806451
992 0.8489425981873112
993 0.8490945674044266
994 0.8492462311557789
995 0.8493975903614458
996 0.8485456369107321
997 0.8486973947895792
998 0.8488488488488488
999 0.849
1000 0.8491508491508492
1001 0.8493013972055888
1002 0.8494516450648056
1003 0.848605577689243
1004 0.8487562189054726
1005 0.8489065606361829
1006 0.8490566037735849
1007 0.8492063492063492
1008 0.8493557978196233
1009 0.8495049504950495
1010 0.8496538081107814
1011 0.849802371541502
1012 0.8489634748272458
1013 0.849112426035503
1014 0.8492610837438423
1015 0.8494094488188977
1016 0.8495575221238938
1017 0.849705304518664
1018 0.8498527968596663
1019 0.85
1020 0.8491674828599413
1021 0.8493150684931506
1022 0.8494623655913979
1023 0.849609375
1024 0.848780487804878
1025 0.8489278752436648
1026 0.8490749756572541
1027 0.8492217898832685
1028 0.8483965014577259
1029 0.8485436893203884
1030 0.8486905916585838
1031 0.8488372093023255
1032 0.8489835430784124
1033 0.8491295938104448
1034 0.8492753623188406
1035 0.8494208494208494
1036 0.849566055930569
1037 0.848747591522158
1038 0.848893166506256
1039 0.8490384615384615
1040 0.8482228626320846
1041 0.8483685220729367
1042 0.8485139022051774
1043 0.8486590038314177
1044 0.8488038277511962
1045 0.8489483747609943
1046 0.8490926456542502
1047 0.8492366412213741
1048 0.8493803622497617
1049 0.8495238095238096
1050 0.8496669838249287
1051 0.8498098859315589
1052 0.8499525166191833
1053 0.8500948766603416
1054 0.8502369668246446
1055 0.8503787878787878
1056 0.8505203405865658
1057 0.8506616257088847
1058 0.8508026440037771
1059 0.8509433962264151
1060 0.8510838831291234
1061 0.8512241054613936
1062 0.8513640639698965
1063 0.8515037593984962
1064 0.8516431924882629
1065 0.851782363977486
1066 0.8509840674789129
1067 0.851123595505618
1068 0.8512628624883068
1069 0.8504672897196262
1070 0.8506069094304388
1071 0.8507462686567164
1072 0.8508853681267474
1073 0.851024208566108
1074 0.8511627906976744
1075 0.8513011152416357
1076 0.851439182915506
1077 0.8506493506493507
1078 0.8507877664504171
1079 0.850925925925926
1080 0.8501387604070305
1081 0.8502772643253235
1082 0.8494921514312096
1083 0.8496309963099631
1084 0.8497695852534562
1085 0.8499079189686924
1086 0.8500459981600736
1087 0.8492647058823529
1088 0.8494031221303948
1089 0.8486238532110092
1090 0.847846012832264
1091 0.847985347985348
1092 0.848124428179323
1093 0.8482632541133455
1094 0.8474885844748858
1095 0.8467153284671532
1096 0.8468550592525068
1097 0.8469945355191257
1098 0.8471337579617835
1099 0.8472727272727273
1100 0.8474114441416893
1101 0.8475499092558983
1102 0.8476881233000907
1103 0.8478260869565217
1104 0.8470588235294118
1105 0.8471971066907775
1106 0.8473351400180669
1107 0.8474729241877257
1108 0.8476104598737602
1109 0.8477477477477477
1110 0.846984698469847
1111 0.8471223021582733
1112 0.8472596585804133
1113 0.8473967684021544
1114 0.8475336322869955
1115 0.8467741935483871
1116 0.846911369740376
1117 0.8470483005366727
1118 0.8471849865951743
1119 0.8473214285714286
1120 0.847457627118644
1121 0.8475935828877005
1122 0.8477292965271594
1123 0.847864768683274
1124 0.8471111111111111
1125 0.8472468916518651
1126 0.8464951197870453
1127 0.8466312056737588
1128 0.8467670504871567
1129 0.8469026548672567
1130 0.8470380194518126
1131 0.8471731448763251
1132 0.8473080317740512
1133 0.8474426807760141
1134 0.8466960352422908
1135 0.8459507042253521
1136 0.8460861917326298
1137 0.8462214411247804
1138 0.8463564530289728
1139 0.8464912280701754
1140 0.8466257668711656
1141 0.8467600700525394
1142 0.8468941382327209
1143 0.847027972027972
1144 0.8462882096069869
1145 0.8464223385689355
1146 0.8465562336530078
1147 0.8466898954703833
1148 0.8468233246301131
1149 0.8469565217391304
1150 0.8470894874022589
1151 0.8472222222222222
1152 0.8473547267996531
1153 0.8466204506065858
1154 0.8467532467532467
1155 0.846885813148789
1156 0.8470181503889369
1157 0.8471502590673575
1158 0.8472821397756687
1159 0.8474137931034482
1160 0.8475452196382429
1161 0.8476764199655766
1162 0.8469475494411006
1163 0.8470790378006873
1164 0.8472103004291845
1165 0.8464837049742711
1166 0.8466152527849186
1167 0.8467465753424658
1168 0.8468776732249786
1169 0.847008547008547
1170 0.8471391972672929
1171 0.8464163822525598
1172 0.8465473145780051
1173 0.8466780238500852
1174 0.8468085106382979
1175 0.8469387755102041
1176 0.8470688190314358
1177 0.8471986417657046
1178 0.8473282442748091
1179 0.847457627118644
1180 0.8467400508044031
1181 0.8468697123519459
1182 0.8469991546914624
1183 0.8471283783783784
1184 0.8472573839662447
1185 0.8473861720067454
1186 0.8475147430497051
1187 0.8476430976430976
1188 0.847771236333053
1189 0.8478991596638655
1190 0.8471872376154492
1191 0.8473154362416108
1192 0.8474434199497066
1193 0.8467336683417085
1194 0.8460251046025105
1195 0.8461538461538461
1196 0.8462823725981621
1197 0.8464106844741235
1198 0.8457047539616347
1199 0.8458333333333333
1200 0.8459616985845129
1201 0.846089850249584
1202 0.8462177888611804
1203 0.8463455149501661
1204 0.8464730290456431
1205 0.8466003316749585
1206 0.8467274233637117
1207 0.8468543046357616
1208 0.8469809760132341
1209 0.8471074380165289
1210 0.847233691164327
1211 0.8473597359735974
1212 0.8474855729596042
1213 0.8476112026359144
1214 0.8477366255144033
1215 0.8470394736842105
1216 0.8471651602300739
1217 0.8464696223316913
1218 0.8465955701394585
1219 0.8459016393442623
1220 0.846027846027846
1221 0.8461538461538461
1222 0.8462796402289452
1223 0.8464052287581699
1224 0.846530612244898
1225 0.8466557911908646
1226 0.8467807660961695
1227 0.8469055374592834
1228 0.8470301057770545
1229 0.8471544715447155
1230 0.8472786352558895
1231 0.8474025974025974
1232 0.8475263584752636
1233 0.846839546191248
1234 0.8469635627530364
1235 0.8470873786407767
1236 0.847210994341148
1237 0.8465266558966075
1238 0.8466505246166263
1239 0.8467741935483871
1240 0.8460918614020951
1241 0.8462157809983897
1242 0.8455349959774738
1243 0.8456591639871383
1244 0.8457831325301205
1245 0.8459069020866774
1246 0.8460304731355253
1247 0.8461538461538461
1248 0.8462770216172938
1249 0.8464
1250 0.8465227817745803
1251 0.8466453674121406
1252 0.8459696727853152
1253 0.8460925039872408
1254 0.846215139442231
1255 0.8463375796178344
1256 0.8456642800318218
1257 0.8457869634340223
1258 0.8459094519459889
1259 0.846031746031746
1260 0.8461538461538461
1261 0.8462757527733756
1262 0.8463974663499604
1263 0.8465189873417721
1264 0.8458498023715415
1265 0.8459715639810427
1266 0.846093133385951
1267 0.8462145110410094
1268 0.8463356973995272
1269 0.8456692913385827
1270 0.8450039339103068
1271 0.845125786163522
1272 0.845247446975648
1273 0.8453689167974883
1274 0.8454901960784313
1275 0.8456112852664577
1276 0.845732184808144
1277 0.8458528951486698
1278 0.8459734167318217
1279 0.8453125
1280 0.8454332552693209
1281 0.8455538221528861
1282 0.8448947778643804
1283 0.8450155763239875
1284 0.845136186770428
1285 0.8452566096423018
1286 0.8453768453768454
1287 0.8454968944099379
1288 0.8456167571761055
1289 0.8457364341085272
1290 0.8458559256390396
1291 0.8459752321981424
1292 0.8453209590100541
1293 0.8446676970633694
1294 0.8447876447876448
1295 0.8449074074074074
1296 0.8450269853508096
1297 0.8451463790446841
1298 0.8452655889145496
1299 0.8453846153846154
1300 0.8455034588777863
1301 0.8456221198156681
1302 0.8457405986185725
1303 0.8458588957055214
1304 0.8452107279693487
1305 0.8453292496171516
1306 0.8454475899005356
1307 0.845565749235474
1308 0.8456837280366692
1309 0.8458015267175573
1310 0.8459191456903128
1311 0.8460365853658537
1312 0.8461538461538461
1313 0.8462709284627092
1314 0.8463878326996198
1315 0.8465045592705167
1316 0.8466211085801063
1317 0.84597875569044
1318 0.8453373768006065
1319 0.8454545454545455
1320 0.8455715367146102
1321 0.8449319213313162
1322 0.8450491307634165
1323 0.8444108761329305
1324 0.8437735849056603
1325 0.8438914027149321
1326 0.8440090429540317
1327 0.8441265060240963
1328 0.8442437923250564
1329 0.8443609022556391
1330 0.8444778362133734
1331 0.8438438438438438
1332 0.8439609902475619
1333 0.843328335832084
1334 0.8426966292134831
1335 0.842814371257485
1336 0.8429319371727748
1337 0.8423019431988041
1338 0.8416728902165795
1339 0.8417910447761194
1340 0.8419090231170768
1341 0.842026825633383
1342 0.842144452717796
1343 0.8422619047619048
1344 0.8423791821561338
1345 0.8424962852897474
1346 0.8426132145508537
1347 0.8427299703264095
1348 0.8428465530022239
1349 0.8429629629629629
1350 0.8430792005921539
1351 0.8431952662721893
1352 0.8433111603843311
1353 0.843426883308715
1354 0.8435424354243543
1355 0.8436578171091446
1356 0.8437730287398674
1357 0.8438880706921944
1358 0.8440029433406917
1359 0.8441176470588235
1360 0.8442321822189567
1361 0.8443465491923642
1362 0.8444607483492297
1363 0.844574780058651
1364 0.8446886446886447
1365 0.8448023426061494
1366 0.84491587417703
1367 0.8450292397660819
1368 0.8451424397370343
1369 0.8452554744525548
1370 0.8453683442742523
1371 0.8454810495626822
1372 0.8455935906773488
1373 0.8457059679767104
1374 0.8458181818181818
1375 0.8459302325581395
1376 0.8453159041394336
1377 0.8454281567489115
1378 0.845540246555475
1379 0.8449275362318841
1380 0.8450398262128892
1381 0.8444283646888567
1382 0.8445408532176428
1383 0.8446531791907514
1384 0.8447653429602888
1385 0.8448773448773449
1386 0.8449891852919971
1387 0.8451008645533141
1388 0.8452123830093593
1389 0.8453237410071942
1390 0.8454349388928828
1391 0.8455459770114943
1392 0.8456568557071069
1393 0.8457675753228121
1394 0.8458781362007168
1395 0.8459885386819485
1396 0.8453829634931997
1397 0.8454935622317596
1398 0.8456040028591851
1399 0.8457142857142858
1400 0.8458244111349036
1401 0.8459343794579173
1402 0.8460441910192444
1403 0.8461538461538461
1404 0.8462633451957295
1405 0.8463726884779517
1406 0.8464818763326226
1407 0.8465909090909091
1408 0.8466997870830376
1409 0.8468085106382979
1410 0.8469170800850461
1411 0.8470254957507082
1412 0.8464260438782731
1413 0.8465346534653465
1414 0.846643109540636
1415 0.8467514124293786
1416 0.8468595624558928
1417 0.846262341325811
1418 0.8463706835799859
1419 0.8457746478873239
1420 0.8458831808585503
1421 0.8452883263009845
1422 0.8453970484891076
1423 0.8455056179775281
1424 0.8456140350877193
1425 0.8450210378681627
1426 0.8444288717589348
1427 0.8445378151260504
1428 0.8446466060181945
1429 0.8447552447552448
1430 0.8441649196366178
1431 0.8442737430167597
1432 0.8443824145150035
1433 0.8444909344490934
1434 0.8445993031358885
1435 0.8447075208913649
1436 0.8448155880306193
1437 0.844923504867872
1438 0.8450312717164697
1439 0.8451388888888889
1440 0.8452463566967384
1441 0.8453536754507628
1442 0.8454608454608454
1443 0.8455678670360111
1444 0.845674740484429
1445 0.8457814661134163
1446 0.8458880442294402
1447 0.8459944751381215
1448 0.8461007591442374
1449 0.8462068965517241
1450 0.8463128876636802
1451 0.8464187327823691
1452 0.8465244322092222
1453 0.8466299862448419
1454 0.8467353951890034
1455 0.8468406593406593
1456 0.846945778997941
1457 0.8470507544581619
1458 0.8471555860178204
1459 0.8472602739726027
1460 0.8473648186173853
1461 0.847469220246238
1462 0.8475734791524265
1463 0.8476775956284153
1464 0.8477815699658703
1465 0.8478854024556617
1466 0.8479890933878664
1467 0.8480926430517711
1468 0.8481960517358748
1469 0.8482993197278912
1470 0.8484024473147519
1471 0.8485054347826086
1472 0.8486082824168364
1473 0.8480325644504749
1474 0.8481355932203389
1475 0.8482384823848238
1476 0.8483412322274881
1477 0.8484438430311232
1478 0.847870182555781
1479 0.8472972972972973
1480 0.8474004051316678
1481 0.8475033738191633
1482 0.8476062036412677
1483 0.8470350404312669
1484 0.8464646464646465
1485 0.8465679676985195
1486 0.8466711499663753
1487 0.8467741935483871
1488 0.8468770987239759
1489 0.8469798657718121
1490 0.8470824949698189
1491 0.8471849865951743
1492 0.8472873409243135
1493 0.8473895582329317
1494 0.8474916387959867
1495 0.8475935828877005
1496 0.8476953907815631
1497 0.8477970627503337
1498 0.847898599066044
1499 0.848
1500 0.8481012658227848
1501 0.848202396804261
1502 0.8483033932135728
1503 0.848404255319149
1504 0.8485049833887043
1505 0.848605577689243
1506 0.8487060384870604
1507 0.8488063660477454
1508 0.8489065606361829
1509 0.8490066225165563
1510 0.8484447385837194
1511 0.8485449735449735
1512 0.8486450760079313
1513 0.8487450462351387
1514 0.8488448844884489
1515 0.8489445910290238
1516 0.8490441661173368
1517 0.8491436100131752
1518 0.8485845951283739
1519 0.8480263157894737
1520 0.8481262327416174
1521 0.8482260183968463
1522 0.8483256730137886
1523 0.847769028871391
1524 0.8478688524590164
1525 0.8479685452162516
1526 0.8480681074001309
1527 0.8481675392670157
1528 0.8482668410725964
1529 0.8477124183006536
1530 0.8471587197909863
1531 0.8472584856396866
1532 0.8473581213307241
1533 0.847457627118644
1534 0.847557003257329
1535 0.84765625
1536 0.8477553675992192
1537 0.8478543563068921
1538 0.847953216374269
1539 0.8480519480519481
1540 0.8481505515898767
1541 0.8482490272373541
1542 0.848347375243033
1543 0.8477979274611399
1544 0.8478964401294499
1545 0.8479948253557568
1546 0.848093083387201
1547 0.8481912144702842
1548 0.8482892188508715
1549 0.8483870967741935
1550 0.8478401031592521
1551 0.8479381443298969
1552 0.8480360592401803
1553 0.8481338481338482
1554 0.8482315112540193
1555 0.8483290488431876
1556 0.8477842003853564
1557 0.8478818998716303
1558 0.8479794740218088
1559 0.8480769230769231
1560 0.8481742472773863
1561 0.8482714468629962
1562 0.8483685220729367
1563 0.8478260869565217
1564 0.8479233226837061
1565 0.8473818646232439
1566 0.8474792597319719
1567 0.8469387755102041
1568 0.847036328871893
1569 0.8464968152866242
1570 0.8459579885423297
1571 0.8454198473282443
1572 0.845518118245391
1573 0.8449809402795425
1574 0.8450793650793651
1575 0.8445431472081218
1576 0.8446417247939125
1577 0.844106463878327
1578 0.844205193160228
1579 0.8436708860759494
1580 0.8437697659709045
1581 0.8438685208596713
1582 0.8433354390397979
1583 0.8434343434343434
1584 0.8435331230283911
1585 0.8436317780580076
1586 0.8437303087586642
1587 0.843198992443325
1588 0.8432976714915041
1589 0.8433962264150944
1590 0.8434946574481458
1591 0.8435929648241206
1592 0.8430634023854363
1593 0.8431618569636136
1594 0.8432601880877743
1595 0.8427318295739349
1596 0.8428303068252975
1597 0.8429286608260326
1598 0.8430268918073797
1599 0.843125
1600 0.8432229856339788
1601 0.8433208489388264
1602 0.843418590143481
1603 0.8428927680798005
1604 0.8423676012461059
1605 0.8424657534246576
1606 0.8425637834474176
1607 0.8426616915422885
1608 0.8427594779366065
1609 0.8422360248447205
1610 0.8423339540657977
1611 0.8424317617866005
1612 0.842529448233106
1613 0.8426270136307311
1614 0.8427244582043344
1615 0.8422029702970297
1616 0.8416821273964131
1617 0.8411619283065513
1618 0.8406423718344658
1619 0.8407407407407408
1620 0.8408389882788402
1621 0.840937114673243
1622 0.8410351201478743
1623 0.8411330049261084
1624 0.8412307692307692
1625 0.8407134071340714
1626 0.8408113091579594
1627 0.8409090909090909
1628 0.8410067526089625
1629 0.8411042944785276
1630 0.8412017167381974
1631 0.8412990196078431
1632 0.8413962033067973
1633 0.8414932680538556
1634 0.8415902140672783
1635 0.8416870415647921
1636 0.8417837507635919
1637 0.8412698412698413
1638 0.8413666870042709
1639 0.8414634146341463
1640 0.8415600243753809
1641 0.8416565164433617
1642 0.8417528910529519
1643 0.8418491484184915
1644 0.8419452887537994
1645 0.8414337788578372
1646 0.8415300546448088
1647 0.841626213592233
1648 0.8417222559126744
1649 0.8418181818181818
1650 0.8419139915202908
1651 0.8420096852300242
1652 0.8421052631578947
1653 0.8422007255139057
1654 0.8422960725075529
1655 0.842391304347826
1656 0.8424864212432106
1657 0.8425814234016887
1658 0.8426763110307414
1659 0.8427710843373494
1660 0.8428657435279951
1661 0.8429602888086642
1662 0.8424533974744438
1663 0.8425480769230769
1664 0.8426426426426427
1665 0.8427370948379351
1666 0.8422315536892622
1667 0.842326139088729
1668 0.8424206111443978
1669 0.8419161676646707
1670 0.8420107719928187
1671 0.8415071770334929
1672 0.8416019127316199
1673 0.8416965352449224
1674 0.8417910447761194
1675 0.8412887828162291
1676 0.8413834227787717
1677 0.8414779499404053
1678 0.8415723645026801
1679 0.8416666666666667
1680 0.8417608566329565
1681 0.8418549346016647
1682 0.8413547237076648
1683 0.8414489311163895
1684 0.8415430267062315
1685 0.8416370106761566
1686 0.8411381149970362
1687 0.8412322274881516
1688 0.8413262285375962
1689 0.8414201183431953
1690 0.8415138971023063
1691 0.8416075650118203
1692 0.8417011222681631
1693 0.8417945690672963
1694 0.8412979351032448
1695 0.8413915094339622
1696 0.8408956982911019
1697 0.8409893992932862
1698 0.8410829899941142
1699 0.8411764705882353
1700 0.8412698412698413
1701 0.8407755581668626
1702 0.8402818555490311
1703 0.8403755868544601
1704 0.839882697947214
1705 0.8399765533411488
1706 0.8400702987697716
1707 0.8401639344262295
1708 0.8402574605032183
1709 0.8403508771929824
1710 0.8404441846873174
1711 0.8405373831775701
1712 0.840630472854641
1713 0.8407234539089848
1714 0.8408163265306122
1715 0.8409090909090909
1716 0.8410017472335469
1717 0.8410942956926659
1718 0.8411867364746946
1719 0.8406976744186047
1720 0.8407902382335851
1721 0.8408826945412311
1722 0.840975043528729
1723 0.8410672853828306
1724 0.841159420289855
1725 0.8412514484356894
1726 0.8413433700057904
1727 0.8414351851851852
1728 0.8415268941584731
1729 0.8416184971098266
1730 0.8417099942229925
1731 0.8418013856812933
1732 0.8418926716676284
1733 0.8419838523644751
1734 0.8420749279538905
1735 0.8421658986175116
1736 0.8422567645365573
1737 0.8417721518987342
1738 0.8418631397354802
1739 0.8419540229885057
1740 0.8414704192992533
1741 0.8415614236509759
1742 0.8416523235800344
1743 0.841743119266055
1744 0.8418338108882522
1745 0.8413516609392898
1746 0.8414424728105323
1747 0.8415331807780321
1748 0.8416237850200115
1749 0.8417142857142857
1750 0.8418046830382638
1751 0.841324200913242
1752 0.8414147176269253
1753 0.8415051311288484
1754 0.8415954415954416
1755 0.8416856492027335
1756 0.8417757541263517
1757 0.8418657565415245
1758 0.8419556566230812
1759 0.8420454545454545
1760 0.8421351504826803
1761 0.8422247446083996
1762 0.8423142370958593
1763 0.8424036281179138
1764 0.8424929178470255
1765 0.8420158550396376
1766 0.8421052631578947
1767 0.8421945701357466
1768 0.8422837761447145
1769 0.8423728813559322
1770 0.8424618859401468
1771 0.84255079006772
1772 0.8426395939086294
1773 0.842728297632469
1774 0.8428169014084507
1775 0.8429054054054054
1776 0.842993809791784
1777 0.8430821147356581
1778 0.8431703204047217
1779 0.8432584269662922
1780 0.8433464345873105
1781 0.8434343434343434
1782 0.8429613011777902
1783 0.8430493273542601
1784 0.8431372549019608
1785 0.8432250839865622
1786 0.8433128147733632
1787 0.843400447427293
1788 0.8434879821129122
1789 0.8435754189944135
1790 0.8436627582356225
1791 0.84375
1792 0.8438371444506414
1793 0.8439241917502787
1794 0.8440111420612814
1795 0.844097995545657
1796 0.8441847523650529
1797 0.8442714126807565
1798 0.8443579766536965
1799 0.8444444444444444
1800 0.8445308162132149
1801 0.8446170921198668
1802 0.8447032723239046
1803 0.8442350332594235
1804 0.8443213296398892
1805 0.844407530454042
1806 0.8444936358605424
1807 0.8445796460176991
1808 0.8446655610834716
1809 0.8447513812154697
1810 0.8448371065709552
1811 0.8449227373068433
1812 0.8450082735797021
1813 0.8450937155457552
1814 0.8451790633608816
1815 0.8447136563876652
1816 0.844799119427628
1817 0.8448844884488449
1818 0.8449697636063771
1819 0.845054945054945
1820 0.8451400329489291
1821 0.8446761800219539
1822 0.8447613823368074
1823 0.8448464912280702
1824 0.8449315068493151
1825 0.8444687842278203
1826 0.8445539135194308
1827 0.8446389496717724
1828 0.8441771459814106
1829 0.8442622950819673
1830 0.8443473511742218
1831 0.8444323144104804
1832 0.8445171849427169
1833 0.8446019629225736
1834 0.8446866485013624
1835 0.8447712418300654
1836 0.8448557430593359
1837 0.8449401523394995
1838 0.8450244698205547
1839 0.845108695652174
1840 0.8446496469310157
1841 0.8447339847991314
1842 0.8448182311448725
1843 0.8443600867678959
1844 0.8444444444444444
1845 0.8445287107258939
1846 0.844612885760693
1847 0.8441558441558441
1848 0.8442401297998918
1849 0.8443243243243244
1850 0.8444084278768234
1851 0.8444924406047516
1852 0.8445763626551538
1853 0.8446601941747572
1854 0.844743935309973
1855 0.8448275862068966
1856 0.8449111470113085
1857 0.844994617868676
1858 0.8450779989241528
1859 0.8451612903225807
1860 0.8452444922084901
1861 0.8453276047261009
1862 0.844873859366613
1863 0.8449570815450643
1864 0.8445040214477212
1865 0.8445873526259379
1866 0.8441349758971612
1867 0.8442184154175589
1868 0.8437667201712146
1869 0.8438502673796792
1870 0.8439337252805986
1871 0.844017094017094
1872 0.8441003737319808
1873 0.8441835645677694
1874 0.8437333333333333
1875 0.843816631130064
1876 0.8438998401704848
1877 0.8439829605963791
1878 0.8440659925492283
1879 0.8441489361702128
1880 0.8442317916002127
1881 0.8437832093517534
1882 0.8438661710037175
1883 0.8439490445859873
1884 0.8440318302387267
1885 0.8441145281018028
1886 0.8441971383147854
1887 0.8442796610169492
1888 0.8443620963472737
1889 0.8444444444444444
1890 0.8439978847170809
1891 0.8440803382663847
1892 0.844162704701532
1893 0.8437170010559663
1894 0.8437994722955146
1895 0.8438818565400844
1896 0.8439641539272535
1897 0.8435194942044257
1898 0.8436018957345972
1899 0.8436842105263158
1900 0.8437664387164651
1901 0.8438485804416404
1902 0.8439306358381503
1903 0.8440126050420168
1904 0.8440944881889764
1905 0.8441762854144806
1906 0.844257996853697
1907 0.8438155136268344
1908 0.8438973284442116
1909 0.8439790575916231
1910 0.8440607012035584
1911 0.8441422594142259
1912 0.8442237323575535
1913 0.8443051201671892
1914 0.8443864229765013
1915 0.8444676409185804
1916 0.844548774126239
1917 0.8446298227320125
1918 0.8447107868681605
1919 0.8447916666666667
1920 0.84487246225924
1921 0.8449531737773153
1922 0.8450338013520541
1923 0.8451143451143451
1924 0.8451948051948052
1925 0.8452751817237798
1926 0.8453554748313441
1927 0.8454356846473029
1928 0.8455158113011924
1929 0.8455958549222798
1930 0.845675815639565
1931 0.8457556935817805
1932 0.8458354888773927
1933 0.8459152016546019
1934 0.8459948320413436
1935 0.8460743801652892
1936 0.8461538461538461
1937 0.846233230134159
1938 0.8463125322331099
1939 0.8463917525773196
1940 0.8464708912931479
1941 0.8465499485066942
1942 0.8461142563046835
1943 0.8461934156378601
1944 0.8462724935732647
1945 0.8458376156217883
1946 0.8459167950693375
1947 0.8454825462012321
1948 0.8455618265777322
1949 0.8456410256410256
1950 0.8457201435161456
1951 0.8452868852459017
1952 0.8453661034306196
1953 0.8454452405322416
1954 0.8455242966751918
1955 0.84560327198364
1956 0.8456821665815023
1957 0.8452502553626149
1958 0.8453292496171516
1959 0.8454081632653061
1960 0.8454869964303927
1961 0.845565749235474
1962 0.8456444218033622
1963 0.8457230142566191
1964 0.8458015267175573
1965 0.8458799593082401
1966 0.8454499237417387
1967 0.8455284552845529
1968 0.845606907059421
1969 0.8456852791878172
1970 0.8457635717909691
1971 0.845841784989858
1972 0.8454130765331982
1973 0.8454913880445796
1974 0.8450632911392405
1975 0.8451417004048583
1976 0.8452200303490136
1977 0.8452982810920121
1978 0.8453764527539162
1979 0.8454545454545455
1980 0.8450277637556789
1981 0.8451059535822402
1982 0.8451840645486637
1983 0.8452620967741935
1984 0.8453400503778338
1985 0.8454179254783485
1986 0.8454957221942627
1987 0.8455734406438632
1988 0.8456510809451986
1989 0.8452261306532663
1990 0.8448016072325465
1991 0.8448795180722891
1992 0.8449573507275464
1993 0.8445336008024072
1994 0.8446115288220551
1995 0.844689378757515
1996 0.8442663995993991
1997 0.8438438438438438
1998 0.8434217108554277
1999 0.8435
2000 0.8430784607696152
2001 0.8431568431568431
2002 0.8432351472790813
2003 0.843313373253493
2004 0.8433915211970074
2005 0.843469591226321
2006 0.8430493273542601
2007 0.8426294820717132
2008 0.8427078148332504
2009 0.8427860696517413
2010 0.8428642466434609
2011 0.8424453280318092
2012 0.8425235966219573
2013 0.8421052631578947
2014 0.8416873449131513
2015 0.8412698412698413
2016 0.8413485374318295
2017 0.8414271555996036
2018 0.841505695889054
2019 0.8415841584158416
2020 0.8416625432953984
2021 0.8417408506429278
2022 0.8418190805734058
2023 0.841897233201581
2024 0.8414814814814815
2025 0.8415597235932872
2026 0.8411445485939812
2027 0.8412228796844181
2028 0.8413011335633317
2029 0.8413793103448276
2030 0.8414574101427869
2031 0.8415354330708661
2032 0.8411214953271028
2033 0.8411996066863323
2034 0.8412776412776413
2035 0.8408644400785854
2036 0.8404516445753559
2037 0.8405299313052012
2038 0.8406081412457087
2039 0.8406862745098039
2040 0.8407643312101911
2041 0.8408423114593536
2042 0.8409202153695545
2043 0.8409980430528375
2044 0.8405867970660147
2045 0.8406647116324536
2046 0.8407425500732779
2047 0.8408203125
2048 0.8408979990239142
2049 0.8409756097560975
2050 0.840565577766943
2051 0.8406432748538012
2052 0.8407208962493912
2053 0.8407984420642648
2054 0.8408759124087591
2055 0.8409533073929961
2056 0.8410306271268838
2057 0.8411078717201166
2058 0.8411850412821759
2059 0.8407766990291262
2060 0.8408539543910722
2061 0.8409311348205626
2062 0.8410082404265633
2063 0.8410852713178295
2064 0.8411622276029056
2065 0.8412391093901258
2066 0.8413159167876149
2067 0.8413926499032882
2068 0.8414693088448526
2069 0.8410628019323672
2070 0.8411395461129889
2071 0.8412162162162162
2072 0.8412928123492522
2073 0.8413693346190936
2074 0.8409638554216867
2075 0.8410404624277457
2076 0.8411169956668272
2077 0.8411934552454283
2078 0.8412698412698413
2079 0.8413461538461539
2080 0.8414223930802499
2081 0.8414985590778098
2082 0.8410945751320211
2083 0.8411708253358925
2084 0.8412470023980816
2085 0.8413231064237776
2086 0.8413991375179684
2087 0.8409961685823755
2088 0.8405935854475826
2089 0.8406698564593301
2090 0.8407460545193687
2091 0.8403441682600382
2092 0.8404204491161013
2093 0.8400191021967526
2094 0.8400954653937948
2095 0.8401717557251909
2096 0.8402479732951836
2097 0.8403241182078169
2098 0.8404001905669366
2099 0.8404761904761905
2100 0.8405521180390291
2101 0.840627973358706
2102 0.8407037565382787
2103 0.8407794676806084
2104 0.8403800475059382
2105 0.8404558404558404
2106 0.840531561461794
2107 0.8406072106261859
2108 0.8402086296823139
2109 0.8402843601895734
2110 0.8403600189483657
2111 0.8404356060606061
2112 0.840511121628017
2113 0.8405865657521286
2114 0.8401891252955083
2115 0.8402646502835539
2116 0.8403401039206424
2117 0.8404154863078376
2118 0.8404907975460123
2119 0.840566037735849
2120 0.8406412069778406
2121 0.8407163053722903
2122 0.8407913330193123
2123 0.8408662900188324
2124 0.8409411764705882
2125 0.8410159924741298
2126 0.84109073812882
2127 0.8406954887218046
2128 0.8407703147017379
2129 0.8403755868544601
2130 0.8404504927264195
2131 0.8405253283302064
2132 0.8406000937646507
2133 0.8406747891283973
2134 0.8407494145199064
2135 0.8408239700374532
2136 0.8408984557791296
2137 0.8409728718428437
2138 0.8410472183263207
2139 0.8411214953271028
2140 0.8411957029425502
2141 0.8412698412698413
2142 0.8413439104059729
2143 0.8414179104477612
2144 0.8414918414918415
2145 0.8415657036346692
2146 0.8416394969725198
2147 0.8417132216014898
2148 0.8413215449046068
2149 0.8409302325581396
2150 0.8410041841004184
2151 0.8406133828996283
2152 0.8406874129122155
2153 0.840761374187558
2154 0.8408352668213457
2155 0.8409090909090909
2156 0.8409828465461289
2157 0.8405931417979611
2158 0.840203798054655
2159 0.8402777777777778
2160 0.8403516890328552
2161 0.8404255319148937
2162 0.840499306518724
2163 0.8405730129390019
2164 0.8406466512702079
2165 0.8407202216066482
2166 0.840793724042455
2167 0.8408671586715867
2168 0.8404794836330106
2169 0.840552995391705
2170 0.8406264394288346
2171 0.8406998158379374
2172 0.8407731247123792
2173 0.8408463661453542
2174 0.840919540229885
2175 0.8409926470588235
2176 0.8410656867248507
2177 0.8411386593204775
2178 0.8412115649380449
2179 0.8408256880733945
2180 0.8408986703347089
2181 0.84051329055912
2182 0.8405863490609253
2183 0.8406593406593407
2184 0.8407322654462243
2185 0.8408051235132662
2186 0.840877914951989
2187 0.8409506398537477
2188 0.8410232983097304
2189 0.8410958904109589
2190 0.8407120036513007
2191 0.8407846715328468
2192 0.8408572731418149
2193 0.840929808568824
2194 0.841002277904328
2195 0.8410746812386156
2196 0.8411470186618115
2197 0.8407643312101911
2198 0.8408367439745339
2199 0.8409090909090909
2200 0.8409813721035893
2201 0.8410535876475931
2202 0.8411257376305039
2203 0.8411978221415608
2204 0.8412698412698413
2205 0.8413417951042611
2206 0.8409605799728138
2207 0.8410326086956522
2208 0.8411045722046174
2209 0.8407239819004525
2210 0.8407960199004975
2211 0.840867992766727
2212 0.8409399005874378
2213 0.8410117434507678
2214 0.8410835214446952
2215 0.8411552346570397
2216 0.8412268831754623
2217 0.8408476104598738
2218 0.8409193330328977
2219 0.840990990990991
2220 0.8410625844214318
2221 0.8411341134113411
2222 0.8412055780476833
2223 0.8408273381294964
2224 0.8408988764044943
2225 0.8409703504043127
2226 0.8410417602155366
2227 0.8411131059245961
2228 0.8411843876177658
2229 0.841255605381166
2230 0.841326759300762
2231 0.8413978494623656
2232 0.8414688759516346
2233 0.8415398388540735
2234 0.8411633109619687
2235 0.8412343470483006
2236 0.8413053196244971
2237 0.8413762287756926
2238 0.8414470745868692
2239 0.8415178571428571
2240 0.8411423471664435
2241 0.8412132024977699
2242 0.8412839946500222
2243 0.8409090909090909
2244 0.8405345211581292
2245 0.840160284951024
2246 0.8397863818424566
2247 0.8398576512455516
2248 0.8399288572698977
2249 0.84
2250 0.8400710795202132
2251 0.8401420959147424
2252 0.8402130492676432
2253 0.8402839396628217
2254 0.8403547671840355
2255 0.8404255319148937
2256 0.8404962339388569
2257 0.8405668733392383
2258 0.8406374501992032
2259 0.8407079646017699
2260 0.8407784166298098
2261 0.8408488063660478
2262 0.8409191338930623
2263 0.8409893992932862
2264 0.8410596026490066
2265 0.8406884377758164
2266 0.8407587119541244
2267 0.8408289241622575
2268 0.8408990744821507
2269 0.8405286343612335
2270 0.8405988551298987
2271 0.840669014084507
2272 0.8407391113066432
2273 0.8408091468777484
2274 0.8408791208791209
2275 0.8409490333919156
2276 0.8410188844971453
2277 0.840649692712906
2278 0.8407196138657306
2279 0.8403508771929824
2280 0.8404208680403332
2281 0.8404907975460123
2282 0.8405606657906264
2283 0.8401926444833625
2284 0.8398249452954049
2285 0.8398950131233596
2286 0.839965019676432
2287 0.840034965034965
2288 0.8401048492791612
2289 0.840174672489083
2290 0.8402444347446529
2291 0.8403141361256544
2292 0.8403837767117314
2293 0.8404533565823888
2294 0.8405228758169935
2295 0.8405923344947736
2296 0.8406617326948194
2297 0.8407310704960835
2298 0.8408003479773815
2299 0.8404347826086956
2300 0.8400695349847892
2301 0.840139009556907
2302 0.8402084237950499
2303 0.8402777777777778
2304 0.8403470715835141
2305 0.8399826539462273
2306 0.8400520156046815
2307 0.8401213171577123
2308 0.8401905586834127
2309 0.8402597402597403
2310 0.8403288619645175
2311 0.8403979238754326
2312 0.8404669260700389
2313 0.8405358686257562
2314 0.8406047516198704
2315 0.8406735751295337
2316 0.8407423392317652
2317 0.8408110440034513
2318 0.8408796895213454
2319 0.840948275862069
2320 0.8410168031021111
2321 0.8410852713178295
2322 0.8411536805854498
2323 0.8412220309810671
2324 0.8412903225806452
2325 0.8413585554600171
2326 0.8414267296948861
2327 0.8414948453608248
2328 0.841562902533276
2329 0.8416309012875537
2330 0.8416988416988417
2331 0.8417667238421955
2332 0.8418345477925417
2333 0.8419023136246787
2334 0.8419700214132763
2335 0.8420376712328768
2336 0.8421052631578947
2337 0.8421727972626176
2338 0.8422402736212057
2339 0.8423076923076923
2340 0.8423750533959846
2341 0.8424423569598634
2342 0.8425096030729834
2343 0.8425767918088737
2344 0.8426439232409382
2345 0.8427109974424553
2346 0.8427780144865786
2347 0.8428449744463373
2348 0.842911877394636
2349 0.8429787234042553
2350 0.843045512547852
2351 0.842687074829932
2352 0.8427539311517213
2353 0.842820730671198
2354 0.8428874734607219
2355 0.8429541595925297
2356 0.8430207891387357
2357 0.8430873621713316
2358 0.8427299703264095
2359 0.8427966101694915
2360 0.8424396442185514
2361 0.842506350550381
2362 0.8425730004231908
2363 0.8426395939086294
2364 0.8427061310782241
2365 0.8427726120033813
2366 0.8428390367553865
2367 0.8429054054054054
2368 0.8429717180244829
2369 0.8430379746835444
2370 0.8431041754533952
2371 0.8431703204047217
2372 0.843236409608091
2373 0.8433024431339511
2374 0.8433684210526315
2375 0.843013468013468
2376 0.8430795119899033
2377 0.8431455004205215
2378 0.8432114333753677
2379 0.8432773109243697
2380 0.8433431331373372
2381 0.8434089000839631
2382 0.8434746118338229
2383 0.8435402684563759
2384 0.8436058700209643
2385 0.8436714165968148
2386 0.8437369082530373
2387 0.8438023450586265
2388 0.8438677270824613
2389 0.8435146443514644
2390 0.8435800920117106
2391 0.8432274247491639
2392 0.8432929377350606
2393 0.843358395989975
2394 0.8434237995824635
2395 0.8434891485809682
2396 0.8435544430538173
2397 0.8436196830692243
2398 0.8436848686952897
2399 0.84375
2400 0.8438150770512286
2401 0.8438800999167361
2402 0.8435289221806076
2403 0.8435940099833611
2404 0.8436590436590437
2405 0.843308395677473
2406 0.8433734939759037
2407 0.8430232558139535
2408 0.8430884184308842
2409 0.8431535269709544
2410 0.8432185815014517
2411 0.8432835820895522
2412 0.8429341069208455
2413 0.8429991714995857
2414 0.843064182194617
2415 0.8431291390728477
2416 0.8427803061646669
2417 0.8428453267162944
2418 0.8429102935097148
2419 0.8429752066115702
2420 0.8430400660883932
2421 0.8431048720066061
2422 0.8431696244325216
2423 0.8432343234323433
2424 0.8428865979381444
2425 0.8429513602638088
2426 0.8430160692212608
2427 0.842668863261944
2428 0.8423219431864964
2429 0.8419753086419753
2430 0.842040312628548
2431 0.8416940789473685
2432 0.8417591450883682
2433 0.8418241577649959
2434 0.8418891170431212
2435 0.8419540229885057
2436 0.8420188756668034
2437 0.8420836751435603
2438 0.8421484214842149
2439 0.8422131147540983
2440 0.842277755018435
2441 0.8423423423423423
2442 0.8424068767908309
2443 0.8424713584288053
2444 0.8425357873210634
2445 0.8421913327882257
2446 0.8422558234572947
2447 0.8423202614379085
2448 0.84238464679461
2449 0.8424489795918367
2450 0.8425132598939209
2451 0.8425774877650897
2452 0.8422339991846718
2453 0.8418907905460473
2454 0.8419551934826884
2455 0.8416123778501629
2456 0.8416768416768416
2457 0.8413344182262001
2458 0.8413989426596177
2459 0.8414634146341463
2460 0.8411214953271028
2461 0.8411860276198213
2462 0.8412505075111653
2463 0.841314935064935
2464 0.8413793103448276
2465 0.8414436334144363
2466 0.8415079043372518
2467 0.8415721231766613
2468 0.8416362899959497
2469 0.8417004048582996
2470 0.8417644678267908
2471 0.8418284789644013
2472 0.8418924383340073
2473 0.8419563459983832
2474 0.842020202020202
2475 0.8420840064620355
2476 0.8421477593863544
2477 0.8422114608555287
2478 0.8418717224687374
2479 0.8419354838709677
2480 0.8419991938734381
2481 0.8420628525382756
2482 0.842126459927507
2483 0.8421900161030595
2484 0.8422535211267606
2485 0.8423169750603379
2486 0.8423803779654202
2487 0.842443729903537
2488 0.8425070309361189
2489 0.8425702811244979
2490 0.8426334805299077
2491 0.8426966292134831
2492 0.8427597272362616
2493 0.842822774659182
2494 0.8428857715430862
2495 0.842948717948718
2496 0.8430116139367241
2497 0.8426741393114492
2498 0.8427370948379351
2499 0.8428
2500 0.8424630147940824
2501 0.8421262989608314
2502 0.8421893727526968
2503 0.8422523961661342
2504 0.8423153692614771
2505 0.8419792498004789
2506 0.8420422816114879
2507 0.8421052631578947
2508 0.8421681944998007
2509 0.8422310756972111
2510 0.8422939068100358
2511 0.8423566878980892
2512 0.8424194190210903
2513 0.8424821002386634
2514 0.8425447316103379
2515 0.8426073131955485
2516 0.8426698450536353
2517 0.8427323272438443
2518 0.8427947598253275
2519 0.8424603174603175
2520 0.8425228084093613
2521 0.8425852498017447
2522 0.8426476416963932
2523 0.8427099841521395
2524 0.8427722772277227
2525 0.8428345209817893
2526 0.8428967154728928
2527 0.8429588607594937
2528 0.8430209568999605
2529 0.8426877470355731
2530 0.8427499012248123
2531 0.8428120063191153
2532 0.8428740623766285
2533 0.8429360694554064
2534 0.8429980276134122
2535 0.8430599369085173
2536 0.8431217973985021
2537 0.843183609141056
2538 0.843245372193777
2539 0.8433070866141732
2540 0.8433687524596616
2541 0.8434303697875688
2542 0.8434919386551317
2543 0.8435534591194969
2544 0.843614931237721
2545 0.8436763550667714
2546 0.8437377306635258
2547 0.8437990580847724
2548 0.8438603373872107
2549 0.8439215686274509
2550 0.8439827518620149
2551 0.8440438871473355
2552 0.8441049745397572
2553 0.8441660140955364
2554 0.8438356164383561
2555 0.8435054773082942
2556 0.8435666797027767
2557 0.8436278342455042
2558 0.8436889409925752
2559 0.84375
2560 0.8438110113237017
2561 0.843871975019516
2562 0.8435427233710495
2563 0.843603744149766
2564 0.8436647173489279
2565 0.8437256430241621
2566 0.843786521231009
2567 0.8438473520249221
2568 0.843908135461269
2569 0.8439688715953307
2570 0.8440295604823026
2571 0.843701399688958
2572 0.843762145355616
2573 0.8438228438228438
2574 0.8438834951456311
2575 0.843944099378882
2576 0.8440046565774156
2577 0.843677269200931
2578 0.843737882900349
2579 0.8437984496124031
2580 0.8438589693917087
2581 0.8435321456235476
2582 0.8435927216415021
2583 0.8436532507739938
2584 0.8437137330754352
2585 0.8433874709976799
2586 0.843448009277155
2587 0.8435085007727975
2588 0.8435689455388181
2589 0.8436293436293436
2590 0.8436896950984176
2591 0.84375
2592 0.8438102583879676
2593 0.8438704703161141
2594 0.8439306358381503
2595 0.8439907550077042
2596 0.8440508278783211
2597 0.8441108545034642
2598 0.844170834936514
2599 0.8442307692307692
2600 0.8442906574394463
2601 0.8439661798616449
2602 0.8440261237034191
2603 0.8440860215053764
2604 0.8437619961612284
2605 0.8434382194934766
2606 0.8434982738780207
2607 0.8431748466257669
2608 0.842851667305481
2609 0.842911877394636
2610 0.8429720413634623
2611 0.8430321592649311
2612 0.8430922311519327
2613 0.8431522570772763
2614 0.8432122370936902
2615 0.8432721712538226
2616 0.8433320596102407
2617 0.8433919022154316
2618 0.8434516991218022
2619 0.8435114503816794
2620 0.8435711560473101
2621 0.8432494279176201
2622 0.8433091879527259
2623 0.8433689024390244
2624 0.8434285714285714
2625 0.8434881949733435
2626 0.8435477731252379
2627 0.843607305936073
2628 0.8436667934575884
2629 0.8437262357414449
2630 0.8437856328392246
2631 0.8438449848024316
2632 0.8439042916824915
2633 0.8439635535307517
2634 0.8436432637571157
2635 0.8437025796661608
2636 0.8437618505877892
2637 0.8438210765731615
2638 0.8438802576733612
2639 0.843939393939394
2640 0.8439984854221886
2641 0.8440575321725965
2642 0.8441165342413923
2643 0.8441754916792739
2644 0.844234404536862
2645 0.843915343915344
2646 0.8435965243672081
2647 0.8436555891238671
2648 0.8437146092865232
2649 0.8437735849056603
2650 0.8438325160316862
2651 0.8438914027149321
2652 0.843950245005654
2653 0.8440090429540317
2654 0.8440677966101695
2655 0.8441265060240963
2656 0.8441851712457659
2657 0.8442437923250564
2658 0.8443023693117714
2659 0.8443609022556391
2660 0.8444193912063134
2661 0.8444778362133734
2662 0.8445362373263237
2663 0.8445945945945946
2664 0.8446529080675422
2665 0.8447111777944486
2666 0.8447694038245219
2667 0.8444527736131934
2668 0.8445110528287748
2669 0.8445692883895131
2670 0.8446274803444402
2671 0.844685628742515
2672 0.8447437336326226
2673 0.8448017950635752
2674 0.8448598130841122
2675 0.8445440956651719
2676 0.8442286141202839
2677 0.844286781179985
2678 0.8439716312056738
2679 0.8436567164179104
2680 0.8437150317045878
2681 0.8437733035048471
2682 0.8438315318673127
2683 0.8438897168405365
2684 0.8439478584729981
2685 0.844005956813105
2686 0.8440640119091924
2687 0.8441220238095238
2688 0.8438081071030122
2689 0.8438661710037175
2690 0.8439241917502787
2691 0.8439821693907875
2692 0.844040103973264
2693 0.844097995545657
2694 0.8441558441558441
2695 0.844213649851632
2696 0.8442714126807565
2697 0.8443291326908822
2698 0.8443868099296036
2699 0.8444444444444444
2700 0.8445020362828582
2701 0.844559585492228
2702 0.8446170921198668
2703 0.8446745562130178
2704 0.844731977818854
2705 0.8444198078344419
2706 0.8444772811230145
2707 0.8441654357459379
2708 0.8442229605020303
2709 0.844280442804428
2710 0.8443378827001107
2711 0.8443952802359882
2712 0.8444526354589016
2713 0.8441414885777451
2714 0.8441988950276244
2715 0.8442562592047128
2716 0.8443135811556864
2717 0.8440029433406917
2718 0.8440603162927547
2719 0.84375
2720 0.8438074237412716
2721 0.8438648052902278
2722 0.8435549026808666
2723 0.843245227606461
2724 0.843302752293578
2725 0.8433602347762289
2726 0.8434176751008434
2727 0.843475073313783
2728 0.8431659948699157
2729 0.8432234432234432
2730 0.8432808495056756
2731 0.8433382137628112
2732 0.8433955360409806
2733 0.8434528163862473
2734 0.843144424131627
2735 0.8432017543859649
2736 0.8432590427475338
2737 0.8433162892622352
2738 0.8433734939759037
2739 0.8434306569343065
2740 0.8431229478292593
2741 0.8431801604668125
2742 0.8432373313889902
2743 0.842930029154519
2744 0.8429872495446266
2745 0.8430444282592863
2746 0.8431015653440116
2747 0.8431586608442504
2748 0.8432157148053838
2749 0.8432727272727273
2750 0.8429661941112323
2751 0.8430232558139535
2752 0.8427170359607701
2753 0.8424110384894699
2754 0.8424682395644283
2755 0.8425253991291727
2756 0.842582517228872
2757 0.8426395939086294
2758 0.8426966292134831
2759 0.8427536231884057
2760 0.842810575878305
2761 0.8428674873280232
2762 0.8429243575823381
2763 0.8426193921852387
2764 0.8426763110307414
2765 0.8423716558206796
2766 0.8424286230574629
2767 0.8424855491329479
2768 0.8425424340917299
2769 0.8425992779783393
2770 0.8426560808372429
2771 0.8427128427128427
2772 0.8427695636494771
2773 0.8428262436914203
2774 0.8428828828828829
2775 0.8429394812680115
2776 0.8426359380626576
2777 0.8426925845932326
2778 0.8427491903562433
2779 0.8428057553956835
2780 0.8428622797554837
2781 0.8429187634795111
2782 0.8429752066115702
2783 0.8430316091954023
2784 0.8430879712746858
2785 0.8427853553481695
2786 0.8428417653390743
2787 0.8428981348637016
2788 0.842954463965579
2789 0.843010752688172
2790 0.8430670010748835
2791 0.8431232091690545
2792 0.8431793770139635
2793 0.8432355046528275
2794 0.8432915921288014
2795 0.8433476394849786
2796 0.8430461208437612
2797 0.8431022158684774
2798 0.8431582708110039
2799 0.8432142857142857
2800 0.8432702606212067
2801 0.8433261955745895
2802 0.8433820906171958
2803 0.8430813124108416
2804 0.8431372549019608
2805 0.8431931575196009
2806 0.8432490203063769
2807 0.8433048433048433
2808 0.8433606265574938
2809 0.8434163701067615
2810 0.8434720739950196
2811 0.8431721194879089
2812 0.8432278706007821
2813 0.8429282160625444
2814 0.8429840142095915
2815 0.8430397727272727
2816 0.843095491657792
2817 0.8427963094393187
2818 0.8428520752039731
2819 0.8429078014184397
2820 0.8426090038993265
2821 0.8426647767540751
2822 0.842720510095643
2823 0.8427762039660056
2824 0.8428318584070796
2825 0.8428874734607219
2826 0.8429430491687301
2827 0.842998585572843
2828 0.8430540827147401
2829 0.8431095406360424
2830 0.8431649593783116
2831 0.8432203389830508
2832 0.8432756794917049
2833 0.8429781227946366
2834 0.8430335097001763
2835 0.8430888575458392
2836 0.8431441663729291
2837 0.842847075405215
2838 0.8429024304332512
2839 0.8429577464788732
2840 0.8430130235832454
2841 0.8430682617874736
2842 0.8431234611326064
2843 0.8431786216596343
2844 0.8432337434094903
2845 0.842937456078707
2846 0.8429926238145417
2847 0.8430477528089888
2848 0.8431028431028431
2849 0.8431578947368421
2850 0.8432129077516661
2851 0.8432678821879382
2852 0.843322818086225
2853 0.8433777154870358
2854 0.8434325744308231
2855 0.8434873949579832
2856 0.8435421771088555
2857 0.8435969209237228
2858 0.8436516264428122
2859 0.8437062937062937
2860 0.8437609227542817
2861 0.8438155136268344
2862 0.8438700663639539
2863 0.8439245810055865
2864 0.8439790575916231
2865 0.8440334961618982
2866 0.8440878967561911
2867 0.8441422594142259
2868 0.844196584175671
2869 0.8442508710801394
2870 0.8439568094740508
2871 0.8440111420612814
2872 0.8440654368256179
2873 0.8441196938065414
2874 0.8441739130434782
2875 0.8442280945757997
2876 0.8442822384428224
2877 0.8443363446838082
2878 0.8443904133379646
2879 0.8444444444444444
2880 0.8444984380423464
2881 0.8445523941707148
2882 0.8446063128685397
2883 0.8446601941747572
2884 0.844367417677643
2885 0.8444213444213444
2886 0.8444752338067197
2887 0.8445290858725761
2888 0.8445829006576671
2889 0.844636678200692
2890 0.8446904185402975
2891 0.8447441217150761
2892 0.8447977877635672
2893 0.8448514167242571
2894 0.8449050086355786
2895 0.8449585635359116
2896 0.8446668967897826
2897 0.84472049689441
2898 0.8447740600206968
2899 0.8448275862068966
2900 0.8448810754912099
2901 0.844934527911785
2902 0.8449879435067172
2903 0.8446969696969697
2904 0.844750430292599
2905 0.8444597384721266
2906 0.8445132438940488
2907 0.844566712517194
2908 0.8446201443795118
2909 0.8446735395189003
2910 0.8443833734111988
2911 0.8444368131868132
2912 0.8441469275660831
2913 0.8438572409059711
2914 0.8439108061749572
2915 0.8439643347050755
2916 0.8440178265341104
2917 0.8440712816997944
2918 0.8441247002398081
2919 0.8441780821917808
2920 0.84423142759329
2921 0.8442847364818618
2922 0.8443380088949709
2923 0.844391244870041
2924 0.8444444444444444
2925 0.8444976076555024
2926 0.8445507345404851
2927 0.844603825136612
2928 0.8446568794810515
2929 0.8443686006825939
2930 0.8444216990788127
2931 0.844474761255116
2932 0.8445277872485509
2933 0.8445807770961146
2934 0.844633730834753
2935 0.8446866485013624
2936 0.8443990466462377
2937 0.8444520081688224
2938 0.8445049336509016
2939 0.8445578231292517
2940 0.8446106766405984
2941 0.8446634942216179
2942 0.8443764865783214
2943 0.8444293478260869
2944 0.8444821731748726
2945 0.8441955193482689
2946 0.844248388191381
2947 0.8443012211668928
2948 0.844354018311292
2949 0.844406779661017
2950 0.8444595052524568
2951 0.8445121951219512
2952 0.8442262106332543
2953 0.8442789438050101
2954 0.8443316412859561
2955 0.8443843031123139
2956 0.844436929320257
2957 0.8441514536849223
2958 0.844204123014532
2959 0.8442567567567567
2960 0.8443093549476528
2961 0.8443619176232275
2962 0.8444144448194397
2963 0.8441295546558705
2964 0.8441821247892074
2965 0.8442346594740391
2966 0.8439501179642737
2967 0.8440026954177897
2968 0.8437184237116875
2969 0.8437710437710437
2970 0.8438236284079434
2971 0.8438761776581427
2972 0.8439286915573495
2973 0.843981170141224
2974 0.8440336134453782
2975 0.8440860215053764
2976 0.844138394356735
2977 0.8441907320349228
2978 0.8439073514602216
2979 0.8439597315436241
2980 0.8440120764844012
2981 0.8440643863179075
2982 0.8441166610794503
2983 0.8441689008042895
2984 0.8442211055276382
2985 0.8442732752846618
2986 0.8443254101104788
2987 0.8443775100401606
2988 0.8440950150552025
2989 0.8441471571906355
2990 0.8441992644600468
2991 0.8442513368983957
2992 0.8443033745405947
2993 0.8443553774215097
2994 0.84440734557596
2995 0.8444592790387183
2996 0.8445111778445111
2997 0.8445630420280187
2998 0.8446148716238746
2999 0.8446666666666667
3000 0.8447184271909364
3001 0.8447701532311792
3002 0.8448218448218449
3003 0.8445406125166445
3004 0.8445923460898502
3005 0.8446440452428476
3006 0.8446957100099767
3007 0.8447473404255319
3008 0.844798936523762
3009 0.8448504983388704
3010 0.844902025905015
3011 0.8449535192563081
3012 0.8450049784268171
3013 0.845056403450564
3014 0.844776119402985
3015 0.8448275862068966
3016 0.84487901889294
3017 0.8449304174950298
3018 0.8449817820470354
3019 0.8450331125827815
3020 0.8450844091360477
3021 0.8448047650562541
3022 0.8448561032087331
3023 0.8449074074074074
3024 0.8449586776859505
3025 0.8450099140779908
3026 0.8450611166171127
3027 0.845112285336856
3028 0.8451634202707164
3029 0.8452145214521453
3030 0.8449356647970967
3031 0.8449868073878628
3032 0.8447082096933729
3033 0.8444297956493079
3034 0.8444810543657331
3035 0.8445322793148881
3036 0.8445834705301284
3037 0.8446346280447663
3038 0.8446857518920697
3039 0.8447368421052631
3040 0.8447878987175271
3041 0.8445101906640368
3042 0.8442326651330924
3043 0.8442838370565046
3044 0.8443349753694581
3045 0.8443860801050558
3046 0.8444371512963571
3047 0.844488188976378
3048 0.844211216792391
3049 0.8439344262295082
3050 0.8439855784988528
3051 0.8440366972477065
3052 0.8440877825090075
3053 0.843811394891945
3054 0.8438625204582652
3055 0.8439136125654451
3056 0.8436375531566895
3057 0.8436886854153042
3058 0.8437397842432167
3059 0.8437908496732026
3060 0.8435151911140151
3061 0.8435662965382104
3062 0.8436173685928828
3063 0.8436684073107049
3064 0.8437194127243067
3065 0.8437703848662753
3066 0.8438213237691555
3067 0.8438722294654498
3068 0.8439231019876181
3069 0.8439739413680781
3070 0.8440247476392054
3071 0.8440755208333334
3072 0.844126260982753
3073 0.8441769681197138
3074 0.8442276422764228
3075 0.8442782834850455
3076 0.8443288917777055
3077 0.8443794671864847
3078 0.8444300097434232
3079 0.8444805194805195
3080 0.8445309964297306
3081 0.8445814406229721
3082 0.8446318520921181
3083 0.8446822308690013
3084 0.8447325769854133
3085 0.8447828904731044
3086 0.8445092322643343
3087 0.8442357512953368
3088 0.8442861767562317
3089 0.844336569579288
3090 0.8443869297961825
3091 0.8444372574385511
3092 0.8441642418364048
3093 0.8438914027149321
3094 0.8439418416801292
3095 0.8436692506459949
3096 0.8433968356474008
3097 0.8434473854099419
3098 0.8434979025492094
3099 0.8435483870967742
3100 0.8435988390841664
3101 0.8436492585428755
3102 0.8436996455043506
3103 0.84375
3104 0.8438003220611916
3105 0.843850611719253
3106 0.8439008690054716
3107 0.8439510939510939
3108 0.8440012865873271
3109 0.8440514469453376
3110 0.844101575056252
3111 0.8441516709511568
3112 0.8438805011243173
3113 0.8439306358381503
3114 0.8439807383627609
3115 0.8440308087291399
3116 0.8440808469682387
3117 0.8441308531109686
3118 0.8441808271882013
3119 0.8439102564102564
3120 0.843960269144505
3121 0.8440102498398463
3122 0.8440601985270573
3123 0.8441101152368758
3124 0.84384
3125 0.8438899552143314
3126 0.8439398784777742
3127 0.8439897698209718
3128 0.8440396292745286
3129 0.8440894568690096
3130 0.8438198658575535
3131 0.8438697318007663
3132 0.8439195659112672
3133 0.8439693682195277
3134 0.8440191387559809
3135 0.8440688775510204
3136 0.8437998087344597
3137 0.8438495857233907
3138 0.8435807582032494
3139 0.8436305732484076
3140 0.8436803565743394
3141 0.8437301082113303
3142 0.8437798281896277
3143 0.8438295165394402
3144 0.843879173290938
3145 0.8439287984742531
3146 0.8439783921194789
3147 0.843710292249047
3148 0.8434423626548111
3149 0.8434920634920635
3150 0.8435417327832434
3151 0.8435913705583756
3152 0.8436409768474469
3153 0.8436905516804059
3154 0.8437400950871632
3155 0.8437896070975919
3156 0.8438390877415267
3157 0.843888537048765
3158 0.8439379550490662
3159 0.8439873417721518
3160 0.8440366972477065
3161 0.8440860215053764
3162 0.8441353145747708
3163 0.8441845764854614
3164 0.8442338072669826
3165 0.8442830069488313
3166 0.8443321755604674
3167 0.8443813131313131
3168 0.8444304196907542
3169 0.8444794952681388
3170 0.8442131819615263
3171 0.8442622950819673
3172 0.844311377245509
3173 0.8443604284814115
3174 0.8444094488188977
3175 0.8444584382871536
3176 0.844507396915329
3177 0.8445563247325362
3178 0.8442906574394463
3179 0.8443396226415094
3180 0.8443885570575291
3181 0.8444374607165305
3182 0.844172164624568
3183 0.8442211055276382
3184 0.8442700156985872
3185 0.8443188951663528
3186 0.8443677439598368
3187 0.8441028858218319
3188 0.8441517717152712
3189 0.8442006269592477
3190 0.844249451582576
3191 0.8442982456140351
3192 0.8443470090823677
3193 0.8443957420162805
3194 0.8444444444444444
3195 0.8444931163954944
3196 0.8445417578980294
3197 0.8445903689806129
3198 0.8446389496717724
3199 0.8446875
3200 0.8447360199937519
3201 0.8447845096814491
3202 0.8448329690914768
3203 0.8448813982521848
3204 0.8446177847113885
3205 0.8446662507797879
3206 0.8447146866230122
3207 0.8447630922693267
3208 0.8444998441882207
3209 0.8445482866043613
3210 0.844285269386484
3211 0.8443337484433375
3212 0.8443821973233738
3213 0.8444306160547604
3214 0.8444790046656299
3215 0.8445273631840796
3216 0.8445756916381723
3217 0.8443132380360472
3218 0.8443616029822927
3219 0.8444099378881987
3220 0.8444582427817448
3221 0.8445065176908753
3222 0.8445547626434998
3223 0.8446029776674938
3224 0.8446511627906976
3225 0.8443893366398016
3226 0.8444375581035017
3227 0.8444857496902106
3228 0.8445339114276866
3229 0.8445820433436533
3230 0.8446301454658001
3231 0.8446782178217822
3232 0.8444169502010517
3233 0.844465058750773
3234 0.8445131375579599
3235 0.8442521631644005
3236 0.8443002780352178
3237 0.8443483631871526
3238 0.8443964186477307
3239 0.8444444444444444
3240 0.8444924406047516
3241 0.8445404071560765
3242 0.8442799876657416
3243 0.844327990135635
3244 0.8443759630200308
3245 0.8444239063462723
3246 0.8444718201416692
3247 0.8445197044334976
3248 0.8445675592489997
3249 0.8446153846153847
3250 0.8446631805598277
3251 0.8447109471094711
3252 0.8447586842914233
3253 0.8448063921327597
3254 0.8448540706605223
3255 0.8445945945945946
3256 0.8446423088731962
3257 0.8446899938612645
3258 0.8447376495857625
3259 0.8447852760736196
3260 0.8445262189512419
3261 0.8442673206621705
3262 0.8443150475022985
3263 0.8443627450980392
3264 0.8444104134762634
3265 0.8444580526638089
3266 0.8445056626874808
3267 0.8445532435740514
3268 0.8442948914040991
3269 0.84434250764526
3270 0.8443900947722409
3271 0.8441320293398533
3272 0.844179651695692
3273 0.8442272449602932
3274 0.8442748091603054
3275 0.8443223443223443
3276 0.8443698504729936
3277 0.8444173276388042
3278 0.8444647758462946
3279 0.8442073170731708
3280 0.8442548003657422
3281 0.84430225472273
3282 0.8443496801705757
3283 0.8440925700365408
3284 0.8441400304414003
3285 0.8441874619598296
3286 0.8442348646181929
3287 0.8442822384428224
3288 0.8443295834600183
3289 0.8443768996960487
3290 0.8444241871771498
3291 0.8444714459295262
3292 0.8445186759793502
3293 0.8445658773527626
3294 0.8446130500758725
3295 0.8446601941747572
3296 0.8447073096754626
3297 0.8444511825348696
3298 0.8444983328281297
3299 0.8445454545454546
3300 0.8445925477128143
3301 0.8446396123561478
3302 0.8446866485013624
3303 0.8444309927360775
3304 0.8444780635400908
3305 0.8445251058681186
3306 0.8445721197459933
3307 0.8446191051995163
3308 0.8446660622544575
3309 0.8447129909365559
3310 0.8447598912715192
3311 0.8448067632850241
3312 0.8448536070027166
3313 0.8445986722993362
3314 0.8446455505279035
3315 0.844692400482509
3316 0.8447392221887248
3317 0.8447860156720917
3318 0.8448327809581199
3319 0.8448795180722891
3320 0.8449262270400482
3321 0.8449729078868151
3322 0.8447186277460126
3323 0.8444645006016848
3324 0.8445112781954888
3325 0.8445580276608539
3326 0.844604749023144
3327 0.8446514423076923
3328 0.8446981075398018
3329 0.8447447447447447
3330 0.8444911438006605
3331 0.8445378151260504
3332 0.8445844584458446
3333 0.8446310737852429
3334 0.8446776611694153
3335 0.8444244604316546
3336 0.844471081810009
3337 0.8445176752546435
3338 0.8442647499251272
3339 0.844311377245509
3340 0.8443579766536965
3341 0.8444045481747456
3342 0.8444510918336823
3343 0.8444976076555024
3344 0.8442451420029895
3345 0.8439928272564255
3346 0.8440394383029579
3347 0.8440860215053764
3348 0.8441325768886234
3349 0.8441791044776119
3350 0.8442256042972247
3351 0.8439737470167065
3352 0.8440202803459589
3353 0.844066785927251
3354 0.844113263785395
3355 0.8441597139451729
3356 0.8442061364313375
3357 0.8442525312686122
3358 0.8442988984816909
3359 0.8443452380952381
3360 0.8443915501338887
3361 0.8444378346222486
3362 0.8444840915848945
3363 0.8445303210463734
3364 0.8445765230312036
3365 0.844622697563874
3366 0.8446688446688446
3367 0.8447149643705463
3368 0.8447610566933809
3369 0.8448071216617211
3370 0.8445565114209433
3371 0.8446026097271648
3372 0.8446486806996739
3373 0.8446947243627742
3374 0.8447407407407408
3375 0.8447867298578199
3376 0.8448326917382292
3377 0.8448786264061575
3378 0.844924533885765
3379 0.8449704142011835
3380 0.8450162673765158
3381 0.8450620934358368
3382 0.8448122967780077
3383 0.8448581560283688
3384 0.844903988183161
3385 0.8446544595392794
3386 0.844700324771184
3387 0.8444510035419126
3388 0.8442018294482148
3389 0.8442477876106195
3390 0.8439988204069596
3391 0.8440448113207547
3392 0.8437960506926024
3393 0.8438420742486741
3394 0.8438880706921944
3395 0.8439340400471143
3396 0.8436856049455402
3397 0.8437316068275457
3398 0.8437775816416593
3399 0.8438235294117648
3400 0.8435754189944135
3401 0.8436213991769548
3402 0.8433734939759037
3403 0.8434195064629847
3404 0.8434654919236417
3405 0.8435114503816794
3406 0.843263868506017
3407 0.8433098591549296
3408 0.8433558228219419
3409 0.8434017595307918
3410 0.8434476693051891
3411 0.8434935521688159
3412 0.843246410782303
3413 0.8432923257176332
3414 0.8433382137628112
3415 0.843384074941452
3416 0.8434299092771437
3417 0.8431831480397893
3418 0.843229014331676
3419 0.8432748538011696
3420 0.8430283542823735
3421 0.8430742255990649
3422 0.8431200701139352
3423 0.8431658878504673
3424 0.8432116788321168
3425 0.8429655575014594
3426 0.8430113802159322
3427 0.8430571761960327
3428 0.8428113152522602
3429 0.8428571428571429
3430 0.8426114835324978
3431 0.8426573426573427
3432 0.8427031750655404
3433 0.842748980780431
3434 0.8427947598253275
3435 0.8428405122235157
3436 0.8428862379982542
3437 0.8426410703897614
3438 0.842686827566153
3439 0.8427325581395348
3440 0.8424876489392619
3441 0.84253341080767
3442 0.8425791460935231
3443 0.8426248548199767
3444 0.8426705370101597
3445 0.8427161926871736
3446 0.8427618218740934
3447 0.8425174013921114
3448 0.842563061757031
3449 0.8423188405797102
3450 0.8423645320197044
3451 0.8421205098493627
3452 0.8421662322618013
3453 0.8422119281991893
3454 0.8422575976845152
3455 0.8423032407407407
3456 0.8423488573908012
3457 0.8423944476576055
3458 0.8424400115640358
3459 0.8424855491329479
3460 0.8422421265530193
3461 0.8419988445984979
3462 0.8420444701126191
3463 0.8420900692840647
3464 0.8421356421356422
3465 0.8421811886901327
3466 0.8422267089702913
3467 0.8419838523644751
3468 0.8420294032862496
3469 0.8420749279538905
3470 0.8418323249783924
3471 0.8418778801843319
3472 0.841923409156349
3473 0.8419689119170984
3474 0.841726618705036
3475 0.8417721518987342
3476 0.8418176589013517
3477 0.8418631397354802
3478 0.8419085944236849
3479 0.8419540229885057
3480 0.8417121516805516
3481 0.8417576105686387
3482 0.8415159345391904
3483 0.8412743972445464
3484 0.8413199426111908
3485 0.8413654618473896
3486 0.8414109549756238
3487 0.8411697247706422
3488 0.8409286328460877
3489 0.8409742120343839
3490 0.8410197651102835
3491 0.8410652920962199
3492 0.8411107930146007
3493 0.840870062965083
3494 0.8409155937052932
3495 0.8409610983981693
3496 0.8410065770660566
3497 0.8407661520869067
3498 0.8405258645327236
3499 0.8405714285714285
3500 0.8406169665809768
3501 0.8406624785836665
3502 0.8407079646017699
3503 0.8407534246575342
3504 0.8407988587731812
3505 0.840844266970907
3506 0.8408896492728828
3507 0.8409350057012542
3508 0.840980336278142
3509 0.841025641025641
3510 0.8410709199658217
3511 0.8408314350797267
3512 0.8408767435240535
3513 0.8409220261809903
3514 0.8409672830725462
3515 0.8407281001137656
3516 0.8407733864088712
3517 0.8408186469584992
3518 0.8408638817845979
3519 0.840625
3520 0.8406702641295086
3521 0.8404315729699035
3522 0.8401930173147886
3523 0.8402383654937571
3524 0.8402836879432624
3525 0.840045377197958
3526 0.8400907286645874
3527 0.8401360544217688
3528 0.8401813544913573
3529 0.8402266288951842
3530 0.8402718776550552
3531 0.840317100792752
3532 0.8400792527596943
3533 0.8401245048104131
3534 0.8401697312588402
3535 0.8402149321266968
3536 0.8402601074356799
3537 0.8400226116449971
3538 0.8397852500706414
3539 0.8398305084745763
3540 0.8398757413160124
3541 0.8399209486166008
3542 0.8399661303979679
3543 0.8397291196388262
3544 0.8397743300423132
3545 0.8398195149464185
3546 0.8398646743727093
3547 0.8399098083427283
3548 0.8399549168779938
3549 0.84
3550 0.8397634469163616
3551 0.8398085585585585
3552 0.8398536448072051
3553 0.8398987056837366
3554 0.8399437412095639
3555 0.8399887514060742
3556 0.8400337362946303
3557 0.8400786958965711
3558 0.8401236302332116
3559 0.8401685393258427
3560 0.8402134231957316
3561 0.8399775407074677
3562 0.8400224529890542
3563 0.8400673400673401
3564 0.8401122019635343
3565 0.8401570386988222
3566 0.840201850294365
3567 0.8402466367713004
3568 0.8400112076211824
3569 0.8397759103641457
3570 0.8395407448893867
3571 0.839585666293393
3572 0.8396305625524769
3573 0.8396754336877448
3574 0.8397202797202797
3575 0.839765100671141
3576 0.8398098965613643
3577 0.839854667411962
3578 0.8398994132439229
3579 0.8399441340782123
3580 0.8397095783300754
3581 0.8397543271915131
3582 0.8397990510745186
3583 0.83984375
3584 0.8398884239888424
3585 0.8399330730619075
3586 0.8396989127404516
3587 0.8397435897435898
3588 0.839509612705489
3589 0.8395543175487465
3590 0.8395989974937343
3591 0.8396436525612472
3592 0.8396882827720568
3593 0.8397328881469115
3594 0.8397774687065369
3595 0.8398220244716351
3596 0.8398665554628857
3597 0.839633129516398
3598 0.8393998332870242
3599 0.8394444444444444
3600 0.8394890308247709
3601 0.8395335924486397
3602 0.839300582847627
3603 0.8390677025527192
3604 0.8391123439667129
3605 0.8391569606211869
3606 0.8389243138342113
3607 0.8389689578713969
3608 0.8390135771681906
3609 0.8390581717451524
3610 0.8391027416228192
3611 0.8388704318936877
3612 0.8389150290617216
3613 0.8389596015495296
3614 0.8390041493775934
3615 0.8387721238938053
3616 0.8388166989217584
3617 0.8388612493090105
3618 0.8389057750759878
3619 0.8389502762430939
3620 0.8389947528307098
3621 0.8390392048591938
3622 0.8390836323488822
3623 0.8391280353200883
3624 0.8391724137931035
3625 0.8392167677881963
3626 0.8392610973256135
3627 0.8393054024255788
3628 0.8390741251033342
3629 0.8391184573002755
3630 0.8391627650784907
3631 0.8392070484581498
3632 0.8392513074593999
3633 0.8392955421023666
3634 0.8393397524071526
3635 0.8393839383938394
3636 0.8394281000824856
3637 0.839472237493128
3638 0.8395163506457818
3639 0.8392857142857143
3640 0.839055204614117
3641 0.8390993959362988
3642 0.8388690639582761
3643 0.8389132821075741
3644 0.838957475994513
3645 0.8390016456390565
3646 0.8390457910611462
3647 0.8390899122807017
3648 0.8388599616333242
3649 0.8386301369863014
3650 0.8386743357984114
3651 0.8387185104052574
3652 0.8387626608267178
3653 0.8385331143951834
3654 0.8385772913816689
3655 0.8386214442013129
3656 0.8386655728739404
3657 0.8387096774193549
3658 0.838480459141842
3659 0.8385245901639344
3660 0.8385686970773013
3661 0.838612779901693
3662 0.8386568386568387
3663 0.8384279475982532
3664 0.8384720327421555
3665 0.8382433169667213
3666 0.8382874284155986
3667 0.8380588876772083
3668 0.8381030253475061
3669 0.8381471389645777
3670 0.8381912285480796
3671 0.8382352941176471
3672 0.8382793356928941
3673 0.8380511703864997
3674 0.8378231292517007
3675 0.8378672470076169
3676 0.8379113407669295
3677 0.8379554105492115
3678 0.8379994563740146
3679 0.8377717391304348
3680 0.8378158109209454
3681 0.8378598587724063
3682 0.8376323649199022
3683 0.8376764386536374
3684 0.8377204884667572
3685 0.8377645143787303
3686 0.8375372931922973
3687 0.8375813449023861
