0 1.0
1 1.0
2 1.0
3 1.0
4 1.0
5 1.0
6 1.0
7 1.0
8 1.0
9 1.0
10 1.0
11 1.0
12 1.0
13 1.0
14 1.0
15 1.0
16 1.0
17 1.0
18 0.9424729860589621
19 0.8907152214509774
20 0.8964588254946902
21 0.8512674412277523
22 0.8584739747707737
23 0.8650774087724321
24 0.8711501163406613
25 0.8332669177993155
26 0.8402826119213211
27 0.8467942281938684
28 0.8133013182259126
29 0.8133013182259126
30 0.8204737711488889
31 0.8271801024396241
32 0.8334640130160655
33 0.8393639067777569
34 0.8449136695789942
35 0.8501433146637215
36 0.8221400100006566
37 0.8278672509104793
38 0.8332896872218554
39 0.8384307679228872
40 0.8433115971650994
41 0.8479512202189468
42 0.8233258702492802
43 0.7998624323095489
44 0.8054624341243222
45 0.8054624341243222
46 0.8108095975392988
47 0.8159204154738863
48 0.7942477606811923
49 0.7996239545379535
50 0.8047765626201773
51 0.8097190040385825
52 0.8144636455001025
53 0.8190219025002836
54 0.7991890973816376
55 0.7991890973816376
56 0.8039836245969166
57 0.8085996276110192
58 0.8130466747099094
59 0.8173336627959182
60 0.8214688752653359
61 0.8254600340001423
62 0.829314346160562
63 0.8330385463750656
64 0.8366389348474649
65 0.8401214118347574
66 0.8434915088926679
67 0.8467544172369813
68 0.8499150135265712
69 0.8529778833374944
70 0.8357499784157811
71 0.8390339084826374
72 0.8422203378200442
73 0.8453133912128735
74 0.8288998139945096
75 0.8321910975209291
76 0.8353895291893297
77 0.8384988287223769
78 0.8415225201337648
79 0.8444639444362143
80 0.8289232912697265
81 0.8320453777062369
82 0.8350854081016852
83 0.8380464278387145
84 0.8409313338107288
85 0.8409313338107288
86 0.843742883366615
87 0.8464837026165511
88 0.8317471227441738
89 0.8173735904810197
90 0.820506768583163
91 0.8235643127593757
92 0.8265487800839886
93 0.8294626140538127
94 0.8156224442977936
95 0.818678482309735
96 0.8051976104260267
97 0.8083847384374528
98 0.8114999073542408
99 0.7983890562524713
100 0.801626416684031
101 0.8047926141908515
102 0.8078898149711836
103 0.8109200986518156
104 0.813885462573169
105 0.8167878258223272
106 0.8196290330311272
107 0.8224108579551267
108 0.8251350068480565
109 0.827803121645263
110 0.8304167829686377
111 0.8329775129646022
112 0.8354867779858722
113 0.8379459911269411
114 0.8254816990451008
115 0.8132623779461196
116 0.8160133785010211
117 0.8187110862904191
118 0.8213569027055512
119 0.8239521808814612
120 0.8264982277585485
121 0.8145983073994476
122 0.8029210785142457
123 0.8057340018044589
124 0.8084949781405618
125 0.7970525640866344
126 0.7999129466778369
127 0.8027215155983854
128 0.8054795280166717
129 0.8081882012611994
130 0.8108487143882744
131 0.7996452521044914
132 0.8024030188766932
133 0.8051126264911453
134 0.8077751922315155
135 0.7967795744566161
136 0.7995359001720581
137 0.7887301130380358
138 0.7915754397327619
139 0.7943727460088718
140 0.7971230996063805
141 0.7998275373840695
142 0.7892008780567737
143 0.7919924213625419
144 0.794738093869091
145 0.7842811171613576
146 0.7739942145073105
147 0.7638737772161784
148 0.7669518020420288
149 0.7569844530698383
150 0.7601332628424134
151 0.7632321087255735
152 0.7534005877475505
153 0.7565680140958544
154 0.7596858881484058
155 0.7627552098864003
156 0.765776953216756
157 0.768752066817491
158 0.7590136508856535
159 0.7620583009674775
160 0.7650565867396009
161 0.7554411741845971
162 0.7585069737851053
163 0.761526682288238
164 0.7645011822300403
165 0.767431334416796
166 0.7703179785903475
167 0.7731619340690756
168 0.7731619340690756
169 0.7759640003655746
170 0.7664012356081882
171 0.7569782161860609
172 0.7476923666497506
173 0.7507804230262372
174 0.753823868868363
175 0.7568235135089469
176 0.7476217598058766
177 0.7385514618116036
178 0.729610270924702
179 0.7328768333683373
180 0.7360972312040144
181 0.7272411574162934
182 0.7185093674203918
183 0.7185093674203918
184 0.7185093674203918
185 0.7218823813933702
186 0.7132494076834753
187 0.7166719463210554
188 0.7200471019962084
189 0.7233756849722556
190 0.7266584879447716
191 0.7298962865148044
192 0.7212664067483235
193 0.7245559963388141
194 0.727800915417918
195 0.7310019071686429
196 0.7341596991656643
197 0.7255562966980159
198 0.7287669039746815
199 0.731934571037854
200 0.7350599968185799
201 0.7381438659412093
202 0.7295660285300085
203 0.7327036077320531
204 0.735799824502615
205 0.7272901921391929
206 0.7304391922254909
207 0.7335470225369299
208 0.7251026987782313
209 0.7167681816985587
210 0.7200188637733762
211 0.7232274979218953
212 0.7149512655805166
213 0.7182085105505621
214 0.7214239467120253
215 0.7245982146014296
216 0.7163531929398426
217 0.7195762950880129
218 0.7227584353391021
219 0.7259002319552537
220 0.7176850267253535
221 0.7095734802050765
222 0.7128517206300329
223 0.716088789044639
224 0.7192852958063749
225 0.7111971697653426
226 0.7032099335115811
227 0.7065389942427012
228 0.7098267124921223
229 0.7130736906580496
230 0.7051040279932997
231 0.6972326987613384
232 0.7006086713004831
233 0.7039431644826069
234 0.7072367727747054
235 0.6993776618799176
236 0.7027145910066198
237 0.6949229808724624
238 0.6872261363111853
239 0.69068664165205
240 0.6941052231340873
241 0.6974824684875434
242 0.7008189554402058
243 0.7041152519266116
244 0.7073719162919965
245 0.7105894974911389
246 0.713768535282247
247 0.7169095604160348
248 0.7200130948201235
249 0.7230796517789064
250 0.7261097361090038
251 0.7291038443304368
252 0.7320624648336408
253 0.7349860780424361
254 0.7269735461622125
255 0.7299472930326726
256 0.7220039440178457
257 0.714153959567109
258 0.7172591100544738
259 0.7203278808359929
260 0.723360755237667
261 0.7263582089278423
262 0.7293207100651833
263 0.7214314552973994
264 0.7244423441366656
265 0.7244423441366656
266 0.727418284150683
267 0.7195686622552194
268 0.7225924245470774
269 0.7255812441264394
270 0.7177697993027499
271 0.7177697993027499
272 0.7100483636275358
273 0.7131651681897475
274 0.7162461601109511
275 0.7085584121880086
276 0.7009587533446056
277 0.7041638014837486
278 0.7041638014837486
279 0.7073322246076974
280 0.7104644896404262
281 0.7135610565202589
282 0.71662237832626
283 0.7196489014018769
284 0.7226410654759035
285 0.7255993037808323
286 0.728524043168663
287 0.7314157042242282
288 0.734274701376102
289 0.7371014430051495
290 0.7398963315507774
291 0.7426597636149411
292 0.7453921300639665
293 0.7480938161282363
294 0.7507652014997972
295 0.7534066604279365
296 0.7454266237280983
297 0.7481214539949115
298 0.7402067210877339
299 0.7429536060722554
300 0.7456698899050007
301 0.7483559462049462
302 0.751012143341168
303 0.753638844520954
304 0.756236407876143
305 0.7588051865477308
306 0.7613455287687851
307 0.7638577779457093
308 0.7663422727378928
309 0.7663422727378928
310 0.7582836478405638
311 0.7608241541772832
312 0.7528317582845416
313 0.744927312963297
314 0.7476041411604505
315 0.7502515689014637
316 0.7423858865711588
317 0.7346064342452618
318 0.737386158614906
319 0.7401354651435011
320 0.7428547138081312
321 0.7428547138081312
322 0.7350850131908748
323 0.7378545524565386
324 0.7405938928445192
325 0.7433033895052066
326 0.7355430393221623
327 0.7383028481993583
328 0.7410326668379665
329 0.7410326668379665
330 0.7437328458065667
331 0.7464037310636918
332 0.7490456640289733
333 0.7516589816529756
334 0.7542440164857506
335 0.7568010967441369
336 0.7593305463778324
337 0.7618326851342675
338 0.7539153720023453
339 0.7564717925394856
340 0.7486163272806928
341 0.7512257795244653
342 0.7434307527065068
343 0.7460920187256127
344 0.7487247000581565
345 0.7513291239527206
346 0.7539056134942987
347 0.7564544876657899
348 0.7486224576057622
349 0.7408742570751179
350 0.7332089324207931
351 0.7359682834554767
352 0.7283589618100196
353 0.7311665598990885
354 0.7339442070854434
355 0.7366922420384958
356 0.7394109992043464
357 0.7421008088664667
358 0.7447619972053512
359 0.7370794587054063
360 0.7397907413137832
361 0.74247322729687
362 0.74247322729687
363 0.7451272396731551
364 0.7477530974856649
365 0.7477530974856649
366 0.7400516103081947
367 0.7324317268380393
368 0.7351859062173356
369 0.7276205847143215
370 0.7201352863986336
371 0.7230135296676483
372 0.7258613619547155
373 0.7286791211389324
374 0.7314671410066756
375 0.7314671410066756
376 0.7342257513080414
377 0.7369552778123712
378 0.7396560423628812
379 0.7423283629304114
380 0.744972553666311
381 0.7475889249544782
382 0.7501777834625671
383 0.7527394321923816
384 0.7552741705294671
385 0.7577822942919186
386 0.7602640957784174
387 0.7627198638155118
388 0.7549087400332546
389 0.7574181497350472
390 0.7599012737479446
391 0.7521245853802062
392 0.7546607033125592
393 0.7571702923787581
394 0.7596536418986456
395 0.7621110377963469
396 0.7645427626449779
397 0.7669490957106683
398 0.7693303129959125
399 0.7614713255806311
400 0.7536942954388502
401 0.75620931943682
402 0.7484893057908569
403 0.7510564000395272
404 0.7535967676324122
405 0.7459081939330214
406 0.7382996037006732
407 0.7409685273953734
408 0.7334133374746921
409 0.7361310202854595
410 0.7388204752880986
411 0.7414820062756198
412 0.7441159135566721
413 0.7467224939998327
414 0.7493020410772472
415 0.7518548449076328
416 0.754381192298656
417 0.7568813667886937
418 0.75935564868799
419 0.7618043151192179
420 0.754053967350283
421 0.7565557073061381
422 0.7565557073061381
423 0.7590315741813339
424 0.7614818441671066
425 0.7639067903321882
426 0.7663066826616094
427 0.7663066826616094
428 0.7686817880949502
429 0.7608706870124565
430 0.7633002505984764
431 0.7657047449019503
432 0.7680844363752226
433 0.770439588481465
434 0.7626168240266652
435 0.7650267565361906
436 0.7674118605012423
437 0.7697723990447171
438 0.761961137879271
439 0.7542302817018998
440 0.7567234967666411
441 0.7591910627639544
442 0.7616332507557151
443 0.7640503287939973
444 0.7563038185924265
445 0.7587742488789326
446 0.751083354947996
447 0.7536060173885029
448 0.7459695742555572
449 0.7485433734157353
450 0.7510907593360785
451 0.753612009848152
452 0.7459795120991745
453 0.7485518740819456
454 0.7510978644995575
455 0.7536177602028996
456 0.7561118350056816
457 0.7484588160417418
458 0.7510044917113643
459 0.7535241012015044
460 0.7560179175170143
461 0.7584862106805688
462 0.7609292477677015
463 0.7633472929413814
464 0.7657406074861348
465 0.7681094498417235
466 0.77045407563638
467 0.7727747377196129
468 0.7750716861945837
469 0.7773451684500642
470 0.7795954291919811
471 0.7717172880942254
472 0.7740239381476199
473 0.7763070427267454
474 0.7684645877535521
475 0.7684645877535521
476 0.7708033793416806
477 0.7630181080728577
478 0.7553122417885317
479 0.7577831453167773
480 0.76022885704618
481 0.7626496386410787
482 0.7549505028505877
483 0.7574241022304045
484 0.7598725015474532
485 0.7622959621659663
486 0.7646947426463301
487 0.7670690987770261
488 0.7694192836061703
489 0.771745547472658
490 0.7639603148257362
491 0.7663412323407758
492 0.7586118683164442
493 0.7610463141042514
494 0.7634560027500056
495 0.7658411901409024
496 0.7682021294366776
497 0.7705390711003302
498 0.7705390711003302
499 0.7728522629284666
500 0.7751419500812724
501 0.7673290160157389
502 0.7673290160157389
503 0.7696740043184703
504 0.7719951761680346
505 0.7742927771083717
506 0.7765670500785925
507 0.7788182354420746
508 0.7810465710152081
509 0.7832522920957882
510 0.7753624481739744
511 0.7753624481739744
512 0.7776250978252139
513 0.7798647948021176
514 0.7720107809238881
515 0.774306696045545
516 0.7765793309413245
517 0.7788289248692115
518 0.7810557145641539
519 0.7832599342659486
520 0.7854418157467947
521 0.7775354489402975
522 0.7797746600223532
523 0.7819911872600307
524 0.7841852633534286
525 0.7762936018687239
526 0.778544731955334
527 0.7807730690832531
528 0.7829788468391267
529 0.785162296359599
530 0.7772632614168072
531 0.7795039434440766
532 0.7817219521217686
533 0.7839175195341548
534 0.7760328836016781
535 0.778285412379295
536 0.7805151585485058
537 0.7805151585485058
538 0.7827223550995069
539 0.7849072325885273
540 0.787070019164278
541 0.7892109405940942
542 0.7913302202897736
543 0.7934280793331142
544 0.7955047365011575
545 0.7875079906712422
546 0.779592046404967
547 0.7818074481103429
548 0.7840004693417219
549 0.7861713384445391
550 0.7883202813893929
551 0.790447521797642
552 0.79255328096671
553 0.7946377778950986
554 0.7967012293071158
555 0.7987438496773202
556 0.8007658512546867
557 0.8027674440864968
558 0.8047488360419561
559 0.806710232835544
560 0.8086518380500962
561 0.8105738531596277
562 0.8024323288216255
563 0.8044166402904022
564 0.8063809360693737
565 0.7982825879194033
566 0.8003083152049889
567 0.8003083152049889
568 0.802313614295276
569 0.8042986928948824
570 0.8062637565626327
571 0.8082090087344028
572 0.8101346507457087
573 0.8120408818540409
574 0.8038883894700855
575 0.805857176117754
576 0.7977674011624619
577 0.7997974790928776
578 0.8018071013949577
579 0.8037964757239331
580 0.7957286185110017
581 0.7977788527453846
582 0.7897719881103968
583 0.7818457728239718
584 0.7840351072271918
585 0.7761670326694222
586 0.7683781924858175
587 0.7707024371605314
588 0.7629689729364038
589 0.7553133712945007
590 0.7577684642363628
591 0.7601988419934842
592 0.7626047550026304
593 0.7649864511303449
594 0.7673441756999766
595 0.7696781715184097
596 0.7719886789025004
597 0.7742759357052237
598 0.766509161626027
599 0.7688512392539695
600 0.7711697530040104
601 0.77346494137557
602 0.7757370404257625
603 0.7779862837949707
604 0.7802129027321425
605 0.782417126119811
606 0.7745705677678939
607 0.7768312475576846
608 0.7790691931224462
609 0.7712568738057803
610 0.7735505914267332
611 0.7758212464325815
612 0.7680421381474697
613 0.760341237880793
614 0.7627441516331189
615 0.7651229100289392
616 0.7651229100289392
617 0.7651229100289392
618 0.7674777571433729
619 0.7698089345603167
620 0.7620913277485836
621 0.7644763858543275
622 0.7668374742532194
623 0.7591502362530451
624 0.7615645991077857
625 0.763954701334771
626 0.756296921459991
627 0.7587397102640591
628 0.751134565963152
629 0.753628983011372
630 0.7460754171192743
631 0.7486204255304767
632 0.7411174023045669
633 0.7336897447528472
634 0.7263366925211228
635 0.7290792908770422
636 0.7317943442841404
637 0.734482130566939
638 0.7371429247242242
639 0.7397769989582557
640 0.7423846227036649
641 0.7349455429981252
642 0.7376014718961794
643 0.7402307341416449
644 0.7328136895537981
645 0.7354908187689566
646 0.7354908187689566
647 0.7381410716918831
648 0.7407647191810867
649 0.7433620293446074
650 0.745933267568361
651 0.7484786965441813
652 0.7509985762975668
653 0.743474796125207
654 0.7460447128375068
655 0.7385708354816515
656 0.7411897862042142
657 0.743782454540333
658 0.7363316388686294
659 0.7289555903240775
660 0.7216535560685947
661 0.7244417375484359
662 0.727201943186889
663 0.7299344546181821
664 0.7226231081301284
665 0.7254013921344061
666 0.7181356885439291
667 0.7109428749848864
668 0.703822217909313
669 0.7067886265844314
670 0.7097252788761567
671 0.7126324741892689
672 0.7155105088977395
673 0.7183596763757741
674 0.7211802670285316
675 0.7239725683225193
676 0.7167222931611292
677 0.7095447309888145
678 0.7124534317474474
679 0.7153329628352239
680 0.7081696209277717
681 0.711091968468742
682 0.7139850119532851
683 0.7168490460288105
684 0.7096709179607475
685 0.712578072997482
686 0.7154560794846193
687 0.7082921858726332
688 0.70120011715967
689 0.694179151388945
690 0.6872285738972388
691 0.6903602071586363
692 0.6834480415390272
693 0.6866174484660731
694 0.6897550838716875
695 0.6828492314200268
696 0.6860245179876158
697 0.6891679764010771
698 0.6822682487343313
699 0.6854492394790774
700 0.6885983471353972
701 0.6917158919929639
702 0.6917158919929639
703 0.6948021911094504
704 0.6878464535943937
705 0.6909714207432675
706 0.684054186331779
707 0.6872170486492257
708 0.6803375478171695
709 0.6835375479524756
710 0.6766950266200783
711 0.6799314224216559
712 0.6831353876102444
713 0.686307247820436
714 0.6894473254039802
715 0.6925559394631418
716 0.695633405883713
717 0.6986800373676879
718 0.6916864976672882
719 0.6847630276045615
720 0.687918377473393
721 0.6910421144831493
722 0.6941345559453431
723 0.6971960159747826
724 0.7002268055220094
725 0.703227232405403
726 0.6961887013969557
727 0.6892206803561497
728 0.692331184381948
729 0.6854018939949628
730 0.6885505645393752
731 0.6816592314213799
732 0.6748369276984341
733 0.6780912555937741
734 0.6780912555937741
735 0.6813129864923558
736 0.684502447434441
737 0.6876599621685513
738 0.6907858511848112
739 0.693880431747949
740 0.6969440179299601
741 0.6999769206424346
742 0.6929717941488677
743 0.6960444025375281
744 0.6990862385136064
745 0.7020976107242015
746 0.7050788247115437
747 0.70803018294441
748 0.7109519848492185
749 0.7138445268408048
750 0.7067010405257457
751 0.6996290894607988
752 0.7026348774931904
753 0.705610566246264
754 0.7085564575374951
755 0.7085564575374951
756 0.7114728501497484
757 0.7043533915666295
758 0.7073118035285307
759 0.7002340767145787
760 0.6932272189426242
761 0.6862905196941891
762 0.6794232755924107
763 0.6726247903298991
764 0.6759005709631641
765 0.669137419033291
766 0.6724480541658767
767 0.6757255429375703
768 0.6789702176088855
769 0.6821824071018513
770 0.6853624370337134
771 0.6885106297502921
772 0.6816215869689962
773 0.684807173179624
774 0.6779552640964631
775 0.6811774979933898
776 0.6843674739797181
777 0.6875255153430097
778 0.6806465594947311
779 0.673836466888006
780 0.6670945474229594
781 0.6704253406060946
782 0.6737227912402274
783 0.6769872334402616
784 0.6702139304873839
785 0.663508428867592
786 0.666875015793215
787 0.666875015793215
788 0.6702079035760651
789 0.6635025621674498
790 0.6668691581276902
791 0.6702020558434529
792 0.6735015929401093
793 0.6767681036539689
794 0.680001918866426
795 0.6832033661377583
796 0.6863727697405837
797 0.6895104506929769
798 0.6826122802480208
799 0.675783152546539
800 0.675783152546539
801 0.669022375945622
802 0.6623292657430011
803 0.6657074153640069
804 0.6690517547753253
805 0.672362622650812
806 0.6756403542661956
807 0.6788852815332852
808 0.6820977330338328
809 0.6852780340530517
810 0.6884265066127948
811 0.6915434695043987
812 0.6946292383211934
813 0.6976841254906833
814 0.7007084403064033
815 0.7037024889594511
816 0.7066665745697011
817 0.7096009972167019
818 0.7125060539702622
819 0.7153820389207252
820 0.7082256430235635
821 0.7111444265269392
822 0.7040304729768931
823 0.7069912021334749
824 0.7069912021334749
825 0.7099223034170372
826 0.7128240735160928
827 0.7156968061441078
828 0.70853743654345
829 0.7014497084453051
830 0.7044361932118653
831 0.7073927935855634
832 0.7073927935855634
833 0.7103198087994662
834 0.7132175350865606
835 0.7160862657099085
836 0.7189262909924977
837 0.7189262909924977
838 0.7217378983467901
839 0.7145183070620809
840 0.707370955728373
841 0.7102981252946541
842 0.7131960056655101
843 0.7160648900812953
844 0.7189050688430223
845 0.7217168293418946
846 0.7245004560885391
847 0.7172534023732291
848 0.7200816600617725
849 0.7228816194139888
850 0.7256535637269839
851 0.7283977734586452
852 0.7211118365429368
853 0.7138987979944713
854 0.7167605642270249
855 0.7195936977845071
856 0.7223984852925387
857 0.7251752105045334
858 0.727924154330538
859 0.7306455948657827
860 0.7333398074189432
861 0.7260046074978524
862 0.7287452279073134
863 0.7314584288464456
864 0.7341444847740451
865 0.736803667399062
866 0.7294339091135942
867 0.7221378826789748
868 0.7249171401802541
869 0.7276685924407211
870 0.7203902732621259
871 0.7231869918370746
872 0.7259557308595331
873 0.7186945925469085
874 0.7215082531275323
875 0.7242937650303024
876 0.7270514099823077
877 0.7297814668885816
878 0.732484211860418
879 0.7251578678911884
880 0.7279068470990749
881 0.720626315868699
882 0.7134186190653296
883 0.7162849973093853
884 0.7091207506915992
885 0.7120301046813323
886 0.7049084429196188
887 0.7078599167805308
888 0.7078599167805308
889 0.7107818647907795
890 0.7036727281646269
891 0.7066365448566959
892 0.6995688951959514
893 0.702573746774225
894 0.7055485390782482
895 0.708493572914914
896 0.7114091460787831
897 0.7142955533822923
898 0.7071513756965753
899 0.710080357988952
900 0.7129800405853678
901 0.7129800405853678
902 0.7158507166793048
903 0.7086910329701922
904 0.7116045966351221
905 0.71448901522939
906 0.7073429856563858
907 0.7102700178423935
908 0.7102700178423935
909 0.7031662075155468
910 0.7061350047498832
911 0.7090741048702172
912 0.7019822884642912
913 0.7049629130226738
914 0.7079137224300327
915 0.710835015015136
916 0.7137270861199351
917 0.7165902281295036
918 0.7194247305016751
919 0.7222308797963828
920 0.7250089597047042
921 0.7277592510776159
922 0.7204806604198195
923 0.713274875534424
924 0.7161425122057239
925 0.7089801340460344
926 0.7118907161194687
927 0.7047708804342118
928 0.707723552848093
929 0.7006454126026256
930 0.7036393373286589
931 0.7066033152673313
932 0.7095376460365925
933 0.7124426262552255
934 0.7153185495728971
935 0.7181657066999081
936 0.7209843854366442
937 0.7137736911255476
938 0.7166362884636607
939 0.7094690970751781
940 0.7123747386282451
941 0.7152513171478075
942 0.7152513171478075
943 0.7180991233959204
944 0.7209184452243965
945 0.7237095676039605
946 0.7264727726531112
947 0.7192072621135854
948 0.7220154890355235
949 0.7247956277267057
950 0.7275479591880925
951 0.7302727616082735
952 0.7329703103916375
953 0.7256398636977963
954 0.7283837406123804
955 0.7311001732737973
956 0.7337894362337268
957 0.7364518012961597
958 0.7390875375449174
959 0.7416969113708959
960 0.7442801864990373
961 0.736836687908518
962 0.736836687908518
963 0.7394685649146058
964 0.7420741182968723
965 0.7446536113881589
966 0.747207304886056
967 0.7397345666553988
968 0.7423374503662031
969 0.7449143006748917
970 0.7474653780063412
971 0.7499909401793711
972 0.7524912424328402
973 0.7549665374514819
974 0.7574170753914795
975 0.7598431039057861
976 0.7622448681691895
977 0.764622610903127
978 0.7669765724002504
979 0.7693069905487456
980 0.7716141008564074
981 0.7738981364744734
982 0.7761593282212197
983 0.7683971466272895
984 0.7607125985575802
985 0.7531049074438287
986 0.7555740399517609
987 0.7580184775208615
988 0.7604384671724402
989 0.7528335398380596
990 0.7553053790581901
991 0.757752496410968
992 0.7601751391842294
993 0.7625735521915556
994 0.764947977797043
995 0.767298655939825
996 0.769625824158347
997 0.7719297176144005
998 0.7742105691169137
999 0.7664679637664885
1000 0.7588027944134222
1001 0.7612149190350016
1002 0.7636029193741173
1003 0.765967036734021
1004 0.7683075100037292
1005 0.7706245756821892
1006 0.7706245756821892
1007 0.7729184679022041
1008 0.7651888229370217
1009 0.7675370731432984
1010 0.7598612544268694
1011 0.7598612544268694
1012 0.7622627806416405
1013 0.764640288832801
1014 0.764640288832801
1015 0.766994019235545
1016 0.7693242096816204
1017 0.7716310956233859
1018 0.773914910157626
1019 0.7761758840491274
1020 0.7784142457540199
1021 0.7706296882569696
1022 0.7729235124483842
1023 0.7751943959883865
1024 0.7774425683314432
1025 0.7796682566365223
1026 0.7818716857900665
1027 0.7840530784287376
1028 0.7762121579996188
1029 0.7784501465215503
1030 0.7806657529671275
1031 0.7828592012007204
1032 0.785030712847188
1033 0.7771800347092259
1034 0.7794083386148698
1035 0.7716138942069445
1036 0.7638974014277611
1037 0.7562580806180478
1038 0.7586956093596431
1039 0.7611087606337248
1040 0.7634977782583549
1041 0.7658629036125509
1042 0.758203943929582
1043 0.760622007837213
1044 0.7530154659097771
1045 0.7554854147144097
1046 0.7579306619719823
1047 0.7603514547389426
1048 0.7527476311351126
1049 0.7552202543182208
1050 0.7476677509132146
1051 0.7501911729219898
1052 0.7526893587301936
1053 0.7551625607392457
1054 0.757611028825767
1055 0.7600350103668436
1056 0.762434750265037
1057 0.7648104909731451
1058 0.75716210492026
1059 0.7595905722451913
1060 0.7619947531381646
1061 0.7643748904984997
1062 0.7667312247958268
1063 0.7690639940943965
1064 0.7713734340771485
1065 0.7736597780695371
1066 0.7759232570631189
1067 0.7681637639324458
1068 0.7704822033666802
1069 0.7627771277490665
1070 0.755149107934114
1071 0.7575976958372845
1072 0.7600217962896212
1073 0.7624216541969128
1074 0.7547971990224167
1075 0.7547971990224167
1076 0.7547971990224167
1077 0.7572493030114251
1078 0.7596768844485104
1079 0.7620801885892826
1080 0.754459157576884
1081 0.7569146390869927
1082 0.7593455643275486
1083 0.7617521788901919
1084 0.7641347259100706
1085 0.7564931601668231
1086 0.7589282974932423
1087 0.76133908207469
1088 0.7537254800347727
1089 0.7561882928753851
1090 0.7486262043313884
1091 0.741139740764685
1092 0.743728412343027
1093 0.7462911958327281
1094 0.7388280889465075
1095 0.7414398755917803
1096 0.7440255430266248
1097 0.7465853524698913
1098 0.7491195625277094
1099 0.7416281808256333
1100 0.7442119625535888
1101 0.7467699051998634
1102 0.7393020261641716
1103 0.7419090681066423
1104 0.7444900383917971
1105 0.7470451977608442
1106 0.7495748043470893
1107 0.7520791137020246
1108 0.7545583788211563
1109 0.7570128501695741
1110 0.7594427757072644
1111 0.7618484009141704
1112 0.764229968815001
1113 0.7665877200037927
1114 0.7689218926682236
1115 0.7712327226136865
1116 0.7735204432871186
1117 0.7757852858005951
1118 0.7780274789546855
1119 0.7802472492615755
1120 0.7824448209679596
1121 0.7846204160777023
1122 0.7867742543742738
1123 0.7889065534429621
1124 0.7810173354877734
1125 0.7832072040183666
1126 0.7753749836698846
1127 0.7776212759428727
1128 0.7698449188632385
1129 0.7721465119623664
1130 0.7744250882889615
1131 0.776680878027496
1132 0.7789141090602644
1133 0.7811250069904113
1134 0.7833137951647304
1135 0.7754805217126781
1136 0.7777257549453404
1137 0.7799485350805123
1138 0.7821490866643959
1139 0.7843276319974282
1140 0.7864843911567447
1141 0.7886195820184186
1142 0.7907334202794772
1143 0.7928261194796977
1144 0.7848977329999608
1145 0.7870487893211983
1146 0.7891783344095532
1147 0.7912865833906816
1148 0.7933737492387167
1149 0.7954400427977915
1150 0.7974856728033423
1151 0.7995108459032013
1152 0.8015157666784781
1153 0.8015157666784781
1154 0.803500637664231
1155 0.8054656593699326
1156 0.8054656593699326
1157 0.8074110302997308
1158 0.8093369469725057
1159 0.8112436039417276
1160 0.8112436039417276
1161 0.8031310565333848
1162 0.7950996368153972
1163 0.7871485334667565
1164 0.7892770764848134
1165 0.7813842016362522
1166 0.783570388160941
1167 0.7757345830044887
1168 0.7757345830044887
1169 0.7679771379149962
1170 0.7702973959275404
1171 0.7725944507750572
1172 0.7648684103458635
1173 0.7672197551432298
1174 0.7695475859174891
1175 0.7718521378203178
1176 0.7641335243889343
1177 0.7564920989237447
1178 0.7489270895086317
1179 0.7514378476678157
1180 0.7539234976672212
1181 0.7563842905999522
1182 0.7488203627645538
1183 0.7513321870581754
1184 0.7438187825042871
1185 0.7463806225897864
1186 0.748916843719005
1187 0.7414275953122226
1188 0.7340132409809197
1189 0.7366731364080573
1190 0.7393064323269626
1191 0.7319132921710201
1192 0.7245940849257224
1193 0.727348171763436
1194 0.7300747171817964
1195 0.7327739966059614
1196 0.7354462827066197
1197 0.7380918454275387
1198 0.7307108564084257
1199 0.7334037733321171
1200 0.7360697605793602
1201 0.7387090874570131
1202 0.7313219287414812
1203 0.7240086429631521
1204 0.7267685813753941
1205 0.729500919909156
1206 0.729500919909156
1207 0.7322059345730604
1208 0.72488381127924
1209 0.7276349969537741
1210 0.730358670298191
1211 0.7330551064452121
1212 0.7357245777760443
1213 0.7383673539478981
1214 0.7309836196959684
1215 0.7336738053977504
1216 0.7363370888067261
1217 0.738973738954496
1218 0.7415840221821717
1219 0.734168123971908
1220 0.7368264633111427
1221 0.7394582188474607
1222 0.7420636564270409
1223 0.7346429641232946
1224 0.737296554214806
1225 0.7399236080127177
1226 0.7399236080127177
1227 0.7325243180046183
1228 0.7351990941240993
1229 0.7278470506655456
1230 0.7205685286866793
1231 0.7205685286866793
1232 0.7233628629631603
1233 0.7261292535075634
1234 0.7288679797649563
1235 0.7315793183858027
1236 0.7342635432539101
1237 0.7369209255140999
1238 0.7295516676854209
1239 0.7322561686566816
1240 0.7249335596645511
1241 0.7276842416601788
1242 0.7204073531688802
1243 0.7232032971630954
1244 0.7259712813686008
1245 0.728711585390224
1246 0.7214244252146779
1247 0.7242101977365988
1248 0.7242101977365988
1249 0.7269681121994945
1250 0.7296984471905981
1251 0.7324014785111381
1252 0.7350774792042012
1253 0.7277266623196984
1254 0.7304494111316738
1255 0.7331449321483678
1256 0.7358134976538458
1257 0.7384553772092108
1258 0.7310707832236713
1259 0.7237600359782389
1260 0.7265224503620688
1261 0.7192571874699074
1262 0.7220646302809668
1263 0.7248439983716676
1264 0.7275955724950289
1265 0.7303196305964244
1266 0.7330164478416602
1267 0.7356862966447735
1268 0.738329446695552
1269 0.7409461649867786
1270 0.7435367158412037
1271 0.7461013609382481
1272 0.7386403120319062
1273 0.741253921152484
1274 0.7438413939382611
1275 0.746402991757433
1276 0.748938973364417
1277 0.7514495949259912
1278 0.7539351100471738
1279 0.756395769796842
1280 0.7488317790794146
1281 0.7513434721433929
1282 0.7538300480607206
1283 0.7562917580071628
1284 0.7587288506466414
1285 0.7511415306421487
1286 0.7536301255635772
1287 0.7560938343322562
1288 0.7485328655325757
1289 0.7485328655325757
1290 0.7510475469053506
1291 0.7535370812648376
1292 0.7560017200851412
1293 0.7484416736316027
1294 0.7409572282247304
1295 0.733547627842473
1296 0.7362121615679199
1297 0.7388500497570345
1298 0.7414615588691418
1299 0.7440469526988948
1300 0.7466064924029224
1301 0.749140436526212
1302 0.7516490410282263
1303 0.744132524314666
1304 0.7466912079358313
1305 0.7392242702466745
1306 0.7318320024440459
1307 0.7245136578189385
1308 0.7272685304086675
1309 0.729995854090057
1310 0.7326959043558211
1311 0.7353689539436743
1312 0.7380152728638835
1313 0.7406351284265429
1314 0.7432287852685784
1315 0.7357964743622557
1316 0.7384385177318057
1317 0.7410541405062077
1318 0.733643576797677
1319 0.7363071489660505
1320 0.7363071489660505
1321 0.7389440852548066
1322 0.7415546520258841
1323 0.7441391129775402
1324 0.7366977005490933
1325 0.7393307310044508
1326 0.7419374310067834
1327 0.7419374310067834
1328 0.7345180360917825
1329 0.7371728630300457
1330 0.7398011415536722
1331 0.7424031371496989
1332 0.7424031371496989
1333 0.7449791126502349
1334 0.7475293282590115
1335 0.7500540415776681
1336 0.7525535076317729
1337 0.7550279788965858
1338 0.7574777053225615
1339 0.7599029343606001
1340 0.7523038861218996
1341 0.7447808287415996
1342 0.7473330266739576
1343 0.7498597025032181
1344 0.7523611114528754
1345 0.7548375061941396
1346 0.7572891368714606
1347 0.7572891368714606
1348 0.7597162511277968
1349 0.7621190941296309
1350 0.7544978858770041
1351 0.7469528900513999
1352 0.7394833445216926
1353 0.7394833445216926
1354 0.732088494778204
1355 0.732088494778204
1356 0.7247675938564867
1357 0.7275199238633494
1358 0.7202447090663636
1359 0.7230422678985701
1360 0.7158118300646952
1361 0.7086536969107419
1362 0.7115671659267007
1363 0.704451479796034
1364 0.6974069508146554
1365 0.7004328873379898
1366 0.703428564376064
1367 0.7063942845261195
1368 0.7093303473593772
1369 0.7022370303040784
1370 0.7052146656453575
1371 0.7081625245209018
1372 0.7010808861190752
1373 0.7040700827558268
1374 0.7070293873168018
1375 0.6999590806982082
1376 0.7029594952458941
1377 0.705929905541545
1378 0.708870611629802
1379 0.711781910554817
1380 0.7146640963902597
1381 0.7175174602690221
1382 0.7203422904126275
1383 0.7131388555262814
1384 0.7160074716949686
1385 0.7188474016079621
1386 0.7216589321296895
1387 0.7244423472558972
1388 0.7171979123235093
1389 0.7200259376291357
1390 0.7128256670895384
1391 0.7156974148264796
1392 0.7085404298028332
1393 0.7114550298893907
1394 0.7143404838878291
1395 0.707197068516586
1396 0.7101251021053878
1397 0.7130238552732495
1398 0.7158936208260731
1399 0.7187346886416677
1400 0.7115473316774641
1401 0.7115473316774641
1402 0.7144318623648023
1403 0.7172875476655851
1404 0.7201146760352639
1405 0.7229135330447038
1406 0.7256844014090303
1407 0.7284275610161874
1408 0.7211432758861943
1409 0.7239318467352713
1410 0.7266925318040597
1411 0.7294256099517907
1412 0.7321313572490755
1413 0.734810047005791
1414 0.7274619374944701
1415 0.7201873092581836
1416 0.7129854274806011
1417 0.7158555766323961
1418 0.7186970242244838
1419 0.721510057273818
1420 0.7242949599271565
1421 0.7170520020214282
1422 0.7198814852137065
1423 0.7226826735101336
1424 0.7254558498609399
1425 0.7282012943868285
1426 0.7309192844072707
1427 0.7236100836713101
1428 0.7163739750997579
1429 0.7192102383501884
1430 0.7120181284318658
1431 0.7148979501344246
1432 0.7177489735605188
1433 0.7205714866940961
1434 0.7133657645755376
1435 0.716232109785538
1436 0.7090697816231736
1437 0.7019790768830169
1438 0.7049592889952004
1439 0.70790969892893
1440 0.7108306047071308
1441 0.7037222919924483
1442 0.7066850718238261
1443 0.6996182146087737
1444 0.7026220351965903
1445 0.705595817524124
1446 0.7085398619750604
1447 0.7114544659292263
1448 0.7043399150498307
1449 0.6972965098030094
1450 0.7003235472987901
1451 0.7003235472987901
1452 0.703320314367996
1453 0.7062871137159203
1454 0.7092242450207823
1455 0.7121320049639994
1456 0.7150106872601553
1457 0.7178605826866681
1458 0.7106819711264667
1459 0.7135751537027903
1460 0.7164394044078279
1461 0.719275012561198
1462 0.7220822645893049
1463 0.7148614364590028
1464 0.7177128242384598
1465 0.7105356906533328
1466 0.7134303358800593
1467 0.7162960346120667
1468 0.7191330763151468
1469 0.7219417475604171
1470 0.724722332053267
1471 0.7274751106620161
1472 0.7202003545078763
1473 0.7229983528847482
1474 0.7257683712396045
1475 0.7185106826410956
1476 0.7213255776908132
1477 0.7141123171543411
1478 0.7169711958503229
1479 0.7198014857221811
1480 0.7226034726588966
1481 0.7153774333521896
1482 0.7182236608046665
1483 0.721041425947077
1484 0.7238310134032293
1485 0.7265927049506793
1486 0.7293267795491932
1487 0.7220335074014904
1488 0.7248131739696354
1489 0.7248131739696354
1490 0.7275650438394197
1491 0.7302893949784774
1492 0.7329865025747534
1493 0.7256566333893281
1494 0.7284000685967568
1495 0.7311160694214387
1496 0.7338049102078121
1497 0.7364668625568581
1498 0.7391021953535362
1499 0.7417111747939447
1500 0.7417111747939447
1501 0.7442940644122096
1502 0.7468511251071044
1503 0.7493826151684039
1504 0.7518887903029741
1505 0.754369903660602
1506 0.7568262058595667
1507 0.7592579450119539
1508 0.7616653667487187
1509 0.7640487142444967
1510 0.766408228242168
1511 0.7687441470771743
1512 0.7710567067015937
1513 0.7733461407079746
1514 0.7756126803529311
1515 0.76785654998532
1516 0.7701779855415408
1517 0.7724762067211836
1518 0.7747514456684322
1519 0.7747514456684322
1520 0.7747514456684322
1521 0.7770039322060207
1522 0.7692338894884746
1523 0.7715415515919472
1524 0.7738261370545174
1525 0.7760878766429901
1526 0.7783269988164936
1527 0.770543725593757
1528 0.7728382892818582
1529 0.765109903241192
1530 0.7574588011235746
1531 0.7598842140805743
1532 0.7622853728887361
1533 0.7646625200899319
1534 0.7570158919271294
1535 0.7594457339396397
1536 0.7594457339396397
1537 0.7518512737170872
1538 0.7543327619125662
1539 0.7567894352075307
1540 0.7592215417513551
1541 0.7616293272119129
1542 0.7540130311900574
1543 0.7564729017573709
1544 0.7564729017573709
1545 0.758908173601515
1546 0.7613190927100695
1547 0.7637059026107315
1548 0.7660688443959144
1549 0.7684081567471007
1550 0.7707240759589518
1551 0.7630168326317593
1552 0.7653866650870365
1553 0.7677327992022072
1554 0.7600554687285118
1555 0.7624549148090841
1556 0.7548303632454263
1557 0.7572820603819375
1558 0.7497092374266833
1559 0.7522121458218219
1560 0.7546900251176981
1561 0.7571431256056089
1562 0.7595716950739329
1563 0.7619759788331584
1564 0.7619759788331584
1565 0.7543562168172755
1566 0.7468126524658797
1567 0.7493445266666565
1568 0.7518510821109893
1569 0.7543325719867298
1570 0.7567892469498456
1571 0.7492213523974273
1572 0.7417291368319833
1573 0.7443118461603596
1574 0.7468687283815879
1575 0.7394000391231561
1576 0.7420060394140244
1577 0.7445859796884101
1578 0.7371401179814141
1579 0.7297687149294994
1580 0.7324710284596426
1581 0.7351463188409636
1582 0.7277948538409696
1583 0.7305169059666337
1584 0.7332117375578259
1585 0.7358796208201541
1586 0.7285208228700164
1587 0.7312356152775213
1588 0.733923259748291
1589 0.7365840277619442
1590 0.7392181880832992
1591 0.7318260045383865
1592 0.7245077428620382
1593 0.7172626638349094
1594 0.7100900356298625
1595 0.7100900356298625
1596 0.7129891359004742
1597 0.7158592451559042
1598 0.7187006533065525
1599 0.7215136473637106
1600 0.7242985114685516
1601 0.7270555269208324
1602 0.729784972207308
1603 0.7324871230298605
1604 0.7351622523333496
1605 0.7278106283577633
1606 0.7205325206508328
1607 0.7233271959854035
1608 0.726093924555861
1609 0.7188329839324822
1610 0.7216446546213585
1611 0.7144282067330182
1612 0.7072839233502696
1613 0.7102110846503317
1614 0.7131089743267752
1615 0.7131089743267752
1616 0.7159778850960475
1617 0.7188181067474276
1618 0.7216299261722973
1619 0.7244136273931207
1620 0.7271694915921331
1621 0.7271694915921331
1622 0.7298977971397439
1623 0.7325988196226543
1624 0.7352728318716949
1625 0.7379201039893842
1626 0.7405409033772121
1627 0.7331354931469422
1628 0.7358041386423362
1629 0.7284460960907261
1630 0.7211616339878194
1631 0.7239500180807102
1632 0.7267105183240601
1633 0.7294434135565356
1634 0.7221489783224683
1635 0.7221489783224683
1636 0.7249274889534878
1637 0.7276782144699537
1638 0.7304014327231754
1639 0.7230974173393412
1640 0.7258664435625107
1641 0.728607779515557
1642 0.728607779515557
1643 0.7313217021013383
1644 0.724008484064078
1645 0.7267683996031207
1646 0.7295007159792173
1647 0.7322057091841476
1648 0.7348836524497705
1649 0.7375348162756238
1650 0.7401594684562465
1651 0.7427578741082297
1652 0.7453302956969958
1653 0.7478769930633103
1654 0.7503982234495283
1655 0.7528942415255788
1656 0.7453652981829658
1657 0.7479116455116391
1658 0.7504325293608468
1659 0.7429282031703666
1660 0.7354989202596389
1661 0.7354989202596389
1662 0.7381439313668675
1663 0.7407624923568583
1664 0.7433548677309064
1665 0.7359213182087255
1666 0.7385621053237797
1667 0.7411764845617702
1668 0.7337647188987765
1669 0.7364270720004593
1670 0.729062800484478
1671 0.729062800484478
1672 0.7317721727695508
1673 0.7344544513260034
1674 0.7371099070912369
1675 0.7397388082932761
1676 0.7323414194499733
1677 0.7350180055278459
1678 0.7276678247320847
1679 0.7203911457590166
1680 0.7231872345775087
1681 0.7259553625023217
1682 0.7286958091425019
1683 0.7314088513110026
1684 0.7240947621041659
1685 0.7268538147421978
1686 0.7295852768486939
1687 0.7322894243290722
1688 0.7249665294185883
1689 0.7277168643724812
1690 0.7204396950789235
1691 0.7132352974912328
1692 0.7061029438920936
1693 0.7090419147078205
1694 0.7119514958103228
1695 0.704831980247623
1696 0.7077836606932999
1697 0.7107058243295818
1698 0.713598766324661
1699 0.7164627788950457
1700 0.7192981513350772
1701 0.7221051700461517
1702 0.7148841177741299
1703 0.7177352768198065
1704 0.7205579242705805
1705 0.7133523444744785
1706 0.7162188212476808
1707 0.7190566332488137
1708 0.7218660671256846
1709 0.7246474066596205
1710 0.7174009320637633
1711 0.7202269229474636
1712 0.7230246539182607
1713 0.7257944075753644
1714 0.7185364629904
1715 0.7113510978614185
1716 0.7142375870812877
1717 0.7170952114050085
1718 0.7199242594816209
1719 0.7127250164064668
1720 0.7055977657716231
1721 0.7085417883064249
1722 0.7114563706120476
1723 0.7114563706120476
1724 0.7114563706120476
1725 0.7143418070908593
1726 0.7143418070908593
1727 0.7171983892012025
1728 0.7200264054868355
1729 0.7128261409841974
1730 0.7156978797511572
1731 0.7156978797511572
1732 0.718540901126929
1733 0.7213554922854947
1734 0.7241419375290951
1735 0.7169005177255456
1736 0.709731512128554
1737 0.7126341971755175
1738 0.7155078553686632
1739 0.7083527764084983
1740 0.7012692482460238
1741 0.6942565553731019
1742 0.6973139899879043
1743 0.6973139899879043
1744 0.7003408502532047
1745 0.7033374419125651
1746 0.7063040676521102
1747 0.7092410271311024
1748 0.71214861701221
1749 0.7150271309914733
1750 0.7178768598279712
1751 0.7106980908645508
1752 0.7135911101015842
1753 0.7164551991433482
1754 0.7192906472918534
1755 0.7120977404674915
1756 0.7149767632020781
1757 0.7078269952276735
1758 0.7107487254139117
1759 0.713641238295531
1760 0.7165048260456327
1761 0.7093397774555809
1762 0.7122463798133931
1763 0.715123916144993
1764 0.7179726771106952
1765 0.7207929504642102
1766 0.7235850210817099
1767 0.726349170990604
1768 0.7190856789692727
1769 0.7118948218743519
1770 0.7147758737766766
1771 0.7076281147415489
1772 0.7105518337145494
1773 0.7134463154954239
1774 0.716311852456141
1775 0.7191487340449492
1776 0.7119572464199823
1777 0.7148376740686014
1778 0.7176892974384893
1779 0.7205124045724779
1780 0.72330728063297
1781 0.7160742075545026
1782 0.7189134655847138
1783 0.7217243310325183
1784 0.7145070874587159
1785 0.7173620166873104
1786 0.7101883962637641
1787 0.7130865124037844
1788 0.7059556470296806
1789 0.7059556470296806
1790 0.7088960906614684
1791 0.7118071298549069
1792 0.71468905865442
1793 0.7075421678271235
1794 0.7104667462463853
1795 0.7033620785493543
1796 0.706328457860819
1797 0.7092651733772398
1798 0.7121725217366053
1799 0.7150507966105235
1800 0.7179002887338861
1801 0.7207212859342348
1802 0.7235140731608349
1803 0.716278932208806
1804 0.71911614297229
1805 0.7219249816264361
1806 0.724705731892372
1807 0.7274586746540127
1808 0.7301840879864336
1809 0.7328822471839592
1810 0.7355534247879695
1811 0.7381978906144301
1812 0.7408159117811467
1813 0.7434077527347462
1814 0.7459736752773888
1815 0.7385139383231724
1816 0.7411287990098461
1817 0.7337175108235962
1818 0.7363803357851313
1819 0.7390165324956627
1820 0.7416263672377279
1821 0.7442101036310387
1822 0.7467680026591093
1823 0.7493003226956179
1824 0.7518073195305058
1825 0.7442892461515952
1826 0.7468463537519043
1827 0.7493778902749798
1828 0.7418841111946534
1829 0.7444652701432598
1830 0.7370206172689252
1831 0.739650411156702
1832 0.7422539071043979
1833 0.7448313680914375
1834 0.7473830544674508
1835 0.7499092239785711
1836 0.7524101317934699
1837 0.7448860303126595
1838 0.7374371698498984
1839 0.740062798207106
1840 0.7426621702796328
1841 0.7452355486303479
1842 0.7477831931964909
1843 0.7503053613159288
1844 0.7528023077531494
1845 0.7528023077531494
1846 0.7552742847249952
1847 0.75772154192614
1848 0.7601443265543103
1849 0.762542883335255
1850 0.7649174545474651
1851 0.7672682800466465
1852 0.7595955971018882
1853 0.7619996411756274
1854 0.7543796446234219
1855 0.7468358480395332
1856 0.7468358480395332
1857 0.7493674896048717
1858 0.7418738145748043
1859 0.7444550764747586
1860 0.7370105255795204
1861 0.7296404201958314
1862 0.7223440158685244
1863 0.7251205757570621
1864 0.7278693700457746
1865 0.7205906762239863
1866 0.7133847693428303
1867 0.716250921696228
1868 0.7190884125251596
1869 0.7190884125251596
1870 0.7218975284448889
1871 0.7246785532045257
1872 0.7274317677156888
1873 0.7301574500808804
1874 0.7328558756215775
1875 0.7355273169060416
1876 0.7381720437768514
1877 0.7307903232289134
1878 0.7334824200364011
1879 0.7361475958750222
1880 0.7287861198096677
1881 0.7314982586504538
1882 0.7341832761020582
1883 0.7368414433783882
1884 0.7394730289812117
1885 0.7320782985895621
1886 0.7247575155038554
1887 0.7275099403859678
1888 0.7302348410185199
1889 0.7329324926440217
1890 0.7329324926440217
1891 0.7329324926440217
1892 0.7356031677525586
1893 0.7282471359796568
1894 0.7309646646547426
1895 0.7336550180423834
1896 0.7363184678954675
1897 0.7289552831248056
1898 0.731665730326978
1899 0.724349072934394
1900 0.7271055822383621
1901 0.7198345263289871
1902 0.7226361810988813
1903 0.7254098193204161
1904 0.7281557211590884
1905 0.7208741638638134
1906 0.7236654222569333
1907 0.7264287680654902
1908 0.7191644803038291
1909 0.7219728355317943
1910 0.7147531070975693
1911 0.7176055760574575
1912 0.7104295202200139
1913 0.7133252250485219
1914 0.7161919728281338
1915 0.7190300531293506
1916 0.7218397526269683
1917 0.7246213551290346
1918 0.7273751416055162
1919 0.7301013902166803
1920 0.7328003763411911
1921 0.7254723725060712
1922 0.7182176487107295
1923 0.7110354721547397
1924 0.7039251173656808
1925 0.6968858661258558
1926 0.6999170074928046
1927 0.7029178374455227
1928 0.7029178374455227
1929 0.6958886590069564
1930 0.6889297723540515
1931 0.6920404746583183
1932 0.6951200699389889
1933 0.6981688692663106
1934 0.7011871805998274
1935 0.7041753088194881
1936 0.6971335556714306
1937 0.7001622201402059
1938 0.703160597963786
1939 0.7061289920086333
1940 0.7090677021125449
1941 0.7119770251149398
1942 0.7148572548868426
1943 0.7177086823605676
1944 0.7205315955591058
1945 0.7233262796252181
1946 0.7260930168502372
1947 0.7288320867025828
1948 0.7315437658559901
1949 0.7342283282174569
1950 0.7368860449549103
1951 0.7295171844514842
1952 0.7322220126265477
1953 0.734899792519471
1954 0.7375507946130833
1955 0.7401752866853851
1956 0.7427735338365972
1957 0.7453457985159376
1958 0.7478923405481323
1959 0.7504134171596597
1960 0.7529092830047333
1961 0.7553801901910243
1962 0.7553801901910243
1963 0.7578263883051274
1964 0.7602481244377707
1965 0.7626456432087754
1966 0.7650191867917637
1967 0.7673689949386223
1968 0.7696953050037183
1969 0.7619983519062438
1970 0.764378368401703
1971 0.7667345847319187
1972 0.769067238898549
1973 0.7713765665232354
1974 0.7736628008714028
1975 0.775926172875822
1976 0.7781669111599355
1977 0.7703852420040819
1978 0.7726813895969686
1979 0.7749545757136692
1980 0.7772050299689506
1981 0.7794329796814321
1982 0.7716386498424639
1983 0.7739222633562662
1984 0.7761830407346871
1985 0.768421210286609
1986 0.7707369981957739
1987 0.7730296282256076
1988 0.7752993319549085
1989 0.7675463385962777
1990 0.7698708752219154
1991 0.7721721664810659
1992 0.7744504448273988
1993 0.7767059403900464
1994 0.7789388809968502
1995 0.7811494921973731
1996 0.7833379972856818
1997 0.7855046173229028
1998 0.7876495711595511
1999 0.7897730754576363
2000 0.7918753447125481
2001 0.7939565912747218
2002 0.7860170253268542
2003 0.7881568550829563
2004 0.7802752864979566
2005 0.782472533642408
2006 0.7846478083152271
2007 0.786801330241134
2008 0.7789333169059554
2009 0.7711439837047808
2010 0.7734325438770743
2011 0.7756982184474589
2012 0.7779412362719575
2013 0.7801618239180326
2014 0.782360205687472
2015 0.7845366036390453
2016 0.7766912375725061
2017 0.7789243252052767
2018 0.7711350819238866
2019 0.7634237310758942
2020 0.7657894937738684
2021 0.768131598844689
2022 0.770450282864631
2023 0.7727457800442068
2024 0.7650183222163632
2025 0.7573681389673435
2026 0.7597944575861025
2027 0.7621965130185062
2028 0.7645745478964214
2029 0.7669288024253963
2030 0.7692595144089234
2031 0.7615669192394093
2032 0.763951250054817
2033 0.7663117375619152
2034 0.7686486201937902
2035 0.7709621339991976
2036 0.7632525126349734
2037 0.7656199875159905
2038 0.7679637876480508
2039 0.7702841497786469
2040 0.7625813082576036
2041 0.7649554951821242
2042 0.7673059402372583
2043 0.7596328808124069
2044 0.7620365520112542
2045 0.7644161864979744
2046 0.7667720246396912
2047 0.7691043043998577
2048 0.7714132613622918
2049 0.7736991287549737
2050 0.7759621374736033
2051 0.768202516077891
2052 0.7605204908965533
2053 0.7629152859939327
2054 0.7552861331139824
2055 0.7577332717891971
2056 0.7601559390775333
2057 0.7525543796674116
2058 0.7525543796674116
2059 0.7450288358517759
2060 0.7475785474996183
2061 0.7501027620308556
2062 0.7526017344166565
2063 0.7550757170784778
2064 0.7575249599135616
2065 0.7599497103201779
2066 0.7623502132226135
2067 0.7647267110959127
2068 0.767079443990369
2069 0.7694086495557729
2070 0.771714563065417
2071 0.7739974174398613
2072 0.7762574432704594
2073 0.7784948688426523
2074 0.7807099201590258
2075 0.78290282096214
2076 0.7750737927358907
2077 0.7773230548132612
2078 0.7795498242697639
2079 0.7717543260110012
2080 0.7740367827555479
2081 0.7662964149123584
2082 0.7586334507479119
2083 0.7510471162254148
2084 0.7535366450680396
2085 0.7560012786221413
2086 0.7484412658213986
2087 0.7509568531679682
2088 0.7534472846409771
2089 0.7559128117991624
2090 0.7483536836672232
2091 0.740870146816881
2092 0.7434614453533983
2093 0.7460268309044573
2094 0.7485665625999142
2095 0.7510808969783268
2096 0.7435700879954963
2097 0.7461343871199513
2098 0.748673043253074
2099 0.7511863128247794
2100 0.7536744497006836
2101 0.7561377052077461
2102 0.7585763281596569
2103 0.7609905648819694
2104 0.7533806592209514
2105 0.7558468526326556
2106 0.7582883841101647
2107 0.7607055002728226
2108 0.763098445273779
2109 0.7654674608246526
2110 0.757812786204854
2111 0.757812786204854
2112 0.7502346583314835
2113 0.7527323117518631
2114 0.745204988623322
2115 0.7477529387407825
2116 0.7502754093569949
2117 0.7527726552669732
2118 0.755244928717781
2119 0.7576924794340116
2120 0.760115554643012
2121 0.7625143990998559
2122 0.7548892550985543
2123 0.7573403625508475
2124 0.7597669589285525
2125 0.7621692893424166
2126 0.7645475964520794
2127 0.766902120490584
2128 0.7692330992886435
2129 0.7715407682986634
2130 0.7738253606185251
2131 0.7660871070027884
2132 0.7684262359356189
2133 0.7707419735790642
2134 0.7630345538340426
2135 0.7654042082985119
2136 0.7677501662182805
2137 0.7700726645587966
2138 0.7723719379158538
2139 0.7746482185392879
2140 0.7669017363451601
2141 0.7669017363451601
2142 0.7692327189843106
2143 0.7715403917970178
2144 0.7638249878706063
2145 0.7661867379944584
2146 0.7585248706062978
2147 0.7609396219027983
2148 0.7633302256862827
2149 0.7656969234318824
2150 0.7580399541896764
2151 0.7504595546400493
2152 0.752954959096168
2153 0.7554254095076756
2154 0.7554254095076756
2155 0.7578711554150188
2156 0.7602924438632406
2157 0.7626895194269327
2158 0.7650626242349419
2159 0.7674119979948255
2160 0.7697378780170658
2161 0.7620404992297245
2162 0.7644200942396219
2163 0.7567758932902462
2164 0.7492081343505033
2165 0.7417160530002938
2166 0.744298892472579
2167 0.7468559035500959
2168 0.73938734450811
2169 0.741993471065269
2170 0.7445735363568121
2171 0.747127800995396
2172 0.749656522987551
2173 0.7421599577514854
2174 0.7447383581760783
2175 0.7472909745963833
2176 0.7472909745963833
2177 0.7498180648524442
2178 0.7523198842059042
2179 0.7523198842059042
2180 0.7547966853657901
2181 0.7547966853657901
2182 0.7572487185140386
2183 0.7496762313230702
2184 0.7421794690041273
2185 0.7447576743160308
2186 0.7473100975747765
2187 0.7498369966008969
2188 0.7523386266367188
2189 0.7548152403721462
2190 0.7472670879630101
2191 0.739794417078073
2192 0.7423964729091218
2193 0.7349725081748631
2194 0.72762278308805
2195 0.7203465552522057
2196 0.7231430897015723
2197 0.7259116588064076
2198 0.7286525422201579
2199 0.7286525422201579
2200 0.7213660167931812
2201 0.7141523566205695
2202 0.707010833049777
2203 0.707010833049777
2204 0.6999407247147836
2205 0.7029413174695247
2206 0.6959119042904487
2207 0.6989527852494204
2208 0.691963257392657
2209 0.695043624820593
2210 0.6980931885742127
2211 0.7011122566902598
2212 0.7011122566902598
2213 0.7041011341251109
2214 0.7041011341251109
2215 0.7070601227855785
2216 0.7099895215594074
2217 0.7028896263397713
2218 0.695860730072412
2219 0.6989021227733849
2220 0.6919131015417903
2221 0.6949939705280572
2222 0.688044030819014
2223 0.6911635905124959
2224 0.6942519546090097
2225 0.6973094350645257
2226 0.7003363407154547
2227 0.6933329773046945
2228 0.6963996475332107
2229 0.6994356510594107
2230 0.7024412945503181
2231 0.6954168816013407
2232 0.6984627127868187
2233 0.7014780856604123
2234 0.7044633048052408
2235 0.6974186717538415
2236 0.6904444850330228
2237 0.6904444850330228
2238 0.6935400401841341
2239 0.6866046397790957
2240 0.6897385933827349
2241 0.6928412074503094
2242 0.6959127953771802
2243 0.698953667424755
2244 0.7019641307518272
2245 0.7049444894456023
2246 0.6978950445481175
2247 0.7009160941039214
2248 0.7039069331641417
2249 0.7068678638337346
2250 0.709799185196607
2251 0.7127011933458268
2252 0.7155741814135307
2253 0.7184184396005344
2254 0.7212342552056454
2255 0.7140219126507582
2256 0.7168816935253619
2257 0.7197128765911974
2258 0.722515747826353
2259 0.7252905903491356
2260 0.7280376844466696
2261 0.7307573076032079
2262 0.7334497345281609
2263 0.7361152371838446
2264 0.7387540848129523
2265 0.7413665439657502
2266 0.7439528785270016
2267 0.7465133497426224
2268 0.7390482162426251
2269 0.7416577340810886
2270 0.734241156737774
2271 0.7368987451712844
2272 0.7295297577171335
2273 0.7222344601375726
2274 0.7250121155370977
2275 0.7277619943826095
2276 0.7277619943826095
2277 0.7304843744396485
2278 0.7331795306961001
2279 0.7358477353899703
2280 0.7384892580368851
2281 0.7411043654573147
2282 0.7336933218005016
2283 0.7263563885803013
2284 0.7290928246953089
2285 0.7218018964462176
2286 0.7245838774825631
2287 0.7273380387085291
2288 0.7300646583222197
2289 0.732764011739758
2290 0.7354363716231056
2291 0.738082007907605
2292 0.7407011878292451
2293 0.7432941759516543
2294 0.7458612341928255
2295 0.7484026218515711
2296 0.7509185956337161
2297 0.7434094096754269
2298 0.7459753155793329
2299 0.7485155624241869
2300 0.7410304067980571
2301 0.7436201027307232
2302 0.7461839017040499
2303 0.7487220626876305
2304 0.751234842061363
2305 0.753722493641346
2306 0.7561852687055174
2307 0.7586234160190354
2308 0.7610371818594068
2309 0.7610371818594068
2310 0.7634268100413634
2311 0.7657925419414893
2312 0.7581346165203451
2313 0.7505532703534467
2314 0.7430477376482509
2315 0.7356172602701402
2316 0.7382610876680124
2317 0.7408784767918943
2318 0.7434696920245262
2319 0.746034995104821
2320 0.7485746451543019
2321 0.7485746451543019
2322 0.7510888987032776
2323 0.7535780097167531
2324 0.7560422296200838
2325 0.7560422296200838
2326 0.7584818073243714
2327 0.7608969892516063
2328 0.7532880193575975
2329 0.7557551391645007
2330 0.7581975877733255
2331 0.7606156118960524
2332 0.7530094557756585
2333 0.7554793612183628
2334 0.7579245676066309
2335 0.7503453219291786
2336 0.7528418687103388
2337 0.7528418687103388
2338 0.7453134500218861
2339 0.7378603155203447
2340 0.7304817123638452
2341 0.7331768952406754
2342 0.7258451262870065
2343 0.7285866750246036
2344 0.7313008082748156
2345 0.7313008082748156
2346 0.7339878001925163
2347 0.736647922191031
2348 0.7292814429679146
2349 0.7319886285386742
2350 0.7346687422537176
2351 0.737322054831602
2352 0.7399488342836991
2353 0.742549345941267
2354 0.7451238524822512
2355 0.7476726139578176
2356 0.7401958878171099
2357 0.7427939289393274
2358 0.7453659896503149
2359 0.7453659896503149
2360 0.7479123297541851
2361 0.7404332064555579
2362 0.7330288743899386
2363 0.7356985856464189
2364 0.7383415997903268
2365 0.7309581837913941
2366 0.7336486019538515
2367 0.7336486019538515
2368 0.7363121159346768
2369 0.7289489947743341
2370 0.7216595048256147
2371 0.7144429097764018
2372 0.7172984806790125
2373 0.7201254958725898
2374 0.7229242409142239
2375 0.7256949985054346
2376 0.7256949985054346
2377 0.7256949985054346
2378 0.7184380485194654
2379 0.721253668034622
2380 0.7240411313546203
2381 0.7168007200401884
2382 0.7196327128401295
2383 0.7124363857108654
2384 0.715312021854098
2385 0.7181589016358916
2386 0.7209773126198605
2387 0.7237675394939832
2388 0.7265298640993584
2389 0.7265298640993584
2390 0.7292645654586735
2391 0.7319719198043892
2392 0.7346522006066418
2393 0.737305678600866
2394 0.7399326218151423
2395 0.7325332955961966
2396 0.7252079626394562
2397 0.7179558830122985
2398 0.7107763241814278
2399 0.7136685609399118
2400 0.716531875330805
2401 0.7093665565767727
2402 0.7122728910112957
2403 0.7051501621004771
2404 0.7080986604797614
2405 0.7110176738752472
2406 0.7139074971367725
2407 0.7067684221647254
2408 0.7097007379433543
2409 0.7126037305641914
2410 0.7054776932578917
2411 0.7084229163255819
2412 0.7113386871625899
2413 0.7142253002912227
2414 0.707083047287677
2415 0.7100122168150573
2416 0.7029120946462897
2417 0.695882973699222
2418 0.6989241439624889
2419 0.701934902523118
2420 0.7049155534981356
2421 0.7078663979633982
2422 0.7078663979633982
2423 0.7107877339840033
2424 0.7136798566443976
2425 0.7165430580781832
2426 0.7193776274976263
2427 0.7221838512228707
2428 0.7221838512228707
2429 0.7249620127108581
2430 0.7277123925839615
2431 0.7304352686583295
2432 0.7331309159719498
2433 0.7357996068124297
2434 0.738441610744501
2435 0.7410571946372476
2436 0.7336466226903375
2437 0.7363101564636255
2438 0.7389470548991767
2439 0.7315575843496648
2440 0.7342420085063551
2441 0.736899588421475
2442 0.7395305925374398
2443 0.7321352866115655
2444 0.734813933745629
2445 0.7274657944076858
2446 0.7301911364637877
2447 0.7328892250993252
2448 0.7355603328485038
2449 0.7282047295195505
2450 0.7209226822238961
2451 0.7237134554018313
2452 0.7264763208479835
2453 0.7292115576396709
2454 0.7319194420634382
2455 0.7246002476423651
2456 0.7273542451661048
2457 0.7300807027146039
2458 0.7327798956876148
2459 0.7354520967308924
2460 0.7380975757637341
2461 0.7407166000062446
2462 0.743309434006327
2463 0.7458763396664057
2464 0.7484175762698807
2465 0.7509334005073184
2466 0.7509334005073184
2467 0.7534240665023788
2468 0.7558898258374859
2469 0.7483309275787134
2470 0.7408476183025369
2471 0.743439142119645
2472 0.7460047506985795
2473 0.748544703191722
2474 0.7510592561599304
2475 0.7435486635979592
2476 0.7461131769621053
2477 0.7486520451926075
2478 0.7511655247408022
2479 0.7436538694930369
2480 0.7436538694930369
2481 0.7462173307982272
2482 0.7487551574903633
2483 0.7512676059155756
2484 0.7537549298565335
2485 0.7462173805576272
2486 0.7487552067521646
2487 0.7512676546847543
2488 0.7437549781375771
2489 0.7437549781375771
2490 0.7463174283563127
2491 0.7388542540724286
2492 0.7414657115318154
2493 0.7340510544161848
2494 0.7367105438721339
2495 0.7293434384331082
2496 0.7320500040488879
2497 0.7347295040085075
2498 0.7373822089685287
2499 0.7400083868789477
2500 0.7426083030102603
2501 0.7451822199802578
2502 0.7477303977805534
2503 0.750253093802844
2504 0.7427505628645323
2505 0.7453230572359832
2506 0.7478698266637176
2507 0.7503911283971728
2508 0.7528872171132917
2509 0.7528872171132917
2510 0.7453583449418885
2511 0.7379047614922047
2512 0.7405257138773748
2513 0.733120456738343
2514 0.7357892521710516
2515 0.7384313596494314
2516 0.7310470460526874
2517 0.7337365755922506
2518 0.7363992098364163
2519 0.7390352177381385
2520 0.741644865560842
2521 0.7442284169053166
2522 0.7367861327360267
2523 0.7394182714087493
2524 0.7320240886944313
2525 0.7247038478072609
2526 0.7274568093292725
2527 0.7301822412360621
2528 0.7228804188234829
2529 0.7256516146353301
2530 0.7283950984890574
2531 0.7211111475039551
2532 0.713900036028708
2533 0.713900036028708
2534 0.7167610356685024
2535 0.7195934253118971
2536 0.7123974910585773
2537 0.7052735161477945
2538 0.7082207809863973
2539 0.7111385731766123
2540 0.7140271874449238
2541 0.7168869155705505
2542 0.7197180464149195
2543 0.7225208659508433
2544 0.7152956572911487
2545 0.7181427007183099
2546 0.7209612737111979
2547 0.7137516609739056
2548 0.7166141443642374
2549 0.7194480029206645
2550 0.7122535228912834
2551 0.7051309876621995
2552 0.6980796777854099
2553 0.7010988810076269
2554 0.7040878921976202
2555 0.7070470132757123
2556 0.709976543143022
2557 0.7128767777116574
2558 0.7157480099346051
2559 0.718590529835322
2560 0.7114046245368112
2561 0.7042905782912886
2562 0.7072476725084393
2563 0.7001751957832043
2564 0.7031734438254355
2565 0.7061417093872431
2566 0.6990802922932248
2567 0.6920894893701496
2568 0.6951685944765105
2569 0.6982169085318064
2570 0.7012347394465481
2571 0.7042223920521413
2572 0.697180168131483
2573 0.697180168131483
2574 0.7002083664502264
2575 0.6932062827855907
2576 0.6962742199577927
2577 0.6993114777582715
2578 0.7023183629807445
2579 0.7052951793509915
2580 0.708242227557535
2581 0.7011598052818325
2582 0.6941482072288897
2583 0.6872067251564787
2584 0.6803346579047944
2585 0.6835313113258015
2586 0.6866959982125974
2587 0.6898290382305243
2588 0.6829307478481037
2589 0.6829307478481037
2590 0.6861014403696752
2591 0.6892404259660299
2592 0.6923480217064201
2593 0.6854245414892446
2594 0.6885702960744022
2595 0.6916845931137072
2596 0.6947677471826182
2597 0.6978200697108391
2598 0.7008418690137768
2599 0.7038334503236843
2600 0.696795115820342
2601 0.6998271646621835
2602 0.692828893015459
2603 0.6859006040852037
2604 0.6890415980443968
2605 0.6921511820639971
2606 0.6952296702434004
2607 0.6882773735408695
2608 0.6913945998055038
2609 0.6844806538073542
2610 0.6844806538073542
2611 0.6876358472693235
2612 0.6876358472693235
2613 0.690759488796672
2614 0.6938518939087465
2615 0.6969133749696993
2616 0.6899442412199115
2617 0.6930447988077524
2618 0.6930447988077524
2619 0.6861143508195866
2620 0.6892532073114304
2621 0.6923606752383549
2622 0.6954370684860094
2623 0.6984826978011867
2624 0.7014978708232114
2625 0.7044828921150151
2626 0.7074380631939001
2627 0.7103636825619956
2628 0.7132600457364093
2629 0.7161274452790783
2630 0.7161274452790783
2631 0.7089661708262058
2632 0.7018765091178636
2633 0.7018765091178636
2634 0.7048577440267183
2635 0.7078091665864837
2636 0.710731074920651
2637 0.710731074920651
2638 0.710731074920651
2639 0.7136237641714759
2640 0.716487526529792
2641 0.7193226512645242
2642 0.7221294247519086
2643 0.7249081305044184
2644 0.7276590491994026
2645 0.7303824587074365
2646 0.7330786341203893
2647 0.7357478477792122
2648 0.7383903693014462
2649 0.7410064656084574
2650 0.743596400952398
2651 0.7361604369428024
2652 0.7387988325733996
2653 0.7414108442476902
2654 0.7439967358052374
2655 0.7465567684472088
2656 0.7490912007627598
2657 0.7516002887551549
2658 0.7540842858676258
2659 0.7465434430088824
2660 0.739078008578728
2661 0.7416872284929634
2662 0.7342703562079699
2663 0.7369276526459129
2664 0.7295583761193916
2665 0.7322627923582203
2666 0.7249401644345774
2667 0.7276907627902544
2668 0.7204138551622928
2669 0.7232097166106923
2670 0.7259776194446074
2671 0.728717843250183
2672 0.7314306648177021
2673 0.7241163581694686
2674 0.7168751945877186
2675 0.7197064426418629
2676 0.7225093782154652
2677 0.725284284433331
2678 0.728031441589018
2679 0.7307511271731475
2680 0.7334436159014355
2681 0.7361091797424401
2682 0.7387480879450343
2683 0.7413606070656021
2684 0.7413606070656021
2685 0.743947000994964
2686 0.746507530985032
2687 0.7490424556751988
2688 0.7515520311184636
2689 0.7540365108072954
2690 0.7564961456992385
2691 0.758931184242262
2692 0.761341872399855
2693 0.7637284536758716
2694 0.7660911691391279
2695 0.7684302574477512
2696 0.760745954873226
2697 0.7631384953245085
2698 0.7655071103712777
2699 0.757852039267519
2700 0.7502735188747989
2701 0.7427707836860067
2702 0.7353430758491034
2703 0.7379896450906276
2704 0.7306097486396792
2705 0.7333036511532975
2706 0.7359706146417796
2707 0.7386109084953765
2708 0.741224799410437
2709 0.7338125514162924
2710 0.7364744259021437
2711 0.7391096816431363
2712 0.7417185848267187
2713 0.7443013989784649
2714 0.7468583849886935
2715 0.7493898011388196
2716 0.751895903127444
2717 0.7543769440961821
2718 0.7568331746552325
2719 0.7592648429086921
2720 0.7516721944795683
2721 0.7441554725347365
2722 0.7467139178094013
2723 0.7492467786313192
2724 0.7517543108450176
2725 0.754236767736579
2726 0.7566944000592245
2727 0.7591274560586433
2728 0.7515361814980227
2729 0.7540208196830535
2730 0.7464806114861898
2731 0.749015805371339
2732 0.7515256473176365
2733 0.7540103908444707
2734 0.7564702869360365
2735 0.7589055840666863
2736 0.7613165282260295
2737 0.7637033629437789
2738 0.7660663293143508
2739 0.7684056660212167
2740 0.7607216093609742
2741 0.7631143932673737
2742 0.7631143932673737
2743 0.7554832493346703
2744 0.7579284168413329
2745 0.7603491326729289
2746 0.7527456413461707
2747 0.7552181849327183
2748 0.7576660030834003
2749 0.760089343052575
2750 0.7624884496220581
2751 0.7648635651258461
2752 0.7572149294745605
2753 0.7596427801798235
2754 0.7620463523780335
2755 0.7644258888542614
2756 0.7567816299656928
2757 0.7592138136660441
2758 0.7516216755293582
2759 0.754105458774073
2760 0.7565644041863403
2761 0.7565644041863403
2762 0.7489987601444522
2763 0.7515087725430157
2764 0.7539936848175935
2765 0.7464537479693939
2766 0.7464537479693939
2767 0.7489892104897079
2768 0.7514993183848185
2769 0.753984325200978
2770 0.7564444819489757
2771 0.7588800371294933
2772 0.7612912367582055
2773 0.7636783243906304
2774 0.7660415411467311
2775 0.7683811257352704
2776 0.7706973144779243
2777 0.7729903413331515
2778 0.7752604379198264
2779 0.7675078335406065
2780 0.7698327552052067
2781 0.7721344276531609
2782 0.7744130833766354
2783 0.776668952542875
2784 0.7689022630174257
2785 0.7712132403872575
2786 0.7735011079833909
2787 0.7757660969035628
2788 0.7780084359345328
2789 0.7702283515751681
2790 0.7725260680594221
2791 0.7748008073788336
2792 0.7670527993050265
2793 0.7693822713119818
2794 0.7716884485988674
2795 0.7739715641128841
2796 0.7762318484717605
2797 0.7784695299870482
2798 0.7806848346871827
2799 0.7728779863402931
2800 0.7751492064768953
2801 0.7773977144121313
2802 0.7796237372680149
2803 0.7818274998953394
2804 0.7740092248963693
2805 0.7762691326474105
2806 0.7785064413209412
2807 0.7707213769077156
2808 0.7730141631386431
2809 0.7652840215072408
2810 0.7676311812921731
2811 0.7699548694792561
2812 0.7722553207844681
2813 0.7745327675766279
2814 0.7667874399008465
2815 0.7591195655018232
2816 0.7591195655018232
2817 0.7615283698468096
2818 0.7539130861483272
2819 0.7563739552868485
2820 0.7588102157339843
2821 0.7612221135766489
2822 0.7636098924408867
2823 0.7659737935164821
2824 0.7683140555813215
2825 0.7706309150255124
2826 0.7729246058752614
2827 0.7651953598164953
2828 0.7675434062183344
2829 0.759867972156138
2830 0.752269292434564
2831 0.7547465995102223
2832 0.7471991335151076
2833 0.7397271421799444
2834 0.7423298707581492
2835 0.7449065720505718
2836 0.74745750633007
2837 0.7499829312667734
2838 0.7524831019541094
2839 0.7549582709345721
2840 0.7574086882252301
2841 0.7498346013429663
2842 0.7498346013429663
2843 0.7423362553295255
2844 0.7349128927762194
2845 0.7275637638484466
2846 0.7302881262099661
2847 0.7329852449478702
2848 0.7356553924983953
2849 0.7382988385734149
2850 0.7409158501876846
2851 0.7435066916858114
2852 0.7460716247689568
2853 0.7486109085212707
2854 0.7511247994360614
2855 0.753613551441704
2856 0.7560774159272902
2857 0.7585166417680205
2858 0.7609314753503433
2859 0.7533221605968303
2860 0.7557889389908651
2861 0.7482310496009471
2862 0.7507487391049407
2863 0.7532412517138943
2864 0.7457088391967464
2865 0.7482517508047818
2866 0.750769233296737
2867 0.7532615409637724
2868 0.7557289255541376
2869 0.758171636298599
2870 0.7605899199356158
2871 0.752984020736251
2872 0.7554541805288911
2873 0.757899638723605
2874 0.7603206423363715
2875 0.7627174359130106
2876 0.7650902615538828
2877 0.7674393589383465
2878 0.759764965348955
2879 0.7621673156954679
2880 0.7645456425385156
2881 0.7645456425385156
2882 0.7669001861131329
2883 0.7692311842520041
2884 0.7615388724094764
2885 0.763923483685384
2886 0.7662842488485324
2887 0.7686214063600494
2888 0.7609351922964415
2889 0.7633258403734794
2890 0.7656925819697468
2891 0.7680356561500514
2892 0.760355299588544
2893 0.7627517465926608
2894 0.7651242291267363
2895 0.7574729868354622
2896 0.7598982569671097
2897 0.7622992743974407
2898 0.7646762816534683
2899 0.7670295188369356
2900 0.7693592236485682
2901 0.7716656314120844
2902 0.7739489750979656
2903 0.7762094853469877
2904 0.7784473904935196
2905 0.7806629165885862
2906 0.7828562874227021
2907 0.7850277245484768
2908 0.7871774473029937
2909 0.7893056728299653
2910 0.7914126161016674
2911 0.7934984899406523
2912 0.7955635050412474
2913 0.7976078699908364
2914 0.7996317912909296
2915 0.8016354733780218
2916 0.803619118644243
2917 0.8055829274578018
2918 0.8075270981832253
2919 0.8094518272013943
2920 0.8113573089293816
2921 0.8132437358400891
2922 0.8051112984816827
2923 0.8070601854968671
2924 0.8089895836418998
2925 0.8108996878054819
2926 0.8127906909274284
2927 0.8146627840181553
2928 0.8065161561779686
2929 0.7984509946161839
2930 0.8004664846700233
2931 0.8024618198233243
2932 0.7944372016250861
2933 0.7864928296088304
2934 0.7886279013127434
2935 0.7907416222996172
2936 0.7828342060766164
2937 0.7850058640158515
2938 0.7871558053756942
2939 0.7792842473219328
2940 0.7814914048487147
2941 0.7736764908002233
2942 0.7759397258922224
2943 0.7781803286333014
2944 0.7803985253469696
2945 0.7725945400934957
2946 0.7648685946925566
2947 0.7648685946925566
2948 0.7572199087456272
2949 0.7496477096581668
2950 0.7521512325615864
2951 0.7546297202359719
2952 0.7570834230336134
2953 0.7595125888032783
2954 0.7619174629152469
2955 0.7642982882860956
2956 0.7666553054032358
2957 0.7689887523492046
2958 0.7712988648257136
2959 0.7735858761774576
2960 0.775850017415684
2961 0.7780915172415283
2962 0.7703106020691094
2963 0.7726074960484193
2964 0.7748814210879361
2965 0.7771326068770578
2966 0.7793612808082883
2967 0.7815676680002064
2968 0.7837519913202051
2969 0.7859144714070041
2970 0.788055326692935
2971 0.7901747734260065
2972 0.7922730256917474
2973 0.7943502954348308
2974 0.7964067924804834
2975 0.7984427245556794
2976 0.8004582973101234
2977 0.8024537143370231
2978 0.8044291771936536
2979 0.8063848854217178
2980 0.8083210365675013
2981 0.810237826201827
2982 0.8121354479398095
2983 0.8040140934604084
2984 0.7959739525258014
2985 0.798014213000544
2986 0.798014213000544
2987 0.7900340708705356
2988 0.7921337301618311
2989 0.7942123928602134
2990 0.796270268931612
2991 0.7983075662422965
2992 0.7903244905798709
2993 0.7924212456740728
2994 0.7944970332173328
2995 0.79655206288516
2996 0.7985865422563091
2997 0.8006006768337467
2998 0.7925946700654066
2999 0.7946687233647531
3000 0.7967220361311064
3001 0.7887548157697928
3002 0.7908672676120955
3003 0.7929585949359752
3004 0.7950290089866161
3005 0.7970787188967506
3006 0.7991079317077837
3007 0.7911168523907035
3008 0.7832056838667941
3009 0.7853736270281267
3010 0.7875198907578461
3011 0.7896446918502683
3012 0.7917482449317662
3013 0.7938307624824491
3014 0.7958924548576253
3015 0.7979335303090496
3016 0.7899541950059569
3017 0.7920546530558978
3018 0.7941341065253393
3019 0.7961927654600864
3020 0.7982308378054861
3021 0.8002485294274319
3022 0.802246044133158
3023 0.804223583691827
3024 0.7961813478549067
3025 0.7982195343763581
3026 0.8002373390325951
3027 0.7922349656422671
3028 0.7943126159858449
3029 0.7863694898259845
3030 0.7885057949277251
3031 0.780620736978446
3032 0.7828145296086622
3033 0.784986384312576
3034 0.7871365204694506
3035 0.7892651552647566
3036 0.7813725037121072
3037 0.7835587786749866
3038 0.775723190888235
3039 0.7779659589793532
3040 0.7701862993895581
3041 0.772484436395663
3042 0.7747595920317067
3043 0.7770119961113902
3044 0.7792418761502768
3045 0.7814494573887745
3046 0.7836349628148872
3047 0.7836349628148872
3048 0.7857986131867387
3049 0.7879406270548717
3050 0.7900612207843233
3051 0.7921606085764805
3052 0.7942390024907162
3053 0.7862966124658075
3054 0.7884336463411499
3055 0.7805493098777369
3056 0.772743816778958
3057 0.765016378611167
3058 0.7673662148250558
3059 0.7696925526768056
3060 0.771995627150038
3061 0.7642756708785363
3062 0.7642756708785363
3063 0.7666329141697513
3064 0.7689665850280543
3065 0.7712769191777741
3066 0.763564149985995
3067 0.7659285084861354
3068 0.7682692234012742
3069 0.770586531167262
3070 0.7728806658555898
3071 0.7651518591970327
3072 0.7675003406050628
3073 0.7675003406050628
3074 0.7598253371990109
3075 0.7622270838270212
3076 0.7646048129887514
3077 0.7669587648588642
3078 0.7692891772102759
3079 0.7715962854381736
3080 0.7738803225837922
3081 0.7761415193579546
3082 0.7783801041643755
3083 0.780596303122732
3084 0.782790340091505
3085 0.7849624366905903
3086 0.7871128123236847
3087 0.7892416842004482
3088 0.7913492673584439
3089 0.7934357746848598
3090 0.7955014169380115
3091 0.7875464027686303
3092 0.7896709387409444
3093 0.7917742293535353
3094 0.7938564870600001
3095 0.7959179221894004
3096 0.7979587429675066
3097 0.7999791555378317
3098 0.7999791555378317
3099 0.7919793639824524
3100 0.7940595703426282
3101 0.7961189746392022
3102 0.7881577848928093
3103 0.7802762070438802
3104 0.7824734449734417
3105 0.7846487105237077
3106 0.786802223418471
3107 0.7889342011842865
3108 0.7810448591724426
3109 0.7732344105807174
3110 0.7655020664749094
3111 0.7678470458101605
3112 0.7601685753520581
3113 0.7525668895985366
3114 0.7450412207025505
3115 0.7375908084955242
3116 0.7402149004105691
3117 0.7428127514064637
3118 0.7453846238923995
3119 0.7379307776534747
3120 0.7405514698769402
3121 0.7431459551781711
3122 0.7457144956263897
3123 0.748257350670126
3124 0.748257350670126
3125 0.7507747771634249
3126 0.7532670293917908
3127 0.7557343590978731
3128 0.7481770155068936
3129 0.750695245351825
3130 0.753188292898307
3131 0.7456564099693233
3132 0.7481998458696303
3133 0.7507178474109343
3134 0.7532106689368252
3135 0.7556785622474571
3136 0.7581217766249827
3137 0.7605405588587331
3138 0.7529351532701452
3139 0.7554058017374439
3140 0.7578517437200696
3141 0.7602732262828691
3142 0.7626704940200405
3143 0.7650437890798403
3144 0.767393351189042
3145 0.7697194176771517
3146 0.7720222235003804
3147 0.7743020012653768
3148 0.7765589812527234
3149 0.7687933914401957
3150 0.7711054575257938
3151 0.7733944029505361
3152 0.7733944029505361
3153 0.775660458921031
3154 0.7779038543318207
3155 0.770124815788502
3156 0.7724235676306171
3157 0.7746993319543111
3158 0.7769523386347681
3159 0.7791828152484206
3160 0.7713909870959359
3161 0.7736770772249766
3162 0.7659403064527263
3163 0.7682809033881991
3164 0.7605980943543166
3165 0.7629921134107736
3166 0.7553621922766655
3167 0.7578085703538989
3168 0.7602304846503602
3169 0.7626281798038569
3170 0.7650018980058185
3171 0.7673518790257604
3172 0.7596783602355024
3173 0.752081576633147
3174 0.7545607608668157
3175 0.7570151532581477
3176 0.7494450017255657
3177 0.7519505517083103
3178 0.7444310461912268
3179 0.7469867357293147
3180 0.7495168683720216
3181 0.7520216996883015
3182 0.744501482691418
3183 0.7470564678645041
3184 0.749585903185859
3185 0.7520900441540006
3186 0.7445691437124602
3187 0.7471234522753356
3188 0.7496522177525823
3189 0.7521556955750566
3190 0.7546341386193062
3191 0.7470877972331128
3192 0.7496169192607818
3193 0.7521207500681741
3194 0.7445995425674921
3195 0.7471535471418173
3196 0.7496820116703993
3197 0.742185191553695
3198 0.7447633396381582
3199 0.7473157062417768
3200 0.7498425491793592
3201 0.7523441236875659
3202 0.7548206824506902
3203 0.7572724756261835
3204 0.7596997508699218
3205 0.7621027533612227
3206 0.7544817258276101
3207 0.7469369085693337
3208 0.7494675394836405
3209 0.7519728640888043
3210 0.7544531354479164
3211 0.7569086040934373
3212 0.759339518052503
3213 0.761746122871978
3214 0.7641286616432583
3215 0.7664873750268258
3216 0.7688225012765576
3217 0.771134276263792
3218 0.7734229335011542
3219 0.7756887041661428
3220 0.7756887041661428
3221 0.7779318171244813
3222 0.7801524989532366
3223 0.7823509739637041
3224 0.7845274642240672
3225 0.7866821895818266
3226 0.7888153676860085
3227 0.7909272140091484
3228 0.7909272140091484
3229 0.7830179418690568
3230 0.775187762450366
3231 0.7774358848258625
3232 0.779661525977604
3233 0.781864910717828
3234 0.7840462616106499
3235 0.7762057989945431
3236 0.7684437410045974
3237 0.7707593035945516
3238 0.7730517105586061
3239 0.7753211934530202
3240 0.77756798151849
3241 0.7797923017033054
3242 0.7819943786862724
3243 0.7841744348994097
3244 0.7863326905504158
3245 0.7784693636449113
3246 0.7806846700084623
3247 0.7728778233083774
3248 0.7751490450752938
3249 0.777397554624541
3250 0.7796235790782956
3251 0.7718273432875125
3252 0.7741090698546375
3253 0.7763679791560911
3254 0.7786042993645304
3255 0.7808182563708851
3256 0.773010073807176
3257 0.7752799730691043
3258 0.7775271733384133
3259 0.7797519016050292
3260 0.7819543825889789
3261 0.7741348387630888
3262 0.7763934903754579
3263 0.7786295554717033
3264 0.7808432599169863
3265 0.7830348273178165
3266 0.7752044790446382
3267 0.7774524342541919
3268 0.77967790991165
3269 0.7718811308125333
3270 0.774162319504408
3271 0.776420696309364
3272 0.7786564893462703
3273 0.7808699244528077
3274 0.7830612252082797
3275 0.7852306129561969
3276 0.787378306826635
3277 0.7895045237583687
3278 0.7916094785207851
3279 0.7936933837355773
3280 0.7957564498982217
3281 0.7977988853992396
3282 0.7898208965452471
3283 0.7919226875797947
3284 0.7940034607039967
3285 0.7960634260969569
3286 0.7981027918359874
3287 0.8001217639176277
3288 0.8021205462784514
3289 0.804099340815667
3290 0.8060583474075105
3291 0.8079977639334354
3292 0.8099177862941012
3293 0.8118186084311603
3294 0.8137004223468488
3295 0.8055634181233803
3296 0.8055634181233803
3297 0.7975077839421463
3298 0.7895327061027246
3299 0.7916373790416975
3300 0.7937210052512805
3301 0.7957837951987679
3302 0.7978259572467802
3303 0.7998476976743123
3304 0.8018492206975694
3305 0.8038307284905936
3306 0.8057924212056877
3307 0.8077344969936309
3308 0.8096571520236946
3309 0.8015605805034576
3310 0.7935449746984229
3311 0.7956095249514387
3312 0.7976534297019243
3313 0.7896768954049049
3314 0.7917801264508559
3315 0.7938623251863474
3316 0.7959237019344839
3317 0.7979644649151392
3318 0.7999848202659878
3319 0.7919849720633279
3320 0.7840651223426944
3321 0.7862244711192675
3322 0.7883622264080749
3323 0.7904786041439941
3324 0.782573818102554
3325 0.7847480799215285
3326 0.7769005991223131
3327 0.77913159313109
3328 0.7813402771997792
3329 0.7835268744277814
3330 0.7856916056835036
3331 0.7778346896266684
3332 0.7800563427304017
3333 0.7822557793030978
3334 0.7844332215100668
3335 0.7865888892949662
3336 0.7887230004020165
3337 0.7887230004020165
3338 0.7908357703979964
3339 0.7929274126940163
3340 0.784998138567076
3341 0.7871481571814053
3342 0.7892766756095914
3343 0.7892766756095914
3344 0.7913839088534954
3345 0.7934700697649604
3346 0.7855353690673107
3347 0.7876800153766376
3348 0.7898032152228712
3349 0.7919051830706426
3350 0.783986131239936
3351 0.7861462699275366
3352 0.7882848072282612
3353 0.7904019591559787
3354 0.7924979395644188
3355 0.7845729601687745
3356 0.7867272305670868
3357 0.7788599582614159
3358 0.7810713586788016
3359 0.7732606450920136
3360 0.7755280386410934
3361 0.7777727582546825
3362 0.7799950306721357
3363 0.7821950803654143
3364 0.7843731295617601
3365 0.7865293982661424
3366 0.788664104283481
3367 0.7907774632406462
3368 0.7928696886082397
3369 0.7949409917221573
3370 0.7969915818049356
3371 0.7990216659868862
3372 0.8010314493270172
3373 0.8030211348337469
3374 0.7949909234854093
3375 0.7970410142505553
3376 0.7990706041080496
3377 0.7990706041080496
3378 0.8010798980669691
3379 0.8030690990862994
3380 0.8050384080954365
3381 0.8069880240144822
3382 0.8089181437743375
3383 0.8108289623365942
3384 0.8127206727132283
3385 0.814593465986096
3386 0.806447531326235
3387 0.8083830560129728
3388 0.8083830560129728
3389 0.8083830560129728
3390 0.8102992254528432
3391 0.8121962331983148
3392 0.8140742708663317
3393 0.8159335281576684
3394 0.8077741928760918
3395 0.809696450947331
3396 0.8115994864378577
3397 0.8034834915734791
3398 0.8054486566577443
3399 0.7973941700911669
3400 0.7994202283902553
3401 0.8014260261063528
3402 0.8034117658452894
3403 0.8053776481868365
3404 0.8073238717049682
3405 0.8092506329879186
3406 0.8011581266580394
3407 0.803146545391459
3408 0.8051150799375445
3409 0.8070639291381692
3410 0.8089932898467875
3411 0.8009033569483196
3412 0.8028943233788365
3413 0.8048653801450482
3414 0.8068167263435977
3415 0.8087485590801617
3416 0.8106610734893602
3417 0.8125544627544666
3418 0.804428918126922
3419 0.8063846289456528
3420 0.8063846289456528
3421 0.8083207826561963
3422 0.8102375748296344
3423 0.8121351990813381
3424 0.8140138470905247
3425 0.8158737086196195
3426 0.8177149715334233
3427 0.8195378218180892
3428 0.8213424435999083
3429 0.8231290191639092
3430 0.8248977289722703
3431 0.8166487516825476
3432 0.8084822641657222
3433 0.810397441524065
3434 0.8022934671088244
3435 0.8042705324377362
3436 0.8062278271133589
3437 0.8081655488422255
3438 0.8100838933538032
3439 0.8119830544202653
3440 0.8138632238760628
3441 0.8057245916373021
3442 0.8076673457209291
3443 0.7995906722637198
3444 0.8015947655410827
3445 0.8035788178856719
3446 0.8055430297068152
3447 0.8074875994097471
3448 0.8094127234156497
3449 0.8113185961814933
3450 0.8132054102196783
3451 0.8150733561174817
3452 0.8169226225563069
3453 0.8187533963307438
3454 0.8205658623674366
3455 0.8205658623674366
3456 0.8123602037437622
3457 0.8142366017063247
3458 0.8160942356892615
3459 0.8179332933323691
3460 0.8197539603990455
3461 0.8115564207950551
3462 0.8134408565871046
3463 0.8153064480212338
3464 0.8171533835410214
3465 0.8171533835410214
3466 0.8189818497056113
3467 0.8207920312085553
3468 0.8225841108964697
3469 0.8243582697875051
3470 0.8261146870896302
3471 0.8278535402187339
3472 0.8295750048165467
3473 0.8212792547683812
3474 0.8230664622206975
3475 0.8148357975984905
3476 0.8066874396225054
3477 0.7986205652262804
3478 0.7906343595740177
3479 0.7927280159782776
3480 0.7948007358184949
3481 0.7968527284603101
3482 0.798884201175707
3483 0.80089535916395
3484 0.8028864055723106
3485 0.8048575415165875
3486 0.8068089661014217
3487 0.8087408764404076
3488 0.8006534676760035
3489 0.8026469329992436
3490 0.8046204636692512
3491 0.7965742590325586
3492 0.7886085164422331
3493 0.7907224312778108
3494 0.7928152069650328
3495 0.7948870548953826
3496 0.7969381843464287
3497 0.7989688025029645
3498 0.790979114477935
3499 0.7930693233331556
3500 0.7951386300998241
3501 0.797187243798826
3502 0.7992153713608379
3503 0.7912232176472295
3504 0.7933109854707572
3505 0.7933109854707572
3506 0.7953778756160497
3507 0.7874240968598892
3508 0.7795498558912903
3509 0.7817543573323774
3510 0.7839368137590538
3511 0.7760974456214632
3512 0.7783364711652486
3513 0.7805531064535962
3514 0.7827475753890603
3515 0.7849200996351697
3516 0.7870708986388182
3517 0.7892001896524301
3518 0.7813081877559058
3519 0.7834951058783468
3520 0.7856601548195634
3521 0.7878035532713679
3522 0.7899255177386544
3523 0.7820262625612677
3524 0.7842059999356552
3525 0.7863639399362987
3526 0.7785003005369356
3527 0.7807152975315663
3528 0.7729081445562507
3529 0.7751790631106883
3530 0.7774272724795815
3531 0.7696529997547857
3532 0.771956469757238
3533 0.7742369050596657
3534 0.776494536009069
3535 0.7787295906489784
3536 0.7809422947424886
3537 0.7831328717950637
3538 0.7853015430771131
3539 0.787448527646342
3540 0.7895740423698787
3541 0.7916783019461799
3542 0.7937615189267182
3543 0.795823903737451
3544 0.7978656647000767
3545 0.7898870080530759
3546 0.7919881379725452
3547 0.7940682565928199
3548 0.7861275740268917
3549 0.7882662982866228
3550 0.7803836353037565
3551 0.782579798950719
3552 0.7747540009612119
3553 0.7770064609515999
3554 0.779236396342084
3555 0.7814440323786631
3556 0.7736295920548765
3557 0.7758932961343278
3558 0.7781343631729845
3559 0.7703530195412546
3560 0.7703530195412546
3561 0.7726494893458421
3562 0.7749229944523838
3563 0.7749229944523838
3564 0.7671737645078599
3565 0.7595020268627812
3566 0.7619070065941536
3567 0.7642879365282121
3568 0.7666450571629301
3569 0.7589786065913008
3570 0.7613888205253878
3571 0.763774932320134
3572 0.7561371829969327
3573 0.7485758111669634
3574 0.7410900530552937
3575 0.7436791525247408
3576 0.7462423609994936
3577 0.7487799373894987
3578 0.7487799373894987
3579 0.7512921380156037
3580 0.7537792166354477
3581 0.7562414244690934
3582 0.7586790102244025
3583 0.7510922201221585
3584 0.743581297920937
3585 0.7461454849417277
3586 0.7486840300923105
3587 0.7411971897913875
3588 0.7337852178934736
3589 0.7264473657145388
3590 0.7191828920573935
3591 0.7219910631368196
3592 0.7247711525054514
3593 0.7275234409803971
3594 0.7302482065705932
3595 0.7329457245048873
3596 0.7256162672598384
3597 0.72836010458724
3598 0.7210765035413675
3599 0.7238657385059539
3600 0.7266270811208945
3601 0.7293608103096855
3602 0.7320672022065886
3603 0.7247465301845228
3604 0.7274990648826777
3605 0.7202240742338508
3606 0.7130218334915124
3607 0.7058916151565972
3608 0.7088326990050313
3609 0.7117443720149811
3610 0.7146269282948313
3611 0.7146269282948313
3612 0.7174806590118832
3613 0.7203058524217644
3614 0.7231027938975467
3615 0.7158717659585713
3616 0.7187130482989856
3617 0.7115259178159958
3618 0.7144106586378359
3619 0.7072665520514575
3620 0.7101938865309431
3621 0.7130919476656337
3622 0.7159610281889773
3623 0.7088014179070876
3624 0.7117134037280167
3625 0.7145962696907366
3626 0.7074503069938293
3627 0.7074503069938293
3628 0.7103758039238911
3629 0.7132720458846523
3630 0.7161393254258058
3631 0.7089779321715478
3632 0.7018881528498323
3633 0.7048692713213339
3634 0.7078205786081206
3635 0.7107423728220394
3636 0.7136349490938191
3637 0.716498599602881
3638 0.7193336136068523
3639 0.7121402774707838
3640 0.715018874696076
3641 0.7178686859491152
3642 0.7206899990896242
3643 0.723483099098728
3644 0.7262482681077408
3645 0.7289857854266634
3646 0.7216959275723968
3647 0.7216959275723968
3648 0.7144789682966727
3649 0.717334178613706
3650 0.720160836827569
3651 0.720160836827569
3652 0.7229592284592935
3653 0.7257296361747007
3654 0.7184723398129537
3655 0.7212876164148242
3656 0.714074740250676
3657 0.7169339928481694
3658 0.7197646529196877
3659 0.7225670063904909
3660 0.7153413363265859
3661 0.7081879229633201
3662 0.711106043733687
3663 0.7139949832963502
3664 0.7168550334633867
3665 0.719686483128753
3666 0.7224896182974655
3667 0.7224896182974655
3668 0.725264722114491
3669 0.7280120748933461
3670 0.7280120748933461
3671 0.7307319541444127
3672 0.7234246346029686
3673 0.726190388256939
3674 0.7289284843743696
3675 0.7316391995306261
3676 0.7343228075353199
3677 0.7369795794599666
3678 0.7296097836653671
3679 0.7323136858287134
3680 0.7349905489704263
3681 0.7376406434807221
3682 0.7302642370459149
3683 0.7329615946754557
3684 0.7356319787287013
3685 0.7382756589414144
3686 0.7408929023520004
3687 0.7434839733284805
