0 0.7304772234273319
1 0.7304772234273319
2 0.7304772234273319
3 0.7304772234273319
4 0.7304772234273319
5 0.7304772234273319
6 0.7304772234273319
7 0.7304772234273319
8 0.7304772234273319
9 0.7304772234273319
10 0.7304772234273319
11 0.7304772234273319
12 0.7304772234273319
13 0.7304772234273319
14 0.7304772234273319
15 0.7304772234273319
16 0.7304772234273319
17 0.7304772234273319
18 0.7304772234273319
19 0.7321041214750542
20 0.7321041214750542
21 0.7321041214750542
22 0.7321041214750542
23 0.7321041214750542
24 0.7321041214750542
25 0.7321041214750542
26 0.7321041214750542
27 0.7321041214750542
28 0.7321041214750542
29 0.7321041214750542
30 0.7321041214750542
31 0.7321041214750542
32 0.732646420824295
33 0.732646420824295
34 0.732646420824295
35 0.732646420824295
36 0.732646420824295
37 0.732646420824295
38 0.732646420824295
39 0.732646420824295
40 0.732646420824295
41 0.732646420824295
42 0.732646420824295
43 0.732646420824295
44 0.732646420824295
45 0.732646420824295
46 0.732646420824295
47 0.732646420824295
48 0.732646420824295
49 0.732646420824295
50 0.732646420824295
51 0.732646420824295
52 0.732646420824295
53 0.732646420824295
54 0.732646420824295
55 0.732646420824295
56 0.732646420824295
57 0.732646420824295
58 0.732646420824295
59 0.732646420824295
60 0.732646420824295
61 0.732646420824295
62 0.732646420824295
63 0.732646420824295
64 0.732646420824295
65 0.732646420824295
66 0.732646420824295
67 0.732646420824295
68 0.732646420824295
69 0.732646420824295
70 0.732646420824295
71 0.732646420824295
72 0.732646420824295
73 0.732646420824295
74 0.732646420824295
75 0.732646420824295
76 0.732646420824295
77 0.732646420824295
78 0.732646420824295
79 0.732646420824295
80 0.732646420824295
81 0.732646420824295
82 0.732646420824295
83 0.732646420824295
84 0.732646420824295
85 0.732646420824295
86 0.732646420824295
87 0.732646420824295
88 0.732646420824295
89 0.732646420824295
90 0.732646420824295
91 0.732646420824295
92 0.732646420824295
93 0.732646420824295
94 0.732646420824295
95 0.732646420824295
96 0.732646420824295
97 0.732646420824295
98 0.732646420824295
99 0.732646420824295
100 0.732646420824295
101 0.732646420824295
102 0.7315618221258134
103 0.7315618221258134
104 0.7315618221258134
105 0.7315618221258134
106 0.7315618221258134
107 0.7315618221258134
108 0.7315618221258134
109 0.7315618221258134
110 0.7315618221258134
111 0.7315618221258134
112 0.7315618221258134
113 0.7315618221258134
114 0.7315618221258134
115 0.7315618221258134
116 0.7315618221258134
117 0.7315618221258134
118 0.7315618221258134
119 0.7315618221258134
120 0.7315618221258134
121 0.7315618221258134
122 0.7315618221258134
123 0.7315618221258134
124 0.7315618221258134
125 0.7315618221258134
126 0.7321041214750542
127 0.7321041214750542
128 0.7321041214750542
129 0.7321041214750542
130 0.7321041214750542
131 0.7321041214750542
132 0.7321041214750542
133 0.7321041214750542
134 0.7321041214750542
135 0.7321041214750542
136 0.7321041214750542
137 0.7321041214750542
138 0.7321041214750542
139 0.7321041214750542
140 0.7321041214750542
141 0.7321041214750542
142 0.7321041214750542
143 0.7321041214750542
144 0.7315618221258134
145 0.7315618221258134
146 0.7315618221258134
147 0.7315618221258134
148 0.7315618221258134
149 0.7315618221258134
150 0.7315618221258134
151 0.7315618221258134
152 0.7315618221258134
153 0.7315618221258134
154 0.7315618221258134
155 0.7315618221258134
156 0.7315618221258134
157 0.7315618221258134
158 0.7315618221258134
159 0.7315618221258134
160 0.7315618221258134
161 0.7315618221258134
162 0.7315618221258134
163 0.7315618221258134
164 0.7331887201735358
165 0.7331887201735358
166 0.7331887201735358
167 0.7331887201735358
168 0.7331887201735358
169 0.7331887201735358
170 0.7331887201735358
171 0.7331887201735358
172 0.7331887201735358
173 0.7331887201735358
174 0.7331887201735358
175 0.7331887201735358
176 0.7331887201735358
177 0.7331887201735358
178 0.7331887201735358
179 0.7331887201735358
180 0.7331887201735358
181 0.7331887201735358
182 0.7331887201735358
183 0.7331887201735358
184 0.7331887201735358
185 0.7331887201735358
186 0.7331887201735358
187 0.7331887201735358
188 0.7331887201735358
189 0.7331887201735358
190 0.7331887201735358
191 0.7331887201735358
192 0.7331887201735358
193 0.7331887201735358
194 0.7331887201735358
195 0.7331887201735358
196 0.7331887201735358
197 0.7331887201735358
198 0.7331887201735358
199 0.7331887201735358
200 0.7331887201735358
201 0.7331887201735358
202 0.7331887201735358
203 0.7331887201735358
204 0.7331887201735358
205 0.7331887201735358
206 0.7331887201735358
207 0.7331887201735358
208 0.7331887201735358
209 0.7331887201735358
210 0.7331887201735358
211 0.7331887201735358
212 0.7331887201735358
213 0.7331887201735358
214 0.7331887201735358
215 0.7331887201735358
216 0.7331887201735358
217 0.7331887201735358
218 0.7331887201735358
219 0.7331887201735358
220 0.7331887201735358
221 0.7331887201735358
222 0.7331887201735358
223 0.7331887201735358
224 0.7331887201735358
225 0.7331887201735358
226 0.7331887201735358
227 0.7331887201735358
228 0.7331887201735358
229 0.7331887201735358
230 0.7331887201735358
231 0.7331887201735358
232 0.7331887201735358
233 0.7331887201735358
234 0.7331887201735358
235 0.7331887201735358
236 0.7331887201735358
237 0.7331887201735358
238 0.7331887201735358
239 0.7331887201735358
240 0.7331887201735358
241 0.7331887201735358
242 0.7331887201735358
243 0.7331887201735358
244 0.7331887201735358
245 0.7331887201735358
246 0.732646420824295
247 0.732646420824295
248 0.732646420824295
249 0.732646420824295
250 0.732646420824295
251 0.732646420824295
252 0.732646420824295
253 0.732646420824295
254 0.732646420824295
255 0.732646420824295
256 0.732646420824295
257 0.732646420824295
258 0.732646420824295
259 0.732646420824295
260 0.732646420824295
261 0.732646420824295
262 0.732646420824295
263 0.732646420824295
264 0.7331887201735358
265 0.7331887201735358
266 0.7331887201735358
267 0.7331887201735358
268 0.7331887201735358
269 0.7331887201735358
270 0.7331887201735358
271 0.7331887201735358
272 0.7331887201735358
273 0.7331887201735358
274 0.7331887201735358
275 0.7331887201735358
276 0.7331887201735358
277 0.732646420824295
278 0.732646420824295
279 0.732646420824295
280 0.732646420824295
281 0.732646420824295
282 0.732646420824295
283 0.732646420824295
284 0.732646420824295
285 0.732646420824295
286 0.732646420824295
287 0.732646420824295
288 0.732646420824295
289 0.732646420824295
290 0.732646420824295
291 0.732646420824295
292 0.732646420824295
293 0.732646420824295
294 0.732646420824295
295 0.732646420824295
296 0.732646420824295
297 0.732646420824295
298 0.732646420824295
299 0.732646420824295
300 0.732646420824295
301 0.732646420824295
302 0.732646420824295
303 0.732646420824295
304 0.732646420824295
305 0.732646420824295
306 0.732646420824295
307 0.732646420824295
308 0.732646420824295
309 0.732646420824295
310 0.732646420824295
311 0.732646420824295
312 0.732646420824295
313 0.732646420824295
314 0.732646420824295
315 0.732646420824295
316 0.732646420824295
317 0.7321041214750542
318 0.7321041214750542
319 0.7321041214750542
320 0.7321041214750542
321 0.7321041214750542
322 0.7321041214750542
323 0.7321041214750542
324 0.7321041214750542
325 0.7321041214750542
326 0.7321041214750542
327 0.7321041214750542
328 0.7321041214750542
329 0.7321041214750542
330 0.7321041214750542
331 0.7321041214750542
332 0.7321041214750542
333 0.7321041214750542
334 0.7321041214750542
335 0.7321041214750542
336 0.7321041214750542
337 0.7321041214750542
338 0.7321041214750542
339 0.7321041214750542
340 0.7321041214750542
341 0.7321041214750542
342 0.7321041214750542
343 0.7321041214750542
344 0.7321041214750542
345 0.7321041214750542
346 0.7321041214750542
347 0.7321041214750542
348 0.7321041214750542
349 0.7321041214750542
350 0.7321041214750542
351 0.7321041214750542
352 0.7321041214750542
353 0.7321041214750542
354 0.7321041214750542
355 0.7321041214750542
356 0.7321041214750542
357 0.7321041214750542
358 0.7321041214750542
359 0.7321041214750542
360 0.7321041214750542
361 0.7321041214750542
362 0.7321041214750542
363 0.7321041214750542
364 0.7321041214750542
365 0.7321041214750542
366 0.7321041214750542
367 0.7321041214750542
368 0.7321041214750542
369 0.7321041214750542
370 0.7321041214750542
371 0.7321041214750542
372 0.7321041214750542
373 0.7321041214750542
374 0.7321041214750542
375 0.7321041214750542
376 0.7321041214750542
377 0.7321041214750542
378 0.7321041214750542
379 0.7321041214750542
380 0.7321041214750542
381 0.7321041214750542
382 0.7321041214750542
383 0.7321041214750542
384 0.7321041214750542
385 0.7321041214750542
386 0.7321041214750542
387 0.7321041214750542
388 0.7321041214750542
389 0.7321041214750542
390 0.7321041214750542
391 0.7321041214750542
392 0.7321041214750542
393 0.7321041214750542
394 0.7321041214750542
395 0.7321041214750542
396 0.7321041214750542
397 0.7321041214750542
398 0.7321041214750542
399 0.7321041214750542
400 0.7321041214750542
401 0.7321041214750542
402 0.7321041214750542
403 0.7321041214750542
404 0.7321041214750542
405 0.7321041214750542
406 0.7321041214750542
407 0.7321041214750542
408 0.7321041214750542
409 0.7321041214750542
410 0.7321041214750542
411 0.7321041214750542
412 0.7321041214750542
413 0.7321041214750542
414 0.7321041214750542
415 0.7321041214750542
416 0.7321041214750542
417 0.7321041214750542
418 0.7321041214750542
419 0.7321041214750542
420 0.7321041214750542
421 0.7321041214750542
422 0.7321041214750542
423 0.7321041214750542
424 0.7321041214750542
425 0.7321041214750542
426 0.7331887201735358
427 0.7331887201735358
428 0.7331887201735358
429 0.7331887201735358
430 0.7331887201735358
431 0.7331887201735358
432 0.7331887201735358
433 0.7331887201735358
434 0.7331887201735358
435 0.7331887201735358
436 0.7331887201735358
437 0.7331887201735358
438 0.7331887201735358
439 0.7331887201735358
440 0.7331887201735358
441 0.7331887201735358
442 0.7331887201735358
443 0.7331887201735358
444 0.7331887201735358
445 0.7331887201735358
446 0.732646420824295
447 0.732646420824295
448 0.732646420824295
449 0.732646420824295
450 0.732646420824295
451 0.732646420824295
452 0.732646420824295
453 0.732646420824295
454 0.732646420824295
455 0.732646420824295
456 0.732646420824295
457 0.732646420824295
458 0.732646420824295
459 0.732646420824295
460 0.732646420824295
461 0.732646420824295
462 0.7321041214750542
463 0.7321041214750542
464 0.7321041214750542
465 0.7321041214750542
466 0.7321041214750542
467 0.7321041214750542
468 0.7321041214750542
469 0.7321041214750542
470 0.7321041214750542
471 0.7321041214750542
472 0.7321041214750542
473 0.7321041214750542
474 0.7321041214750542
475 0.7321041214750542
476 0.7321041214750542
477 0.7321041214750542
478 0.7321041214750542
479 0.7321041214750542
480 0.7321041214750542
481 0.7321041214750542
482 0.7321041214750542
483 0.7321041214750542
484 0.7321041214750542
485 0.7321041214750542
486 0.7321041214750542
487 0.7321041214750542
488 0.7321041214750542
489 0.7321041214750542
490 0.7321041214750542
491 0.7321041214750542
492 0.732646420824295
493 0.732646420824295
494 0.732646420824295
495 0.732646420824295
496 0.732646420824295
497 0.732646420824295
498 0.732646420824295
499 0.7321041214750542
500 0.7321041214750542
501 0.7321041214750542
502 0.7321041214750542
503 0.7321041214750542
504 0.7321041214750542
505 0.7321041214750542
506 0.7321041214750542
507 0.7321041214750542
508 0.7321041214750542
509 0.7321041214750542
510 0.7321041214750542
511 0.7321041214750542
512 0.7321041214750542
513 0.7321041214750542
514 0.7321041214750542
515 0.7321041214750542
516 0.7321041214750542
517 0.7321041214750542
518 0.7321041214750542
519 0.7321041214750542
520 0.7321041214750542
521 0.7321041214750542
522 0.7321041214750542
523 0.7321041214750542
524 0.7321041214750542
525 0.7321041214750542
526 0.7321041214750542
527 0.7321041214750542
528 0.7321041214750542
529 0.7321041214750542
530 0.7321041214750542
531 0.7321041214750542
532 0.7321041214750542
533 0.7315618221258134
534 0.7315618221258134
535 0.7315618221258134
536 0.7315618221258134
537 0.7315618221258134
538 0.7315618221258134
539 0.7315618221258134
540 0.7315618221258134
541 0.7315618221258134
542 0.7315618221258134
543 0.7315618221258134
544 0.7315618221258134
545 0.7315618221258134
546 0.7315618221258134
547 0.7315618221258134
548 0.7315618221258134
549 0.7315618221258134
550 0.7315618221258134
551 0.7315618221258134
552 0.7315618221258134
553 0.7315618221258134
554 0.732646420824295
555 0.732646420824295
556 0.732646420824295
557 0.732646420824295
558 0.732646420824295
559 0.732646420824295
560 0.732646420824295
561 0.732646420824295
562 0.732646420824295
563 0.732646420824295
564 0.732646420824295
565 0.732646420824295
566 0.732646420824295
567 0.732646420824295
568 0.732646420824295
569 0.732646420824295
570 0.732646420824295
571 0.732646420824295
572 0.732646420824295
573 0.732646420824295
574 0.732646420824295
575 0.732646420824295
576 0.732646420824295
577 0.732646420824295
578 0.732646420824295
579 0.732646420824295
580 0.732646420824295
581 0.732646420824295
582 0.732646420824295
583 0.732646420824295
584 0.732646420824295
585 0.732646420824295
586 0.732646420824295
587 0.732646420824295
588 0.732646420824295
589 0.732646420824295
590 0.732646420824295
591 0.732646420824295
592 0.732646420824295
593 0.732646420824295
594 0.732646420824295
595 0.732646420824295
596 0.732646420824295
597 0.732646420824295
598 0.732646420824295
599 0.732646420824295
600 0.732646420824295
601 0.732646420824295
602 0.732646420824295
603 0.732646420824295
604 0.732646420824295
605 0.732646420824295
606 0.732646420824295
607 0.732646420824295
608 0.732646420824295
609 0.732646420824295
610 0.732646420824295
611 0.732646420824295
612 0.732646420824295
613 0.732646420824295
614 0.7321041214750542
615 0.7321041214750542
616 0.7321041214750542
617 0.7321041214750542
618 0.7321041214750542
619 0.7321041214750542
620 0.7321041214750542
621 0.7321041214750542
622 0.7321041214750542
623 0.7321041214750542
624 0.7321041214750542
625 0.7321041214750542
626 0.7321041214750542
627 0.732646420824295
628 0.732646420824295
629 0.732646420824295
630 0.732646420824295
631 0.732646420824295
632 0.732646420824295
633 0.732646420824295
634 0.732646420824295
635 0.732646420824295
636 0.732646420824295
637 0.732646420824295
638 0.732646420824295
639 0.732646420824295
640 0.732646420824295
641 0.732646420824295
642 0.732646420824295
643 0.732646420824295
644 0.732646420824295
645 0.732646420824295
646 0.732646420824295
647 0.732646420824295
648 0.732646420824295
649 0.732646420824295
650 0.732646420824295
651 0.732646420824295
652 0.732646420824295
653 0.732646420824295
654 0.732646420824295
655 0.732646420824295
656 0.732646420824295
657 0.732646420824295
658 0.732646420824295
659 0.732646420824295
660 0.732646420824295
661 0.732646420824295
662 0.732646420824295
663 0.732646420824295
664 0.732646420824295
665 0.732646420824295
666 0.732646420824295
667 0.732646420824295
668 0.732646420824295
669 0.732646420824295
670 0.732646420824295
671 0.732646420824295
672 0.732646420824295
673 0.732646420824295
674 0.732646420824295
675 0.732646420824295
676 0.732646420824295
677 0.732646420824295
678 0.732646420824295
679 0.732646420824295
680 0.732646420824295
681 0.732646420824295
682 0.732646420824295
683 0.732646420824295
684 0.732646420824295
685 0.732646420824295
686 0.732646420824295
687 0.732646420824295
688 0.732646420824295
689 0.732646420824295
690 0.732646420824295
691 0.732646420824295
692 0.732646420824295
693 0.732646420824295
694 0.732646420824295
695 0.732646420824295
696 0.732646420824295
697 0.732646420824295
698 0.732646420824295
699 0.732646420824295
700 0.732646420824295
701 0.732646420824295
702 0.732646420824295
703 0.732646420824295
704 0.732646420824295
705 0.732646420824295
706 0.732646420824295
707 0.732646420824295
708 0.732646420824295
709 0.732646420824295
710 0.7331887201735358
711 0.7331887201735358
712 0.7331887201735358
713 0.7331887201735358
714 0.7331887201735358
715 0.7331887201735358
716 0.7331887201735358
717 0.7331887201735358
718 0.7331887201735358
719 0.732646420824295
720 0.732646420824295
721 0.732646420824295
722 0.732646420824295
723 0.732646420824295
724 0.732646420824295
725 0.732646420824295
726 0.732646420824295
727 0.732646420824295
728 0.732646420824295
729 0.732646420824295
730 0.732646420824295
731 0.732646420824295
732 0.732646420824295
733 0.732646420824295
734 0.732646420824295
735 0.732646420824295
736 0.732646420824295
737 0.7331887201735358
738 0.7331887201735358
739 0.7331887201735358
740 0.7331887201735358
741 0.7331887201735358
742 0.7331887201735358
743 0.7331887201735358
744 0.7331887201735358
745 0.7331887201735358
746 0.7331887201735358
747 0.7331887201735358
748 0.7331887201735358
749 0.7331887201735358
750 0.7331887201735358
751 0.7331887201735358
752 0.732646420824295
753 0.732646420824295
754 0.732646420824295
755 0.732646420824295
756 0.732646420824295
757 0.732646420824295
758 0.732646420824295
759 0.732646420824295
760 0.732646420824295
761 0.732646420824295
762 0.732646420824295
763 0.732646420824295
764 0.732646420824295
765 0.732646420824295
766 0.732646420824295
767 0.732646420824295
768 0.732646420824295
769 0.732646420824295
770 0.732646420824295
771 0.732646420824295
772 0.732646420824295
773 0.732646420824295
774 0.732646420824295
775 0.732646420824295
776 0.732646420824295
777 0.732646420824295
778 0.732646420824295
779 0.732646420824295
780 0.732646420824295
781 0.732646420824295
782 0.732646420824295
783 0.732646420824295
784 0.732646420824295
785 0.732646420824295
786 0.732646420824295
787 0.732646420824295
788 0.732646420824295
789 0.732646420824295
790 0.732646420824295
791 0.7342733188720173
792 0.7342733188720173
793 0.7342733188720173
794 0.7342733188720173
795 0.7342733188720173
796 0.7342733188720173
797 0.7342733188720173
798 0.7342733188720173
799 0.7342733188720173
800 0.7342733188720173
801 0.7342733188720173
802 0.7342733188720173
803 0.7342733188720173
804 0.7342733188720173
805 0.7342733188720173
806 0.7342733188720173
807 0.7342733188720173
808 0.7342733188720173
809 0.7342733188720173
810 0.7342733188720173
811 0.7342733188720173
812 0.7342733188720173
813 0.7342733188720173
814 0.7342733188720173
815 0.7342733188720173
816 0.7342733188720173
817 0.7342733188720173
818 0.7342733188720173
819 0.7342733188720173
820 0.7342733188720173
821 0.7342733188720173
822 0.7342733188720173
823 0.7342733188720173
824 0.7342733188720173
825 0.7342733188720173
826 0.7342733188720173
827 0.7342733188720173
828 0.7342733188720173
829 0.7342733188720173
830 0.7342733188720173
831 0.7342733188720173
832 0.7342733188720173
833 0.7342733188720173
834 0.7342733188720173
835 0.7342733188720173
836 0.7342733188720173
837 0.7342733188720173
838 0.7342733188720173
839 0.7342733188720173
840 0.7342733188720173
841 0.7342733188720173
842 0.7342733188720173
843 0.7342733188720173
844 0.7342733188720173
845 0.7342733188720173
846 0.7342733188720173
847 0.7342733188720173
848 0.7342733188720173
849 0.7342733188720173
850 0.7342733188720173
851 0.7342733188720173
852 0.7342733188720173
853 0.7342733188720173
854 0.7342733188720173
855 0.7342733188720173
856 0.7342733188720173
857 0.7342733188720173
858 0.7342733188720173
859 0.7342733188720173
860 0.7342733188720173
861 0.7342733188720173
862 0.7342733188720173
863 0.7342733188720173
864 0.7342733188720173
865 0.7342733188720173
866 0.7342733188720173
867 0.7342733188720173
868 0.7342733188720173
869 0.7342733188720173
870 0.7342733188720173
871 0.7342733188720173
872 0.7342733188720173
873 0.7342733188720173
874 0.7342733188720173
875 0.7342733188720173
876 0.7342733188720173
877 0.7342733188720173
878 0.7342733188720173
879 0.7342733188720173
880 0.7342733188720173
881 0.7342733188720173
882 0.7342733188720173
883 0.7342733188720173
884 0.7342733188720173
885 0.7342733188720173
886 0.7342733188720173
887 0.7342733188720173
888 0.7342733188720173
889 0.7342733188720173
890 0.7342733188720173
891 0.7342733188720173
892 0.7342733188720173
893 0.7342733188720173
894 0.7342733188720173
895 0.7342733188720173
896 0.7342733188720173
897 0.7342733188720173
898 0.7342733188720173
899 0.7342733188720173
900 0.7342733188720173
901 0.7342733188720173
902 0.7342733188720173
903 0.7342733188720173
904 0.7342733188720173
905 0.7342733188720173
906 0.7342733188720173
907 0.7342733188720173
908 0.7342733188720173
909 0.7342733188720173
910 0.7342733188720173
911 0.7342733188720173
912 0.7342733188720173
913 0.7337310195227765
914 0.7337310195227765
915 0.7337310195227765
916 0.7337310195227765
917 0.7337310195227765
918 0.7337310195227765
919 0.7337310195227765
920 0.7337310195227765
921 0.7337310195227765
922 0.7337310195227765
923 0.7337310195227765
924 0.7337310195227765
925 0.7337310195227765
926 0.7337310195227765
927 0.7337310195227765
928 0.7337310195227765
929 0.7337310195227765
930 0.7337310195227765
931 0.7337310195227765
932 0.7337310195227765
933 0.7337310195227765
934 0.7337310195227765
935 0.7337310195227765
936 0.7337310195227765
937 0.7337310195227765
938 0.7337310195227765
939 0.7331887201735358
940 0.7331887201735358
941 0.7331887201735358
942 0.7331887201735358
943 0.7331887201735358
944 0.7331887201735358
945 0.7331887201735358
946 0.7331887201735358
947 0.7331887201735358
948 0.7331887201735358
949 0.7331887201735358
950 0.7331887201735358
951 0.7331887201735358
952 0.7331887201735358
953 0.7331887201735358
954 0.7331887201735358
955 0.7331887201735358
956 0.7331887201735358
957 0.7331887201735358
958 0.7331887201735358
959 0.7331887201735358
960 0.7331887201735358
961 0.7331887201735358
962 0.7331887201735358
963 0.7331887201735358
964 0.7331887201735358
965 0.7331887201735358
966 0.7331887201735358
967 0.7331887201735358
968 0.7331887201735358
969 0.7331887201735358
970 0.7331887201735358
971 0.7331887201735358
972 0.7331887201735358
973 0.7331887201735358
974 0.7331887201735358
975 0.7331887201735358
976 0.7331887201735358
977 0.7331887201735358
978 0.7331887201735358
979 0.7331887201735358
980 0.7331887201735358
981 0.7331887201735358
982 0.7331887201735358
983 0.7337310195227765
984 0.7337310195227765
985 0.7337310195227765
986 0.7337310195227765
987 0.7337310195227765
988 0.7337310195227765
989 0.7337310195227765
990 0.7337310195227765
991 0.7337310195227765
992 0.7337310195227765
993 0.7337310195227765
994 0.7337310195227765
995 0.7337310195227765
996 0.7337310195227765
997 0.7337310195227765
998 0.7342733188720173
999 0.7342733188720173
1000 0.7342733188720173
1001 0.7342733188720173
1002 0.7342733188720173
1003 0.7342733188720173
1004 0.735357917570499
1005 0.735357917570499
1006 0.735357917570499
1007 0.735357917570499
1008 0.735357917570499
1009 0.735357917570499
1010 0.735357917570499
1011 0.735357917570499
1012 0.735357917570499
1013 0.735357917570499
1014 0.735357917570499
1015 0.735357917570499
1016 0.735357917570499
1017 0.735357917570499
1018 0.735357917570499
1019 0.735357917570499
1020 0.735357917570499
1021 0.735357917570499
1022 0.735357917570499
1023 0.735357917570499
1024 0.735357917570499
1025 0.735357917570499
1026 0.735357917570499
1027 0.735357917570499
1028 0.735357917570499
1029 0.735357917570499
1030 0.735357917570499
1031 0.735357917570499
1032 0.735357917570499
1033 0.735357917570499
1034 0.735357917570499
1035 0.735357917570499
1036 0.735357917570499
1037 0.735357917570499
1038 0.735357917570499
1039 0.735357917570499
1040 0.735357917570499
1041 0.735357917570499
1042 0.735357917570499
1043 0.735357917570499
1044 0.7348156182212582
1045 0.7348156182212582
1046 0.7348156182212582
1047 0.7348156182212582
1048 0.7348156182212582
1049 0.7348156182212582
1050 0.7348156182212582
1051 0.7348156182212582
1052 0.7348156182212582
1053 0.7348156182212582
1054 0.7348156182212582
1055 0.7348156182212582
1056 0.7348156182212582
1057 0.7348156182212582
1058 0.7348156182212582
1059 0.7348156182212582
1060 0.7348156182212582
1061 0.7348156182212582
1062 0.7348156182212582
1063 0.7348156182212582
1064 0.7348156182212582
1065 0.7348156182212582
1066 0.7348156182212582
1067 0.7348156182212582
1068 0.735357917570499
1069 0.735357917570499
1070 0.735357917570499
1071 0.735357917570499
1072 0.735357917570499
1073 0.735357917570499
1074 0.735357917570499
1075 0.735357917570499
1076 0.735357917570499
1077 0.735357917570499
1078 0.735357917570499
1079 0.735357917570499
1080 0.735357917570499
1081 0.735357917570499
1082 0.735357917570499
1083 0.735357917570499
1084 0.735357917570499
1085 0.735357917570499
1086 0.735357917570499
1087 0.735357917570499
1088 0.735357917570499
1089 0.735357917570499
1090 0.735357917570499
1091 0.735357917570499
1092 0.735357917570499
1093 0.735357917570499
1094 0.735357917570499
1095 0.735357917570499
1096 0.735357917570499
1097 0.735357917570499
1098 0.735357917570499
1099 0.735357917570499
1100 0.735357917570499
1101 0.735357917570499
1102 0.735357917570499
1103 0.735357917570499
1104 0.735357917570499
1105 0.735357917570499
1106 0.7359002169197397
1107 0.7359002169197397
1108 0.7359002169197397
1109 0.7359002169197397
1110 0.7359002169197397
1111 0.7359002169197397
1112 0.7359002169197397
1113 0.7359002169197397
1114 0.7359002169197397
1115 0.7359002169197397
1116 0.7359002169197397
1117 0.7359002169197397
1118 0.7359002169197397
1119 0.7359002169197397
1120 0.7359002169197397
1121 0.7359002169197397
1122 0.7359002169197397
1123 0.7359002169197397
1124 0.7359002169197397
1125 0.7359002169197397
1126 0.7359002169197397
1127 0.7359002169197397
1128 0.7359002169197397
1129 0.7359002169197397
1130 0.7359002169197397
1131 0.7359002169197397
1132 0.7359002169197397
1133 0.7359002169197397
1134 0.7359002169197397
1135 0.7359002169197397
1136 0.7359002169197397
1137 0.7359002169197397
1138 0.7359002169197397
1139 0.7359002169197397
1140 0.7359002169197397
1141 0.7359002169197397
1142 0.7359002169197397
1143 0.7359002169197397
1144 0.7359002169197397
1145 0.7359002169197397
1146 0.7359002169197397
1147 0.7359002169197397
1148 0.7359002169197397
1149 0.7359002169197397
1150 0.7359002169197397
1151 0.7359002169197397
1152 0.7359002169197397
1153 0.7359002169197397
1154 0.7359002169197397
1155 0.7359002169197397
1156 0.7359002169197397
1157 0.7359002169197397
1158 0.7359002169197397
1159 0.7359002169197397
1160 0.7359002169197397
1161 0.7359002169197397
1162 0.7359002169197397
1163 0.7359002169197397
1164 0.7359002169197397
1165 0.7359002169197397
1166 0.7359002169197397
1167 0.7359002169197397
1168 0.7359002169197397
1169 0.7359002169197397
1170 0.7359002169197397
1171 0.7359002169197397
1172 0.7359002169197397
1173 0.7359002169197397
1174 0.7359002169197397
1175 0.7359002169197397
1176 0.7359002169197397
1177 0.7359002169197397
1178 0.7359002169197397
1179 0.7359002169197397
1180 0.7359002169197397
1181 0.7359002169197397
1182 0.7342733188720173
1183 0.7342733188720173
1184 0.7342733188720173
1185 0.7342733188720173
1186 0.7342733188720173
1187 0.7342733188720173
1188 0.7342733188720173
1189 0.7337310195227765
1190 0.7337310195227765
1191 0.7337310195227765
1192 0.7337310195227765
1193 0.7337310195227765
1194 0.7337310195227765
1195 0.7337310195227765
1196 0.7337310195227765
1197 0.7337310195227765
1198 0.7337310195227765
1199 0.7337310195227765
1200 0.7337310195227765
1201 0.7337310195227765
1202 0.7337310195227765
1203 0.7337310195227765
1204 0.7337310195227765
1205 0.7337310195227765
1206 0.7337310195227765
1207 0.7337310195227765
1208 0.7337310195227765
1209 0.7337310195227765
1210 0.7337310195227765
1211 0.7337310195227765
1212 0.7337310195227765
1213 0.7337310195227765
1214 0.7337310195227765
1215 0.7331887201735358
1216 0.7331887201735358
1217 0.7331887201735358
1218 0.7331887201735358
1219 0.7331887201735358
1220 0.7331887201735358
1221 0.7331887201735358
1222 0.7331887201735358
1223 0.7331887201735358
1224 0.7331887201735358
1225 0.7331887201735358
1226 0.7337310195227765
1227 0.7337310195227765
1228 0.7337310195227765
1229 0.7331887201735358
1230 0.7331887201735358
1231 0.7331887201735358
1232 0.7331887201735358
1233 0.7331887201735358
1234 0.7331887201735358
1235 0.7331887201735358
1236 0.7331887201735358
1237 0.7331887201735358
1238 0.7331887201735358
1239 0.7331887201735358
1240 0.7331887201735358
1241 0.7331887201735358
1242 0.7331887201735358
1243 0.7331887201735358
1244 0.7331887201735358
1245 0.7331887201735358
1246 0.7331887201735358
1247 0.7331887201735358
1248 0.7331887201735358
1249 0.7331887201735358
1250 0.7331887201735358
1251 0.7331887201735358
1252 0.7331887201735358
1253 0.7331887201735358
1254 0.7331887201735358
1255 0.7331887201735358
1256 0.7331887201735358
1257 0.7331887201735358
1258 0.7331887201735358
1259 0.7331887201735358
1260 0.7331887201735358
1261 0.7331887201735358
1262 0.7331887201735358
1263 0.7331887201735358
1264 0.7331887201735358
1265 0.7331887201735358
1266 0.7331887201735358
1267 0.7331887201735358
1268 0.7331887201735358
1269 0.7331887201735358
1270 0.7331887201735358
1271 0.7331887201735358
1272 0.7331887201735358
1273 0.7331887201735358
1274 0.7331887201735358
1275 0.7331887201735358
1276 0.7331887201735358
1277 0.7331887201735358
1278 0.7331887201735358
1279 0.7331887201735358
1280 0.7331887201735358
1281 0.7331887201735358
1282 0.7331887201735358
1283 0.7331887201735358
1284 0.7331887201735358
1285 0.7331887201735358
1286 0.7331887201735358
1287 0.7331887201735358
1288 0.7331887201735358
1289 0.7331887201735358
1290 0.7331887201735358
1291 0.7331887201735358
1292 0.7331887201735358
1293 0.7331887201735358
1294 0.7331887201735358
1295 0.7331887201735358
1296 0.7331887201735358
1297 0.7331887201735358
1298 0.7331887201735358
1299 0.7331887201735358
1300 0.7331887201735358
1301 0.7331887201735358
1302 0.7331887201735358
1303 0.7331887201735358
1304 0.7337310195227765
1305 0.7337310195227765
1306 0.7337310195227765
1307 0.7337310195227765
1308 0.7337310195227765
1309 0.7337310195227765
1310 0.7337310195227765
1311 0.7337310195227765
1312 0.7337310195227765
1313 0.735357917570499
1314 0.735357917570499
1315 0.735357917570499
1316 0.735357917570499
1317 0.735357917570499
1318 0.735357917570499
1319 0.735357917570499
1320 0.735357917570499
1321 0.735357917570499
1322 0.735357917570499
1323 0.735357917570499
1324 0.735357917570499
1325 0.735357917570499
1326 0.735357917570499
1327 0.735357917570499
1328 0.735357917570499
1329 0.735357917570499
1330 0.735357917570499
1331 0.735357917570499
1332 0.735357917570499
1333 0.7342733188720173
1334 0.7342733188720173
1335 0.7342733188720173
1336 0.7342733188720173
1337 0.7342733188720173
1338 0.7342733188720173
1339 0.7342733188720173
1340 0.7342733188720173
1341 0.7342733188720173
1342 0.7342733188720173
1343 0.7342733188720173
1344 0.7342733188720173
1345 0.7342733188720173
1346 0.7342733188720173
1347 0.7342733188720173
1348 0.7342733188720173
1349 0.7342733188720173
1350 0.7342733188720173
1351 0.7342733188720173
1352 0.735357917570499
1353 0.735357917570499
1354 0.735357917570499
1355 0.735357917570499
1356 0.735357917570499
1357 0.735357917570499
1358 0.735357917570499
1359 0.735357917570499
1360 0.735357917570499
1361 0.735357917570499
1362 0.735357917570499
1363 0.735357917570499
1364 0.735357917570499
1365 0.7359002169197397
1366 0.7359002169197397
1367 0.7359002169197397
1368 0.7359002169197397
1369 0.7359002169197397
1370 0.7359002169197397
1371 0.7359002169197397
1372 0.7359002169197397
1373 0.7359002169197397
1374 0.7359002169197397
1375 0.7359002169197397
1376 0.7359002169197397
1377 0.7359002169197397
1378 0.7359002169197397
1379 0.7359002169197397
1380 0.7359002169197397
1381 0.7359002169197397
1382 0.7359002169197397
1383 0.7359002169197397
1384 0.7359002169197397
1385 0.7359002169197397
1386 0.7359002169197397
1387 0.7359002169197397
1388 0.7359002169197397
1389 0.7359002169197397
1390 0.7359002169197397
1391 0.7359002169197397
1392 0.7359002169197397
1393 0.7359002169197397
1394 0.7359002169197397
1395 0.7359002169197397
1396 0.7359002169197397
1397 0.7359002169197397
1398 0.7359002169197397
1399 0.7359002169197397
1400 0.7359002169197397
1401 0.7359002169197397
1402 0.7359002169197397
1403 0.7359002169197397
1404 0.7359002169197397
1405 0.7359002169197397
1406 0.7359002169197397
1407 0.7359002169197397
1408 0.7359002169197397
1409 0.7359002169197397
1410 0.7359002169197397
1411 0.7359002169197397
1412 0.7359002169197397
1413 0.7359002169197397
1414 0.7342733188720173
1415 0.7342733188720173
1416 0.7342733188720173
1417 0.7342733188720173
1418 0.7342733188720173
1419 0.7342733188720173
1420 0.7342733188720173
1421 0.7342733188720173
1422 0.7342733188720173
1423 0.7342733188720173
1424 0.7342733188720173
1425 0.7342733188720173
1426 0.7342733188720173
1427 0.7342733188720173
1428 0.7342733188720173
1429 0.7342733188720173
1430 0.7342733188720173
1431 0.7342733188720173
1432 0.7342733188720173
1433 0.7342733188720173
1434 0.7342733188720173
1435 0.7342733188720173
1436 0.7342733188720173
1437 0.7342733188720173
1438 0.7342733188720173
1439 0.7342733188720173
1440 0.7342733188720173
1441 0.7342733188720173
1442 0.7342733188720173
1443 0.7342733188720173
1444 0.7342733188720173
1445 0.7342733188720173
1446 0.7342733188720173
1447 0.7342733188720173
1448 0.7342733188720173
1449 0.7342733188720173
1450 0.7342733188720173
1451 0.7342733188720173
1452 0.7342733188720173
1453 0.7342733188720173
1454 0.7342733188720173
1455 0.7342733188720173
1456 0.7342733188720173
1457 0.7342733188720173
1458 0.7342733188720173
1459 0.7342733188720173
1460 0.7342733188720173
1461 0.7342733188720173
1462 0.7342733188720173
1463 0.7342733188720173
1464 0.7342733188720173
1465 0.7342733188720173
1466 0.7342733188720173
1467 0.7342733188720173
1468 0.7342733188720173
1469 0.7342733188720173
1470 0.7342733188720173
1471 0.7342733188720173
1472 0.7342733188720173
1473 0.7342733188720173
1474 0.7342733188720173
1475 0.7337310195227765
1476 0.7337310195227765
1477 0.7337310195227765
1478 0.7337310195227765
1479 0.7342733188720173
1480 0.7342733188720173
1481 0.7342733188720173
1482 0.7342733188720173
1483 0.7342733188720173
1484 0.7342733188720173
1485 0.7342733188720173
1486 0.7342733188720173
1487 0.7342733188720173
1488 0.7342733188720173
1489 0.7342733188720173
1490 0.7342733188720173
1491 0.7342733188720173
1492 0.7342733188720173
1493 0.7342733188720173
1494 0.7342733188720173
1495 0.7342733188720173
1496 0.7342733188720173
1497 0.7342733188720173
1498 0.7342733188720173
1499 0.7342733188720173
1500 0.7342733188720173
1501 0.7342733188720173
1502 0.7342733188720173
1503 0.7337310195227765
1504 0.7337310195227765
1505 0.7337310195227765
1506 0.7337310195227765
1507 0.7337310195227765
1508 0.7337310195227765
1509 0.7337310195227765
1510 0.7337310195227765
1511 0.7337310195227765
1512 0.7337310195227765
1513 0.7337310195227765
1514 0.7337310195227765
1515 0.7337310195227765
1516 0.7337310195227765
1517 0.7337310195227765
1518 0.7337310195227765
1519 0.7337310195227765
1520 0.7337310195227765
1521 0.7337310195227765
1522 0.7337310195227765
1523 0.7337310195227765
1524 0.7337310195227765
1525 0.7337310195227765
1526 0.7337310195227765
1527 0.7337310195227765
1528 0.7337310195227765
1529 0.7337310195227765
1530 0.7337310195227765
1531 0.7337310195227765
1532 0.7337310195227765
1533 0.7337310195227765
1534 0.7337310195227765
1535 0.7342733188720173
1536 0.7342733188720173
1537 0.7342733188720173
1538 0.7342733188720173
1539 0.7342733188720173
1540 0.7342733188720173
1541 0.7342733188720173
1542 0.7342733188720173
1543 0.7342733188720173
1544 0.7342733188720173
1545 0.7342733188720173
1546 0.7342733188720173
1547 0.7342733188720173
1548 0.7348156182212582
1549 0.7348156182212582
1550 0.7348156182212582
1551 0.7348156182212582
1552 0.7348156182212582
1553 0.7348156182212582
1554 0.7348156182212582
1555 0.7348156182212582
1556 0.7348156182212582
1557 0.7348156182212582
1558 0.7348156182212582
1559 0.7348156182212582
1560 0.7348156182212582
1561 0.7348156182212582
1562 0.7348156182212582
1563 0.7348156182212582
1564 0.7348156182212582
1565 0.7348156182212582
1566 0.7348156182212582
1567 0.7348156182212582
1568 0.7348156182212582
1569 0.7348156182212582
1570 0.7348156182212582
1571 0.7348156182212582
1572 0.7348156182212582
1573 0.7348156182212582
1574 0.7348156182212582
1575 0.7348156182212582
1576 0.7348156182212582
1577 0.7348156182212582
1578 0.7348156182212582
1579 0.7348156182212582
1580 0.7348156182212582
1581 0.7348156182212582
1582 0.7348156182212582
1583 0.7348156182212582
1584 0.7348156182212582
1585 0.7348156182212582
1586 0.7348156182212582
1587 0.7348156182212582
1588 0.7348156182212582
1589 0.7348156182212582
1590 0.7348156182212582
1591 0.7348156182212582
1592 0.7348156182212582
1593 0.7348156182212582
1594 0.7348156182212582
1595 0.7348156182212582
1596 0.7348156182212582
1597 0.7348156182212582
1598 0.735357917570499
1599 0.735357917570499
1600 0.735357917570499
1601 0.735357917570499
1602 0.735357917570499
1603 0.735357917570499
1604 0.735357917570499
1605 0.735357917570499
1606 0.735357917570499
1607 0.735357917570499
1608 0.735357917570499
1609 0.735357917570499
1610 0.735357917570499
1611 0.735357917570499
1612 0.735357917570499
1613 0.735357917570499
1614 0.735357917570499
1615 0.735357917570499
1616 0.735357917570499
1617 0.735357917570499
1618 0.735357917570499
1619 0.735357917570499
1620 0.735357917570499
1621 0.735357917570499
1622 0.735357917570499
1623 0.735357917570499
1624 0.735357917570499
1625 0.735357917570499
1626 0.735357917570499
1627 0.735357917570499
1628 0.735357917570499
1629 0.735357917570499
1630 0.735357917570499
1631 0.735357917570499
1632 0.735357917570499
1633 0.735357917570499
1634 0.735357917570499
1635 0.735357917570499
1636 0.735357917570499
1637 0.735357917570499
1638 0.735357917570499
1639 0.735357917570499
1640 0.735357917570499
1641 0.735357917570499
1642 0.735357917570499
1643 0.735357917570499
1644 0.735357917570499
1645 0.735357917570499
1646 0.735357917570499
1647 0.735357917570499
1648 0.735357917570499
1649 0.735357917570499
1650 0.735357917570499
1651 0.735357917570499
1652 0.735357917570499
1653 0.735357917570499
1654 0.735357917570499
1655 0.735357917570499
1656 0.735357917570499
1657 0.735357917570499
1658 0.735357917570499
1659 0.735357917570499
1660 0.735357917570499
1661 0.735357917570499
1662 0.735357917570499
1663 0.735357917570499
1664 0.735357917570499
1665 0.735357917570499
1666 0.735357917570499
1667 0.735357917570499
1668 0.735357917570499
1669 0.735357917570499
1670 0.735357917570499
1671 0.735357917570499
1672 0.735357917570499
1673 0.735357917570499
1674 0.735357917570499
1675 0.735357917570499
1676 0.735357917570499
1677 0.735357917570499
1678 0.735357917570499
1679 0.735357917570499
1680 0.735357917570499
1681 0.735357917570499
1682 0.735357917570499
1683 0.735357917570499
1684 0.735357917570499
1685 0.735357917570499
1686 0.735357917570499
1687 0.735357917570499
1688 0.735357917570499
1689 0.735357917570499
1690 0.735357917570499
1691 0.735357917570499
1692 0.735357917570499
1693 0.735357917570499
1694 0.735357917570499
1695 0.735357917570499
1696 0.735357917570499
1697 0.735357917570499
1698 0.735357917570499
1699 0.735357917570499
1700 0.735357917570499
1701 0.735357917570499
1702 0.735357917570499
1703 0.735357917570499
1704 0.735357917570499
1705 0.735357917570499
1706 0.735357917570499
1707 0.735357917570499
1708 0.735357917570499
1709 0.735357917570499
1710 0.735357917570499
1711 0.735357917570499
1712 0.735357917570499
1713 0.735357917570499
1714 0.735357917570499
1715 0.735357917570499
1716 0.735357917570499
1717 0.735357917570499
1718 0.735357917570499
1719 0.735357917570499
1720 0.735357917570499
1721 0.7348156182212582
1722 0.7348156182212582
1723 0.7348156182212582
1724 0.7348156182212582
1725 0.7348156182212582
1726 0.7348156182212582
1727 0.7348156182212582
1728 0.7348156182212582
1729 0.7348156182212582
1730 0.7348156182212582
1731 0.7348156182212582
1732 0.7348156182212582
1733 0.7348156182212582
1734 0.7348156182212582
1735 0.7348156182212582
1736 0.7348156182212582
1737 0.7348156182212582
1738 0.7348156182212582
1739 0.7348156182212582
1740 0.7348156182212582
1741 0.7348156182212582
1742 0.7348156182212582
1743 0.7348156182212582
1744 0.7348156182212582
1745 0.7348156182212582
1746 0.7348156182212582
1747 0.7348156182212582
1748 0.7348156182212582
1749 0.7348156182212582
1750 0.7348156182212582
1751 0.7348156182212582
1752 0.7348156182212582
1753 0.7348156182212582
1754 0.7348156182212582
1755 0.7348156182212582
1756 0.7348156182212582
1757 0.7348156182212582
1758 0.7348156182212582
1759 0.7348156182212582
1760 0.7348156182212582
1761 0.7348156182212582
1762 0.7348156182212582
1763 0.7348156182212582
1764 0.7348156182212582
1765 0.7348156182212582
1766 0.7348156182212582
1767 0.7348156182212582
1768 0.7348156182212582
1769 0.7348156182212582
1770 0.7348156182212582
1771 0.7348156182212582
1772 0.7348156182212582
1773 0.7348156182212582
1774 0.7348156182212582
1775 0.7348156182212582
1776 0.7348156182212582
1777 0.7348156182212582
1778 0.7348156182212582
1779 0.7348156182212582
1780 0.7348156182212582
1781 0.7348156182212582
1782 0.7348156182212582
1783 0.7348156182212582
1784 0.7348156182212582
1785 0.7348156182212582
1786 0.7348156182212582
1787 0.7348156182212582
1788 0.7342733188720173
1789 0.7342733188720173
1790 0.7342733188720173
1791 0.7342733188720173
1792 0.7342733188720173
1793 0.7342733188720173
1794 0.7342733188720173
1795 0.7342733188720173
1796 0.7342733188720173
1797 0.7342733188720173
1798 0.7342733188720173
1799 0.7342733188720173
1800 0.7342733188720173
1801 0.7342733188720173
1802 0.7342733188720173
1803 0.7342733188720173
1804 0.7342733188720173
1805 0.7342733188720173
1806 0.7342733188720173
1807 0.7342733188720173
1808 0.7342733188720173
1809 0.7342733188720173
1810 0.7342733188720173
1811 0.7342733188720173
1812 0.7342733188720173
1813 0.7342733188720173
1814 0.7342733188720173
1815 0.7342733188720173
1816 0.7342733188720173
1817 0.7342733188720173
1818 0.7342733188720173
1819 0.7342733188720173
1820 0.7342733188720173
1821 0.7342733188720173
1822 0.7342733188720173
1823 0.7342733188720173
1824 0.7342733188720173
1825 0.7342733188720173
1826 0.7342733188720173
1827 0.7342733188720173
1828 0.7342733188720173
1829 0.7342733188720173
1830 0.7342733188720173
1831 0.7342733188720173
1832 0.7342733188720173
1833 0.7342733188720173
1834 0.7342733188720173
1835 0.7342733188720173
1836 0.7342733188720173
1837 0.7342733188720173
1838 0.7342733188720173
1839 0.7342733188720173
1840 0.7342733188720173
1841 0.7342733188720173
1842 0.7342733188720173
1843 0.7342733188720173
1844 0.732646420824295
1845 0.732646420824295
1846 0.732646420824295
1847 0.732646420824295
1848 0.732646420824295
1849 0.732646420824295
1850 0.732646420824295
1851 0.732646420824295
1852 0.732646420824295
1853 0.732646420824295
1854 0.732646420824295
1855 0.732646420824295
1856 0.732646420824295
1857 0.732646420824295
1858 0.732646420824295
1859 0.732646420824295
1860 0.732646420824295
1861 0.732646420824295
1862 0.732646420824295
1863 0.732646420824295
1864 0.732646420824295
1865 0.732646420824295
1866 0.732646420824295
1867 0.732646420824295
1868 0.732646420824295
1869 0.732646420824295
1870 0.732646420824295
1871 0.732646420824295
1872 0.732646420824295
1873 0.732646420824295
1874 0.732646420824295
1875 0.732646420824295
1876 0.732646420824295
1877 0.732646420824295
1878 0.732646420824295
1879 0.732646420824295
1880 0.732646420824295
1881 0.732646420824295
1882 0.732646420824295
1883 0.732646420824295
1884 0.732646420824295
1885 0.732646420824295
1886 0.732646420824295
1887 0.732646420824295
1888 0.732646420824295
1889 0.732646420824295
1890 0.732646420824295
1891 0.732646420824295
1892 0.732646420824295
1893 0.732646420824295
1894 0.732646420824295
1895 0.732646420824295
1896 0.732646420824295
1897 0.732646420824295
1898 0.732646420824295
1899 0.732646420824295
1900 0.732646420824295
1901 0.732646420824295
1902 0.732646420824295
1903 0.732646420824295
1904 0.732646420824295
1905 0.732646420824295
1906 0.732646420824295
1907 0.732646420824295
1908 0.732646420824295
1909 0.732646420824295
1910 0.732646420824295
1911 0.732646420824295
1912 0.732646420824295
1913 0.732646420824295
1914 0.732646420824295
1915 0.7337310195227765
1916 0.7337310195227765
1917 0.7337310195227765
1918 0.7337310195227765
1919 0.7337310195227765
1920 0.7337310195227765
1921 0.7337310195227765
1922 0.7337310195227765
1923 0.7337310195227765
1924 0.7337310195227765
1925 0.7337310195227765
1926 0.7337310195227765
1927 0.7337310195227765
1928 0.7337310195227765
1929 0.7337310195227765
1930 0.7337310195227765
1931 0.7337310195227765
1932 0.7337310195227765
1933 0.7337310195227765
1934 0.7337310195227765
1935 0.7337310195227765
1936 0.7337310195227765
1937 0.7337310195227765
1938 0.7337310195227765
1939 0.7337310195227765
1940 0.7337310195227765
1941 0.7337310195227765
1942 0.7337310195227765
1943 0.7337310195227765
1944 0.7337310195227765
1945 0.7337310195227765
1946 0.7337310195227765
1947 0.7337310195227765
1948 0.7337310195227765
1949 0.7337310195227765
1950 0.7337310195227765
1951 0.7337310195227765
1952 0.7337310195227765
1953 0.7337310195227765
1954 0.7337310195227765
1955 0.7337310195227765
1956 0.7337310195227765
1957 0.7337310195227765
1958 0.7337310195227765
1959 0.7337310195227765
1960 0.7337310195227765
1961 0.7337310195227765
1962 0.7337310195227765
1963 0.7337310195227765
1964 0.7337310195227765
1965 0.7337310195227765
1966 0.7337310195227765
1967 0.7337310195227765
1968 0.7337310195227765
1969 0.7337310195227765
1970 0.7337310195227765
1971 0.7337310195227765
1972 0.7337310195227765
1973 0.7337310195227765
1974 0.7337310195227765
1975 0.7337310195227765
1976 0.7337310195227765
1977 0.7337310195227765
1978 0.7337310195227765
1979 0.7337310195227765
1980 0.7337310195227765
1981 0.7337310195227765
1982 0.7337310195227765
1983 0.7337310195227765
1984 0.7337310195227765
1985 0.7337310195227765
1986 0.7337310195227765
1987 0.7337310195227765
1988 0.7337310195227765
1989 0.7337310195227765
1990 0.7337310195227765
1991 0.7337310195227765
1992 0.7337310195227765
1993 0.7337310195227765
1994 0.7337310195227765
1995 0.7337310195227765
1996 0.7337310195227765
1997 0.7337310195227765
1998 0.7337310195227765
1999 0.7337310195227765
2000 0.7337310195227765
2001 0.7337310195227765
2002 0.7337310195227765
2003 0.7337310195227765
2004 0.7337310195227765
2005 0.7337310195227765
2006 0.7337310195227765
2007 0.7337310195227765
2008 0.7337310195227765
2009 0.7337310195227765
2010 0.7337310195227765
2011 0.7337310195227765
2012 0.7337310195227765
2013 0.7337310195227765
2014 0.7337310195227765
2015 0.7337310195227765
2016 0.732646420824295
2017 0.732646420824295
2018 0.732646420824295
2019 0.732646420824295
2020 0.732646420824295
2021 0.732646420824295
2022 0.732646420824295
2023 0.732646420824295
2024 0.732646420824295
2025 0.732646420824295
2026 0.732646420824295
2027 0.732646420824295
2028 0.732646420824295
2029 0.732646420824295
2030 0.732646420824295
2031 0.732646420824295
2032 0.732646420824295
2033 0.732646420824295
2034 0.732646420824295
2035 0.7315618221258134
2036 0.7315618221258134
2037 0.7315618221258134
2038 0.7315618221258134
2039 0.7315618221258134
2040 0.7315618221258134
2041 0.7315618221258134
2042 0.7315618221258134
2043 0.7315618221258134
2044 0.7315618221258134
2045 0.7315618221258134
2046 0.7315618221258134
2047 0.7315618221258134
2048 0.7315618221258134
2049 0.7315618221258134
2050 0.7315618221258134
2051 0.7315618221258134
2052 0.7315618221258134
2053 0.7315618221258134
2054 0.7315618221258134
2055 0.7315618221258134
2056 0.7315618221258134
2057 0.7315618221258134
2058 0.7315618221258134
2059 0.7315618221258134
2060 0.7315618221258134
2061 0.7315618221258134
2062 0.7315618221258134
2063 0.7315618221258134
2064 0.7315618221258134
2065 0.7315618221258134
2066 0.7315618221258134
2067 0.7315618221258134
2068 0.7315618221258134
2069 0.7315618221258134
2070 0.7315618221258134
2071 0.7315618221258134
2072 0.7315618221258134
2073 0.7315618221258134
2074 0.7315618221258134
2075 0.7315618221258134
2076 0.7315618221258134
2077 0.7315618221258134
2078 0.7315618221258134
2079 0.7315618221258134
2080 0.7315618221258134
2081 0.7315618221258134
2082 0.7315618221258134
2083 0.7315618221258134
2084 0.7315618221258134
2085 0.7315618221258134
2086 0.7315618221258134
2087 0.7315618221258134
2088 0.7315618221258134
2089 0.7315618221258134
2090 0.7315618221258134
2091 0.7315618221258134
2092 0.7315618221258134
2093 0.7315618221258134
2094 0.7315618221258134
2095 0.7315618221258134
2096 0.7315618221258134
2097 0.7315618221258134
2098 0.7315618221258134
2099 0.7315618221258134
2100 0.7315618221258134
2101 0.7315618221258134
2102 0.7315618221258134
2103 0.7315618221258134
2104 0.7315618221258134
2105 0.7315618221258134
2106 0.7315618221258134
2107 0.7315618221258134
2108 0.7315618221258134
2109 0.7315618221258134
2110 0.7315618221258134
2111 0.7315618221258134
2112 0.7315618221258134
2113 0.7315618221258134
2114 0.7315618221258134
2115 0.7315618221258134
2116 0.7315618221258134
2117 0.7315618221258134
2118 0.7315618221258134
2119 0.7315618221258134
2120 0.7315618221258134
2121 0.7315618221258134
2122 0.7315618221258134
2123 0.7315618221258134
2124 0.7315618221258134
2125 0.7315618221258134
2126 0.7315618221258134
2127 0.7315618221258134
2128 0.7315618221258134
2129 0.7315618221258134
2130 0.7321041214750542
2131 0.7321041214750542
2132 0.7321041214750542
2133 0.7321041214750542
2134 0.7321041214750542
2135 0.7321041214750542
2136 0.7321041214750542
2137 0.7321041214750542
2138 0.7321041214750542
2139 0.7321041214750542
2140 0.7321041214750542
2141 0.7321041214750542
2142 0.7321041214750542
2143 0.7321041214750542
2144 0.7321041214750542
2145 0.7321041214750542
2146 0.7321041214750542
2147 0.7321041214750542
2148 0.7321041214750542
2149 0.7321041214750542
2150 0.7321041214750542
2151 0.7321041214750542
2152 0.7321041214750542
2153 0.7321041214750542
2154 0.7321041214750542
2155 0.7321041214750542
2156 0.7321041214750542
2157 0.7321041214750542
2158 0.7321041214750542
2159 0.7321041214750542
2160 0.7321041214750542
2161 0.7321041214750542
2162 0.7321041214750542
2163 0.7321041214750542
2164 0.7321041214750542
2165 0.7321041214750542
2166 0.7321041214750542
2167 0.7321041214750542
2168 0.7321041214750542
2169 0.7315618221258134
2170 0.7315618221258134
2171 0.7315618221258134
2172 0.7315618221258134
2173 0.7315618221258134
2174 0.7315618221258134
2175 0.7315618221258134
2176 0.7315618221258134
2177 0.7315618221258134
2178 0.7315618221258134
2179 0.7315618221258134
2180 0.7315618221258134
2181 0.7315618221258134
2182 0.7315618221258134
2183 0.7315618221258134
2184 0.7315618221258134
2185 0.7315618221258134
2186 0.7315618221258134
2187 0.7315618221258134
2188 0.7315618221258134
2189 0.7315618221258134
2190 0.7315618221258134
2191 0.7315618221258134
2192 0.7315618221258134
2193 0.7315618221258134
2194 0.7315618221258134
2195 0.7315618221258134
2196 0.7315618221258134
2197 0.7315618221258134
2198 0.7315618221258134
2199 0.7315618221258134
2200 0.7315618221258134
2201 0.7315618221258134
2202 0.7315618221258134
2203 0.7315618221258134
2204 0.7315618221258134
2205 0.7315618221258134
2206 0.7315618221258134
2207 0.7315618221258134
2208 0.7315618221258134
2209 0.7310195227765727
2210 0.7310195227765727
2211 0.7315618221258134
2212 0.732646420824295
2213 0.732646420824295
2214 0.732646420824295
2215 0.732646420824295
2216 0.732646420824295
2217 0.732646420824295
2218 0.732646420824295
2219 0.732646420824295
2220 0.732646420824295
2221 0.732646420824295
2222 0.732646420824295
2223 0.732646420824295
2224 0.732646420824295
2225 0.732646420824295
2226 0.732646420824295
2227 0.732646420824295
2228 0.732646420824295
2229 0.732646420824295
2230 0.732646420824295
2231 0.732646420824295
2232 0.732646420824295
2233 0.732646420824295
2234 0.732646420824295
2235 0.732646420824295
2236 0.732646420824295
2237 0.732646420824295
2238 0.732646420824295
2239 0.732646420824295
2240 0.732646420824295
2241 0.732646420824295
2242 0.732646420824295
2243 0.732646420824295
2244 0.732646420824295
2245 0.732646420824295
2246 0.732646420824295
2247 0.732646420824295
2248 0.732646420824295
2249 0.732646420824295
2250 0.732646420824295
2251 0.732646420824295
2252 0.732646420824295
2253 0.732646420824295
2254 0.732646420824295
2255 0.732646420824295
2256 0.732646420824295
2257 0.732646420824295
2258 0.732646420824295
2259 0.732646420824295
2260 0.732646420824295
2261 0.732646420824295
2262 0.732646420824295
2263 0.732646420824295
2264 0.732646420824295
2265 0.732646420824295
2266 0.732646420824295
2267 0.732646420824295
2268 0.732646420824295
2269 0.732646420824295
2270 0.732646420824295
2271 0.732646420824295
2272 0.732646420824295
2273 0.732646420824295
2274 0.732646420824295
2275 0.7337310195227765
2276 0.7337310195227765
2277 0.7337310195227765
2278 0.7337310195227765
2279 0.7337310195227765
2280 0.7337310195227765
2281 0.7337310195227765
2282 0.7337310195227765
2283 0.7337310195227765
2284 0.7337310195227765
2285 0.7337310195227765
2286 0.7337310195227765
2287 0.7337310195227765
2288 0.7337310195227765
2289 0.7337310195227765
2290 0.7337310195227765
2291 0.7337310195227765
2292 0.7337310195227765
2293 0.7337310195227765
2294 0.7337310195227765
2295 0.7337310195227765
2296 0.7337310195227765
2297 0.7337310195227765
2298 0.7337310195227765
2299 0.7337310195227765
2300 0.7337310195227765
2301 0.7337310195227765
2302 0.7337310195227765
2303 0.7337310195227765
2304 0.7337310195227765
2305 0.7337310195227765
2306 0.7337310195227765
2307 0.7337310195227765
2308 0.7337310195227765
2309 0.7337310195227765
2310 0.7337310195227765
2311 0.7337310195227765
2312 0.7337310195227765
2313 0.7337310195227765
2314 0.7337310195227765
2315 0.7337310195227765
2316 0.7337310195227765
2317 0.7337310195227765
2318 0.7337310195227765
2319 0.7337310195227765
2320 0.7337310195227765
2321 0.7337310195227765
2322 0.7337310195227765
2323 0.7337310195227765
2324 0.7337310195227765
2325 0.7337310195227765
2326 0.7337310195227765
2327 0.7337310195227765
2328 0.7337310195227765
2329 0.7337310195227765
2330 0.7337310195227765
2331 0.7337310195227765
2332 0.7337310195227765
2333 0.7337310195227765
2334 0.7337310195227765
2335 0.7337310195227765
2336 0.7337310195227765
2337 0.7337310195227765
2338 0.7337310195227765
2339 0.7337310195227765
2340 0.7337310195227765
2341 0.7337310195227765
2342 0.7337310195227765
2343 0.7337310195227765
2344 0.7337310195227765
2345 0.7337310195227765
2346 0.7337310195227765
2347 0.7337310195227765
2348 0.732646420824295
2349 0.732646420824295
2350 0.732646420824295
2351 0.732646420824295
2352 0.732646420824295
2353 0.732646420824295
2354 0.732646420824295
2355 0.732646420824295
2356 0.732646420824295
2357 0.732646420824295
2358 0.732646420824295
2359 0.732646420824295
2360 0.732646420824295
2361 0.732646420824295
2362 0.732646420824295
2363 0.732646420824295
2364 0.732646420824295
2365 0.732646420824295
2366 0.732646420824295
2367 0.732646420824295
2368 0.732646420824295
2369 0.732646420824295
2370 0.732646420824295
2371 0.732646420824295
2372 0.732646420824295
2373 0.732646420824295
2374 0.732646420824295
2375 0.732646420824295
2376 0.732646420824295
2377 0.7331887201735358
2378 0.7331887201735358
2379 0.7331887201735358
2380 0.7331887201735358
2381 0.7331887201735358
2382 0.7331887201735358
2383 0.7331887201735358
2384 0.7331887201735358
2385 0.7331887201735358
2386 0.7331887201735358
2387 0.7331887201735358
2388 0.7331887201735358
2389 0.7331887201735358
2390 0.7331887201735358
2391 0.7331887201735358
2392 0.7331887201735358
2393 0.7331887201735358
2394 0.7331887201735358
2395 0.7331887201735358
2396 0.7331887201735358
2397 0.7331887201735358
2398 0.7331887201735358
2399 0.7331887201735358
2400 0.7331887201735358
2401 0.7331887201735358
2402 0.7331887201735358
2403 0.7331887201735358
2404 0.7331887201735358
2405 0.7331887201735358
2406 0.7331887201735358
2407 0.7331887201735358
2408 0.7331887201735358
2409 0.7331887201735358
2410 0.7331887201735358
2411 0.7331887201735358
2412 0.7331887201735358
2413 0.7331887201735358
2414 0.7331887201735358
2415 0.7331887201735358
2416 0.7331887201735358
2417 0.7331887201735358
2418 0.7331887201735358
2419 0.7331887201735358
2420 0.7331887201735358
2421 0.7331887201735358
2422 0.7331887201735358
2423 0.7331887201735358
2424 0.7331887201735358
2425 0.7331887201735358
2426 0.7331887201735358
2427 0.7331887201735358
2428 0.7331887201735358
2429 0.7331887201735358
2430 0.7331887201735358
2431 0.7331887201735358
2432 0.7331887201735358
2433 0.7331887201735358
2434 0.7331887201735358
2435 0.7331887201735358
2436 0.7331887201735358
2437 0.7331887201735358
2438 0.7331887201735358
2439 0.7331887201735358
2440 0.7331887201735358
2441 0.7331887201735358
2442 0.7331887201735358
2443 0.7331887201735358
2444 0.7331887201735358
2445 0.7331887201735358
2446 0.7331887201735358
2447 0.7331887201735358
2448 0.7331887201735358
2449 0.7331887201735358
2450 0.7331887201735358
2451 0.7331887201735358
2452 0.7331887201735358
2453 0.7331887201735358
2454 0.7331887201735358
2455 0.7331887201735358
2456 0.7331887201735358
2457 0.732646420824295
