0 1.0
1 0.5
2 0.3333333333333333
3 0.25
4 0.2
5 0.16666666666666666
6 0.14285714285714285
7 0.125
8 0.1111111111111111
9 0.2
10 0.2727272727272727
11 0.3333333333333333
12 0.38461538461538464
13 0.35714285714285715
14 0.4
15 0.4375
16 0.47058823529411764
17 0.5
18 0.5263157894736842
19 0.5
20 0.47619047619047616
21 0.5
22 0.5217391304347826
23 0.5
24 0.48
25 0.46153846153846156
26 0.4444444444444444
27 0.42857142857142855
28 0.4482758620689655
29 0.43333333333333335
30 0.41935483870967744
31 0.40625
32 0.3939393939393939
33 0.38235294117647056
34 0.4
35 0.3888888888888889
36 0.3783783783783784
37 0.3684210526315789
38 0.358974358974359
39 0.375
40 0.3902439024390244
41 0.38095238095238093
42 0.3953488372093023
43 0.4090909090909091
44 0.4
45 0.41304347826086957
46 0.425531914893617
47 0.4166666666666667
48 0.42857142857142855
49 0.44
50 0.45098039215686275
51 0.4423076923076923
52 0.4528301886792453
53 0.4444444444444444
54 0.45454545454545453
55 0.44642857142857145
56 0.45614035087719296
57 0.4482758620689655
58 0.4576271186440678
59 0.4666666666666667
60 0.45901639344262296
61 0.46774193548387094
62 0.47619047619047616
63 0.46875
64 0.46153846153846156
65 0.45454545454545453
66 0.4626865671641791
67 0.47058823529411764
68 0.463768115942029
69 0.4714285714285714
70 0.4788732394366197
71 0.4861111111111111
72 0.4931506849315068
73 0.4864864864864865
74 0.49333333333333335
75 0.5
76 0.5064935064935064
77 0.5128205128205128
78 0.5189873417721519
79 0.525
80 0.5308641975308642
81 0.5365853658536586
82 0.5301204819277109
83 0.5357142857142857
84 0.5411764705882353
85 0.5465116279069767
86 0.5517241379310345
87 0.5454545454545454
88 0.550561797752809
89 0.5444444444444444
90 0.5384615384615384
91 0.5434782608695652
92 0.5483870967741935
93 0.5531914893617021
94 0.5578947368421052
95 0.5520833333333334
96 0.5463917525773195
97 0.5408163265306123
98 0.5353535353535354
99 0.54
100 0.5346534653465347
101 0.5294117647058824
102 0.5339805825242718
103 0.5384615384615384
104 0.5333333333333333
105 0.5283018867924528
106 0.5327102803738317
107 0.5370370370370371
108 0.5412844036697247
109 0.5454545454545454
110 0.5405405405405406
111 0.5446428571428571
112 0.5398230088495575
113 0.5350877192982456
114 0.5304347826086957
115 0.5258620689655172
116 0.5213675213675214
117 0.5169491525423728
118 0.5210084033613446
119 0.5166666666666667
120 0.512396694214876
121 0.5081967213114754
122 0.5121951219512195
123 0.5161290322580645
124 0.52
125 0.5238095238095238
126 0.5275590551181102
127 0.53125
128 0.5348837209302325
129 0.5307692307692308
130 0.5343511450381679
131 0.5378787878787878
132 0.5413533834586466
133 0.5373134328358209
134 0.5407407407407407
135 0.5441176470588235
136 0.5401459854014599
137 0.5362318840579711
138 0.539568345323741
139 0.5357142857142857
140 0.5319148936170213
141 0.528169014084507
142 0.5314685314685315
143 0.5347222222222222
144 0.5379310344827586
145 0.541095890410959
146 0.54421768707483
147 0.5405405405405406
148 0.5436241610738255
149 0.54
150 0.5364238410596026
151 0.5394736842105263
152 0.5359477124183006
153 0.538961038961039
154 0.535483870967742
155 0.5384615384615384
156 0.5414012738853503
157 0.5379746835443038
158 0.5408805031446541
159 0.54375
160 0.5403726708074534
161 0.5432098765432098
162 0.5460122699386503
163 0.5426829268292683
164 0.5393939393939394
165 0.536144578313253
166 0.5389221556886228
167 0.5357142857142857
168 0.5384615384615384
169 0.5411764705882353
170 0.543859649122807
171 0.5406976744186046
172 0.5433526011560693
173 0.5459770114942529
174 0.5428571428571428
175 0.5397727272727273
176 0.536723163841808
177 0.5393258426966292
178 0.5418994413407822
179 0.5388888888888889
180 0.5414364640883977
181 0.5384615384615384
182 0.5409836065573771
183 0.5434782608695652
184 0.5459459459459459
185 0.5483870967741935
186 0.5454545454545454
187 0.5478723404255319
188 0.5502645502645502
189 0.5473684210526316
190 0.5445026178010471
191 0.5416666666666666
192 0.5440414507772021
193 0.5412371134020618
194 0.5435897435897435
195 0.5408163265306123
196 0.5380710659898477
197 0.5404040404040404
198 0.542713567839196
199 0.54
200 0.5422885572139303
201 0.5445544554455446
202 0.541871921182266
203 0.5441176470588235
204 0.5414634146341464
205 0.5436893203883495
206 0.5458937198067633
207 0.5480769230769231
208 0.5454545454545454
209 0.5428571428571428
210 0.5450236966824644
211 0.5471698113207547
212 0.5446009389671361
213 0.5420560747663551
214 0.5441860465116279
215 0.5416666666666666
216 0.5391705069124424
217 0.536697247706422
218 0.5388127853881278
219 0.5409090909090909
220 0.5429864253393665
221 0.545045045045045
222 0.547085201793722
223 0.5446428571428571
224 0.5422222222222223
225 0.5398230088495575
226 0.5418502202643172
227 0.5394736842105263
228 0.537117903930131
229 0.5391304347826087
230 0.5367965367965368
231 0.5387931034482759
232 0.5407725321888412
233 0.5384615384615384
234 0.5404255319148936
235 0.5423728813559322
236 0.5443037974683544
237 0.5462184873949579
238 0.5439330543933054
239 0.5458333333333333
240 0.5477178423236515
241 0.5495867768595041
242 0.5473251028806584
243 0.5450819672131147
244 0.5469387755102041
245 0.5487804878048781
246 0.5465587044534413
247 0.5443548387096774
248 0.5461847389558233
249 0.548
250 0.549800796812749
251 0.5476190476190477
252 0.5454545454545454
253 0.547244094488189
254 0.5490196078431373
255 0.546875
256 0.5447470817120622
257 0.5426356589147286
258 0.5405405405405406
259 0.5384615384615384
260 0.5363984674329502
261 0.5381679389312977
262 0.5399239543726235
263 0.5416666666666666
264 0.5433962264150943
265 0.5451127819548872
266 0.5468164794007491
267 0.5485074626865671
268 0.550185873605948
269 0.5518518518518518
270 0.5535055350553506
271 0.5514705882352942
272 0.5494505494505495
273 0.551094890510949
274 0.5527272727272727
275 0.5543478260869565
276 0.5523465703971119
277 0.5539568345323741
278 0.5519713261648745
279 0.5535714285714286
280 0.5551601423487544
281 0.5567375886524822
282 0.558303886925795
283 0.5598591549295775
284 0.5578947368421052
285 0.5594405594405595
286 0.5574912891986062
287 0.5555555555555556
288 0.5536332179930796
289 0.5517241379310345
290 0.5498281786941581
291 0.5513698630136986
292 0.5494880546075085
293 0.5510204081632653
294 0.5525423728813559
295 0.5540540540540541
296 0.5521885521885522
297 0.5536912751677853
298 0.5518394648829431
299 0.5533333333333333
300 0.5514950166112956
301 0.5496688741721855
302 0.5511551155115512
303 0.5526315789473685
304 0.5540983606557377
305 0.5522875816993464
306 0.5504885993485342
307 0.5487012987012987
308 0.5501618122977346
309 0.5516129032258065
310 0.5530546623794212
311 0.5544871794871795
312 0.5559105431309904
313 0.554140127388535
314 0.5523809523809524
315 0.5537974683544303
316 0.5520504731861199
317 0.550314465408805
318 0.54858934169279
319 0.546875
320 0.5482866043613707
321 0.5496894409937888
322 0.5510835913312694
323 0.5493827160493827
324 0.5507692307692308
325 0.549079754601227
326 0.5474006116207951
327 0.5457317073170732
328 0.547112462006079
329 0.5484848484848485
330 0.5498489425981873
331 0.5512048192771084
332 0.5525525525525525
333 0.5538922155688623
334 0.5522388059701493
335 0.5535714285714286
336 0.5519287833827893
337 0.5532544378698225
338 0.551622418879056
339 0.55
340 0.5513196480938416
341 0.5526315789473685
342 0.5539358600583091
343 0.5523255813953488
344 0.553623188405797
345 0.5520231213872833
346 0.5504322766570605
347 0.5517241379310345
348 0.5530085959885387
349 0.5514285714285714
350 0.5498575498575499
351 0.5482954545454546
352 0.5495750708215298
353 0.5480225988700564
354 0.5492957746478874
355 0.547752808988764
356 0.5490196078431373
357 0.5502793296089385
358 0.5515320334261838
359 0.5527777777777778
360 0.5512465373961218
361 0.5497237569060773
362 0.5509641873278237
363 0.5494505494505495
364 0.547945205479452
365 0.546448087431694
366 0.5449591280653951
367 0.5461956521739131
368 0.5474254742547425
369 0.5486486486486486
370 0.5498652291105122
371 0.5510752688172043
372 0.5495978552278821
373 0.5508021390374331
374 0.552
375 0.550531914893617
376 0.5517241379310345
377 0.5529100529100529
378 0.5514511873350924
379 0.5526315789473685
380 0.5511811023622047
381 0.5497382198952879
382 0.5509138381201044
383 0.5520833333333334
384 0.5532467532467532
385 0.5544041450777202
386 0.5529715762273901
387 0.5515463917525774
388 0.5526992287917738
389 0.5512820512820513
390 0.5498721227621484
391 0.548469387755102
392 0.549618320610687
393 0.5482233502538071
394 0.5468354430379747
395 0.547979797979798
396 0.5491183879093199
397 0.550251256281407
398 0.5513784461152882
399 0.55
400 0.5486284289276808
401 0.5497512437810945
402 0.5508684863523573
403 0.5495049504950495
404 0.5481481481481482
405 0.5492610837438424
406 0.547911547911548
407 0.5465686274509803
408 0.5476772616136919
409 0.5487804878048781
410 0.5498783454987834
411 0.5509708737864077
412 0.5520581113801453
413 0.5507246376811594
414 0.5518072289156627
415 0.5504807692307693
416 0.5515587529976019
417 0.5526315789473685
418 0.5513126491646778
419 0.5523809523809524
420 0.5534441805225653
421 0.5545023696682464
422 0.5555555555555556
423 0.5566037735849056
424 0.5576470588235294
425 0.5586854460093896
426 0.5597189695550351
427 0.5607476635514018
428 0.5594405594405595
429 0.5581395348837209
430 0.5591647331786543
431 0.5601851851851852
432 0.558891454965358
433 0.5599078341013825
434 0.5586206896551724
435 0.5573394495412844
436 0.5560640732265446
437 0.5547945205479452
438 0.5558086560364465
439 0.5545454545454546
440 0.5555555555555556
441 0.5565610859728507
442 0.5575620767494357
443 0.5563063063063063
444 0.5573033707865168
445 0.5560538116591929
446 0.5570469798657718
447 0.5558035714285714
448 0.5545657015590201
449 0.5555555555555556
450 0.5565410199556541
451 0.5575221238938053
452 0.5584988962472406
453 0.5594713656387665
454 0.5582417582417583
455 0.5570175438596491
456 0.5557986870897156
457 0.5545851528384279
458 0.5555555555555556
459 0.5543478260869565
460 0.5553145336225597
461 0.5541125541125541
462 0.5529157667386609
463 0.5517241379310345
464 0.5526881720430108
465 0.5515021459227468
466 0.550321199143469
467 0.5491452991452992
468 0.5501066098081023
469 0.548936170212766
470 0.5498938428874734
471 0.5508474576271186
472 0.5517970401691332
473 0.5506329113924051
474 0.5515789473684211
475 0.5504201680672269
476 0.549266247379455
477 0.5502092050209205
478 0.5490605427974948
479 0.55
480 0.5509355509355509
481 0.5518672199170125
482 0.5507246376811594
483 0.5495867768595041
484 0.5505154639175258
485 0.5493827160493827
486 0.5503080082135524
487 0.5491803278688525
488 0.5480572597137015
489 0.5489795918367347
490 0.5498981670061099
491 0.5487804878048781
492 0.5496957403651116
493 0.5506072874493927
494 0.5515151515151515
495 0.5504032258064516
496 0.5492957746478874
497 0.5481927710843374
498 0.5490981963927856
499 0.55
500 0.5508982035928144
501 0.5517928286852589
502 0.5526838966202783
503 0.5515873015873016
504 0.5504950495049505
505 0.5513833992094862
506 0.5502958579881657
507 0.5492125984251969
508 0.550098231827112
509 0.5490196078431373
510 0.547945205479452
511 0.548828125
512 0.5477582846003899
513 0.5486381322957199
514 0.5495145631067961
515 0.5503875968992248
516 0.5512572533849129
517 0.5501930501930502
518 0.5510597302504817
519 0.551923076923077
520 0.5508637236084453
521 0.5498084291187739
522 0.5487571701720841
523 0.5477099236641222
524 0.5466666666666666
525 0.5475285171102662
526 0.5464895635673624
527 0.5473484848484849
528 0.5482041587901701
529 0.5490566037735849
530 0.5499058380414312
531 0.5488721804511278
532 0.549718574108818
533 0.548689138576779
534 0.5495327102803739
535 0.5503731343283582
536 0.5493482309124768
537 0.5483271375464684
538 0.5473098330241187
539 0.5481481481481482
540 0.5471349353049908
541 0.5479704797047971
542 0.5469613259668509
543 0.5477941176470589
544 0.5467889908256881
545 0.5476190476190477
546 0.546617915904936
547 0.5456204379562044
548 0.546448087431694
549 0.5454545454545454
550 0.5444646098003629
551 0.5452898550724637
552 0.546112115732369
553 0.5469314079422383
554 0.5459459459459459
555 0.5449640287769785
556 0.5457809694793537
557 0.5448028673835126
558 0.5438282647584973
559 0.5428571428571428
560 0.5436720142602496
561 0.5444839857651246
562 0.5435168738898757
563 0.5425531914893617
564 0.5415929203539823
565 0.5406360424028268
566 0.5396825396825397
567 0.5387323943661971
568 0.5377855887521968
569 0.5368421052631579
570 0.5359019264448336
571 0.5367132867132867
572 0.5357766143106457
573 0.5365853658536586
574 0.5373913043478261
575 0.5364583333333334
576 0.5355285961871751
577 0.5346020761245674
578 0.533678756476684
579 0.5327586206896552
580 0.53184165232358
581 0.5309278350515464
582 0.5300171526586621
583 0.5308219178082192
584 0.5299145299145299
585 0.5307167235494881
586 0.5315161839863713
587 0.5306122448979592
588 0.5314091680814941
589 0.5322033898305085
590 0.5329949238578681
591 0.5320945945945946
592 0.5311973018549747
593 0.531986531986532
594 0.5327731092436975
595 0.5318791946308725
596 0.5326633165829145
597 0.5334448160535117
598 0.5342237061769616
599 0.535
600 0.5341098169717138
601 0.5348837209302325
602 0.5356550580431177
603 0.5364238410596026
604 0.5355371900826447
605 0.5346534653465347
606 0.5354200988467874
607 0.5345394736842105
608 0.535303776683087
609 0.5360655737704918
610 0.5351882160392799
611 0.5343137254901961
612 0.5350734094616639
613 0.5342019543973942
614 0.5349593495934959
615 0.5357142857142857
616 0.5348460291734197
617 0.5355987055016181
618 0.5347334410339257
619 0.5338709677419354
620 0.534621578099839
621 0.5337620578778135
622 0.5345104333868379
623 0.5336538461538461
624 0.5328
625 0.5319488817891374
626 0.532695374800638
627 0.5318471337579618
628 0.5310015898251192
629 0.5301587301587302
630 0.5293185419968305
631 0.5284810126582279
632 0.5292259083728278
633 0.5299684542586751
634 0.5307086614173229
635 0.529874213836478
636 0.5290423861852434
637 0.5297805642633229
638 0.5289514866979655
639 0.5296875
640 0.5288611544461779
641 0.5280373831775701
642 0.5287713841368584
643 0.5279503105590062
644 0.5271317829457365
645 0.5278637770897833
646 0.5285935085007728
647 0.5277777777777778
648 0.5285053929121726
649 0.5292307692307693
650 0.5284178187403994
651 0.5291411042944786
652 0.5298621745788668
653 0.5305810397553516
654 0.5312977099236641
655 0.5304878048780488
656 0.5312024353120244
657 0.5319148936170213
658 0.5311077389984825
659 0.5318181818181819
660 0.5310136157337367
661 0.5302114803625377
662 0.5294117647058824
663 0.5301204819277109
664 0.530827067669173
665 0.5315315315315315
666 0.5322338830584707
667 0.531437125748503
668 0.5321375186846039
669 0.5328358208955224
670 0.5320417287630402
671 0.5327380952380952
672 0.5334323922734027
673 0.5341246290801187
674 0.5348148148148149
675 0.5340236686390533
676 0.534711964549483
677 0.5353982300884956
678 0.5346097201767305
679 0.5338235294117647
680 0.5330396475770925
681 0.532258064516129
682 0.5329428989751098
683 0.533625730994152
684 0.5343065693430656
685 0.5335276967930029
686 0.5327510917030568
687 0.5319767441860465
688 0.532656023222061
689 0.5318840579710145
690 0.532561505065123
691 0.5317919075144508
692 0.5324675324675324
693 0.5331412103746398
694 0.5338129496402878
695 0.5344827586206896
696 0.5351506456241033
697 0.5358166189111748
698 0.5364806866952789
699 0.5357142857142857
700 0.536376604850214
701 0.5370370370370371
702 0.5376955903271693
703 0.5383522727272727
704 0.5390070921985816
705 0.5382436260623229
706 0.5388967468175389
707 0.53954802259887
708 0.5401974612129761
709 0.5394366197183098
710 0.5386779184247539
711 0.5393258426966292
712 0.5385694249649369
713 0.5392156862745098
714 0.5398601398601398
715 0.5405027932960894
716 0.5411436541143654
717 0.5403899721448467
718 0.541029207232267
719 0.5402777777777777
720 0.5409153952843273
721 0.5401662049861495
722 0.5394190871369294
723 0.5400552486187845
724 0.5406896551724137
725 0.5399449035812672
726 0.5405777166437414
727 0.5398351648351648
728 0.5404663923182441
729 0.5397260273972603
730 0.5403556771545828
731 0.5409836065573771
732 0.5402455661664393
733 0.5395095367847411
734 0.5401360544217687
735 0.5407608695652174
736 0.5413839891451832
737 0.540650406504065
738 0.5412719891745602
739 0.5405405405405406
740 0.5411605937921727
741 0.5417789757412399
742 0.5410497981157469
743 0.5416666666666666
744 0.5422818791946309
745 0.5428954423592494
746 0.5435073627844712
747 0.5441176470588235
748 0.5447263017356475
749 0.5453333333333333
750 0.5459387483355526
751 0.5465425531914894
752 0.547144754316069
753 0.5464190981432361
754 0.5456953642384106
755 0.5462962962962963
756 0.5455746367239102
757 0.5461741424802111
758 0.546772068511199
759 0.5473684210526316
760 0.5466491458607096
761 0.547244094488189
762 0.5478374836173001
763 0.5471204188481675
764 0.5477124183006536
765 0.5469973890339426
766 0.546284224250326
767 0.546875
768 0.5474642392717816
769 0.548051948051948
770 0.5486381322957199
771 0.5492227979274611
772 0.5498059508408797
773 0.5490956072351422
774 0.5496774193548387
775 0.5489690721649485
776 0.5495495495495496
777 0.5501285347043702
778 0.5494223363286265
779 0.55
780 0.5492957746478874
781 0.5498721227621484
782 0.5491698595146871
783 0.548469387755102
784 0.5490445859872611
785 0.5483460559796438
786 0.5476493011435832
787 0.5482233502538071
788 0.5487959442332065
789 0.549367088607595
790 0.549936788874842
791 0.5492424242424242
792 0.5498108448928121
793 0.5503778337531486
794 0.549685534591195
795 0.550251256281407
796 0.5508155583437893
797 0.5513784461152882
798 0.5506883604505632
799 0.55125
800 0.5518102372034956
801 0.5511221945137157
802 0.5516811955168119
803 0.5522388059701493
804 0.5527950310559007
805 0.5521091811414393
806 0.5514250309789344
807 0.551980198019802
808 0.5525339925834364
809 0.5530864197530864
810 0.5536374845869297
811 0.5529556650246306
812 0.5522755227552275
813 0.5515970515970516
814 0.5521472392638037
815 0.5514705882352942
816 0.5520195838433293
817 0.5513447432762836
818 0.5506715506715507
819 0.551219512195122
820 0.5517661388550548
821 0.5523114355231143
822 0.5528554070473876
823 0.5521844660194175
824 0.5527272727272727
825 0.5520581113801453
826 0.5513905683192262
827 0.5507246376811594
828 0.5500603136308806
829 0.5493975903614458
830 0.5487364620938628
831 0.5492788461538461
832 0.5498199279711885
833 0.5491606714628298
834 0.548502994011976
835 0.5490430622009569
836 0.5483870967741935
837 0.548926014319809
838 0.5494636471990465
839 0.5488095238095239
840 0.5481569560047562
841 0.5475059382422803
842 0.5480427046263345
843 0.5485781990521327
844 0.5491124260355029
845 0.5484633569739953
846 0.5489964580873672
847 0.5495283018867925
848 0.5488810365135454
849 0.5494117647058824
850 0.5499412455934195
851 0.5504694835680751
852 0.5498241500586166
853 0.550351288056206
854 0.5508771929824562
855 0.5514018691588785
856 0.5507584597432905
857 0.5501165501165501
858 0.5506402793946449
859 0.55
860 0.5505226480836237
861 0.5498839907192575
862 0.5504055619930475
863 0.5497685185185185
864 0.5502890173410404
865 0.5508083140877598
866 0.5513264129181085
867 0.5506912442396313
868 0.5500575373993095
869 0.5494252873563218
870 0.5499425947187141
871 0.5493119266055045
872 0.5498281786941581
873 0.5491990846681922
874 0.5485714285714286
875 0.5490867579908676
876 0.5496009122006842
877 0.5489749430523918
878 0.5494880546075085
879 0.55
880 0.5505107832009081
881 0.5498866213151927
882 0.549263873159683
883 0.5486425339366516
884 0.5491525423728814
885 0.5496613995485328
886 0.5501691093573844
887 0.5495495495495496
888 0.5489313835770528
889 0.5483146067415731
890 0.5488215488215489
891 0.5482062780269058
892 0.5487122060470325
893 0.5480984340044742
894 0.5486033519553073
895 0.5479910714285714
896 0.5484949832775919
897 0.5478841870824054
898 0.5483870967741935
899 0.5477777777777778
900 0.5482796892341842
901 0.5476718403547672
902 0.5481727574750831
903 0.547566371681416
904 0.5480662983425414
905 0.5485651214128036
906 0.5490628445424476
907 0.5495594713656388
908 0.5489548954895489
909 0.5494505494505495
910 0.5488474204171241
911 0.5493421052631579
912 0.5487404162102957
913 0.5492341356673961
914 0.5486338797814208
915 0.5480349344978166
916 0.5485278080697928
917 0.5490196078431373
918 0.5495103373231773
919 0.5489130434782609
920 0.5483170466883822
921 0.5477223427331888
922 0.5471289274106176
923 0.5465367965367965
924 0.547027027027027
925 0.5475161987041036
926 0.5480043149946062
927 0.5484913793103449
928 0.5479009687836384
929 0.5483870967741935
930 0.547798066595059
931 0.5472103004291845
932 0.5476956055734191
933 0.5481798715203426
934 0.5475935828877005
935 0.5480769230769231
936 0.5485592315901814
937 0.5479744136460555
938 0.5484558040468583
939 0.5478723404255319
940 0.5472901168969182
941 0.5477707006369427
942 0.5482502651113468
943 0.548728813559322
944 0.5492063492063493
945 0.5486257928118393
946 0.5480464625131996
947 0.5485232067510548
948 0.5489989462592202
949 0.5494736842105263
950 0.5499474237644585
951 0.5504201680672269
952 0.5498426023084995
953 0.549266247379455
954 0.5497382198952879
955 0.5502092050209205
956 0.5506792058516197
957 0.5511482254697286
958 0.5516162669447341
959 0.5520833333333334
960 0.5525494276795005
961 0.553014553014553
962 0.553478712357217
963 0.553941908713693
964 0.5544041450777202
965 0.5538302277432712
966 0.5542916235780765
967 0.5547520661157025
968 0.5541795665634675
969 0.554639175257732
970 0.5550978372811535
971 0.5555555555555556
972 0.5549845837615622
973 0.555441478439425
974 0.5558974358974359
975 0.5563524590163934
976 0.5557830092118731
977 0.556237218813906
978 0.5566905005107252
979 0.5561224489795918
980 0.5565749235474006
981 0.5570264765784114
982 0.5574771108850458
983 0.556910569105691
984 0.5573604060913706
985 0.5567951318458418
986 0.5572441742654508
987 0.5576923076923077
988 0.5571284125379171
989 0.5575757575757576
990 0.557013118062563
991 0.5564516129032258
992 0.5558912386706949
993 0.5563380281690141
994 0.5557788944723618
995 0.5552208835341366
996 0.5546639919759278
997 0.5541082164328658
998 0.5535535535535535
999 0.554
1000 0.5544455544455544
1001 0.5538922155688623
1002 0.5543369890329013
1003 0.5537848605577689
1004 0.554228855721393
1005 0.5546719681908548
1006 0.5541211519364448
1007 0.5545634920634921
1008 0.5550049554013875
1009 0.5554455445544555
1010 0.5558852621167161
1011 0.5563241106719368
1012 0.5567620927936822
1013 0.5562130177514792
1014 0.5566502463054187
1015 0.5570866141732284
1016 0.5575221238938053
1017 0.5579567779960707
1018 0.5574092247301276
1019 0.5568627450980392
1020 0.5572967678746327
1021 0.5567514677103719
1022 0.5571847507331378
1023 0.5576171875
1024 0.5570731707317074
1025 0.557504873294347
1026 0.5569620253164557
1027 0.5573929961089494
1028 0.5578231292517006
1029 0.5572815533980583
1030 0.5577109602327837
1031 0.5581395348837209
1032 0.558567279767667
1033 0.5589941972920697
1034 0.5594202898550724
1035 0.5588803088803089
1036 0.5583413693346191
1037 0.558766859344894
1038 0.559191530317613
1039 0.5596153846153846
1040 0.5600384245917387
1041 0.5595009596928983
1042 0.5599232981783318
1043 0.5593869731800766
1044 0.5588516746411484
1045 0.5592734225621415
1046 0.559694364851958
1047 0.5591603053435115
1048 0.559580552907531
1049 0.56
1050 0.560418648905804
1051 0.5598859315589354
1052 0.560303893637227
1053 0.5607210626185958
1054 0.5601895734597157
1055 0.5606060606060606
1056 0.5600756859035004
1057 0.5595463137996219
1058 0.559017941454202
1059 0.559433962264151
1060 0.5598491988689915
1061 0.559322033898305
1062 0.5587958607714016
1063 0.5592105263157895
1064 0.5596244131455399
1065 0.5600375234521576
1066 0.5604498594189316
1067 0.5608614232209738
1068 0.5603367633302152
1069 0.5598130841121496
1070 0.5592903828197946
1071 0.5597014925373134
1072 0.5601118359739049
1073 0.5595903165735568
1074 0.5590697674418604
1075 0.5585501858736059
1076 0.5589600742804085
1077 0.5584415584415584
1078 0.5588507877664504
1079 0.5592592592592592
1080 0.5596669750231268
1081 0.5591497227356746
1082 0.5586334256694367
1083 0.559040590405904
1084 0.5594470046082949
