0 0.0
1 0.0
2 0.0
3 0.2537814064007224
4 0.40603999717192124
5 0.5075371809050302
6 0.43282756434437475
7 0.5062429021591283
8 0.5633360315374367
9 0.6090036161982386
10 0.646361714998566
11 0.6774877006259253
12 0.703819754278803
13 0.6501971027560746
14 0.6751934429339592
15 0.6970597202518726
16 0.6526770707334826
17 0.6132371102598732
18 0.6354864244098295
19 0.6005874328708655
20 0.6215790811692927
21 0.640655657439362
22 0.6580669564819854
23 0.6273623443178077
24 0.6441343280996169
25 0.6596096516400431
26 0.6739323915225942
27 0.6872260420815809
28 0.6995970640655481
29 0.6727204575497381
30 0.6475905014243568
31 0.6240434396649798
32 0.6373625054426454
33 0.6498911472768557
34 0.6616971203487101
35 0.639901141087111
36 0.6192957874407411
37 0.5997870537275848
38 0.581290575643765
39 0.593939327984262
40 0.5763524833368888
41 0.5596146318312414
42 0.5721648930691943
43 0.5561552828969909
44 0.5408685018150621
45 0.5262573989082742
46 0.5388410524844515
47 0.524761429508154
48 0.536982042474411
49 0.5487041961330802
50 0.5599572210167165
51 0.570768191638007
52 0.5811621393211882
53 0.5672864101793262
54 0.5774764120643624
55 0.5872934373527106
56 0.5967571262940078
57 0.5832476995017701
58 0.5925644199719755
59 0.6015616940443845
60 0.5884361844329873
61 0.5973112246596547
62 0.6058956103690303
63 0.5931238750332453
64 0.5807583552626262
65 0.5894049574217736
66 0.5977842043403202
67 0.6059079032321641
68 0.593793693675426
69 0.6018348138847258
70 0.6096402950399314
71 0.6172199681255626
72 0.6053471235618305
73 0.612869193245724
74 0.6012928099999114
75 0.6087575701408114
76 0.6160192327587971
77 0.6230856231779657
78 0.6299641706572555
79 0.6185616251322397
80 0.6254103008221399
81 0.6320829295625361
82 0.6385858889496508
83 0.6273848087372383
84 0.6338717304709133
85 0.6401988416211948
86 0.6292154521055805
87 0.6184971981303052
88 0.6249504427331137
89 0.6312509584680907
90 0.6374037967584488
91 0.6268388978778299
92 0.6165169765660897
93 0.6227910756085374
94 0.6289235178097332
95 0.6349187477059719
96 0.6247235628966952
97 0.6147524863338194
98 0.62086490311048
99 0.626845257023974
100 0.6170143638608375
101 0.6229868335596261
102 0.6133257142020193
103 0.6192893134651323
104 0.6251292684494771
105 0.6155909576575183
106 0.6214256455794228
107 0.6271421706108377
108 0.6327438062097294
109 0.638233706941419
110 0.6436149138327875
111 0.6488903594396408
112 0.6393309695360164
113 0.6299567654636277
114 0.6207628775596089
115 0.6117446038454554
116 0.6028974028633916
117 0.594216886876999
118 0.5856988154146773
119 0.5916121695293495
120 0.5974163202626493
121 0.588961246225281
122 0.5947545103299267
123 0.6004428338300349
124 0.6060287629264316
125 0.6115147631303902
126 0.6030327872279378
127 0.6085176663641716
128 0.6139061933791041
129 0.6192006200063
130 0.6244031293575759
131 0.6159036133859351
132 0.6211132016682246
133 0.6127188105696966
134 0.6044668764528922
135 0.6097754028928137
136 0.6016193927313837
137 0.6069299803936833
138 0.5988661943451805
139 0.6041782771450064
140 0.6094030714965238
141 0.6145424539106578
142 0.6195982485321585
143 0.6245722289560532
144 0.629466119968933
145 0.63428159921868
146 0.6260630629010908
147 0.6179749346009382
148 0.6228959637369804
149 0.6277396462486339
150 0.619699564138935
151 0.6245568086251765
152 0.6166019432307133
153 0.6214718857442921
154 0.6135991892345107
155 0.618481022850554
156 0.6232885152977937
157 0.6154548774737933
158 0.6202755511055359
159 0.6125194208962441
160 0.6173525023120303
161 0.6221135257970919
162 0.6268038557961325
163 0.6314248235690337
164 0.6359777281944762
165 0.6281401153634744
166 0.632712189040338
167 0.6249507104910346
168 0.6295410327677973
169 0.6340650425474132
170 0.6385239428838475
171 0.6429189089330895
172 0.6472510887574675
173 0.6394152156523764
174 0.6437714192638244
175 0.648066058942123
176 0.6523002182600625
177 0.6444682240693553
178 0.6487284498433437
179 0.6409703222082731
180 0.6452555546618601
181 0.6375689245560086
182 0.6418781562743278
183 0.646128120537186
184 0.6503198214489306
185 0.654454241575969
186 0.6585323425206351
187 0.6625550654767487
188 0.6665233317675455
189 0.6586989564319068
190 0.6509798563047219
191 0.6550629035729549
192 0.6590913421935733
193 0.6514068709780181
194 0.643824574942858
195 0.6363428050873932
196 0.6289599458269232
197 0.6332578730399822
198 0.637499299265816
199 0.6301380482563637
200 0.6344022741806249
201 0.6386109008499632
202 0.6312705427608714
203 0.635502490443489
204 0.639679697422414
205 0.6323595418487629
206 0.6365605604413805
207 0.6292969633433858
208 0.6335209830747134
209 0.6376910560505737
210 0.6418080025716641
211 0.6458726274684519
212 0.6385533770597791
213 0.6313266993265845
214 0.6241912071533023
215 0.6171455391143188
216 0.6214615185986581
217 0.6257234172792526
218 0.6299320340727581
219 0.6340881533593198
220 0.6381925453092122
221 0.6422459662006655
222 0.6462491587291553
223 0.6502028523084241
224 0.6541077633634884
225 0.6468142087500203
226 0.6507478417582362
227 0.6546332437027923
228 0.6584711035845177
229 0.6511620279569931
230 0.6439420260943017
231 0.6478856615120205
232 0.6407175056901434
233 0.6446883541799333
234 0.6486111887479804
235 0.6524866804531798
236 0.6563154889790905
237 0.6600982628708321
238 0.6528401769985306
239 0.6566535638221214
240 0.660421352896934
241 0.6641441702966565
242 0.6678226317270686
243 0.6714573427365071
244 0.6750488989211972
245 0.6785978861255899
246 0.682104880637854
247 0.6855704493806535
248 0.6781033598379789
249 0.670724180948307
250 0.6743042307263944
251 0.677842269508254
252 0.6813388568980866
253 0.6739501504938546
254 0.67748298013783
255 0.6809746143447614
256 0.6844255962106126
257 0.6770280295142769
258 0.6805160299015756
259 0.6731725335324042
260 0.6766965639670757
261 0.6694057611244728
262 0.6621990889426703
263 0.6658329949781314
264 0.6586756933592053
265 0.6623419755350268
266 0.6659661901148904
267 0.6695488770940063
268 0.6730905683101619
269 0.6765917875929879
270 0.6800530509099415
271 0.6727799197096902
272 0.6655895711703945
273 0.6691611336445302
274 0.6726921494855616
275 0.6655173898642511
276 0.6584238768001748
277 0.6620622187900017
278 0.6550147702695415
279 0.6480468318445949
280 0.65178846469918
281 0.6554879854614173
282 0.6591459174002178
283 0.6627627762394227
284 0.6557343867094445
285 0.6593830083439429
286 0.6523988643454738
287 0.656078455962077
288 0.649137489736119
289 0.6528472814794261
290 0.6565157449906321
291 0.6601433848589725
292 0.6531753244501771
293 0.6568341566385031
294 0.6604524016403788
295 0.6640305513593568
296 0.6675690908625501
297 0.6710684984938263
298 0.6745292459847569
299 0.6779517985633705
300 0.6813366150607633
301 0.6741792293049513
302 0.6776002226917783
303 0.670489232473379
304 0.6739455330280847
305 0.6668798477426958
306 0.6598916222437209
307 0.6634539073476596
308 0.6669772112406387
309 0.6704619952421391
310 0.673908714488021
311 0.6773178180283463
312 0.6702400523383036
313 0.6736843948282141
314 0.6666508915635521
315 0.6701296422317525
316 0.6735705900783923
317 0.6769741769966366
318 0.6803408390686679
319 0.6836710066553636
320 0.6869651044843244
321 0.6902235517362854
322 0.6830418058728496
323 0.6863384070388023
324 0.6792028362281516
325 0.6721442502164996
326 0.6755501402096531
327 0.6685349934330962
328 0.6719757185039081
329 0.6753794329941405
330 0.6683740558727964
331 0.6718125670535358
332 0.6648493490105862
333 0.6683218591848905
334 0.6717571502468922
335 0.6751556466642885
336 0.668167823514443
337 0.6612547431342019
338 0.6647582977453371
339 0.6578852302263388
340 0.6614212230949386
341 0.654587271192841
342 0.6478261754040382
343 0.6514625099984228
344 0.6550601273397342
345 0.6483007483572616
346 0.6416132488910066
347 0.6453089957526632
348 0.638656533251497
349 0.6320746842046846
350 0.6358652798087904
351 0.6396156873802925
352 0.6433263562422799
353 0.6469977302178536
354 0.6506302477071186
355 0.6542243417629059
356 0.6577804401652491
357 0.6612989654946413
358 0.6647803352040932
359 0.6682249616900179
360 0.6716332523619638
361 0.6647355157583098
362 0.6681777837747694
363 0.6715837984225842
364 0.6749539601043523
365 0.6680294890819625
366 0.6714343503047508
367 0.6645495384795612
368 0.6679883364753277
369 0.6713910273334969
370 0.674758007606291
371 0.6780896691354007
372 0.6813863991151236
373 0.684648580154513
374 0.6878765903385574
375 0.691070803288407
376 0.6942315882206658
377 0.6973593100057657
378 0.7004543292254398
379 0.7035170022293101
380 0.7065476811906081
381 0.7095467141610401
382 0.7125144451248173
383 0.7154512140518611
384 0.7183573569502012
385 0.7212332059175807
386 0.7240790891922807
387 0.7268953312031805
388 0.7296822526190643
389 0.7324401703971902
390 0.7249689599029349
391 0.727773834752469
392 0.7305495536983919
393 0.7332964309777381
394 0.7360147772142097
395 0.738704899464287
396 0.7413671012626579
397 0.7440016826669844
398 0.7466089403020109
399 0.7390063807487024
400 0.7416635373989049
401 0.7442931659671991
402 0.746895561277738
403 0.749471014802057
404 0.7520198147011208
405 0.7545422458667664
406 0.7570385899625497
407 0.759509125464009
408 0.7619541276983535
409 0.7542088483275198
410 0.7567069082055398
411 0.7591791756146438
412 0.7616259250255469
413 0.7538890127443455
414 0.7563887143179254
415 0.7487074252926398
416 0.7512589590540998
417 0.7537841974943169
418 0.7562834194404325
419 0.7587569006047538
420 0.7510574191488543
421 0.753583190075099
422 0.7560829695717945
423 0.7484139813955161
424 0.740823865932159
425 0.7434519545547893
426 0.7359142859833656
427 0.7385914118306892
428 0.7412410348604855
429 0.733728877858633
430 0.7262938538255395
431 0.718935150609023
432 0.7217824831679922
433 0.714471406847808
434 0.7173632083531236
435 0.7202253559844937
436 0.7230581612008922
437 0.7258619320414371
438 0.7286369731659185
439 0.731383585894785
440 0.7341020682486025
441 0.736792714986988
442 0.729337926495536
443 0.7320761330837641
444 0.7347863217866486
445 0.7273544360269228
446 0.730111753287011
447 0.7328408763468321
448 0.7355420997134915
449 0.7281059203687317
450 0.7207457273751182
451 0.7134607280160853
452 0.7062501381718046
453 0.7092186045997405
454 0.7121567636728772
455 0.7049616282462814
456 0.7079421823550212
457 0.7108923244543566
458 0.7138123709154192
459 0.7167026346963458
460 0.719563425381536
461 0.7122978504412354
462 0.7152025539008957
463 0.718077654208042
464 0.7108291739590653
465 0.7137478714038606
466 0.7166368398272558
467 0.7094049287560293
468 0.712337188734909
469 0.7051499755081096
470 0.7081246343119143
471 0.7110690214006752
472 0.713983450078534
473 0.7168682303017954
474 0.7197236687168032
475 0.7225500686973476
476 0.7253477303816088
477 0.7180343093713563
478 0.7107952252096943
479 0.7137106937598783
480 0.7165965378142138
481 0.7194530630787404
482 0.7122020127397855
483 0.7151023739622039
484 0.7179732827547596
485 0.7208150426758362
486 0.7236279540653767
487 0.7163376337490501
488 0.719195228005089
489 0.7119506426326155
490 0.7047795581004087
491 0.697681218178846
492 0.7007258688976611
493 0.703739642995853
494 0.7067228578886597
495 0.7096758276423598
496 0.712598863011322
497 0.7154922714746101
498 0.7082895453356671
499 0.711225943436236
500 0.7141325911002685
501 0.7170097935977418
502 0.7198578529891458
503 0.7226770681607674
504 0.7254677348595531
505 0.728230145727561
506 0.7309645903360055
507 0.7236103566080689
508 0.7263909428143871
509 0.7190836115645517
510 0.7219093990048713
511 0.7247065958241152
512 0.7274754946080445
513 0.730216384881907
514 0.732929553143774
515 0.7356152828974876
516 0.7282181607825173
517 0.7309509635655507
518 0.7336561385038716
519 0.726279937090364
520 0.7290317783493913
521 0.7217028584102579
522 0.7245004174999414
523 0.7172178184739503
524 0.7100087974188727
525 0.7129234563229729
526 0.7057583319391902
527 0.7087154123981972
528 0.7116426288037828
529 0.7145402856751009
530 0.717408684367844
531 0.7102002604056407
532 0.7131119890371413
533 0.715994325849032
534 0.7188475702609659
535 0.7216720185877781
536 0.724467964072769
537 0.7171906477540888
538 0.7099867569649059
539 0.7128996931116979
540 0.7157832439894799
541 0.7186377085767197
542 0.7214633827591053
543 0.7242605593625516
544 0.727029528185836
545 0.7297705760328644
546 0.7324839867445757
547 0.7351700412304863
548 0.7378290174998814
549 0.7304212802202121
550 0.723088208625986
551 0.7258681574314952
552 0.7286200903796418
553 0.7213059601472281
554 0.7241034761595503
555 0.7168352396226586
556 0.719677417864857
557 0.7124541481681265
558 0.7153400866760814
559 0.708160875947716
560 0.7110896912302077
561 0.7139890101879368
562 0.7168591319486346
563 0.7096656986625672
564 0.7025446957604388
565 0.6954953890164511
566 0.6985506729326392
567 0.6915419157435081
568 0.6946366602554125
569 0.6977002544054288
570 0.7007330137548781
571 0.6937032824818161
572 0.6867442957148697
573 0.6898866670548947
574 0.6829664030557493
575 0.6861464734168827
576 0.6892945487711838
577 0.6924109529528961
578 0.6854662165482968
579 0.678591339193095
580 0.6717856140681989
581 0.6750772441713002
582 0.6783357686569786
583 0.681561522364893
584 0.6847548367105342
585 0.6879160397209895
586 0.6810179738936281
587 0.6741892659661618
588 0.6774561486303778
589 0.6806901873733802
590 0.683891714132629
591 0.6770349256992861
592 0.6802729314723208
593 0.6834783904967162
594 0.6766262779199991
595 0.6698430321751488
596 0.673152805547013
597 0.676429317530072
598 0.6796729040069065
599 0.6828838974358685
600 0.6860626268866348
601 0.6892094180753804
602 0.6923245933995731
603 0.6954084719723945
604 0.6884384458277295
605 0.6815384378988014
606 0.6847302082747053
607 0.6878899182505549
608 0.6910178912794331
609 0.6840926496385523
610 0.6772369608092093
611 0.6804714864459485
612 0.68367352932075
613 0.6868434170062314
614 0.6899814737444011
615 0.6930880204810647
616 0.6961633748998647
617 0.6992078514559579
618 0.7022217614093353
619 0.7052054128577879
620 0.7081591107695218
621 0.7010638404843671
622 0.704058918634614
623 0.7070239320285495
624 0.7099591835882438
625 0.7128649731610931
626 0.7157415975514763
627 0.7085711664770562
628 0.7114907010870213
629 0.7043631141969298
630 0.6973070559505217
631 0.7003392723163027
632 0.7033410611266908
633 0.7063127287599481
634 0.709254578488549
635 0.7121669105110786
636 0.715050021983796
637 0.7179042070518642
638 0.7207297568802526
639 0.7235269596843144
640 0.7162801474050052
641 0.7191218268801728
642 0.721935000250277
643 0.7247199543577914
644 0.7174616493752882
645 0.7202913190718827
646 0.7230926066482238
647 0.7258657976292481
648 0.7286111746506244
649 0.7313290174883282
650 0.7240051773601125
651 0.7167547858770769
652 0.7195912426099375
653 0.7123852583030034
654 0.7152653910562046
655 0.7181166430648896
656 0.7209393047201376
657 0.7237336634775056
658 0.726500003887017
659 0.7292386076228353
660 0.7219367089423097
661 0.724720932750037
662 0.7274772427694761
663 0.7302059195650759
664 0.7329072408671713
665 0.7355814816008935
666 0.7382289139147792
667 0.7408498072090831
668 0.7434444281637963
669 0.7460130407663735
670 0.7485559063391729
671 0.7410616058581121
672 0.7436539833335885
673 0.7462203773948025
674 0.7487610490647504
675 0.7512762567324799
676 0.7537662561799036
677 0.7562313006083341
678 0.7486607571407247
679 0.7511768576419644
680 0.7436570764791909
681 0.7362126527468921
682 0.728842829689342
683 0.7315572077528363
684 0.7342443861319037
685 0.726894494531943
686 0.7196182502068114
687 0.7224248550781853
688 0.7151934965376854
689 0.708034593209243
690 0.7109570635165777
691 0.7038407037759417
692 0.7068050965290911
693 0.7097397895867251
694 0.7126450810571321
695 0.7155212660453558
696 0.7183686366836702
697 0.721187482161741
698 0.7239780887564762
699 0.7267407398615704
700 0.7294757160167447
701 0.7321832949366871
702 0.7248552025868839
703 0.7276089792189974
704 0.7303351717056689
705 0.7230257619827053
706 0.7257977788236188
707 0.7285420301975585
708 0.7312587946617289
709 0.7339483479697705
710 0.7366109631001522
711 0.729239101245789
712 0.7219410725677091
713 0.7147161364518203
714 0.7075635597356681
715 0.7104901177334103
716 0.7133873664662161
717 0.7162555998970291
718 0.719095109031816
719 0.7219061819494819
720 0.7246891038314814
721 0.7274441569911242
722 0.7201646297430878
723 0.722964920242085
724 0.7257371692674346
725 0.728481658002174
726 0.7311986648021982
727 0.7338884652248355
728 0.7265447502885226
729 0.7192745686868584
730 0.7220836338774739
731 0.724864572356708
732 0.7276176661099418
733 0.7203369352938267
734 0.7231352988355476
735 0.7259056442360934
736 0.7286482523641692
737 0.731363401266097
738 0.7240454141353433
739 0.7268065860572999
740 0.7295401138825004
741 0.7322462746967866
742 0.7249196254122865
743 0.727671986163628
744 0.7303967923056853
745 0.7230887725184005
746 0.7258594055836685
747 0.7286023020380994
748 0.7313177398508661
749 0.7340059941994345
750 0.7366673374977196
751 0.7292968167478142
752 0.7320052482301324
753 0.7246814488386516
754 0.7274360295211951
755 0.7301630366190831
756 0.7228577798354364
757 0.7156256478208164
758 0.7084659078896752
759 0.7113826537142284
760 0.7042654333203685
761 0.6972194527000944
762 0.6902439981100862
763 0.6933429919977103
764 0.6964109673993942
765 0.6894436982014439
766 0.6825461645982398
767 0.68572211452446
768 0.678861874790542
769 0.6720702975500567
770 0.675351009400849
771 0.6785988859660647
772 0.6718100276332233
773 0.6750933012333851
774 0.6783437147460724
775 0.671557494433559
776 0.6648391917316517
777 0.6681921475639908
778 0.6615075660321263
779 0.6648938244211073
780 0.6682461936682593
781 0.6715650131938112
782 0.6648467949645575
783 0.6681995958358161
784 0.6715188434393627
785 0.6748048738108099
786 0.6680543463048243
787 0.6613713734193175
788 0.6647588788109535
789 0.6581089207087322
790 0.6615290378699276
791 0.6649149298443959
792 0.6682669393621548
793 0.6715854057163985
794 0.6748706647980566
795 0.6781230491300027
796 0.6813428879009166
797 0.6845305069988054
798 0.6876862290441851
799 0.6808071501606909
800 0.6739969061903092
801 0.6672548079054174
802 0.6605801729881634
803 0.6639754221745384
804 0.667336697949406
805 0.6706643404633722
806 0.6739586864572438
807 0.6672170951222246
808 0.6605429596012625
809 0.6639385195125933
810 0.6673001041279322
811 0.6706280535923758
812 0.6639198762730453
813 0.6672816185605761
814 0.6706097246931402
815 0.6639017870649274
816 0.6672636823359581
817 0.6605892507646497
818 0.6639842620429764
819 0.6673453052184378
820 0.6606701105250053
821 0.6640642861465282
822 0.6674245025605107
823 0.6707510997064415
824 0.6740444141174983
825 0.6673022970877129
826 0.6706300915691533
827 0.6739245918345211
828 0.6671837230145437
829 0.6705126792344624
830 0.6738083300987991
831 0.6670686723808995
832 0.6703987558015808
833 0.6636932329729426
834 0.6670570631110809
835 0.6703872397713219
836 0.6636818777377805
837 0.6670457988022103
838 0.6703760659299374
839 0.6736730159534726
840 0.6769369823311654
841 0.6701661820539921
842 0.6734652102429556
843 0.6667291633488649
844 0.670062555037974
845 0.6633605693647824
846 0.666727640162211
847 0.6600590373442272
848 0.6534571469553079
849 0.6469213013456299
850 0.6504527698950786
851 0.6539489101933392
852 0.6574100757929576
853 0.6608366167055787
854 0.6642288794374619
855 0.66758720702464
856 0.6609101217088758
857 0.6542998313941989
858 0.6577574488368912
859 0.661180477849439
860 0.6645692645600962
861 0.6579224233561901
862 0.6513420734245441
863 0.644827549397401
864 0.6483798695044306
865 0.6518966545559622
866 0.6453766165803067
867 0.6389218003093358
868 0.6425331639476626
869 0.6361068076379973
870 0.6397463140708147
871 0.643349414004784
872 0.6469164717324937
873 0.6404463160125289
874 0.6440423981390652
875 0.6376010071940746
876 0.6312240494039699
877 0.6349123515693551
878 0.6285623031146644
879 0.6322772157813072
880 0.6359549686593755
881 0.6295945200355173
882 0.6232976937892526
883 0.6270652387311342
884 0.6307950978367651
885 0.6344876481712481
886 0.6381432630249196
887 0.6317609811579137
888 0.6254425390116157
889 0.6191872978524021
890 0.6129946253406818
891 0.6168651738148206
892 0.620697006957894
893 0.6244905121191913
894 0.6282460727706082
895 0.6219628405756977
896 0.6257436717454095
897 0.6294866854567714
898 0.6331922600664184
899 0.6368607701437946
900 0.6404925865090987
901 0.6340869201699629
902 0.6377464697698895
903 0.6313682824468514
904 0.6350550131385799
905 0.6387048682935051
906 0.6423182168307967
907 0.6458954239771725
908 0.6494368513038875
909 0.6529428567633522
910 0.6564137947253836
911 0.6598500160130916
912 0.653250832849585
913 0.6567186798477465
914 0.6601518413042085
915 0.6535496598725753
916 0.6570145077487773
917 0.6604447002904914
918 0.6638405841875116
919 0.6572015378963788
920 0.6606298499293959
921 0.6640238723259684
922 0.6673839481121495
923 0.670710416881151
924 0.6740036148277221
925 0.6772638747821854
926 0.6804915262441297
927 0.683686895415766
928 0.686850305234949
929 0.6899820754078667
930 0.6830816586603325
931 0.6862511130840785
932 0.6893888675700244
933 0.6824944011011355
934 0.6756688907959738
935 0.6689116468640433
936 0.6722227996459275
937 0.6755008355414759
938 0.6787460858261993
939 0.6819588784607308
940 0.6851395381240162
941 0.6882883862461734
942 0.6914057410410204
943 0.6944919175382785
944 0.6975472276154521
945 0.7005719800293893
946 0.6935657449838571
947 0.6866295825429072
948 0.6897635126033003
949 0.692866098867641
950 0.6959376548633583
951 0.6889777915647177
952 0.6920882290075235
953 0.6951675577899743
954 0.6882154104426302
955 0.6913334658120749
956 0.6944203364590177
957 0.6974763343136514
958 0.7005017681852151
959 0.7034969437932374
960 0.7064621637984653
961 0.7093977278334834
962 0.7123039325330274
963 0.7151810715639915
964 0.7080288219080556
965 0.7109487110933602
966 0.7138393978562522
967 0.7167011742912202
968 0.7095337400088366
969 0.7124385721439159
970 0.7153143525836996
971 0.7181613719122878
972 0.710979351477425
973 0.7038691593410079
974 0.7068306321175682
975 0.709762486895221
976 0.7026644759067208
977 0.7056379912842172
978 0.7085817683210515
979 0.7114961044640538
980 0.704380771609366
981 0.7073371168315663
982 0.7002633833827324
983 0.7032609015313076
984 0.7062284414737953
985 0.6991658060901375
986 0.7021742960373869
987 0.7051526981396582
988 0.7081013133340208
989 0.7010199621679268
990 0.7040099038457274
991 0.7069699432947588
992 0.7099003795932713
993 0.7128015088276186
994 0.7156736241221998
995 0.7085165662274273
996 0.7114315302598485
997 0.7043169015735186
998 0.7072738615028832
999 0.7102012492668357
1000 0.7130993606380995
1001 0.7059680652913544
1002 0.6989080889029614
1003 0.7019191328823111
1004 0.7049000639368844
1005 0.6978507767801381
1006 0.7008723905973139
1007 0.7038637858566805
1008 0.7068252647919696
1009 0.7097571266136173
1010 0.7126596675390163
1011 0.7155331808224641
1012 0.7183779567848136
1013 0.7111939077803541
1014 0.7140820759396336
1015 0.716941360283224
1016 0.7097716857694177
1017 0.7126740734760457
1018 0.7155474352247031
1019 0.7083917082032858
1020 0.7113078930622166
1021 0.7141949140438628
1022 0.7070527202024457
1023 0.7099822923677165
1024 0.712882566833859
1025 0.7057535041689348
1026 0.7086960659707383
1027 0.7116092002272755
1028 0.7144932012523532
1029 0.7073480410678004
1030 0.7102746531803545
1031 0.7131719973305132
1032 0.7160403662345433
1033 0.7188800496808199
1034 0.7116910308627517
1035 0.704573906577588
1036 0.6975279577935357
1037 0.6905524726708406
1038 0.6936470382190024
1039 0.6967106563151608
1040 0.6997436364695884
1041 0.6927460020324662
1042 0.6958186281150215
1043 0.6888602487921153
1044 0.6819714571040745
1045 0.6851518290082103
1046 0.6783001262814652
1047 0.6815172107513311
1048 0.684702122670373
1049 0.6878551837980521
1050 0.6909767126755599
1051 0.6940670246580134
1052 0.6971264319463293
1053 0.7001552436187787
1054 0.703153765662227
1055 0.7061223010030597
1056 0.6990609060869677
1057 0.7020703695573143
1058 0.6950494983435074
1059 0.6980990753954578
1060 0.701118155243351
1061 0.7041070428877558
1062 0.6970658110748694
1063 0.6900949947917263
1064 0.6831938898191162
1065 0.6863620213773574
1066 0.6894984702179024
1067 0.692603553195831
1068 0.695677583997117
1069 0.6987208731703305
1070 0.7017337281580222
1071 0.7047164533277944
1072 0.7076693500030611
1073 0.7005925112790634
1074 0.6935864438323213
1075 0.6866504398925493
1076 0.6897839978875505
1077 0.6928862190609381
1078 0.6959574168056378
1079 0.698997901380155
1080 0.7020079799399276
1081 0.7049879565683664
1082 0.7079381323075861
1083 0.7008586195969314
1084 0.7038500883639851
