0 0.5
1 0.0
2 0.0
3 0.3366890003703579
4 0.3366890003703579
5 0.5050249987374376
6 0.401979597200202
7 0.504170630956877
8 0.5771568543004922
9 0.6318900719828676
10 0.6744546200929084
11 0.6744546200929084
12 0.7085011003880065
13 0.7085011003880065
14 0.7085011003880065
15 0.736352623171943
16 0.6715414810032572
17 0.616712358696202
18 0.6459142949840836
19 0.6459142949840836
20 0.6712166775670732
21 0.6712166775670732
22 0.6712166775670732
23 0.6260297510940777
24 0.6498408966893205
25 0.6710003058570542
26 0.6899266758486127
27 0.7069549645741623
28 0.7069549645741623
29 0.66980002454352
30 0.6360347366905644
31 0.6052169675193496
32 0.6236370686685071
33 0.6405767227375782
34 0.6562067537936597
35 0.6285952815852265
36 0.6285952815852265
37 0.60296769454755
38 0.5791187569489301
39 0.5952878636253252
40 0.5730504576909735
41 0.5522137491709909
42 0.5680775354653733
43 0.5484512141866149
44 0.5299569652821655
45 0.5125004422452468
46 0.5281983370371208
47 0.5115593078139885
48 0.5115593078139885
49 0.5115593078139885
50 0.5115593078139885
51 0.5266220413326876
52 0.5409222701174561
53 0.5409222701174561
54 0.554515794466002
55 0.5674531005346234
56 0.5797799782611258
57 0.5635572921962423
58 0.5635572921962423
59 0.5755535895149463
60 0.5755535895149463
61 0.5755535895149463
62 0.5870196485684911
63 0.571427105523022
64 0.5564960267436574
65 0.5679005943496782
66 0.5679005943496782
67 0.5679005943496782
68 0.5535231432776025
69 0.5535231432776025
70 0.5646560080984473
71 0.5646560080984473
72 0.5646560080984473
73 0.5753515389226942
74 0.5614192681112149
75 0.5718907476360796
76 0.5819723216638277
77 0.5916848877941732
78 0.601047877292475
79 0.5874413161989556
80 0.5966642861260202
81 0.6055710241204422
82 0.6141770928997131
83 0.600932861508105
84 0.6094400423647253
85 0.6176726955252838
86 0.6047953789143796
87 0.5923218446297803
88 0.5923218446297803
89 0.6006415649695452
90 0.6087075527082527
91 0.5965373684064125
92 0.584728520010882
93 0.5928693465431418
94 0.6007746636574122
95 0.6007746636574122
96 0.6007746636574122
97 0.5892181610039177
98 0.5970476481362395
99 0.5970476481362395
100 0.5857701153984094
101 0.5857701153984094
102 0.5748030861628558
103 0.5826949616314887
104 0.5903746179491336
105 0.5796005002984077
106 0.5872098607308271
107 0.5946214532136846
108 0.601842528827785
109 0.6088799893664618
110 0.6157404081254666
111 0.6224300492253276
112 0.6116737530513416
113 0.6011797461124541
114 0.6011797461124541
115 0.5909390611736749
116 0.5909390611736749
117 0.580943133782268
118 0.5711837798926238
119 0.5783388814967998
120 0.585327868856979
121 0.575689494109712
122 0.575689494109712
123 0.5826315644909985
124 0.5826315644909985
125 0.5894168965493309
126 0.5798940893407382
127 0.5798940893407382
128 0.5866399247946695
129 0.5932374748195115
130 0.5996912532212703
131 0.5902319181121944
132 0.5902319181121944
133 0.5902319181121944
134 0.5809752365573523
135 0.5875097184453205
136 0.5875097184453205
137 0.593906511490179
138 0.5847468115453751
139 0.591116635176419
140 0.5973554353865301
141 0.5973554353865301
142 0.603466908112704
143 0.609454612559899
144 0.609454612559899
145 0.609454612559899
146 0.6002984613823383
147 0.5913249463862722
148 0.5974039124398632
149 0.6033634035742902
150 0.5944747123733215
151 0.6004207356130301
152 0.5916579105413571
153 0.5975901930035825
154 0.5889476965938412
155 0.5948660270991876
156 0.600673603775644
157 0.5921001411387538
158 0.5978973566488094
159 0.5978973566488094
160 0.6035882082456675
161 0.6091753169616678
162 0.6146612194223201
163 0.6200483712209772
164 0.6253391501328064
165 0.6166654239661079
166 0.6219619415389399
167 0.613400996545289
168 0.6187023508349417
169 0.6239116675765644
170 0.6290310666280547
171 0.6340626042205437
172 0.639008275330897
173 0.6304022816888534
174 0.6353627240462321
175 0.6402399055688162
176 0.6402399055688162
177 0.6317052277220776
178 0.6317052277220776
179 0.6233122730705914
180 0.628300624505746
181 0.6200071394228792
182 0.6250069960081035
183 0.6250069960081035
184 0.6299255340725864
185 0.6347644790611504
186 0.6395255089352506
187 0.6442102557973727
188 0.6488203074491263
189 0.6404381775945464
190 0.6404381775945464
191 0.6450698480385193
192 0.6496287198738642
193 0.6496287198738642
194 0.6496287198738642
195 0.6496287198738642
196 0.6413082827630054
197 0.6458895380062847
198 0.6503997779412748
199 0.6503997779412748
200 0.6503997779412748
201 0.65484041856034
202 0.65484041856034
203 0.65484041856034
204 0.6592128394122716
205 0.6508842663091388
206 0.6552834478792706
207 0.6470476901575101
208 0.6470476901575101
209 0.6514723149769405
210 0.655830420179965
211 0.6601232794606924
212 0.6601232794606924
213 0.6519098128745051
214 0.6519098128745051
215 0.6438183029615242
216 0.648228595428032
217 0.648228595428032
218 0.6525739278252995
219 0.6568555102147198
220 0.6610745237569887
221 0.6652321215703998
222 0.6693294295586695
223 0.6733675472095513
224 0.6773475483654299
225 0.6691120942599682
226 0.6731264930764798
227 0.6770837507252632
228 0.6770837507252632
229 0.6689039416811889
230 0.6689039416811889
231 0.672895587344335
232 0.664799900089533
233 0.6688245580027651
234 0.6688245580027651
235 0.6727929294655279
236 0.6767059908040849
237 0.6805646968274356
238 0.6724574452899345
239 0.6763518595978876
240 0.6801927116837022
241 0.6839809089941327
242 0.6877173395112893
243 0.6914028722712634
244 0.6950383578662063
245 0.6986246289304773
246 0.702162500611446
247 0.702162500611446
248 0.693934063941174
249 0.6858160064728847
250 0.6894852868913
251 0.6931056369431586
252 0.696677849665946
253 0.6885818813890853
254 0.6921949593126252
255 0.6921949593126252
256 0.6957604063467341
257 0.6877138356982045
258 0.6913198268653354
259 0.6833494370650937
260 0.6833494370650937
261 0.6754829694636775
262 0.6677187943261294
263 0.6677187943261294
264 0.6600553138289467
265 0.6600553138289467
266 0.6600553138289467
267 0.6639511410384382
268 0.6677967061515079
269 0.6715927851277022
270 0.6753401390185132
271 0.6753401390185132
272 0.6676448956822303
273 0.6714266812003553
274 0.6751602870203214
275 0.6674988279937439
276 0.6674988279937439
277 0.6712668454566141
278 0.6636699407351487
279 0.6636699407351487
280 0.6674712697587489
281 0.6674712697587489
282 0.6674712697587489
283 0.6712247462894254
284 0.6636579225212913
285 0.6674447392563516
286 0.6599395431846353
287 0.6637586573833638
288 0.6637586573833638
289 0.6675302386331285
290 0.671254981888219
291 0.671254981888219
292 0.6637437795694946
293 0.6675019446523794
294 0.6675019446523794
295 0.6675019446523794
296 0.6712137397332791
297 0.6712137397332791
298 0.6748798337314337
299 0.6748798337314337
300 0.6785008837548347
301 0.6709526164330358
302 0.674609128617699
303 0.6671209197756655
304 0.6671209197756655
305 0.659723967747408
306 0.6524169812570122
307 0.6562626123419377
308 0.6562626123419377
309 0.6562626123419377
310 0.6600616537878291
311 0.6638147587344684
312 0.6638147587344684
313 0.667522569205988
314 0.667522569205988
315 0.6711857163433612
316 0.6748048206310501
317 0.6783804921179786
318 0.6819133306329984
319 0.6854039259950064
320 0.6854039259950064
321 0.6888528582178701
322 0.6813081963538147
323 0.6813081963538147
324 0.6738532682382024
325 0.6664868522809179
326 0.6701293507670661
327 0.6628172023579691
328 0.6628172023579691
329 0.6664930378551059
330 0.6592337354774592
331 0.6629419831789274
332 0.6629419831789274
333 0.6629419831789274
334 0.6666066448652854
335 0.6666066448652854
336 0.6666066448652854
337 0.6593652853381452
338 0.6593652853381452
339 0.6593652853381452
340 0.6630624154551465
341 0.6558719059665445
342 0.6487653738961916
343 0.6525679106915736
344 0.656326175374353
345 0.6492323193237259
346 0.6422208050494612
347 0.6422208050494612
348 0.6352905551466498
349 0.6352905551466498
350 0.6352905551466498
351 0.6392230495522347
352 0.6431100999023207
353 0.6469522964658516
354 0.6507502204461711
355 0.6507502204461711
356 0.654504444150108
357 0.654504444150108
358 0.6582155311532703
359 0.6618840364616455
360 0.6655105066696066
361 0.6655105066696066
362 0.6655105066696066
363 0.6690954801144134
364 0.6690954801144134
365 0.6690954801144134
366 0.6726394870273034
367 0.6654405901141597
368 0.6654405901141597
369 0.6690186852041273
370 0.6725560544740121
371 0.676053213675406
372 0.679510670916643
373 0.6829289267995556
374 0.6863084745532917
375 0.6896498001652634
376 0.6929533825093024
377 0.6962196934710887
378 0.6962196934710887
379 0.6962196934710887
380 0.6962196934710887
381 0.6962196934710887
382 0.6994491980709241
383 0.6994491980709241
384 0.702642354583913
385 0.705799614657617
386 0.7089214234272438
387 0.7120082196284322
388 0.7120082196284322
389 0.7150604357076912
390 0.7150604357076912
391 0.7180784979305509
392 0.7180784979305509
393 0.7210628264874804
394 0.7240138355976264
395 0.7240138355976264
396 0.726931933610426
397 0.7298175231051439
398 0.7298175231051439
399 0.7221097021357157
400 0.7250429381976814
401 0.7279436019020012
402 0.730812088733336
403 0.7336487886649639
404 0.7336487886649639
405 0.7364540862503418
406 0.7392283607128464
407 0.7419719860337309
408 0.7419719860337309
409 0.7341696317431211
410 0.7341696317431211
411 0.7369635831204926
412 0.7397267592977559
413 0.7319599114500317
414 0.7319599114500317
415 0.7242784503225473
416 0.7271705456317469
417 0.7271705456317469
418 0.73003090595269
419 0.73003090595269
420 0.73003090595269
421 0.7328599086783573
422 0.7328599086783573
423 0.7251839556389715
424 0.7175919986684056
425 0.7205471444366646
426 0.7205471444366646
427 0.7205471444366646
428 0.7234700107576357
429 0.7159065330304688
430 0.7084255269770472
431 0.7084255269770472
432 0.7114710222032791
433 0.704043013189273
434 0.7071315487202527
435 0.7101865218120991
436 0.7132083247903543
437 0.7161973448214017
438 0.7161973448214017
439 0.7191539639920845
440 0.7220785593878597
441 0.7249715031695165
442 0.7174282063913943
443 0.7174282063913943
444 0.7174282063913943
445 0.7174282063913943
446 0.7203671633943542
447 0.7232743880026807
448 0.7261502469209934
449 0.7186067224863991
450 0.7111444612376662
451 0.7037625279165828
452 0.6964599992652676
453 0.6996084696993359
454 0.7027231223790491
455 0.7027231223790491
456 0.7027231223790491
457 0.7058043444631797
458 0.7088525181846744
459 0.7118680209234034
460 0.7148512252776357
461 0.7148512252776357
462 0.7178024991342636
463 0.7178024991342636
464 0.7103758823487489
465 0.7133713897169747
466 0.7133713897169747
467 0.7059957018251859
468 0.7090344396802385
469 0.7090344396802385
470 0.7120407608791376
471 0.7150150319727675
472 0.7179576149410103
473 0.720868867258425
474 0.7237491419588093
475 0.7265987876986673
476 0.7294181488196047
477 0.7218986087006374
478 0.7144588857475483
479 0.7144588857475483
480 0.7144588857475483
481 0.7174007080305221
482 0.7100118354566963
483 0.7100118354566963
484 0.7129976758910195
485 0.7159518971577262
486 0.7188748520214553
487 0.7114795242475176
488 0.7144467869174745
489 0.7144467869174745
490 0.707101212872888
491 0.6998332080744751
492 0.70291764073236
493 0.70291764073236
494 0.7059695370987934
495 0.7089892575778056
496 0.7119771582298889
497 0.7149335908314612
498 0.7075970411081036
499 0.7075970411081036
500 0.7105968543329862
501 0.713565122646065
502 0.713565122646065
503 0.7165021934555313
504 0.7194084100233387
505 0.722284111521162
506 0.722284111521162
507 0.7148834725942622
508 0.7178041033488579
509 0.7104529683271192
510 0.7134175462174274
511 0.7163510706005802
512 0.7192538810129148
513 0.7221263129880413
514 0.7221263129880413
515 0.7249686981098915
516 0.717554651920812
517 0.7204424844853559
518 0.7204424844853559
519 0.713078049097922
520 0.7160103428149635
521 0.7160103428149635
522 0.7189120311074065
523 0.7115680846779909
524 0.7115680846779909
525 0.7115680846779909
526 0.7043007244287389
527 0.7073201054681227
528 0.7103080252432558
529 0.7132648243750874
530 0.7161908395368084
531 0.7088838999517207
532 0.7118534116601622
533 0.7147920440353598
534 0.7177001301342076
535 0.7205779991789251
536 0.7234259766060886
537 0.7160539567050694
538 0.7160539567050694
539 0.7189469373447764
540 0.7218099032555922
541 0.724643176775832
542 0.7274470765605369
543 0.7302219176280191
544 0.7329680114057311
545 0.7329680114057311
546 0.7329680114057311
547 0.735685665775471
548 0.735685665775471
549 0.735685665775471
550 0.735685665775471
551 0.735685665775471
552 0.7383751851179333
553 0.7383751851179333
554 0.741036870356618
555 0.7334991128764099
556 0.7334991128764099
557 0.7260393111432881
558 0.7260393111432881
559 0.7186566329914036
560 0.7215169708827323
561 0.724347756598225
562 0.7271493050056539
563 0.7197602438734256
564 0.7124474504005872
565 0.7052101134775692
566 0.7082042371915589
567 0.7010122718279486
568 0.7040480848979592
569 0.7070526118132988
570 0.7100261843223035
571 0.7028201239506048
572 0.7028201239506048
573 0.7028201239506048
574 0.6956882606266894
575 0.6987758069242981
576 0.7018315808464943
577 0.7018315808464943
578 0.6947128672768728
579 0.6876673670489384
580 0.6806943068557404
581 0.6839316653335069
582 0.6871357565180943
583 0.6871357565180943
584 0.6903069312317289
585 0.6934455364162228
586 0.6864187116796209
587 0.6794640175776282
588 0.6794640175776282
589 0.6794640175776282
590 0.6827112131662977
591 0.6757958974021957
592 0.6790794001210358
593 0.6823292322800034
594 0.6754204367552854
595 0.6685824518054694
596 0.6719373208773328
597 0.6752578216134015
598 0.6785443143038238
599 0.6817971552964441
600 0.6850166970432505
601 0.6882032881462103
602 0.691357273402503
603 0.691357273402503
604 0.6843646442221046
605 0.6774435323646089
606 0.6807052390326074
607 0.6839336014309537
608 0.6839336014309537
609 0.6839336014309537
610 0.6770191733892018
611 0.6802840846481137
612 0.6835156407294707
613 0.6867141894613336
614 0.6898800749025892
615 0.6898800749025892
616 0.6930136373866373
617 0.6961152135645134
618 0.6991851364474592
619 0.7022237354489452
620 0.7022237354489452
621 0.6951311325642183
622 0.6982100617558827
623 0.7012575939603828
624 0.7042740554179334
625 0.7072597688568362
626 0.7102150535337252
627 0.7030459406141164
628 0.7060431968249782
629 0.6989175327777493
630 0.6918644353617859
631 0.6949736883177645
632 0.6949736883177645
633 0.6980512886122793
634 0.7010975640676562
635 0.7041128389987337
636 0.7070974342526339
637 0.7100516672480411
638 0.7129758520139893
639 0.7158702992281699
640 0.7086518331876557
641 0.7115893922579005
642 0.7115893922579005
643 0.7115893922579005
644 0.7115893922579005
645 0.7144970926773818
646 0.7173752427628661
647 0.7202241475507968
648 0.7230441088341266
649 0.7258354251986995
650 0.7185206244902409
651 0.7112801037208334
652 0.7141893055073792
653 0.7069935337473087
654 0.7069935337473087
655 0.7069935337473087
656 0.7069935337473087
657 0.70994548022994
658 0.712867468580343
659 0.712867468580343
660 0.7056866238885415
661 0.7086510795300874
662 0.7115854632668263
663 0.7115854632668263
664 0.7115854632668263
665 0.7144900844130602
666 0.7173652490161733
667 0.7173652490161733
668 0.7173652490161733
669 0.7202112598928424
670 0.7230284166648101
671 0.7157488380561352
672 0.7186105341728777
673 0.7214432290062672
674 0.7214432290062672
675 0.7242472202934078
676 0.7242472202934078
677 0.7242472202934078
678 0.7169573289641876
679 0.719806100998503
680 0.7125618555102871
681 0.7053909773857054
682 0.6982927143709641
683 0.701328566948629
684 0.7043336849812751
685 0.6972473847551177
686 0.6902328076651495
687 0.6933489966913399
688 0.6863744769863106
689 0.6794705237532059
690 0.6826944065761529
691 0.6758282700563795
692 0.6790884104051272
693 0.6823155806691231
694 0.6855101179475735
695 0.6855101179475735
696 0.6855101179475735
697 0.6886723558196226
698 0.6918026243825744
699 0.6918026243825744
700 0.6949012502896712
701 0.6979685567874332
702 0.6909519138582192
703 0.694058594284746
704 0.6971338838628537
705 0.6901267338485546
706 0.693241224447897
707 0.6963242549796517
708 0.6993761463633303
709 0.7023972161820967
710 0.7053877787187018
711 0.6982997964892692
712 0.6982997964892692
713 0.6912833760088697
714 0.6912833760088697
715 0.6943851698005185
716 0.6974556532005993
717 0.7004951451735967
718 0.7035039613765075
719 0.7064824141942975
720 0.7094308127749542
721 0.7094308127749542
722 0.70230486639833
723 0.7052949605965024
724 0.7082548911666545
725 0.7111849650066162
726 0.7140854858395157
727 0.7169567542476611
728 0.7097570917852817
729 0.7026300273250798
730 0.7056159600090631
731 0.7056159600090631
732 0.7085717889389864
733 0.7014575048122752
734 0.7014575048122752
735 0.7044548447361797
736 0.7074219732160932
737 0.7074219732160932
738 0.7003200839838764
739 0.703328486900719
740 0.703328486900719
741 0.703328486900719
742 0.6962682421760944
743 0.6993170854754057
744 0.7023352101182506
745 0.7023352101182506
746 0.7053229278983272
747 0.7053229278983272
748 0.7082805473989476
749 0.7082805473989476
750 0.7082805473989476
751 0.7082805473989476
752 0.7112083740270054
753 0.7112083740270054
754 0.7141067100465638
755 0.7169758546120725
756 0.7169758546120725
757 0.7097807437959777
758 0.7026580903642626
759 0.705641813518214
760 0.6985611875116362
761 0.6915518511378363
762 0.6846130818326136
763 0.6877774483069649
764 0.6909099615321374
765 0.6839783248854191
766 0.6771164545403512
767 0.6803556119833725
768 0.6735305243411873
769 0.6667741173951375
770 0.67011671146036
771 0.67011671146036
772 0.6633949686761402
773 0.6667712506468441
774 0.6667712506468441
775 0.6600834738294649
776 0.6534629752494985
777 0.6534629752494985
778 0.6469090741198007
779 0.6469090741198007
780 0.6504502920028539
781 0.6504502920028539
782 0.643926989388774
783 0.6474979077161368
784 0.6474979077161368
785 0.6510329135403301
786 0.6445043283086321
787 0.6380413932340977
788 0.6416709267121424
789 0.6352367597561492
790 0.6388942166218033
791 0.6425149028906885
792 0.6460991901852553
793 0.6460991901852553
794 0.6496474463333298
795 0.6496474463333298
796 0.6496474463333298
797 0.6531600354076328
798 0.6566373177648733
799 0.6500542964346328
800 0.6500542964346328
801 0.6435374374474723
802 0.6370860725458197
803 0.6407241390561127
804 0.6443256468166898
805 0.6478909649718125
806 0.6478909649718125
807 0.6478909649718125
808 0.641396592486187
809 0.6449910993517685
810 0.648549492145783
811 0.6520721353838445
812 0.6455364660398372
813 0.6490891455998817
814 0.6490891455998817
815 0.6425836713047196
816 0.6461657840505359
817 0.6461657840505359
818 0.6497119171263418
819 0.6497119171263418
820 0.64320063560984
821 0.6467763287824809
822 0.6503161114754455
823 0.6538203458588773
824 0.6572893904199277
825 0.6507028726440081
826 0.6542030113751338
827 0.6576680057967985
828 0.6510780997093377
829 0.6545742653949371
830 0.6580353309122328
831 0.6514421379991453
832 0.6549344495479219
833 0.6483725807433476
834 0.6518955117367762
835 0.655383080701661
836 0.6488170899363435
837 0.6488170899363435
838 0.6488170899363435
839 0.6523353695962527
840 0.6558183378600115
841 0.6492483485007353
842 0.6527621159597963
843 0.6462229780940774
844 0.6462229780940774
845 0.6397494611897642
846 0.6397494611897642
847 0.6333409044566364
848 0.6269966538038844
849 0.6207160617712834
850 0.6245152643629951
851 0.6282763480906078
852 0.6319996966730992
853 0.635685689941717
854 0.6393347038798681
855 0.6429471106625875
856 0.6365074851260684
857 0.6365074851260684
858 0.6401480936209099
859 0.6437521827571525
860 0.6473201199877354
861 0.6473201199877354
862 0.6408370987501755
863 0.634419103437228
864 0.6380803478442875
865 0.6417048714827828
866 0.6352784720662485
867 0.6289165229912761
868 0.6326326573026486
869 0.6262973864109935
870 0.6262973864109935
871 0.6262973864109935
872 0.6300396431388765
873 0.6237305165575584
874 0.627498372964097
875 0.6212148675618824
876 0.6149943670229658
877 0.6188495476931853
878 0.6126528979406862
879 0.6165314217377906
880 0.6165314217377906
881 0.6165314217377906
882 0.6103581456606612
883 0.6142595456393712
884 0.6181218323622655
885 0.6181218323622655
886 0.6181218323622655
887 0.6181218323622655
888 0.6119328690226742
889 0.6058059496334814
890 0.5997404506785895
891 0.603747912253074
892 0.6077152022602496
893 0.6116427243485913
894 0.6155308780915233
895 0.6093683813204419
896 0.6132792135198523
897 0.6171508474257624
898 0.6209836768145985
899 0.6247780914892413
900 0.6285344773194759
901 0.6222422227025581
902 0.6260239118113761
903 0.6260239118113761
904 0.6260239118113761
905 0.6260239118113761
906 0.6260239118113761
907 0.6260239118113761
908 0.6297677021253698
909 0.6297677021253698
910 0.6334739742649929
911 0.6371431050119296
912 0.6307650131267167
913 0.6344611844191639
914 0.6381203178744377
915 0.6381203178744377
916 0.6417427853880993
917 0.6453289551064927
918 0.6488791914648422
919 0.6423840133851177
920 0.6459636576202448
921 0.6495074360071951
922 0.6530157085876145
923 0.6564888317751485
924 0.6564888317751485
925 0.6599271583922729
926 0.6599271583922729
927 0.6599271583922729
928 0.6633310377067448
929 0.6667008154676791
930 0.6600277531262049
931 0.6600277531262049
932 0.6634305319200331
933 0.6567903221049247
934 0.6502166319909632
935 0.6437087940377599
936 0.6472747828074922
937 0.6508050504106537
938 0.6508050504106537
939 0.6542999552799158
940 0.6542999552799158
941 0.6577598522392786
942 0.6577598522392786
943 0.6611850925406438
944 0.6645760239000119
945 0.6645760239000119
946 0.6579248609048669
947 0.6513403171410515
948 0.6513403171410515
949 0.654829691992346
950 0.654829691992346
951 0.6482762297889841
952 0.6517962141155531
953 0.6552809438987743
954 0.6487231192541819
955 0.6487231192541819
956 0.6522385496607466
957 0.6522385496607466
958 0.6522385496607466
959 0.6557187727576932
960 0.6557187727576932
961 0.6557187727576932
962 0.6591641416741093
963 0.6591641416741093
964 0.6525676542679811
965 0.6560445063893567
966 0.6594865396328464
967 0.6628941031904045
968 0.6628941031904045
969 0.6662675427420705
970 0.6662675427420705
971 0.6662675427420705
972 0.6662675427420705
973 0.6596002093319923
974 0.6630065632135376
975 0.6663788066402432
976 0.6597104982770272
977 0.6631156785066764
978 0.6664867614280684
979 0.6698240889207528
980 0.6631214835193797
981 0.6664924417887654
982 0.6598232610443976
983 0.6632271791186208
984 0.6632271791186208
985 0.6565907561921269
986 0.6565907561921269
987 0.6600269765195109
988 0.663428792272648
989 0.6567904753579658
990 0.6602246340544987
991 0.6636244100769684
992 0.666990148070475
993 0.6703221892173609
994 0.6736208712721629
995 0.6736208712721629
996 0.6768865285962097
997 0.6701138320081222
998 0.6734145422217401
999 0.6766822085269942
1000 0.6766822085269942
1001 0.6699116701177198
1002 0.6632089110875954
1003 0.6665786347982364
1004 0.6699146251773993
1005 0.663211944818971
1006 0.6665815843057222
1007 0.6665815843057222
1008 0.6665815843057222
1009 0.6699174923767024
1010 0.6732200070435235
1011 0.6764894629237852
1012 0.6797261912752935
1013 0.6729255534440105
1014 0.6729255534440105
1015 0.6761979061004904
1016 0.669432635509079
1017 0.6727399021588661
1018 0.6760140644262346
1019 0.6692507309277789
1020 0.6725597701379686
1021 0.6758356881660729
1022 0.6690742341220872
1023 0.6723849931470625
1024 0.6756626146911813
1025 0.6689029841812446
1026 0.6722154118477734
1027 0.6754946862205807
1028 0.6787411394104189
1029 0.6787411394104189
1030 0.6819551001954228
1031 0.6851368940546657
1032 0.688286843201375
1033 0.688286843201375
1034 0.681401122272138
1035 0.681401122272138
1036 0.6745843153401778
1037 0.6745843153401778
1038 0.6778397939724832
1039 0.6778397939724832
1040 0.6778397939724832
1041 0.6710586703013294
1042 0.6710586703013294
1043 0.6643454121305361
1044 0.6576993397246117
1045 0.6611236818896128
1046 0.654509891354634
1047 0.6579661136120885
1048 0.6613877473457123
1049 0.6647751389644341
1050 0.6681286314026638
1051 0.6714485641552442
1052 0.6747352733120512
1053 0.677989091592243
1054 0.6812103483781621
1055 0.6843993697488966
1056 0.6775529852945825
1057 0.6807785705519728
1058 0.6739684540784352
1059 0.6772298745992934
1060 0.6772298745992934
1061 0.6804586589168373
1062 0.6736518118715223
1063 0.6736518118715223
1064 0.6669130782945314
1065 0.670245031986325
1066 0.670245031986325
1067 0.670245031986325
1068 0.6735436445531974
1069 0.6768092498362054
1070 0.6800421783294364
1071 0.683242757213648
1072 0.6864113103895686
1073 0.679545093268969
1074 0.679545093268969
1075 0.6727475802022134
1076 0.6760210875401751
1077 0.6760210875401751
1078 0.6760210875401751
1079 0.6792618402344528
1080 0.682470166221105
1081 0.6856463901490714
1082 0.6887908334131981
1083 0.6819009572406715
1084 0.6850828473696459
