0 1.0
1 0.5
2 0.3333333333333333
3 0.25
4 0.2
5 0.16666666666666666
6 0.14285714285714285
7 0.125
8 0.2222222222222222
9 0.3
10 0.36363636363636365
11 0.4166666666666667
12 0.46153846153846156
13 0.42857142857142855
14 0.4666666666666667
15 0.4375
16 0.4117647058823529
17 0.4444444444444444
18 0.47368421052631576
19 0.45
20 0.47619047619047616
21 0.5
22 0.4782608695652174
23 0.4583333333333333
24 0.44
25 0.4230769230769231
26 0.4074074074074074
27 0.39285714285714285
28 0.3793103448275862
29 0.36666666666666664
30 0.3548387096774194
31 0.34375
32 0.3333333333333333
33 0.35294117647058826
34 0.37142857142857144
35 0.3611111111111111
36 0.35135135135135137
37 0.34210526315789475
38 0.3333333333333333
39 0.35
40 0.36585365853658536
41 0.35714285714285715
42 0.37209302325581395
43 0.38636363636363635
44 0.37777777777777777
45 0.3695652173913043
46 0.3829787234042553
47 0.375
48 0.3673469387755102
49 0.38
50 0.39215686274509803
51 0.38461538461538464
52 0.39622641509433965
53 0.3888888888888889
54 0.4
55 0.4107142857142857
56 0.42105263157894735
57 0.41379310344827586
58 0.423728813559322
59 0.43333333333333335
60 0.4262295081967213
61 0.41935483870967744
62 0.42857142857142855
63 0.421875
64 0.4153846153846154
65 0.4090909090909091
66 0.417910447761194
67 0.4264705882352941
68 0.42028985507246375
69 0.42857142857142855
70 0.43661971830985913
71 0.4305555555555556
72 0.4383561643835616
73 0.44594594594594594
74 0.44
75 0.4473684210526316
76 0.45454545454545453
77 0.46153846153846156
78 0.46835443037974683
79 0.475
80 0.48148148148148145
81 0.4878048780487805
82 0.4819277108433735
83 0.4880952380952381
84 0.49411764705882355
85 0.5
86 0.5057471264367817
87 0.5
88 0.5056179775280899
89 0.5111111111111111
90 0.5164835164835165
91 0.5108695652173914
92 0.5161290322580645
93 0.5212765957446809
94 0.5263157894736842
95 0.5208333333333334
96 0.5257731958762887
97 0.5306122448979592
98 0.5252525252525253
99 0.53
100 0.5247524752475248
101 0.5294117647058824
102 0.5339805825242718
103 0.5384615384615384
104 0.5428571428571428
105 0.5377358490566038
106 0.5420560747663551
107 0.5462962962962963
108 0.5504587155963303
109 0.5454545454545454
110 0.5495495495495496
111 0.5535714285714286
112 0.5486725663716814
113 0.543859649122807
114 0.5478260869565217
115 0.5431034482758621
116 0.5470085470085471
117 0.5423728813559322
118 0.5378151260504201
119 0.5416666666666666
120 0.5454545454545454
121 0.5409836065573771
122 0.5447154471544715
123 0.5483870967741935
124 0.552
125 0.5555555555555556
126 0.5590551181102362
127 0.5625
128 0.5658914728682171
129 0.5615384615384615
130 0.5648854961832062
131 0.5681818181818182
132 0.5639097744360902
133 0.5671641791044776
134 0.5703703703703704
135 0.5735294117647058
136 0.5693430656934306
137 0.572463768115942
138 0.5755395683453237
139 0.5714285714285714
140 0.5673758865248227
141 0.5633802816901409
142 0.5664335664335665
143 0.5694444444444444
144 0.5724137931034483
145 0.5753424657534246
146 0.5714285714285714
147 0.5675675675675675
148 0.5704697986577181
149 0.5733333333333334
150 0.5695364238410596
151 0.5723684210526315
152 0.5686274509803921
153 0.5714285714285714
154 0.567741935483871
155 0.5705128205128205
156 0.5732484076433121
157 0.569620253164557
158 0.5723270440251572
159 0.575
160 0.5714285714285714
161 0.5740740740740741
162 0.5766871165644172
163 0.5792682926829268
164 0.5757575757575758
165 0.572289156626506
166 0.5748502994011976
167 0.5714285714285714
168 0.5739644970414202
169 0.5764705882352941
170 0.5789473684210527
171 0.5755813953488372
172 0.5780346820809249
173 0.5747126436781609
174 0.5714285714285714
175 0.5738636363636364
176 0.5706214689265536
177 0.5730337078651685
178 0.5698324022346368
179 0.5722222222222222
180 0.574585635359116
181 0.5714285714285714
182 0.5737704918032787
183 0.5706521739130435
184 0.572972972972973
185 0.5752688172043011
186 0.5721925133689839
187 0.574468085106383
188 0.5767195767195767
189 0.5736842105263158
190 0.5706806282722513
191 0.5729166666666666
192 0.5751295336787565
193 0.5721649484536082
194 0.5692307692307692
195 0.5714285714285714
196 0.5685279187817259
197 0.5707070707070707
198 0.5728643216080402
199 0.575
200 0.572139303482587
201 0.5742574257425742
202 0.5763546798029556
203 0.5784313725490197
204 0.5804878048780487
205 0.5825242718446602
206 0.5845410628019324
207 0.5865384615384616
208 0.5885167464114832
209 0.5857142857142857
210 0.5876777251184834
211 0.589622641509434
212 0.5868544600938967
213 0.5841121495327103
214 0.586046511627907
215 0.5833333333333334
216 0.5806451612903226
217 0.5779816513761468
218 0.5799086757990868
219 0.5818181818181818
220 0.583710407239819
221 0.5855855855855856
222 0.5874439461883408
223 0.5892857142857143
224 0.5866666666666667
225 0.584070796460177
226 0.5814977973568282
227 0.5789473684210527
228 0.5764192139737991
229 0.5782608695652174
230 0.5757575757575758
231 0.5775862068965517
232 0.5793991416309013
233 0.5769230769230769
234 0.574468085106383
235 0.576271186440678
236 0.5780590717299579
237 0.5798319327731093
238 0.5774058577405857
239 0.5791666666666667
240 0.5809128630705395
241 0.5826446280991735
242 0.5802469135802469
243 0.5778688524590164
244 0.5795918367346938
245 0.5813008130081301
246 0.5789473684210527
247 0.5766129032258065
248 0.5783132530120482
249 0.576
250 0.5776892430278885
251 0.5793650793650794
252 0.5770750988142292
253 0.5787401574803149
254 0.5803921568627451
255 0.578125
256 0.5797665369649806
257 0.5775193798449613
258 0.5752895752895753
259 0.573076923076923
260 0.5708812260536399
261 0.5725190839694656
262 0.5741444866920152
263 0.571969696969697
264 0.5735849056603773
265 0.575187969924812
266 0.5767790262172284
267 0.5783582089552238
268 0.5799256505576208
269 0.5814814814814815
270 0.5830258302583026
271 0.5845588235294118
272 0.5824175824175825
273 0.583941605839416
274 0.5854545454545454
275 0.5833333333333334
276 0.5848375451263538
277 0.5863309352517986
278 0.5842293906810035
279 0.5857142857142857
280 0.5871886120996441
281 0.5886524822695035
282 0.5901060070671378
283 0.5915492957746479
284 0.5894736842105263
285 0.5909090909090909
286 0.5888501742160279
287 0.5902777777777778
288 0.5916955017301038
289 0.5896551724137931
290 0.5876288659793815
291 0.589041095890411
292 0.5870307167235495
293 0.5884353741496599
294 0.5864406779661017
295 0.5878378378378378
296 0.5858585858585859
297 0.587248322147651
298 0.5886287625418061
299 0.5866666666666667
300 0.5880398671096345
301 0.5860927152317881
302 0.5874587458745875
303 0.5888157894736842
304 0.5901639344262295
305 0.5882352941176471
306 0.5863192182410424
307 0.5876623376623377
308 0.5889967637540453
309 0.5903225806451613
310 0.5916398713826366
311 0.592948717948718
312 0.5942492012779552
313 0.5923566878980892
314 0.5904761904761905
315 0.5917721518987342
316 0.5930599369085173
317 0.5911949685534591
318 0.5893416927899686
319 0.590625
320 0.5919003115264797
321 0.593167701863354
322 0.5913312693498453
323 0.5925925925925926
324 0.5907692307692308
325 0.588957055214724
326 0.5902140672782875
327 0.5884146341463414
328 0.5866261398176292
329 0.5878787878787879
330 0.5861027190332326
331 0.5873493975903614
332 0.5885885885885885
333 0.5868263473053892
334 0.5880597014925373
335 0.5892857142857143
336 0.5905044510385756
337 0.591715976331361
338 0.5899705014749262
339 0.5911764705882353
340 0.592375366568915
341 0.5906432748538012
342 0.5889212827988338
343 0.5901162790697675
344 0.591304347826087
345 0.5895953757225434
346 0.5878962536023055
347 0.5890804597701149
348 0.5873925501432665
349 0.5885714285714285
350 0.5868945868945868
351 0.5852272727272727
352 0.5864022662889519
353 0.5875706214689266
354 0.5887323943661972
355 0.5870786516853933
356 0.5882352941176471
357 0.5893854748603352
358 0.5905292479108635
359 0.5916666666666667
360 0.590027700831025
361 0.5883977900552486
362 0.5867768595041323
363 0.5879120879120879
364 0.5863013698630137
365 0.5846994535519126
366 0.5858310626702997
367 0.5869565217391305
368 0.5853658536585366
369 0.5864864864864865
370 0.5876010781671159
371 0.5887096774193549
372 0.5871313672922251
373 0.5882352941176471
374 0.5893333333333334
375 0.5877659574468085
376 0.5888594164456233
377 0.58994708994709
378 0.5910290237467019
379 0.5921052631578947
380 0.5931758530183727
381 0.5916230366492147
382 0.5926892950391645
383 0.59375
384 0.5948051948051948
385 0.5958549222797928
386 0.5968992248062015
387 0.595360824742268
388 0.596401028277635
389 0.5948717948717949
390 0.5933503836317136
391 0.5943877551020408
392 0.5954198473282443
393 0.5939086294416244
394 0.5949367088607594
395 0.5959595959595959
396 0.5969773299748111
397 0.5979899497487438
398 0.5989974937343359
399 0.5975
400 0.5985037406483791
401 0.599502487562189
402 0.6004962779156328
403 0.6014851485148515
404 0.6024691358024692
405 0.603448275862069
406 0.6044226044226044
407 0.6053921568627451
408 0.6039119804400978
409 0.6024390243902439
410 0.6009732360097324
411 0.6019417475728155
412 0.6029055690072639
413 0.6014492753623188
414 0.6
415 0.5985576923076923
416 0.5995203836930456
417 0.5980861244019139
418 0.5990453460620525
419 0.6
420 0.6009501187648456
421 0.6018957345971564
422 0.6004728132387707
423 0.6014150943396226
424 0.6023529411764705
425 0.6032863849765259
426 0.6042154566744731
427 0.6051401869158879
428 0.6037296037296037
429 0.6023255813953489
430 0.6032482598607889
431 0.6041666666666666
432 0.605080831408776
433 0.6059907834101382
434 0.6045977011494252
435 0.6055045871559633
436 0.6041189931350115
437 0.6027397260273972
438 0.6036446469248291
439 0.6045454545454545
440 0.6054421768707483
441 0.6063348416289592
442 0.6072234762979684
443 0.6058558558558559
444 0.6067415730337079
445 0.6076233183856502
446 0.6085011185682326
447 0.609375
448 0.6080178173719376
449 0.6066666666666667
450 0.6053215077605322
451 0.6061946902654868
452 0.6048565121412803
453 0.6057268722466961
454 0.6065934065934065
455 0.6052631578947368
456 0.6039387308533917
457 0.6048034934497817
458 0.6056644880174292
459 0.6065217391304348
460 0.6073752711496746
461 0.6082251082251082
462 0.6069114470842333
463 0.6056034482758621
464 0.6043010752688172
465 0.6051502145922747
466 0.6059957173447538
467 0.6047008547008547
468 0.605543710021322
469 0.6063829787234043
470 0.6072186836518046
471 0.6080508474576272
472 0.6088794926004228
473 0.609704641350211
474 0.6105263157894737
475 0.6113445378151261
476 0.610062893081761
477 0.6108786610878661
478 0.6096033402922756
479 0.6104166666666667
480 0.6091476091476091
481 0.6099585062240664
482 0.6086956521739131
483 0.6074380165289256
484 0.6061855670103092
485 0.6049382716049383
486 0.6057494866529775
487 0.6045081967213115
488 0.6053169734151329
489 0.6061224489795919
490 0.604887983706721
491 0.6036585365853658
492 0.6044624746450304
493 0.6052631578947368
494 0.6060606060606061
495 0.6068548387096774
496 0.6056338028169014
497 0.6044176706827309
498 0.6032064128256514
499 0.604
500 0.6047904191616766
501 0.6055776892430279
502 0.6043737574552683
503 0.6031746031746031
504 0.601980198019802
505 0.6027667984189723
506 0.6015779092702169
507 0.6003937007874016
508 0.6011787819253438
509 0.6
510 0.6007827788649707
511 0.6015625
512 0.6023391812865497
513 0.603112840466926
514 0.6019417475728155
515 0.6027131782945736
516 0.6015473887814313
517 0.6023166023166023
518 0.6011560693641619
519 0.6
520 0.5988483685220729
521 0.5977011494252874
522 0.5965583173996176
523 0.5954198473282443
524 0.5942857142857143
525 0.5950570342205324
526 0.5939278937381404
527 0.5946969696969697
528 0.5935727788279773
529 0.5943396226415094
530 0.5951035781544256
531 0.5939849624060151
532 0.5947467166979362
533 0.5955056179775281
534 0.5962616822429907
535 0.5970149253731343
536 0.5977653631284916
537 0.5966542750929368
538 0.5974025974025974
539 0.5981481481481481
540 0.5988909426987061
541 0.5996309963099631
542 0.6003683241252302
543 0.6011029411764706
544 0.6
545 0.6007326007326007
546 0.5996343692870201
547 0.6003649635036497
548 0.6010928961748634
549 0.6
550 0.6007259528130672
551 0.5996376811594203
552 0.6003616636528029
553 0.6010830324909747
554 0.6018018018018018
555 0.6007194244604317
556 0.599640933572711
557 0.5985663082437276
558 0.5974955277280859
559 0.5964285714285714
560 0.5971479500891266
561 0.597864768683274
562 0.5968028419182948
563 0.5957446808510638
564 0.5946902654867257
565 0.5936395759717314
566 0.5943562610229277
567 0.5933098591549296
568 0.5922671353251318
569 0.5912280701754385
570 0.5919439579684763
571 0.5926573426573427
572 0.5933682373472949
573 0.5940766550522648
574 0.5930434782608696
575 0.59375
576 0.5927209705372617
577 0.5916955017301038
578 0.5906735751295337
579 0.5896551724137931
580 0.5886402753872634
581 0.5893470790378007
582 0.5883361921097771
583 0.589041095890411
584 0.5897435897435898
585 0.590443686006826
586 0.5894378194207837
587 0.5884353741496599
588 0.5891341256366723
589 0.588135593220339
590 0.5888324873096447
591 0.5878378378378378
592 0.5868465430016864
593 0.5875420875420876
594 0.5865546218487395
595 0.5855704697986577
596 0.5862646566164154
597 0.5869565217391305
598 0.5876460767946577
599 0.5883333333333334
600 0.589018302828619
601 0.5897009966777409
602 0.5903814262023217
603 0.5894039735099338
604 0.5884297520661157
605 0.5874587458745875
606 0.5881383855024712
607 0.5888157894736842
608 0.5894909688013136
609 0.5885245901639344
610 0.5875613747954174
611 0.5866013071895425
612 0.5872756933115824
613 0.5863192182410424
614 0.5869918699186992
615 0.5876623376623377
616 0.5883306320907618
617 0.5889967637540453
618 0.5896607431340872
619 0.5887096774193549
620 0.5893719806763285
621 0.5884244372990354
622 0.5890850722311396
623 0.5881410256410257
624 0.5888
625 0.5878594249201278
626 0.5885167464114832
627 0.5875796178343949
628 0.5882352941176471
629 0.5873015873015873
630 0.5863708399366085
631 0.5870253164556962
632 0.5876777251184834
633 0.5883280757097792
634 0.5889763779527559
635 0.589622641509434
636 0.5886970172684458
637 0.5893416927899686
638 0.5884194053208138
639 0.5875
640 0.5865834633385335
641 0.5856697819314641
642 0.5847589424572317
643 0.5838509316770186
644 0.5844961240310077
645 0.5851393188854489
646 0.5857805255023184
647 0.5848765432098766
648 0.5855161787365177
649 0.5861538461538461
650 0.5852534562211982
651 0.5858895705521472
652 0.5865237366003063
653 0.5856269113149847
654 0.5862595419847328
655 0.5853658536585366
656 0.5859969558599696
657 0.5866261398176292
658 0.5857359635811836
659 0.5863636363636363
660 0.5854765506807866
661 0.5845921450151057
662 0.583710407239819
663 0.5828313253012049
664 0.5834586466165413
665 0.5840840840840841
666 0.5847076461769115
667 0.5853293413173652
668 0.585949177877429
669 0.5865671641791045
670 0.5856929955290611
671 0.5848214285714286
672 0.5854383358098069
673 0.586053412462908
674 0.5851851851851851
675 0.584319526627219
676 0.5849335302806499
677 0.5855457227138643
678 0.5846833578792342
679 0.5838235294117647
680 0.5829662261380323
681 0.5821114369501467
682 0.582723279648609
683 0.5833333333333334
684 0.583941605839416
685 0.5830903790087464
686 0.5822416302765647
687 0.5828488372093024
688 0.5820029027576198
689 0.5811594202898551
690 0.5803183791606368
691 0.5794797687861272
692 0.5800865800865801
693 0.5806916426512968
694 0.581294964028777
695 0.5818965517241379
696 0.5824964131994261
697 0.5830945558739254
698 0.5836909871244635
699 0.5828571428571429
700 0.5834522111269614
701 0.584045584045584
702 0.5832147937411095
703 0.5838068181818182
704 0.5843971631205673
705 0.5835694050991501
706 0.5841584158415841
707 0.5847457627118644
708 0.5853314527503526
709 0.5845070422535211
710 0.5836849507735584
711 0.5828651685393258
712 0.5834502103786816
713 0.5840336134453782
714 0.5846153846153846
715 0.585195530726257
716 0.5857740585774058
717 0.584958217270195
718 0.5855354659248957
719 0.5861111111111111
720 0.5866851595006934
721 0.5858725761772853
722 0.5850622406639004
723 0.585635359116022
724 0.5862068965517241
725 0.5867768595041323
726 0.5873452544704264
727 0.5865384615384616
728 0.5857338820301783
729 0.584931506849315
730 0.585499316005472
731 0.5860655737704918
732 0.5866302864938608
733 0.5858310626702997
734 0.5863945578231292
735 0.5869565217391305
736 0.587516960651289
737 0.5867208672086721
738 0.5872801082543978
739 0.5864864864864865
740 0.5856950067476383
741 0.5849056603773585
742 0.5841184387617766
743 0.5846774193548387
744 0.5852348993288591
745 0.5857908847184986
746 0.5863453815261044
747 0.5855614973262032
748 0.5861148197596796
749 0.5866666666666667
750 0.5872170439414115
751 0.5877659574468085
752 0.5883134130146083
753 0.5875331564986738
754 0.5880794701986755
755 0.5886243386243386
756 0.5891677675033025
757 0.5897097625329816
758 0.5889328063241107
759 0.5894736842105263
760 0.5886990801576872
761 0.589238845144357
762 0.5884665792922673
763 0.587696335078534
764 0.5882352941176471
765 0.587467362924282
766 0.5867014341590613
767 0.5872395833333334
768 0.58777633289987
769 0.5883116883116883
770 0.5888456549935149
771 0.5893782383419689
772 0.5899094437257438
773 0.5891472868217055
774 0.5896774193548387
775 0.5889175257731959
776 0.5894465894465895
777 0.589974293059126
778 0.5892169448010269
779 0.5884615384615385
780 0.58898847631242
781 0.5882352941176471
782 0.5874840357598978
783 0.5867346938775511
784 0.5859872611464968
785 0.5865139949109415
786 0.5857687420584498
787 0.5862944162436549
788 0.5868187579214195
789 0.5860759493670886
790 0.5865992414664981
791 0.5871212121212122
792 0.587641866330391
793 0.5881612090680101
794 0.5874213836477987
795 0.5866834170854272
796 0.5872020075282308
797 0.5877192982456141
798 0.5869837296620776
799 0.5875
800 0.5880149812734082
801 0.587281795511222
802 0.5877957658779577
803 0.5883084577114428
804 0.5888198757763975
805 0.5893300248138957
806 0.5885997521685254
807 0.5891089108910891
808 0.588380716934487
809 0.5888888888888889
810 0.5893958076448829
811 0.5886699507389163
812 0.5879458794587946
813 0.5884520884520884
814 0.588957055214724
815 0.5882352941176471
816 0.5887392900856793
817 0.589242053789731
818 0.5897435897435898
819 0.5902439024390244
820 0.5907429963459196
821 0.5912408759124088
822 0.5917375455650061
823 0.5922330097087378
824 0.5927272727272728
825 0.5920096852300242
826 0.5912938331318017
827 0.5905797101449275
828 0.5898673100120627
829 0.5891566265060241
830 0.5884476534296029
831 0.5889423076923077
832 0.5894357743097239
833 0.5887290167865707
834 0.5880239520958084
835 0.5873205741626795
836 0.5866188769414575
837 0.5859188544152745
838 0.5852205005959475
839 0.5845238095238096
840 0.5838287752675386
841 0.5831353919239906
842 0.5836298932384342
843 0.5841232227488151
844 0.5846153846153846
845 0.5839243498817966
846 0.5844155844155844
847 0.5849056603773585
848 0.5842167255594818
849 0.5847058823529412
850 0.5851938895417156
851 0.5856807511737089
852 0.5849941383352872
853 0.585480093676815
854 0.5859649122807018
855 0.5864485981308412
856 0.5857642940490082
857 0.5862470862470862
858 0.5867287543655413
859 0.5872093023255814
860 0.5876887340301974
861 0.5870069605568445
862 0.5874855156431055
863 0.5868055555555556
864 0.5872832369942197
865 0.5877598152424942
866 0.5882352941176471
867 0.5875576036866359
868 0.5868814729574223
869 0.5862068965517241
870 0.5855338691159586
871 0.5860091743119266
872 0.586483390607102
873 0.585812356979405
874 0.5851428571428572
875 0.5844748858447488
876 0.5849486887115165
877 0.5854214123006833
878 0.5858930602957907
879 0.5863636363636363
880 0.5856980703745743
881 0.5861678004535147
882 0.5855039637599094
883 0.584841628959276
884 0.5853107344632769
885 0.5857787810383747
886 0.5862457722660653
887 0.5855855855855856
888 0.5849268841394826
889 0.5842696629213483
890 0.5836139169472503
891 0.5840807174887892
892 0.5845464725643897
893 0.5850111856823266
894 0.5854748603351956
895 0.5848214285714286
896 0.5852842809364549
897 0.5857461024498887
898 0.5862068965517241
899 0.5866666666666667
900 0.5871254162042175
901 0.5864745011086474
902 0.5869324473975637
903 0.5862831858407079
904 0.585635359116022
905 0.5860927152317881
906 0.5865490628445424
907 0.5859030837004405
908 0.5863586358635864
909 0.5857142857142857
910 0.5861690450054885
911 0.5866228070175439
912 0.5859802847754655
913 0.5853391684901532
914 0.5846994535519126
915 0.5851528384279476
916 0.5856052344601963
917 0.5860566448801743
918 0.5865070729053319
919 0.5858695652173913
920 0.5852334419109664
921 0.5856832971800434
922 0.5850487540628385
923 0.5854978354978355
924 0.585945945945946
925 0.5863930885529157
926 0.5868392664509169
927 0.5872844827586207
928 0.5877287405812702
929 0.5881720430107527
930 0.5875402792696026
931 0.5869098712446352
932 0.587352625937835
933 0.5867237687366167
934 0.586096256684492
935 0.5854700854700855
936 0.5859124866595518
937 0.5863539445628998
938 0.5867944621938233
939 0.5872340425531914
940 0.5866099893730075
941 0.5870488322717622
942 0.5864262990455992
943 0.586864406779661
944 0.5873015873015873
945 0.587737843551797
946 0.587117212249208
947 0.5875527426160337
948 0.5879873551106428
949 0.588421052631579
950 0.5888538380651945
951 0.5882352941176471
952 0.5886673662119623
953 0.5880503144654088
954 0.5884816753926702
955 0.5889121338912134
956 0.5893416927899686
957 0.5897703549060542
958 0.5901981230448383
959 0.5895833333333333
960 0.5900104058272633
961 0.5893970893970893
962 0.5898234683281413
963 0.5902489626556017
964 0.5896373056994819
965 0.5890269151138716
966 0.5894519131334023
967 0.5898760330578512
968 0.5892672858617131
969 0.5896907216494846
970 0.5901132852729145
971 0.5905349794238683
972 0.5899280575539568
973 0.5893223819301848
974 0.5897435897435898
975 0.5901639344262295
976 0.5895598771750256
977 0.5899795501022495
978 0.5903983656792645
979 0.5897959183673469
980 0.5902140672782875
981 0.5906313645621182
982 0.5910478128179044
983 0.5914634146341463
984 0.5918781725888325
985 0.5912778904665315
986 0.5916919959473151
987 0.5921052631578947
988 0.5925176946410515
989 0.592929292929293
990 0.5923309788092835
991 0.5917338709677419
992 0.5911379657603223
993 0.5915492957746479
994 0.5919597989949749
995 0.5913654618473896
996 0.5917753259779338
997 0.591182364729459
998 0.5905905905905906
999 0.591
1000 0.5904095904095904
1001 0.5898203592814372
1002 0.5892323030907278
1003 0.5886454183266933
1004 0.5890547263681593
1005 0.5894632206759444
1006 0.5898709036742801
1007 0.5902777777777778
1008 0.5896927651139743
1009 0.5900990099009901
1010 0.5905044510385756
1011 0.5909090909090909
1012 0.5913129318854886
1013 0.5907297830374754
1014 0.5901477832512315
1015 0.5905511811023622
1016 0.5899705014749262
1017 0.5903732809430255
1018 0.5907752698724239
1019 0.5901960784313726
1020 0.5905974534769833
1021 0.5909980430528375
1022 0.5904203323558163
1023 0.5908203125
1024 0.5902439024390244
1025 0.5906432748538012
1026 0.5910418695228822
1027 0.5914396887159533
1028 0.5918367346938775
1029 0.5922330097087378
1030 0.5926285160038798
1031 0.5930232558139535
1032 0.5934172313649564
1033 0.59284332688588
1034 0.5932367149758454
1035 0.5926640926640927
1036 0.5920925747348119
1037 0.5924855491329479
1038 0.5928777670837344
1039 0.5932692307692308
1040 0.5936599423631124
1041 0.5930902111324377
1042 0.5934803451581975
1043 0.592911877394636
1044 0.5923444976076555
1045 0.5917782026768642
1046 0.5912129894937918
1047 0.5916030534351145
1048 0.5919923736892279
1049 0.5923809523809523
1050 0.5927687916270219
1051 0.5931558935361216
1052 0.5935422602089269
1053 0.5939278937381404
1054 0.5933649289099526
1055 0.59375
1056 0.5931882686849574
1057 0.5926275992438563
1058 0.5920679886685553
1059 0.5924528301886792
1060 0.592836946277097
1061 0.5932203389830508
1062 0.5926622765757291
1063 0.5930451127819549
1064 0.5924882629107981
1065 0.5928705440900562
1066 0.5932521087160263
1067 0.5936329588014981
1068 0.5930776426566885
1069 0.5925233644859813
1070 0.5919701213818861
1071 0.5923507462686567
1072 0.5927306616961789
1073 0.5921787709497207
1074 0.5916279069767442
1075 0.5910780669144982
1076 0.5914577530176416
1077 0.5918367346938775
1078 0.5922150139017609
1079 0.5925925925925926
1080 0.5929694727104533
1081 0.5924214417744916
1082 0.592797783933518
1083 0.5931734317343174
1084 0.5935483870967742
