0 0.6991059443527293
1 0.5611497513227155
2 0.5803037271787888
3 0.6022640695655098
4 0.5629321344266625
5 0.7102013487310299
6 0.6158743747230734
7 0.5490014283482654
8 0.6996945187521152
9 0.6259603025662924
10 0.7094779349217187
11 0.5923586424965461
12 0.5837871862670622
13 0.5979277624835099
14 0.6529024838383577
15 0.6124529078675938
16 0.5003733128106285
17 0.5421635147273989
18 0.5502174258848436
19 0.5007179940535132
20 0.7040931383899358
21 0.5921399548125116
22 0.5131429173080013
23 0.614372274448935
24 0.6208720554135183
25 0.6801547806331605
26 0.5487727315008301
27 0.562128163999228
28 0.5005971230768448
29 0.7615143116275452
30 0.761107662284661
31 0.6746873385003906
32 0.6935209079736372
33 0.5016495663797317
34 0.633432676658298
35 0.5764163352998344
36 0.5036852513610439
37 0.5227101332211023
38 0.5691324832811556
39 0.6538753456431403
40 0.5812391500144977
41 0.6802645512456953
42 0.6713454553267917
43 0.5360630384654664
44 0.6633275042916691
45 0.6591622831404145
46 0.7613187436629557
47 0.6544840219086979
48 0.5628280139299657
49 0.6065572365464676
50 0.5550644512048484
51 0.7073921618920928
52 0.6847073301613719
53 0.5629097846994834
54 0.658605436347242
55 0.6429597149611841
56 0.663330168243926
57 0.693167837706788
58 0.6820970083344936
59 0.5413795307314176
60 0.5905018554702547
61 0.6997402012372843
62 0.6201112418997337
63 0.5598601709918043
64 0.6498717401141232
65 0.6839921231360484
66 0.5620552400271823
67 0.7120342166066537
68 0.6280974314644565
69 0.5156816743842912
70 0.5813529654761753
71 0.5970095145079917
72 0.5451779239111599
73 0.6558728143313829
74 0.5827878672142561
75 0.709616166622217
76 0.6044558416304187
77 0.5442765643629004
78 0.6456695648639466
79 0.634964288477445
80 0.5319706576775322
81 0.5683195905631773
82 0.6578882273185103
83 0.6342045086828442
84 0.5603231394933664
85 0.6611633095535718
86 0.7076991719751912
87 0.5987535967007058
88 0.6624847346162893
89 0.7375137162606538
90 0.6310797678281247
91 0.7373690761246584
92 0.5305558986849159
93 0.5916075440179535
94 0.605716031952513
95 0.5783283177966545
96 0.565398939691049
97 0.6367758250232425
98 0.6444107912180231
99 0.7268795884243058
100 0.5847721911193056
101 0.5367204508735736
102 0.6390438010293883
103 0.6195667019143439
104 0.622096165126737
105 0.6642930112940049
106 0.6637318440464413
107 0.5985904741141302
108 0.6062677227051915
109 0.6309875392235148
110 0.5072359906307248
111 0.6533543372157645
112 0.6124227408187667
113 0.5728269725791543
114 0.5352363873949663
115 0.612845608960203
116 0.6512020267284919
117 0.6197790535671495
118 0.6540775649033278
119 0.5292562931086319
120 0.5209508292325683
121 0.5439636544901456
122 0.5974798429877937
123 0.5413461100830873
124 0.5227894245820962
125 0.779384472808893
126 0.6171326812253124
127 0.6238056846324189
128 0.7829462876794321
129 0.592784020349563
130 0.5189264609626988
131 0.5661705297734874
132 0.6236813012859262
133 0.5870876238202495
134 0.6384863828478661
135 0.6565316955438989
136 0.5588555962733611
137 0.6563258273571428
138 0.5056140598309677
139 0.6934187052964518
140 0.6026858318751397
141 0.5001727327310234
142 0.6569788417848524
143 0.6353505953023848
144 0.7738944722041553
145 0.7667261717197759
146 0.5268282086045153
147 0.6238119867404694
148 0.6389770131311773
149 0.5628772523726311
150 0.6572608437497515
151 0.6389652062822384
152 0.5018272209022142
153 0.5476813321066824
154 0.6087168615285742
155 0.6917323007463241
156 0.6524272191156865
157 0.538740572733344
158 0.5714781395721572
159 0.615555711779144
160 0.5846153961200952
161 0.5549436740159187
162 0.5129102384389554
163 0.5285677752153599
164 0.6007618038568232
165 0.5562306251875232
166 0.6035332426417643
167 0.5998127482831541
168 0.5057673357928851
169 0.5646641888712649
170 0.7336492954909213
171 0.5673935272973646
172 0.6901660408238486
173 0.6161367998916488
174 0.5407646763139926
175 0.6431248878973062
176 0.5786555993338756
177 0.5470080519357697
178 0.5814757141044906
179 0.5569241689578199
180 0.6516383821720293
181 0.5260516764037144
182 0.5573860676614378
183 0.5673401666892826
184 0.5501188899110414
185 0.6278141617818409
186 0.509939733391693
187 0.5253273832720543
188 0.6148259744146195
189 0.5035762295381793
190 0.5825408225318677
191 0.518726201519435
192 0.6669811173947381
193 0.5050778426922378
194 0.5182845165737193
195 0.6817606569586915
196 0.6538765603232429
197 0.5294454265253288
198 0.6173120248309083
199 0.5843662434059028
200 0.5046992019027078
201 0.506812153991675
202 0.5267513353158321
203 0.607450565887372
204 0.6815157465864925
205 0.522657714833815
206 0.6129508112920028
207 0.5715788220709047
208 0.5676273995166592
209 0.5549456331656517
210 0.5411359263164098
211 0.5778509216094073
212 0.6441461212912627
213 0.5286251760120149
214 0.5569162557435712
215 0.6234843940816264
216 0.6438829840230273
217 0.7174563187872948
218 0.6116453762894652
219 0.6960978350775846
220 0.5209242113165858
221 0.556638853583664
222 0.5816848160491969
223 0.5669980625213018
224 0.5621157339433929
225 0.6004554104198089
226 0.6861495664136351
227 0.6378693051015307
228 0.5594309919483356
229 0.5500238693352553
230 0.5841716593265914
231 0.5735155553705791
232 0.5698592639477771
233 0.5839139774564704
234 0.6327064172550318
235 0.6377437214312922
236 0.6293496395507856
237 0.5734576040921662
238 0.5825979067657857
239 0.6420949549871934
240 0.5040227203305229
241 0.6487376379143249
242 0.5548462239572798
243 0.5744005278881226
244 0.629004565590006
245 0.5602510743908133
246 0.5534814052383524
247 0.5293990122466692
248 0.5677527989367153
249 0.6904422111159787
250 0.547759466543881
251 0.5107046819505225
252 0.570287181877685
253 0.626646625080646
254 0.6319572598678026
255 0.6139739965616025
256 0.5040061371552957
257 0.5528567559190067
258 0.5978255457029199
259 0.5057754033260733
260 0.5656256202491601
261 0.519797175402421
262 0.696011203092545
263 0.5035264711070433
264 0.604374095700241
265 0.5903963178258822
266 0.5383434505800744
267 0.5873157572421999
268 0.7055195280244994
269 0.542045370819045
270 0.5964638919681899
271 0.560657543652093
272 0.5201302788672805
273 0.5029616893773735
274 0.6241115245255141
275 0.5510202062527557
276 0.5220684100044541
277 0.5534933845952694
278 0.6080374055294026
279 0.6002534751226091
280 0.5492286700228602
281 0.5526912956445181
282 0.6591026215006756
283 0.5058865407605121
284 0.530178310938364
285 0.5664902055077539
286 0.6047276934552769
287 0.5798830727553113
288 0.5308137742509645
289 0.6093208871056647
290 0.5085322463200892
291 0.5914209259110476
292 0.5484924606388668
293 0.6463634182842743
294 0.6403319772389899
295 0.5813420153548086
296 0.5875996792271295
297 0.5820624229420572
298 0.6110870531075417
299 0.5815559421665043
300 0.5723064176055382
301 0.5260371161986662
302 0.5319208935428618
303 0.5695466107643536
304 0.5343669115323983
305 0.5231740180329173
306 0.6465295065459313
307 0.6895211977373982
308 0.6623594059301455
309 0.5282722494661856
310 0.5859480324228082
311 0.6247016241585642
312 0.7015890308976089
313 0.5063858792036044
314 0.7258827930811962
315 0.5374573040475734
316 0.6795305819207492
317 0.575785948528922
318 0.5125913156787085
319 0.5267193449155676
320 0.5455001611638618
321 0.6967354823417146
322 0.6391065512593328
323 0.5514971103891727
324 0.5665288096836654
325 0.6246685786908265
326 0.6187261098579913
327 0.6230158254519581
328 0.5077248920371467
329 0.5489431425393859
330 0.6376415401438819
331 0.5580234862663103
332 0.5680794354914461
333 0.7209920385790999
334 0.5807803051166444
335 0.5195935651821035
336 0.5046112562472795
337 0.6382596417210894
338 0.50042097198449
339 0.6094146877717537
340 0.5479535132624728
341 0.5684745674315141
342 0.6757959811642673
343 0.6020992147537075
344 0.5218012086148224
345 0.5408301143008525
346 0.5158056746808891
347 0.5307718950296247
348 0.5181452612370316
349 0.574802455582325
350 0.6303052345696328
351 0.5050344635092651
352 0.5295090751359374
353 0.54868770724697
354 0.616885145820261
355 0.5369781209585704
356 0.5174703624007138
357 0.5604461067343424
358 0.5122664653450111
359 0.6587638788318022
360 0.53950536356872
361 0.5571597350232087
362 0.7520326251977565
363 0.5916617165886908
364 0.5959626042483981
365 0.5676275306952051
366 0.503166511284779
367 0.5031820469691346
368 0.6601350288327344
369 0.6016893599901514
370 0.5185496580066236
371 0.5259734626451922
372 0.528341149350019
373 0.5530934948321713
374 0.5407259835480985
375 0.5878077203328772
376 0.5321346126915746
377 0.5284218278535435
378 0.72067025588924
379 0.7509249368506893
380 0.5515157436217587
381 0.5824223422237841
382 0.536148251373784
383 0.5747443932300815
384 0.7335199827981846
385 0.6211205962142682
386 0.5598346807716077
387 0.5173709077131606
388 0.6170172356656624
389 0.5938808164063041
390 0.6758802688872642
391 0.6373734475406362
392 0.530984176150508
393 0.514261614773642
394 0.6289344424483485
395 0.6440711959564088
396 0.5545997506769664
397 0.56561980041493
398 0.5289352605415534
399 0.6220310930073459
400 0.6990995809829208
401 0.5397457639705451
402 0.63400814997454
403 0.6274015281258132
404 0.6625625577933271
405 0.6779052045273111
406 0.5110123984276709
407 0.5353506607497102
408 0.5580871289896693
409 0.738107140361321
410 0.7379722364814276
411 0.668388948059052
412 0.5490749354521117
413 0.6383182649969965
414 0.5665983077161247
415 0.5348700140503816
416 0.6952664131475806
417 0.5286152443880232
418 0.5689517059986043
419 0.5763939250337358
420 0.6902235129368592
421 0.5981115682075476
422 0.5845823722456445
423 0.7324521693560653
424 0.5996877812664878
425 0.5042121654560239
426 0.6463316729921808
427 0.5465745308497516
428 0.5779343747631283
429 0.6204277403795894
430 0.6866797631175504
431 0.7672757557996597
432 0.7091856993305741
433 0.5540888266646301
434 0.6288208793152319
435 0.5793893974156826
436 0.7587797586411383
437 0.5018618180041355
438 0.6812499292222743
439 0.6561544905082044
440 0.6026818658644479
441 0.5352214445260386
442 0.5145043456586187
443 0.5595566115012308
444 0.5044645655976903
445 0.7247438699086469
446 0.6758803073756685
447 0.7644186488255653
448 0.5684083755201453
449 0.6134610255054544
450 0.6277271748055737
451 0.6787227709430002
452 0.7583713448095912
453 0.5012332395768601
454 0.759482907185495
455 0.6383945918311595
456 0.8444995108976378
457 0.5161109720558372
458 0.6799912778662961
459 0.688987781287188
460 0.7549368978256045
461 0.5370122336350324
462 0.5181455689617402
463 0.6266490233155567
464 0.549189478364719
465 0.683179421269724
466 0.6140302707696432
467 0.7442691868206744
468 0.5405527522867842
469 0.5684725496729712
470 0.672017508026344
471 0.7350752967740968
472 0.7096879279063907
473 0.6594567829752473
474 0.6806885744605697
475 0.8268434759855651
476 0.5942340285581691
477 0.6563601108780166
478 0.5072004671229619
479 0.726677814593913
480 0.5471567932011425
481 0.7239290793590146
482 0.5723576733046132
483 0.7200643404166891
484 0.509509402419244
485 0.5677749292932276
486 0.5325936185921374
487 0.6791933315803342
488 0.7105102649175865
489 0.6069752911483717
490 0.7258229507548275
491 0.7306285723937105
492 0.6017241240395711
493 0.6373528389460862
494 0.508696246921903
495 0.6064004463940439
496 0.7271708015992983
497 0.5092387039130685
498 0.510973355798678
499 0.6603681962285164
500 0.5110063792249231
501 0.529743183626927
502 0.5788013887527893
503 0.7121440783560705
504 0.5308393912215974
505 0.758157723227246
506 0.6754819553875047
507 0.6472881215341361
508 0.50846611495341
509 0.529813596094952
510 0.5130049101000664
511 0.5853994876673296
512 0.6942958243527596
513 0.5021338769624358
514 0.5221359253305001
515 0.6451159312621716
516 0.6632767152206761
517 0.6320505879534888
518 0.5408938748082855
519 0.618457835530104
520 0.529302434000656
521 0.5485740577384095
522 0.7126445394383912
523 0.552483589167443
524 0.6883141254212861
525 0.7580584459993897
526 0.5152465040461515
527 0.511867558086248
528 0.6366085174931075
529 0.5941284119370075
530 0.7655190585478441
531 0.7060122245874172
532 0.8241283745070931
533 0.5216022488573703
534 0.5017105528138697
535 0.5182860489683083
536 0.592687171231786
537 0.5393900949574596
538 0.5140764950356407
539 0.5021732713597397
540 0.6593074263208818
541 0.6854936029078348
542 0.7712984385094139
543 0.5574033664353362
544 0.5216902353131803
545 0.5131100188099073
546 0.5904878379239477
547 0.7151693774864963
548 0.648243639727211
549 0.7776401940761042
550 0.654013287037547
551 0.5598785045763607
552 0.6317723270414242
553 0.5502027962763888
554 0.5260063396431888
555 0.603676567888083
556 0.6042156090296307
557 0.5249492598928096
558 0.6961200788408819
559 0.8029528386644208
560 0.6718528117848405
561 0.7920334341766054
562 0.5642015265580066
563 0.7600099590720082
564 0.6642843866403704
565 0.5913271082476305
566 0.5945445076047685
567 0.5481715744994691
568 0.5867145285965529
569 0.6917636917758707
570 0.6736053575947027
571 0.5973342139995083
572 0.5326867852828219
573 0.7847315038940508
574 0.7038669528427768
575 0.8666427903073636
576 0.6687873650147301
577 0.641885146505146
578 0.6148787828949103
579 0.6843364532209546
580 0.5558109977168831
581 0.6232408267414586
582 0.5806823788371878
583 0.6146978740299325
584 0.5822638366878685
585 0.5531700249029422
586 0.5831741549692114
587 0.5473325443674896
588 0.5609498505625182
589 0.6709634083608683
590 0.5337681239223967
591 0.5797886133184753
592 0.5311063096379641
593 0.5921442202430545
594 0.8031479778232911
595 0.6376085340427282
596 0.5974615491210047
597 0.624004048534638
598 0.6960760592666595
599 0.6441067648289015
600 0.7107838701431767
601 0.6447873459451987
602 0.8504813476089581
603 0.6225799422738143
604 0.634354467183587
605 0.564938568927316
606 0.742905990960269
607 0.8018073388006416
608 0.506964177664487
609 0.6339542363336369
610 0.653108395062119
611 0.5322183336329889
612 0.5473100072115444
613 0.6951027309036311
614 0.6571724482425644
615 0.75524024013568
616 0.7749555780720637
617 0.6846070121042772
618 0.6268392097093173
619 0.8681682323805647
620 0.5916945757026081
621 0.6585179517438077
622 0.662267287768236
623 0.5270229508183005
624 0.5643692145794481
625 0.5273746519980784
626 0.763187647415654
627 0.5769875260551319
628 0.7585951416030866
629 0.6580006335123905
630 0.6038892082385537
631 0.5748848268337499
632 0.5650346299938108
633 0.5095842607567521
634 0.5449288753643331
635 0.6652025310576529
636 0.8394842081086044
637 0.5085206965586482
638 0.610448153859898
639 0.8457811583446992
640 0.500052847709469
641 0.7837243670599875
642 0.6178225465232712
643 0.7728465344948535
644 0.7876251553198157
645 0.6940992256106105
646 0.7071023544125982
647 0.7526264829292341
648 0.9010158388396985
649 0.8287823650384861
650 0.5572281639199553
651 0.8611604818385739
652 0.8229830871037798
653 0.7717302191148936
654 0.5276738606200967
655 0.6964922974663009
656 0.5116999072425107
657 0.8534752190205955
658 0.6440198254247895
659 0.725455894122162
660 0.5540819370659237
661 0.6318834425070637
662 0.8076908735054292
663 0.526073083351042
664 0.6843957125979421
665 0.5492149663438607
666 0.8724228305219509
667 0.5578906583920892
668 0.5114024277837316
669 0.563318946622226
670 0.6759202119378296
671 0.8331819353180934
672 0.7090108105044282
673 0.6996444886769692
674 0.6649412546551482
675 0.630587826738009
676 0.5200433319281386
677 0.7413977241218161
678 0.531039845794847
679 0.7153258314475877
680 0.7530424039685435
681 0.8018853525452917
682 0.5460336528142763
683 0.7438493480531959
684 0.5025629166156601
685 0.5889441349958762
686 0.5613044733277147
687 0.5435794908765943
688 0.8476917588722785
689 0.6937587740398685
690 0.528191906123276
691 0.53699437365023
692 0.6979815485563526
693 0.6445394691678504
694 0.760009200505583
695 0.6379882048616786
696 0.6255410673535031
697 0.5968787783942491
698 0.5074849195070121
699 0.6431908463738519
700 0.6354899983457256
701 0.6255791316698107
702 0.5441436485818971
