0 0.538801372051239
1 0.5400040149688721
2 0.5407929420471191
3 0.5115499496459961
4 0.5257585048675537
5 0.51409512758255
6 0.5859976410865784
7 0.5305008292198181
8 0.5296165347099304
9 0.5929183959960938
10 0.6039303541183472
11 0.5386573672294617
12 0.6426961421966553
13 0.5856416821479797
14 0.5881847739219666
15 0.5078644156455994
16 0.5603391528129578
17 0.5017319321632385
18 0.6156414151191711
19 0.5193092226982117
20 0.5531082153320312
21 0.5495836734771729
22 0.522516667842865
23 0.5291280746459961
24 0.5109468698501587
25 0.5049424767494202
26 0.5145476460456848
27 0.505500078201294
28 0.5934168696403503
29 0.6133270859718323
30 0.5724219679832458
31 0.6009311079978943
32 0.5139890909194946
33 0.5838566422462463
34 0.6623613834381104
35 0.5454464554786682
36 0.5041245222091675
37 0.6113039255142212
38 0.6080934405326843
39 0.5901713967323303
40 0.5317964553833008
41 0.5508154034614563
42 0.5883300304412842
43 0.5281532406806946
44 0.5536173582077026
45 0.555797278881073
46 0.6085293889045715
47 0.58199542760849
48 0.5385756492614746
49 0.5558315515518188
50 0.5473247170448303
51 0.5492408871650696
52 0.5976874232292175
53 0.5059735178947449
54 0.6151930093765259
55 0.5194397568702698
56 0.5788536667823792
57 0.5880919694900513
58 0.525061845779419
59 0.6602649688720703
60 0.5457563400268555
61 0.5318711400032043
62 0.5946119427680969
63 0.5461583137512207
64 0.5867551565170288
65 0.52342289686203
66 0.5919443964958191
67 0.5529993176460266
68 0.550375759601593
69 0.5188072919845581
70 0.5396111607551575
71 0.5387901663780212
72 0.5310102701187134
73 0.5834766030311584
74 0.5212463140487671
75 0.5725366473197937
76 0.5951360464096069
77 0.5593806505203247
78 0.5536383986473083
79 0.5240656733512878
80 0.6894029378890991
81 0.5879775285720825
82 0.5097931027412415
83 0.511040210723877
84 0.5854484438896179
85 0.5818544626235962
86 0.5433803200721741
87 0.5305964350700378
88 0.5924002528190613
89 0.6042649745941162
90 0.5583136081695557
91 0.5704269409179688
92 0.5111085772514343
93 0.5915467739105225
94 0.5886496305465698
95 0.604699432849884
96 0.5637708306312561
97 0.5210627913475037
98 0.5128458142280579
99 0.5500314831733704
100 0.5833460092544556
101 0.5028517246246338
102 0.5053307414054871
103 0.6504393219947815
104 0.5915303826332092
105 0.6569778323173523
106 0.5594412088394165
107 0.5796158909797668
108 0.6020020842552185
109 0.5098763704299927
110 0.5845425128936768
111 0.5865484476089478
112 0.5563384294509888
113 0.6524025201797485
114 0.5041495561599731
115 0.5289949774742126
116 0.5202589631080627
117 0.5421589612960815
118 0.500259280204773
119 0.5777407884597778
120 0.5647878050804138
121 0.6001589894294739
122 0.5256540179252625
123 0.5695138573646545
124 0.5473359227180481
125 0.6026992201805115
126 0.5319404006004333
127 0.5308583974838257
128 0.5705083608627319
129 0.5128622651100159
130 0.5843257308006287
131 0.5060633420944214
132 0.5243843793869019
133 0.5417703986167908
134 0.5153048038482666
135 0.6099975109100342
136 0.5618985891342163
137 0.5253968834877014
138 0.5622247457504272
139 0.5040237903594971
140 0.512137770652771
141 0.581397533416748
142 0.5598470568656921
143 0.6016018986701965
144 0.5102161765098572
145 0.5256426930427551
146 0.5520840287208557
147 0.6255877017974854
148 0.6368323564529419
149 0.5038750767707825
150 0.5834735631942749
151 0.6338083148002625
152 0.5815926790237427
153 0.615143895149231
154 0.603671133518219
155 0.6279178261756897
156 0.5900028944015503
157 0.5795682072639465
158 0.5575909614562988
159 0.5700657963752747
160 0.5160199403762817
161 0.6017076373100281
162 0.6053884029388428
163 0.5168138146400452
164 0.5345698595046997
165 0.6290282011032104
166 0.5586588382720947
167 0.590752363204956
168 0.6048187613487244
169 0.658902645111084
170 0.5777612924575806
171 0.5376201272010803
172 0.5557951331138611
173 0.5326159596443176
174 0.5220214128494263
175 0.5537275671958923
176 0.5488219261169434
177 0.502695620059967
178 0.5675159096717834
179 0.529627799987793
180 0.5609398484230042
181 0.5988563299179077
182 0.5869235396385193
183 0.5262913107872009
184 0.5860562324523926
185 0.6583111882209778
186 0.5241574645042419
187 0.624197781085968
188 0.6057935953140259
189 0.5505357980728149
190 0.591025173664093
191 0.5336979031562805
192 0.6052175164222717
193 0.5564594268798828
194 0.5130921602249146
195 0.5298846960067749
196 0.5259930491447449
197 0.5853107571601868
198 0.6582369804382324
199 0.524146556854248
200 0.5199448466300964
201 0.6043189167976379
202 0.5326066017150879
203 0.5774019956588745
204 0.558304488658905
205 0.5420247912406921
206 0.6042335033416748
207 0.5274999141693115
208 0.5510268807411194
209 0.5068774819374084
210 0.5951604247093201
211 0.5761198997497559
212 0.5531314015388489
213 0.5341704487800598
214 0.5757880806922913
215 0.6382355690002441
216 0.5536382794380188
217 0.5228990912437439
218 0.550788402557373
219 0.5913549065589905
220 0.6515489220619202
221 0.6324604153633118
222 0.6104344129562378
223 0.5590229630470276
224 0.5205105543136597
225 0.5851538181304932
226 0.5433328151702881
227 0.5159506797790527
228 0.5288937091827393
229 0.5162020921707153
230 0.5054907202720642
231 0.646894097328186
232 0.5323705077171326
233 0.5352128148078918
234 0.5343145728111267
235 0.555396318435669
236 0.569938600063324
237 0.6040374636650085
238 0.6142188310623169
239 0.5212463140487671
240 0.5682408809661865
241 0.6095967888832092
242 0.508974552154541
243 0.5211771726608276
244 0.5456987619400024
245 0.5979383587837219
246 0.5008717775344849
247 0.5106054544448853
248 0.5377164483070374
249 0.5219388008117676
250 0.639280378818512
251 0.529542863368988
252 0.5502838492393494
253 0.5280636548995972
254 0.615492582321167
255 0.5387388467788696
256 0.5064069628715515
257 0.5837474465370178
258 0.5105958580970764
259 0.575386106967926
260 0.5345916748046875
261 0.5091955661773682
262 0.5068661570549011
263 0.5027469992637634
264 0.5186071395874023
265 0.528500497341156
266 0.5210196375846863
267 0.6012446284294128
268 0.5624955892562866
269 0.6164571046829224
270 0.6715484857559204
271 0.5843778848648071
272 0.5835229754447937
273 0.5828688144683838
274 0.5787600874900818
275 0.5343033075332642
276 0.5843148827552795
277 0.6344133615493774
278 0.6049549579620361
279 0.5227545499801636
280 0.5744005441665649
281 0.5488107800483704
282 0.5345804691314697
283 0.6377925276756287
284 0.5956501364707947
285 0.6228564977645874
286 0.5604916214942932
287 0.5325644612312317
288 0.5272940993309021
289 0.5032318234443665
290 0.5219589471817017
291 0.5303770303726196
292 0.5586490631103516
293 0.5329431891441345
294 0.5429015159606934
295 0.5226724743843079
296 0.503498911857605
297 0.5258804559707642
298 0.5445919036865234
299 0.5922298431396484
300 0.5610021352767944
301 0.5781384706497192
302 0.5684585571289062
303 0.5104738473892212
304 0.6032009124755859
305 0.581000566482544
306 0.6055094003677368
307 0.525541365146637
308 0.5228878259658813
309 0.5072574615478516
310 0.593098521232605
311 0.6441731452941895
312 0.5330986380577087
313 0.536321759223938
314 0.539831280708313
315 0.592798113822937
316 0.5734745860099792
317 0.5053665041923523
318 0.5022199153900146
319 0.5266150236129761
320 0.5563280582427979
321 0.5877033472061157
322 0.5283274054527283
323 0.5044963955879211
324 0.593009352684021
325 0.6016148924827576
326 0.5446416735649109
327 0.5503978133201599
328 0.5028805732727051
329 0.5939052700996399
330 0.5129247903823853
331 0.6130177974700928
332 0.5622543096542358
333 0.5217201113700867
334 0.5408796668052673
335 0.5790950059890747
336 0.5317268371582031
337 0.5148371458053589
338 0.5672536492347717
339 0.5357140302658081
340 0.6374801993370056
341 0.5818239450454712
342 0.5425130128860474
343 0.5648988485336304
344 0.542424201965332
345 0.5747276544570923
346 0.5730171799659729
347 0.5655677914619446
348 0.5110859870910645
349 0.548585832118988
350 0.5100827217102051
351 0.5291168093681335
352 0.6358919739723206
353 0.5567018985748291
354 0.5590517520904541
355 0.5479545593261719
356 0.5871630907058716
357 0.5431268811225891
358 0.5641250014305115
359 0.5695027112960815
360 0.5196874737739563
361 0.5030254125595093
362 0.5558315515518188
363 0.5369608402252197
364 0.5233102440834045
365 0.550295889377594
366 0.624297022819519
367 0.5099276900291443
368 0.5499388575553894
369 0.5685498714447021
370 0.5894383192062378
371 0.6199787855148315
372 0.5146779417991638
373 0.6012423038482666
374 0.6048380732536316
375 0.5083656907081604
376 0.5899169445037842
377 0.5972009897232056
378 0.5143439173698425
379 0.5740205645561218
380 0.5088616609573364
381 0.5595510601997375
382 0.5587807893753052
383 0.5817875266075134
384 0.609311580657959
385 0.5886780619621277
386 0.5704153180122375
387 0.5094931125640869
388 0.5578083992004395
389 0.5091861486434937
390 0.5371661186218262
391 0.5023443698883057
392 0.5730041265487671
393 0.513460636138916
394 0.5379319190979004
395 0.5488219261169434
396 0.5734918117523193
397 0.5735394358634949
398 0.5043916702270508
399 0.5856935977935791
400 0.5564287900924683
401 0.6180472373962402
402 0.5465113520622253
403 0.5040026903152466
404 0.5286561250686646
405 0.5804319381713867
406 0.527900218963623
407 0.5396661758422852
408 0.5243023633956909
409 0.5980523228645325
410 0.5147129893302917
411 0.6095727682113647
412 0.6430980563163757
413 0.5285124182701111
414 0.5200782418251038
415 0.5854484438896179
416 0.5473135709762573
417 0.5432594418525696
418 0.5808173418045044
419 0.5662207007408142
420 0.5256139636039734
421 0.6047667264938354
422 0.5070725083351135
423 0.5319948196411133
424 0.5013421177864075
425 0.5908260345458984
426 0.5189294219017029
427 0.5314608216285706
428 0.5230727195739746
429 0.5782884359359741
430 0.5188564658164978
431 0.579936683177948
432 0.5481981635093689
433 0.5222913026809692
434 0.5064542293548584
435 0.5721372961997986
436 0.5194301009178162
437 0.501632034778595
438 0.5456126928329468
439 0.5906850099563599
440 0.5585129261016846
441 0.5526315569877625
442 0.508974552154541
443 0.531605064868927
444 0.5805674195289612
445 0.5357252955436707
446 0.5598111152648926
447 0.5387356281280518
448 0.5036324858665466
449 0.5340089201927185
450 0.516998291015625
451 0.5186774134635925
452 0.5354688167572021
453 0.5618196129798889
454 0.5491638779640198
455 0.5333759188652039
456 0.5314720273017883
457 0.5636975765228271
458 0.6253374218940735
459 0.5115593075752258
460 0.6013622879981995
461 0.5043402910232544
462 0.5053848028182983
463 0.5755097270011902
464 0.576035737991333
465 0.5691502690315247
466 0.5087281465530396
467 0.6067538857460022
468 0.6350589394569397
469 0.5285230278968811
470 0.5639788508415222
471 0.6045682430267334
472 0.5897025465965271
473 0.607795000076294
474 0.549888014793396
475 0.5380133390426636
476 0.5177371501922607
477 0.5176068544387817
478 0.5413612723350525
479 0.6045634746551514
480 0.5039909482002258
481 0.5626981258392334
482 0.5413879752159119
483 0.5344587564468384
484 0.5034903287887573
485 0.5185264348983765
486 0.5738887190818787
487 0.5258598327636719
488 0.5595201253890991
489 0.5273873209953308
490 0.5495514273643494
491 0.5723749995231628
492 0.6019951701164246
493 0.5525521039962769
494 0.5914062261581421
495 0.5659550428390503
496 0.5006336569786072
497 0.5062877535820007
498 0.5174197554588318
499 0.5026134252548218
500 0.6140708327293396
501 0.5128021240234375
502 0.5376973748207092
503 0.5018674731254578
504 0.5285548567771912
505 0.6242583990097046
506 0.5362057089805603
507 0.6334021091461182
508 0.545012891292572
509 0.5801591873168945
510 0.6081681251525879
511 0.5821117162704468
512 0.5772610902786255
513 0.5601235628128052
514 0.5261468887329102
515 0.583450436592102
516 0.5707988739013672
517 0.5206496119499207
518 0.5159332752227783
519 0.529339075088501
520 0.5249192714691162
521 0.5797945857048035
522 0.5125699639320374
523 0.6244589686393738
524 0.5264357924461365
525 0.5198115110397339
526 0.504642903804779
527 0.5957455039024353
528 0.5078315734863281
529 0.5513228178024292
530 0.6116507053375244
531 0.5608843564987183
532 0.5465728044509888
533 0.5252523422241211
534 0.5723349452018738
535 0.6012398600578308
536 0.5034269094467163
537 0.5303565263748169
538 0.5085720419883728
539 0.6130746006965637
540 0.5221467614173889
541 0.5995004177093506
542 0.5335753560066223
543 0.5800408124923706
544 0.5174162983894348
545 0.521442174911499
546 0.5458357930183411
547 0.5510472655296326
548 0.5466123819351196
549 0.53460294008255
550 0.5013406276702881
551 0.5645685195922852
552 0.557051420211792
553 0.5512005090713501
554 0.5607553720474243
555 0.5357247591018677
556 0.5201828479766846
557 0.5990663170814514
558 0.504473865032196
559 0.5660889744758606
560 0.5938889384269714
561 0.5997474789619446
562 0.5071558356285095
563 0.5183846354484558
564 0.564654529094696
565 0.59892737865448
566 0.5886480212211609
567 0.6128033995628357
568 0.5120717287063599
569 0.524875819683075
570 0.5163127779960632
571 0.526148796081543
572 0.5245175957679749
573 0.5777257680892944
574 0.5052103996276855
575 0.5050768256187439
576 0.5139257907867432
577 0.5582140684127808
578 0.5335371494293213
579 0.6059075593948364
580 0.5925098061561584
581 0.5260561108589172
582 0.5032762289047241
583 0.6004040837287903
584 0.5512800216674805
585 0.6285068392753601
586 0.5192854404449463
587 0.5905824899673462
588 0.5649552941322327
589 0.5308242440223694
590 0.6285671591758728
591 0.5446485877037048
592 0.5109844207763672
593 0.6117920875549316
594 0.5984073877334595
595 0.5785765051841736
596 0.5938855409622192
597 0.607140064239502
598 0.5979486107826233
599 0.5945661067962646
600 0.5297608971595764
601 0.5618465542793274
602 0.603711724281311
603 0.5370843410491943
604 0.5959818959236145
605 0.5558290481567383
606 0.612451434135437
607 0.5986297130584717
608 0.5517801642417908
609 0.6039118766784668
610 0.5753370523452759
611 0.5326308012008667
612 0.5494628548622131
613 0.5065666437149048
614 0.6052390933036804
615 0.5387083888053894
616 0.5956208109855652
617 0.5880099534988403
618 0.5508927702903748
619 0.5195583701133728
620 0.5660428404808044
621 0.5248672962188721
622 0.6560366153717041
623 0.5003656148910522
624 0.5326915383338928
625 0.5040228962898254
626 0.6336341500282288
627 0.5669950246810913
628 0.6064914464950562
629 0.600810170173645
630 0.5968970060348511
631 0.5283992290496826
632 0.5506988167762756
633 0.5580483675003052
634 0.5979280471801758
635 0.5907278656959534
636 0.5016660690307617
637 0.5401239395141602
638 0.5076181888580322
639 0.500449001789093
640 0.5887656807899475
641 0.5103178024291992
642 0.5415865182876587
643 0.5617591738700867
644 0.5313676595687866
645 0.5866082906723022
646 0.6151739954948425
647 0.513925313949585
648 0.6060149669647217
649 0.5899084806442261
650 0.5899074077606201
651 0.5093309879302979
652 0.5225813388824463
653 0.5239136219024658
654 0.5359511971473694
655 0.5402918457984924
656 0.5287380814552307
657 0.5599151253700256
658 0.5293421745300293
659 0.5876101851463318
660 0.5376295447349548
661 0.513193666934967
662 0.515912652015686
663 0.5103610157966614
664 0.5685031414031982
665 0.5291280746459961
666 0.5890669226646423
667 0.5203161835670471
668 0.5432706475257874
669 0.5854406356811523
670 0.5040003657341003
671 0.5019150972366333
672 0.5906053781509399
673 0.5521672964096069
674 0.5060362219810486
675 0.5185036659240723
676 0.5620397329330444
677 0.569118857383728
678 0.5851847529411316
679 0.5153048038482666
680 0.5615848302841187
681 0.6006127595901489
682 0.5370693206787109
683 0.635443389415741
684 0.5877323150634766
685 0.586754322052002
686 0.5930677056312561
687 0.5695231556892395
688 0.5735058188438416
689 0.554307758808136
690 0.5162914395332336
691 0.6115681529045105
692 0.6088361144065857
693 0.5589556694030762
694 0.5935556888580322
695 0.5362281799316406
696 0.5944830179214478
697 0.5681681036949158
698 0.5357958078384399
699 0.5479545593261719
700 0.6334566473960876
701 0.6153398156166077
702 0.5466437935829163
703 0.5643948316574097
704 0.5477772355079651
705 0.5299553275108337
706 0.6186532974243164
707 0.6028813123703003
708 0.608378529548645
709 0.5063413381576538
710 0.5172693729400635
711 0.5099265575408936
712 0.547192394733429
713 0.5090712904930115
714 0.6073893308639526
715 0.5726330280303955
716 0.564886212348938
717 0.5187754034996033
718 0.620316207408905
719 0.5056086182594299
720 0.6119368672370911
721 0.5145795345306396
722 0.5995103120803833
723 0.6464279890060425
724 0.590003252029419
725 0.5582785606384277
726 0.6141411662101746
727 0.5175555944442749
728 0.5453570485115051
729 0.5375440120697021
730 0.5621334314346313
731 0.5286049246788025
732 0.6182833909988403
733 0.6044952869415283
734 0.5102049112319946
735 0.5156551599502563
736 0.5650414824485779
737 0.5482416152954102
738 0.5136118531227112
739 0.5321286916732788
740 0.5314518809318542
741 0.5074844360351562
742 0.5754655599594116
743 0.6029247045516968
744 0.5824155807495117
745 0.5385245680809021
746 0.6170673370361328
747 0.5415050983428955
748 0.5737676620483398
749 0.583655595779419
750 0.5891140103340149
751 0.5649315714836121
752 0.5571847558021545
753 0.5386573672294617
754 0.5274624824523926
755 0.5818726420402527
756 0.5202115774154663
757 0.5056449174880981
758 0.5021312236785889
759 0.5746496319770813
760 0.5650987029075623
761 0.5028475522994995
762 0.5623529553413391
763 0.5214710235595703
764 0.534271240234375
765 0.5685141086578369
766 0.5686218738555908
767 0.6097692847251892
768 0.5095658302307129
769 0.5023669600486755
770 0.5833460092544556
771 0.5242910981178284
772 0.522028386592865
773 0.5227641463279724
774 0.5487405061721802
775 0.5656200647354126
776 0.5047078728675842
777 0.5056129693984985
778 0.5833277106285095
779 0.5200669169425964
780 0.5267595052719116
781 0.5201602578163147
782 0.541496217250824
783 0.5010500550270081
784 0.5316449403762817
785 0.5308448076248169
786 0.5599805116653442
787 0.5115499496459961
788 0.5671752691268921
789 0.6003062129020691
790 0.5898477435112
791 0.5123522877693176
792 0.6456729769706726
793 0.511087954044342
794 0.5103178024291992
795 0.5504280924797058
796 0.5546250343322754
797 0.6381984353065491
798 0.5083847045898438
799 0.5022883415222168
800 0.5577519536018372
801 0.5819382667541504
802 0.5028660297393799
803 0.6013018488883972
804 0.5710827112197876
805 0.5811195969581604
806 0.530243992805481
807 0.5367475748062134
808 0.5437253713607788
809 0.5985013246536255
810 0.5191868543624878
811 0.5055313110351562
812 0.5767021775245667
813 0.5114877820014954
814 0.5604133009910583
815 0.5970078706741333
816 0.6263465285301208
817 0.5634874105453491
818 0.5004754066467285
819 0.5358070731163025
820 0.5061871409416199
821 0.6076391339302063
822 0.5945566296577454
823 0.5402116775512695
824 0.5588165521621704
825 0.5950731635093689
826 0.504876434803009
827 0.5024363398551941
828 0.5790167450904846
829 0.5089632868766785
830 0.5055524110794067
831 0.5163355469703674
832 0.5944724678993225
833 0.5149592757225037
834 0.5308653712272644
835 0.5179229974746704
836 0.5596210956573486
837 0.5016303658485413
838 0.5186626315116882
839 0.502778947353363
840 0.5033794045448303
841 0.5474437475204468
842 0.628404974937439
843 0.5106073617935181
844 0.534365713596344
845 0.5861601829528809
846 0.5657803416252136
847 0.5231450796127319
848 0.5737794041633606
849 0.5041055679321289
850 0.6111181974411011
851 0.6548313498497009
852 0.5122828483581543
853 0.6220285892486572
854 0.576895534992218
855 0.5351994037628174
856 0.5535262823104858
857 0.5055729150772095
858 0.6010403037071228
859 0.5425130128860474
860 0.6043728590011597
861 0.5389341711997986
862 0.5255511403083801
863 0.520717978477478
864 0.5822773575782776
865 0.6487852931022644
866 0.5080873370170593
867 0.5941862463951111
868 0.5034038424491882
869 0.6262168288230896
870 0.5485970377922058
871 0.5286824703216553
872 0.5465793609619141
873 0.6264699697494507
874 0.5162497162818909
875 0.5477772355079651
876 0.5236454010009766
877 0.5309778451919556
878 0.5226231217384338
879 0.6211249232292175
880 0.536482572555542
881 0.523043692111969
882 0.5770440101623535
883 0.5017319321632385
884 0.5781869292259216
885 0.5720280408859253
886 0.5829867720603943
887 0.5001078844070435
888 0.6301078200340271
889 0.5895587205886841
890 0.5495625734329224
891 0.5627381205558777
892 0.5618099570274353
893 0.5698542594909668
894 0.542854905128479
895 0.6068649291992188
896 0.565863847732544
897 0.5354688167572021
898 0.6028174161911011
899 0.5285853147506714
900 0.6225287318229675
901 0.6033586263656616
902 0.6132237911224365
903 0.5042580962181091
904 0.5314608216285706
905 0.528471827507019
906 0.5057064294815063
907 0.5852774381637573
908 0.5649302005767822
909 0.5532746315002441
910 0.5853304862976074
911 0.5591328740119934
912 0.5841273069381714
913 0.5522984862327576
914 0.5116947293281555
915 0.5069310665130615
916 0.6098231673240662
917 0.5591033101081848
918 0.5863887071609497
919 0.5826005339622498
920 0.5108537673950195
921 0.549325704574585
922 0.5114920735359192
923 0.5915020704269409
924 0.5429127216339111
925 0.5479446649551392
926 0.5404133200645447
927 0.536072850227356
928 0.5533407330513
929 0.6123325824737549
930 0.5280325412750244
931 0.5389453768730164
932 0.5919991731643677
933 0.5467230081558228
934 0.6294133067131042
935 0.5421244502067566
936 0.6076805591583252
937 0.5762655138969421
938 0.5981503129005432
939 0.5889183878898621
940 0.5580719113349915
941 0.5879422426223755
942 0.564437210559845
943 0.6017196178436279
944 0.5981920957565308
945 0.523176908493042
946 0.6291307210922241
947 0.5009457468986511
948 0.5267614126205444
949 0.575998842716217
950 0.5246621370315552
951 0.5782639384269714
952 0.5697904229164124
953 0.5067326426506042
954 0.523388147354126
955 0.5243956446647644
956 0.5999114513397217
957 0.5893478989601135
958 0.5470521450042725
959 0.5069276690483093
960 0.537350058555603
961 0.5157347321510315
962 0.5586274862289429
963 0.5155730247497559
964 0.5158924460411072
965 0.565372884273529
966 0.565704882144928
967 0.5219148397445679
968 0.5689878463745117
969 0.582746684551239
970 0.5162001848220825
971 0.5687025785446167
972 0.514630913734436
973 0.5469989776611328
974 0.5804257988929749
975 0.5666574239730835
976 0.544474720954895
977 0.616026759147644
978 0.5741297602653503
979 0.531934380531311
980 0.5003769397735596
981 0.5318505764007568
982 0.505500078201294
983 0.5611612796783447
984 0.5257872343063354
985 0.6074650883674622
986 0.5829484462738037
987 0.6237438917160034
988 0.5567019581794739
989 0.5115971565246582
990 0.5206867456436157
991 0.5324104428291321
992 0.5322262048721313
993 0.5266702771186829
994 0.5039529800415039
995 0.5780436396598816
996 0.5960037708282471
997 0.5390285849571228
998 0.5256210565567017
999 0.5971981883049011
1000 0.5542575120925903
1001 0.5939155220985413
1002 0.5098214149475098
1003 0.5091955661773682
1004 0.5621473789215088
1005 0.504072368144989
1006 0.5082208514213562
1007 0.5445294976234436
1008 0.5701967477798462
1009 0.6402479410171509
1010 0.5845790505409241
1011 0.590198278427124
1012 0.600081205368042
1013 0.5900536775588989
1014 0.5244355797767639
1015 0.5966346263885498
1016 0.5621103048324585
1017 0.5645521283149719
1018 0.5341091156005859
1019 0.5370286703109741
1020 0.5974005460739136
1021 0.5226099491119385
1022 0.6004568338394165
1023 0.5943053960800171
1024 0.509211003780365
1025 0.5097026824951172
1026 0.5457019805908203
1027 0.5582573413848877
1028 0.5995103120803833
1029 0.5225391983985901
1030 0.5754989385604858
1031 0.5658290386199951
1032 0.5273554921150208
1033 0.5330168008804321
1034 0.5205622911453247
1035 0.5657803416252136
1036 0.5580613613128662
1037 0.5158111453056335
1038 0.5581930875778198
1039 0.5086121559143066
1040 0.5704585909843445
1041 0.5424620509147644
1042 0.5271097421646118
1043 0.5450127124786377
1044 0.6108487248420715
1045 0.5354800820350647
1046 0.5239006280899048
1047 0.532482922077179
1048 0.5846521854400635
1049 0.6221745014190674
1050 0.5917184352874756
1051 0.5087331533432007
1052 0.6226516962051392
1053 0.5671114325523376
1054 0.5136396884918213
1055 0.5919633507728577
1056 0.6020177006721497
1057 0.5161908268928528
1058 0.551050066947937
1059 0.6077307462692261
1060 0.5394530296325684
1061 0.6365139484405518
1062 0.5817261338233948
1063 0.5904690623283386
1064 0.6044926047325134
1065 0.6486873030662537
1066 0.5230211019515991
1067 0.5149686336517334
1068 0.5334169864654541
1069 0.5044273734092712
1070 0.5063320398330688
1071 0.6069293022155762
1072 0.59064781665802
1073 0.6020275354385376
1074 0.5300177335739136
1075 0.6176788806915283
1076 0.5570782423019409
1077 0.5188186168670654
1078 0.5447066426277161
1079 0.5707058310508728
1080 0.6195974946022034
1081 0.5005924105644226
1082 0.5483416318893433
1083 0.5088633298873901
1084 0.5456942319869995
