0 0.07119107246398926
1 0.07267403602600098
2 0.07162618637084961
3 0.059175968170166016
4 0.07355713844299316
5 0.07508420944213867
6 0.06250238418579102
7 0.07046222686767578
8 0.06039834022521973
9 0.06286096572875977
10 0.05858874320983887
11 0.07933402061462402
12 0.07904911041259766
13 0.07752466201782227
14 0.07920622825622559
15 0.07254481315612793
16 0.06615209579467773
17 0.07390093803405762
18 0.08124804496765137
19 0.07293558120727539
20 0.07478880882263184
21 0.07357025146484375
22 0.07456207275390625
23 0.07382631301879883
24 0.07410192489624023
25 0.0608065128326416
26 0.07321619987487793
27 0.06328153610229492
28 0.06500887870788574
29 0.07262635231018066
30 0.06462907791137695
31 0.06221485137939453
32 0.06946802139282227
33 0.059577226638793945
34 0.062427520751953125
35 0.07302284240722656
36 0.06933999061584473
37 0.06456780433654785
38 0.0813453197479248
39 0.08241891860961914
40 0.07429766654968262
41 0.08380436897277832
42 0.08785247802734375
43 0.07847142219543457
44 0.06527352333068848
45 0.08332943916320801
46 0.08437943458557129
47 0.07621145248413086
48 0.0742042064666748
49 0.0777442455291748
50 0.06997084617614746
51 0.07843351364135742
52 0.08191728591918945
53 0.07179141044616699
54 0.06540298461914062
55 0.07499551773071289
56 0.07584643363952637
57 0.07637214660644531
58 0.07174444198608398
59 0.07441425323486328
60 0.08052730560302734
61 0.07736563682556152
62 0.08398199081420898
63 0.07681012153625488
64 0.07527828216552734
65 0.0713813304901123
66 0.07107234001159668
67 0.07567715644836426
68 0.0785989761352539
69 0.08563089370727539
70 0.07508111000061035
71 0.07609701156616211
72 0.0710756778717041
73 0.0797426700592041
74 0.07083749771118164
75 0.08184099197387695
76 0.08229756355285645
77 0.07609415054321289
78 0.08768987655639648
79 0.08818411827087402
80 0.0939016342163086
81 0.10817599296569824
82 0.08574032783508301
83 0.08787250518798828
84 0.07465386390686035
85 0.0850682258605957
86 0.09241056442260742
87 0.0850515365600586
88 0.08432364463806152
89 0.07672858238220215
90 0.0800328254699707
91 0.08172917366027832
92 0.08620953559875488
93 0.08466792106628418
94 0.08624863624572754
95 0.08151960372924805
96 0.09125113487243652
97 0.06195425987243652
98 0.08019685745239258
99 0.08207297325134277
100 0.08198165893554688
101 0.07497596740722656
102 0.07327556610107422
103 0.076873779296875
104 0.07195401191711426
105 0.07476305961608887
106 0.07369422912597656
107 0.06816768646240234
108 0.07228899002075195
109 0.07829666137695312
110 0.06672286987304688
111 0.08011007308959961
112 0.07647371292114258
113 0.08791375160217285
114 0.07421612739562988
115 0.07946109771728516
116 0.0677483081817627
117 0.0837855339050293
118 0.08014869689941406
119 0.0819091796875
120 0.08213639259338379
121 0.07351183891296387
122 0.08383774757385254
123 0.08563017845153809
124 0.08835339546203613
125 0.0859370231628418
126 0.08913850784301758
127 0.07358050346374512
128 0.08490920066833496
129 0.08214807510375977
130 0.08228039741516113
131 0.07858872413635254
132 0.08371567726135254
133 0.08306264877319336
134 0.0996706485748291
135 0.07621622085571289
136 0.0767374038696289
137 0.08264827728271484
138 0.07388472557067871
139 0.08324766159057617
140 0.08408761024475098
141 0.07840347290039062
142 0.08097267150878906
143 0.08088254928588867
144 0.08437633514404297
