0 0.16668939590454102
1 0.16803359985351562
2 0.10635113716125488
3 0.07141375541687012
4 0.022477388381958008
5 0.047110557556152344
6 0.029311418533325195
7 0.10993051528930664
8 0.0826253890991211
9 0.054547786712646484
10 0.04433631896972656
11 0.02510380744934082
12 0.035600900650024414
13 0.06790709495544434
14 0.08327531814575195
15 0.10026812553405762
16 0.04612851142883301
17 0.07576584815979004
18 0.06513524055480957
19 0.03264951705932617
20 0.1322472095489502
21 0.11163997650146484
22 0.06918454170227051
23 0.060713768005371094
24 0.05733466148376465
25 0.07206130027770996
26 0.08168911933898926
27 0.11832213401794434
28 0.08444619178771973
29 0.17534351348876953
30 0.1802382469177246
31 0.0716087818145752
32 0.09739160537719727
33 0.10803961753845215
34 0.14038872718811035
35 0.06791377067565918
36 0.1344437599182129
37 0.11513328552246094
38 0.10116434097290039
39 0.08948850631713867
40 0.17184138298034668
41 0.029289960861206055
42 0.07927751541137695
43 0.09719729423522949
44 0.0907142162322998
45 0.04637479782104492
46 0.10221409797668457
47 0.07671022415161133
48 0.027994632720947266
49 0.054578304290771484
50 0.07078266143798828
51 0.10382843017578125
52 0.08211421966552734
53 0.0887143611907959
54 0.1147158145904541
55 0.0524599552154541
56 0.08879899978637695
57 0.058074235916137695
58 0.06800150871276855
59 0.03409218788146973
60 0.04357194900512695
61 0.1323850154876709
62 0.03194570541381836
63 0.10794997215270996
64 0.11490225791931152
65 0.031145334243774414
66 0.09613299369812012
67 0.05578947067260742
68 0.05613970756530762
69 0.04368305206298828
70 0.07177495956420898
71 0.0859529972076416
72 0.1725919246673584
73 0.06012320518493652
74 0.035355567932128906
75 0.03724527359008789
76 0.06535863876342773
77 0.08231854438781738
78 0.022143125534057617
79 0.03162741661071777
80 0.03820633888244629
81 0.08303642272949219
82 0.17175793647766113
83 0.05617356300354004
84 0.10338640213012695
85 0.031969308853149414
86 0.04613661766052246
87 0.09914112091064453
88 0.09685349464416504
89 0.08096170425415039
90 0.1190025806427002
91 0.16985654830932617
92 0.2609517574310303
93 0.05114245414733887
94 0.04408597946166992
95 0.08782577514648438
96 0.10782146453857422
97 0.11190223693847656
98 0.12694644927978516
99 0.07917356491088867
100 0.2264115810394287
101 0.03887653350830078
102 0.0922541618347168
103 0.08935976028442383
104 0.0718073844909668
105 0.08365488052368164
106 0.0965890884399414
107 0.03368091583251953
108 0.08024263381958008
109 0.02812957763671875
110 0.09216880798339844
111 0.059566497802734375
112 0.1624913215637207
113 0.03676795959472656
114 0.08693909645080566
115 0.07742834091186523
116 0.04897117614746094
117 0.14504742622375488
118 0.04935598373413086
119 0.046888113021850586
120 0.022494792938232422
121 0.05364394187927246
122 0.052919626235961914
123 0.09120392799377441
124 0.07748126983642578
125 0.09255743026733398
126 0.08147430419921875
127 0.04166364669799805
128 0.07433462142944336
129 0.09363269805908203
130 0.03617525100708008
131 0.022933006286621094
132 0.0327913761138916
133 0.09172749519348145
134 0.050484657287597656
135 0.047681331634521484
136 0.05367422103881836
137 0.0442957878112793
138 0.049970149993896484
139 0.05777883529663086
140 0.13934707641601562
141 0.11271381378173828
142 0.09349441528320312
143 0.04612088203430176
144 0.10883665084838867
145 0.0549473762512207
146 0.08927726745605469
147 0.04674053192138672
148 0.05105233192443848
149 0.08076262474060059
150 0.1492006778717041
151 0.06671404838562012
152 0.05386495590209961
153 0.10816216468811035
154 0.1311631202697754
155 0.05524182319641113
156 0.05202984809875488
157 0.0729982852935791
158 0.0989522933959961
159 0.1183173656463623
160 0.08576226234436035
161 0.08427882194519043
162 0.10364007949829102
163 0.03763747215270996
164 0.11987113952636719
165 0.11267828941345215
166 0.10872745513916016
167 0.1018521785736084
168 0.05530691146850586
169 0.07473039627075195
170 0.08064460754394531
171 0.2246255874633789
172 0.24729418754577637
173 0.050191640853881836
174 0.04387044906616211
175 0.08453536033630371
176 0.10914111137390137
177 0.15035009384155273
178 0.043291568756103516
179 0.03473043441772461
180 0.08425164222717285
181 0.037703752517700195
182 0.06910467147827148
183 0.02329087257385254
184 0.05306363105773926
185 0.08871698379516602
186 0.03007030487060547
187 0.04459357261657715
188 0.039617061614990234
189 0.09496402740478516
190 0.044653892517089844
191 0.034136295318603516
192 0.10816168785095215
193 0.07134580612182617
194 0.27745914459228516
195 0.058245182037353516
196 0.04042220115661621
197 0.13595271110534668
198 0.10211873054504395
199 0.030710458755493164
200 0.06266975402832031
201 0.11088442802429199
202 0.09569358825683594
203 0.10271477699279785
204 0.13504934310913086
205 0.11034297943115234
206 0.09499812126159668
207 0.09876036643981934
208 0.1197659969329834
209 0.04346513748168945
210 0.058783531188964844
211 0.06178641319274902
212 0.11809873580932617
213 0.07840156555175781
214 0.03593754768371582
215 0.09786772727966309
216 0.06879878044128418
217 0.19068670272827148
218 0.059720516204833984
219 0.11226868629455566
220 0.10369491577148438
221 0.14599847793579102
222 0.09675145149230957
223 0.0779573917388916
224 0.03282952308654785
225 0.07526087760925293
226 0.09029126167297363
227 0.09092426300048828
228 0.08672785758972168
229 0.1876511573791504
230 0.047441959381103516
231 0.06820416450500488
232 0.06868338584899902
233 0.04581427574157715
234 0.055069923400878906
235 0.09208321571350098
236 0.06925368309020996
237 0.1428241729736328
238 0.06850433349609375
239 0.03548622131347656
240 0.02603745460510254
241 0.058611154556274414
242 0.04718971252441406
243 0.051004886627197266
244 0.08320736885070801
245 0.07053041458129883
246 0.20517897605895996
247 0.059200286865234375
248 0.0602726936340332
249 0.09306812286376953
250 0.17150187492370605
251 0.044272422790527344
252 0.06044435501098633
253 0.046044349670410156
254 0.06879138946533203
255 0.0400996208190918
256 0.06130385398864746
257 0.08306384086608887
258 0.02224135398864746
259 0.05089592933654785
260 0.07778716087341309
261 0.13208246231079102
262 0.05363059043884277
263 0.04099416732788086
264 0.052213191986083984
265 0.0678102970123291
266 0.08145856857299805
267 0.03312873840332031
268 0.0770881175994873
269 0.034909725189208984
270 0.05951213836669922
271 0.17534899711608887
272 0.05000495910644531
273 0.05929970741271973
274 0.126969575881958
275 0.1987762451171875
276 0.13197755813598633
277 0.23866820335388184
278 0.14669251441955566
279 0.03245687484741211
280 0.1789839267730713
281 0.16248488426208496
282 0.29697465896606445
283 0.0734858512878418
284 0.37097787857055664
285 0.15260744094848633
286 0.28773021697998047
287 0.1457514762878418
288 0.07030963897705078
289 0.05711555480957031
290 0.0880427360534668
291 0.04022383689880371
292 0.03722119331359863
293 0.08767867088317871
294 0.10431337356567383
295 0.0219879150390625
296 0.10614204406738281
297 0.027881622314453125
298 0.07940316200256348
299 0.024018526077270508
300 0.07481956481933594
301 0.03406500816345215
302 0.12819886207580566
303 0.16910529136657715
304 0.027370214462280273
305 0.08647537231445312
306 0.09435367584228516
307 0.06286454200744629
308 0.03164815902709961
309 0.10248088836669922
310 0.043555498123168945
311 0.11467456817626953
312 0.09357857704162598
313 0.21034550666809082
314 0.04571890830993652
315 0.025613069534301758
316 0.04400777816772461
317 0.1750931739807129
318 0.15473127365112305
319 0.0720367431640625
320 0.07880163192749023
321 0.023889780044555664
322 0.09184694290161133
323 0.06876826286315918
324 0.041642189025878906
325 0.05293750762939453
326 0.113616943359375
327 0.07683897018432617
328 0.047818899154663086
329 0.10906362533569336
330 0.027105331420898438
331 0.07634997367858887
332 0.052899837493896484
333 0.058834075927734375
334 0.1502077579498291
335 0.14139819145202637
336 0.07620477676391602
337 0.0627279281616211
338 0.03511857986450195
339 0.07520341873168945
340 0.06410837173461914
341 0.08649182319641113
342 0.01849222183227539
343 0.06798052787780762
344 0.06177377700805664
345 0.0672910213470459
346 0.08208441734313965
347 0.12815523147583008
348 0.024721145629882812
349 0.037123680114746094
350 0.2329399585723877
351 0.055797576904296875
352 0.07130622863769531
353 0.0237581729888916
354 0.0816049575805664
355 0.11167073249816895
356 0.11875414848327637
357 0.09157490730285645
358 0.08412623405456543
359 0.031951189041137695
360 0.054865360260009766
361 0.0477297306060791
362 0.09131741523742676
363 0.048438072204589844
364 0.1091156005859375
365 0.039285898208618164
366 0.08350491523742676
367 0.11078429222106934
368 0.17660117149353027
369 0.0844428539276123
370 0.04158926010131836
371 0.15866541862487793
372 0.14935302734375
373 0.062165260314941406
374 0.06638813018798828
375 0.06838417053222656
376 0.08152127265930176
377 0.0746610164642334
378 0.07447957992553711
379 0.18690896034240723
380 0.06378698348999023
381 0.06699919700622559
382 0.1752307415008545
383 0.10226202011108398
384 0.062297821044921875
385 0.027205467224121094
386 0.13006973266601562
387 0.04449152946472168
388 0.06960868835449219
389 0.07551836967468262
390 0.09457635879516602
391 0.050359249114990234
392 0.07500338554382324
393 0.033287763595581055
394 0.06020188331604004
395 0.05816173553466797
396 0.06531977653503418
397 0.04983973503112793
398 0.03795933723449707
399 0.022478818893432617
400 0.12626886367797852
401 0.08051156997680664
402 0.04900026321411133
403 0.06745600700378418
404 0.08808755874633789
405 0.0324099063873291
406 0.07604360580444336
407 0.04472064971923828
408 0.09607243537902832
409 0.10150623321533203
410 0.05305004119873047
411 0.07267880439758301
412 0.03820943832397461
413 0.09944701194763184
414 0.061659812927246094
415 0.022026777267456055
416 0.0826425552368164
417 0.07860946655273438
418 0.02468419075012207
419 0.06386542320251465
420 0.13794851303100586
421 0.06164264678955078
422 0.04203629493713379
423 0.14325308799743652
424 0.08420825004577637
425 0.08469820022583008
426 0.09027385711669922
427 0.09885454177856445
428 0.045461177825927734
429 0.023852109909057617
430 0.05021524429321289
431 0.08597254753112793
432 0.07404947280883789
433 0.1002812385559082
434 0.04561352729797363
435 0.08390569686889648
436 0.04771900177001953
437 0.0767056941986084
438 0.12957215309143066
439 0.1523761749267578
440 0.051785945892333984
441 0.0443723201751709
442 0.1529102325439453
443 0.10845565795898438
444 0.1489851474761963
445 0.08794856071472168
446 0.07920002937316895
447 0.06115579605102539
448 0.08094120025634766
449 0.07209348678588867
450 0.03955507278442383
451 0.042870283126831055
452 0.04415178298950195
453 0.026224374771118164
454 0.029665470123291016
455 0.041097402572631836
456 0.05489826202392578
457 0.06431889533996582
458 0.0751197338104248
459 0.03272533416748047
460 0.07811117172241211
461 0.028494596481323242
462 0.06167435646057129
463 0.07346272468566895
464 0.05598759651184082
465 0.08881449699401855
466 0.0959019660949707
467 0.06946349143981934
468 0.07203888893127441
469 0.06047534942626953
470 0.030665159225463867
471 0.12449216842651367
472 0.056072235107421875
473 0.02368450164794922
474 0.03689718246459961
475 0.10660576820373535
476 0.03207135200500488
477 0.0320127010345459
478 0.07062172889709473
479 0.10225391387939453
480 0.08803796768188477
481 0.06174802780151367
482 0.12035536766052246
483 0.06040596961975098
484 0.08686137199401855
485 0.07586240768432617
486 0.09750103950500488
487 0.06006741523742676
488 0.10248565673828125
489 0.07897281646728516
490 0.045517683029174805
491 0.01858353614807129
492 0.08769750595092773
493 0.05565500259399414
494 0.06230664253234863
495 0.1203775405883789
496 0.05735921859741211
497 0.05488443374633789
498 0.025425195693969727
499 0.036310434341430664
500 0.06358098983764648
501 0.17806673049926758
502 0.07680869102478027
503 0.019545793533325195
504 0.04274463653564453
505 0.09669089317321777
506 0.09375381469726562
507 0.06534671783447266
508 0.05614900588989258
509 0.0744318962097168
510 0.03817129135131836
511 0.0725700855255127
512 0.04488182067871094
513 0.15628457069396973
514 0.07281088829040527
515 0.10349249839782715
516 0.12325429916381836
517 0.04308772087097168
518 0.0459897518157959
519 0.03157639503479004
520 0.0917506217956543
521 0.0735781192779541
522 0.0590214729309082
523 0.0646202564239502
524 0.05376029014587402
525 0.06313610076904297
526 0.039345502853393555
527 0.08603906631469727
528 0.0840599536895752
529 0.10556530952453613
530 0.0177919864654541
531 0.03734159469604492
532 0.039905548095703125
533 0.07243490219116211
534 0.0528562068939209
535 0.029546499252319336
536 0.08386445045471191
537 0.06324434280395508
538 0.059149980545043945
539 0.039572715759277344
540 0.06580805778503418
541 0.08872628211975098
542 0.09304618835449219
543 0.10185861587524414
544 0.1603679656982422
545 0.06928300857543945
546 0.060353755950927734
547 0.06938552856445312
548 0.05415463447570801
549 0.07554292678833008
550 0.028247594833374023
551 0.10501503944396973
552 0.1414353847503662
553 0.03735089302062988
554 0.050684213638305664
555 0.15748977661132812
556 0.04301309585571289
557 0.069305419921875
558 0.13409686088562012
559 0.13563966751098633
560 0.04963493347167969
561 0.07806706428527832
562 0.1071779727935791
563 0.16234970092773438
564 0.04604220390319824
565 0.05935239791870117
566 0.039376020431518555
567 0.03795957565307617
568 0.05761909484863281
569 0.12368035316467285
570 0.025581836700439453
571 0.08905339241027832
572 0.09590816497802734
573 0.04598736763000488
574 0.040007591247558594
575 0.09566235542297363
576 0.08874392509460449
577 0.1097559928894043
578 0.04866504669189453
579 0.023121356964111328
580 0.09506559371948242
581 0.041876792907714844
582 0.028020620346069336
583 0.04859805107116699
584 0.057854652404785156
585 0.07452201843261719
586 0.09861111640930176
587 0.04267716407775879
588 0.10328125953674316
589 0.08257937431335449
590 0.06634235382080078
591 0.02473616600036621
592 0.05376601219177246
593 0.12313151359558105
594 0.08010625839233398
595 0.11372733116149902
596 0.07471609115600586
597 0.04265880584716797
598 0.0624232292175293
599 0.04273724555969238
600 0.15430808067321777
601 0.05744361877441406
602 0.01825261116027832
603 0.059891462326049805
604 0.048583269119262695
605 0.04322052001953125
606 0.07316017150878906
607 0.03401923179626465
608 0.09378409385681152
609 0.07392644882202148
610 0.055464982986450195
611 0.03725123405456543
612 0.09641194343566895
613 0.06262397766113281
614 0.04693031311035156
615 0.0938866138458252
616 0.0804891586303711
617 0.07620000839233398
618 0.06518721580505371
619 0.09798550605773926
620 0.05524778366088867
621 0.05180692672729492
622 0.06660842895507812
623 0.07242536544799805
624 0.035780906677246094
625 0.03384828567504883
626 0.0339963436126709
627 0.08587360382080078
628 0.044869184494018555
629 0.05436539649963379
630 0.02359485626220703
631 0.055298805236816406
632 0.07018160820007324
633 0.04827594757080078
634 0.022217273712158203
635 0.05146288871765137
636 0.13344120979309082
637 0.04960775375366211
638 0.05602884292602539
639 0.039605140686035156
640 0.06168317794799805
641 0.08338356018066406
642 0.03552985191345215
643 0.11693286895751953
644 0.016865253448486328
645 0.0444636344909668
646 0.06960129737854004
647 0.07631134986877441
648 0.11134648323059082
649 0.06828856468200684
650 0.07152676582336426
651 0.04158449172973633
652 0.05540156364440918
653 0.0931389331817627
654 0.11294841766357422
655 0.1794109344482422
656 0.13738250732421875
657 0.07135891914367676
658 0.019623756408691406
659 0.04031085968017578
660 0.04559159278869629
661 0.029718875885009766
662 0.076080322265625
663 0.03261518478393555
664 0.05616593360900879
665 0.05068325996398926
666 0.11964535713195801
667 0.050167083740234375
668 0.03107166290283203
669 0.04976511001586914
670 0.1100156307220459
671 0.09450411796569824
672 0.016835927963256836
673 0.0789785385131836
674 0.030893802642822266
675 0.04449892044067383
676 0.10804033279418945
677 0.0761265754699707
678 0.08239340782165527
679 0.062029361724853516
680 0.04263806343078613
681 0.03919172286987305
682 0.02875041961669922
683 0.07644128799438477
684 0.04686713218688965
685 0.08362841606140137
686 0.08057236671447754
687 0.04853057861328125
688 0.08558082580566406
689 0.05197787284851074
690 0.08759236335754395
691 0.08782649040222168
692 0.05628347396850586
693 0.13473987579345703
694 0.05849647521972656
695 0.047312021255493164
696 0.06946539878845215
697 0.01658010482788086
698 0.07328915596008301
699 0.04265403747558594
700 0.07483434677124023
701 0.0768132209777832
702 0.04507708549499512
703 0.04953932762145996
704 0.058283329010009766
705 0.10632133483886719
706 0.11336350440979004
707 0.06319308280944824
708 0.07434773445129395
709 0.05099058151245117
710 0.09703183174133301
711 0.05525541305541992
712 0.05813479423522949
713 0.04987478256225586
714 0.03860068321228027
715 0.08093667030334473
716 0.026294469833374023
717 0.05980539321899414
718 0.07054257392883301
719 0.03212785720825195
720 0.07600784301757812
721 0.0710136890411377
722 0.08945536613464355
723 0.12076520919799805
724 0.1625816822052002
725 0.06742048263549805
726 0.05434846878051758
727 0.03833198547363281
728 0.07083535194396973
729 0.08001232147216797
730 0.05261349678039551
731 0.0228426456451416
732 0.07372570037841797
733 0.04441523551940918
734 0.05279374122619629
735 0.0643310546875
736 0.03875231742858887
737 0.06457757949829102
738 0.058914899826049805
739 0.06768918037414551
740 0.06792163848876953
741 0.023468732833862305
742 0.019587039947509766
743 0.06033468246459961
744 0.0630953311920166
745 0.07425689697265625
746 0.06432175636291504
747 0.06177544593811035
748 0.07859134674072266
749 0.04983377456665039
750 0.046469688415527344
751 0.015665054321289062
752 0.03781485557556152
753 0.02579331398010254
754 0.025294065475463867
755 0.0316162109375
756 0.05759239196777344
757 0.12503361701965332
758 0.06919121742248535
759 0.08237552642822266
760 0.028241634368896484
761 0.06900548934936523
762 0.05142855644226074
763 0.05631446838378906
764 0.0883944034576416
765 0.04011702537536621
766 0.07628870010375977
767 0.0676877498626709
768 0.06231093406677246
769 0.07413268089294434
770 0.05796504020690918
771 0.08589887619018555
772 0.05212259292602539
773 0.07608222961425781
774 0.054811954498291016
775 0.0784919261932373
776 0.05880880355834961
777 0.13646507263183594
778 0.07192611694335938
779 0.07904648780822754
780 0.05742383003234863
781 0.07392263412475586
782 0.05308127403259277
783 0.021111726760864258
784 0.13375616073608398
785 0.06966710090637207
786 0.03249812126159668
787 0.026731014251708984
788 0.022437334060668945
789 0.04852485656738281
790 0.11813998222351074
791 0.08284282684326172
792 0.03110671043395996
793 0.034615278244018555
794 0.06902647018432617
795 0.02710866928100586
796 0.05328679084777832
797 0.07475543022155762
798 0.04496455192565918
799 0.06426024436950684
800 0.05141305923461914
801 0.06920409202575684
802 0.06893563270568848
803 0.02294182777404785
804 0.12375760078430176
805 0.11286497116088867
806 0.019550561904907227
807 0.056815385818481445
808 0.18406963348388672
809 0.10091590881347656
810 0.07449793815612793
811 0.05526137351989746
812 0.03603696823120117
813 0.0421137809753418
814 0.05406904220581055
815 0.073944091796875
816 0.07892704010009766
817 0.045560598373413086
818 0.02994513511657715
819 0.03743696212768555
820 0.058132171630859375
821 0.059062957763671875
822 0.051418304443359375
823 0.12638640403747559
824 0.03661084175109863
825 0.07796311378479004
826 0.04964709281921387
827 0.03226447105407715
828 0.06446242332458496
829 0.040520429611206055
830 0.13763022422790527
831 0.04614090919494629
832 0.1008305549621582
833 0.057776451110839844
834 0.06517815589904785
835 0.049956321716308594
836 0.06358504295349121
837 0.08353495597839355
838 0.05274772644042969
839 0.03880453109741211
840 0.08096933364868164
841 0.020920753479003906
842 0.0198061466217041
843 0.09471392631530762
844 0.04446148872375488
845 0.12877988815307617
846 0.03545546531677246
847 0.0969390869140625
848 0.03898978233337402
849 0.09000778198242188
850 0.040975332260131836
851 0.05949139595031738
852 0.08513307571411133
853 0.04667973518371582
854 0.025254487991333008
855 0.05291891098022461
856 0.08748984336853027
857 0.02633190155029297
858 0.07270097732543945
859 0.06817388534545898
860 0.037127017974853516
861 0.03646516799926758
862 0.050722360610961914
863 0.02811884880065918
864 0.09022283554077148
865 0.09926438331604004
866 0.05682229995727539
867 0.0471196174621582
868 0.09532880783081055
869 0.060305118560791016
870 0.03001260757446289
871 0.1022183895111084
872 0.057628631591796875
873 0.052019357681274414
874 0.06142926216125488
875 0.048806190490722656
876 0.08009028434753418
877 0.18955612182617188
878 0.07996988296508789
879 0.07602477073669434
880 0.08534741401672363
881 0.10093879699707031
882 0.04360651969909668
883 0.08931255340576172
884 0.11304450035095215
885 0.06671428680419922
886 0.04287886619567871
887 0.06092977523803711
888 0.05966615676879883
889 0.06123971939086914
890 0.07093453407287598
891 0.0634002685546875
892 0.047737836837768555
893 0.04393172264099121
894 0.06276750564575195
895 0.0856623649597168
896 0.1696159839630127
897 0.05667304992675781
898 0.04207801818847656
899 0.09059429168701172
900 0.08866000175476074
901 0.052625179290771484
902 0.02155137062072754
903 0.058293819427490234
904 0.10329389572143555
905 0.09019804000854492
906 0.021120309829711914
907 0.03379487991333008
908 0.018699169158935547
909 0.08827710151672363
910 0.05844902992248535
911 0.08167648315429688
912 0.06427669525146484
913 0.0470428466796875
914 0.1103677749633789
915 0.05545926094055176
916 0.10923433303833008
917 0.06682562828063965
918 0.06994986534118652
919 0.13275575637817383
920 0.03240776062011719
921 0.05133318901062012
922 0.03776741027832031
923 0.10212945938110352
924 0.0843973159790039
925 0.06049799919128418
926 0.061478614807128906
927 0.06846499443054199
928 0.11518239974975586
929 0.025249242782592773
930 0.08827352523803711
931 0.08570170402526855
932 0.04899406433105469
933 0.0353853702545166
934 0.05464744567871094
935 0.1324937343597412
936 0.051937103271484375
937 0.11671805381774902
938 0.04549241065979004
939 0.09472107887268066
940 0.03320646286010742
941 0.0344233512878418
942 0.08107209205627441
943 0.027529001235961914
944 0.06915402412414551
945 0.11333751678466797
946 0.053652286529541016
947 0.053528785705566406
948 0.08588957786560059
949 0.053980350494384766
950 0.0366663932800293
951 0.021500587463378906
952 0.021870851516723633
953 0.029381513595581055
954 0.03760719299316406
955 0.09787631034851074
956 0.04153752326965332
957 0.07845711708068848
958 0.06457853317260742
959 0.03909730911254883
960 0.09017324447631836
961 0.05852150917053223
962 0.09716606140136719
963 0.03797197341918945
964 0.05725550651550293
965 0.06477785110473633
966 0.04457712173461914
967 0.06883049011230469
968 0.05029034614562988
969 0.08207321166992188
970 0.025364398956298828
971 0.04736804962158203
972 0.05885887145996094
973 0.043515920639038086
974 0.06317806243896484
975 0.04835224151611328
976 0.07171988487243652
977 0.08674144744873047
978 0.10840439796447754
979 0.0629417896270752
980 0.06549286842346191
981 0.0391690731048584
982 0.054135799407958984
983 0.16763782501220703
984 0.195037841796875
985 0.03279733657836914
986 0.15597224235534668
987 0.060524702072143555
988 0.13939142227172852
989 0.05872702598571777
990 0.04740571975708008
991 0.04699587821960449
992 0.09947729110717773
993 0.051711320877075195
994 0.05896949768066406
995 0.052280426025390625
996 0.04279184341430664
997 0.08865809440612793
998 0.08345580101013184
999 0.056993722915649414
1000 0.07123875617980957
1001 0.048569440841674805
1002 0.0982968807220459
1003 0.0268094539642334
1004 0.03657388687133789
1005 0.0697789192199707
1006 0.0522153377532959
1007 0.03465867042541504
1008 0.059903860092163086
1009 0.0179288387298584
1010 0.05764651298522949
1011 0.08810210227966309
1012 0.03599095344543457
1013 0.05264592170715332
1014 0.03313565254211426
1015 0.08464574813842773
1016 0.028156280517578125
1017 0.15089964866638184
1018 0.05343174934387207
1019 0.08139538764953613
1020 0.0699012279510498
1021 0.10260176658630371
1022 0.04340934753417969
1023 0.04547715187072754
1024 0.02368903160095215
1025 0.03856635093688965
1026 0.10958266258239746
1027 0.03605341911315918
1028 0.1128532886505127
1029 0.07813882827758789
1030 0.04341721534729004
1031 0.027478694915771484
1032 0.053267478942871094
1033 0.09075474739074707
1034 0.036473751068115234
1035 0.0885310173034668
1036 0.022719144821166992
1037 0.13385438919067383
1038 0.0827338695526123
1039 0.038860321044921875
1040 0.05222034454345703
1041 0.05038261413574219
1042 0.03235602378845215
1043 0.09809565544128418
1044 0.07692670822143555
1045 0.13030076026916504
1046 0.05888223648071289
1047 0.0675048828125
1048 0.06051802635192871
1049 0.09025740623474121
1050 0.06603741645812988
1051 0.056130409240722656
1052 0.17424488067626953
1053 0.08800411224365234
1054 0.08461976051330566
1055 0.07531213760375977
1056 0.02418684959411621
1057 0.08500123023986816
1058 0.07259583473205566
1059 0.0599818229675293
1060 0.05450749397277832
1061 0.06179094314575195
1062 0.027170181274414062
1063 0.06953096389770508
1064 0.10338163375854492
1065 0.05783486366271973
1066 0.06741666793823242
1067 0.12042808532714844
1068 0.03184819221496582
1069 0.10393953323364258
1070 0.10435223579406738
1071 0.10704660415649414
1072 0.037572622299194336
1073 0.06291651725769043
1074 0.06570839881896973
1075 0.08999919891357422
1076 0.06302499771118164
1077 0.1018819808959961
1078 0.17499494552612305
1079 0.05770564079284668
1080 0.04531073570251465
1081 0.11809730529785156
1082 0.03702664375305176
1083 0.03757524490356445
1084 0.07862043380737305
