0 0.7808208505983029
1 0.7999967313774137
2 0.6494781062189103
3 0.8118009259276043
4 0.5813669357345878
5 0.5057200441564342
6 0.6782107434373769
7 0.8654974775291443
8 0.6818620661289336
9 0.8647072655283025
10 0.8536418121940609
11 0.8395848817785764
12 0.5501728659530355
13 0.5784990821558832
14 0.6300346661335542
15 0.5199278929067652
16 0.5388167885264634
17 0.7333160236742309
18 0.5097519472069258
19 0.7054135900841974
20 0.8062824113314797
21 0.5320179635708284
22 0.6804769996709303
23 0.5362768129335501
24 0.7574166886540057
25 0.5364057601114935
26 0.6026553946492104
27 0.6642958382537769
28 0.6894752447745701
29 0.6949903944587869
30 0.8646801933841323
31 0.630990388324697
32 0.5014454592512269
33 0.5434781763853206
34 0.6134848819499553
35 0.628125556443461
36 0.6616558952255686
37 0.6461700522908153
38 0.5905757503619963
39 0.7269526582773844
40 0.7396813148218375
41 0.5036046360655916
42 0.6308487233256088
43 0.5154221220068602
44 0.8219382294969356
45 0.8545826453127743
46 0.6799355244697062
47 0.5942775185083771
48 0.7418121601072554
49 0.5457600929901715
50 0.9143106028714485
51 0.5119769466186641
52 0.6957097359212487
53 0.5684105562002497
54 0.6854219469357203
55 0.8241654296457
56 0.5146991286309335
57 0.7855556453460923
58 0.5812845383718582
59 0.6935928312218862
60 0.8065769358566627
61 0.6953113803864849
62 0.6824430289779546
63 0.727372105444478
64 0.6118789365863827
65 0.5458087900332523
66 0.7222836909604807
67 0.640683393429382
68 0.8393429243742516
69 0.7326449012862755
70 0.5081220095999868
71 0.8503595362502815
72 0.5165733828579995
73 0.7054924142511725
74 0.7531670247880804
75 0.7092713418097986
76 0.6659311854183285
77 0.5408123621896248
78 0.691329747277216
79 0.5965420817529187
80 0.873021760959707
81 0.6128824733272187
82 0.5524783242514407
83 0.5640893670752932
84 0.5255546297617482
85 0.7761858557076726
86 0.7488765933719761
87 0.824122776253863
88 0.6105200164176526
89 0.7692266789786331
90 0.852767550011175
91 0.6790342983601075
92 0.7105663174765015
93 0.8120034682088243
94 0.7135881482024728
95 0.723255063960946
96 0.6077444894434197
97 0.5934642853203215
98 0.6493108074375257
99 0.6230057665608479
100 0.5955213689642386
101 0.5157726949234791
102 0.5424709186638802
103 0.8406026900937044
104 0.7024743338087037
105 0.5559067963207937
106 0.7515222177985968
107 0.6881011109030097
108 0.7168571283696407
109 0.6446621131869331
110 0.6244367105324743
111 0.7446351384024618
112 0.7535942689927919
113 0.5930455094451208
114 0.7230436137146283
115 0.5079494537422441
116 0.6700221637518409
117 0.6066478821676841
118 0.7442635781218616
119 0.6170533185892595
120 0.6226404769914718
121 0.7474996549935543
122 0.6916151745915485
123 0.7973547143571932
124 0.5983217377962892
125 0.7216661869353703
126 0.7279436615369751
127 0.5581965332885894
128 0.593345948150954
129 0.5646939390876335
130 0.6162817841611465
131 0.7790121124404176
132 0.529707955009559
133 0.6961522467219796
134 0.7135800405387186
135 0.8608416717908403
136 0.5549699906610609
137 0.7665930760778968
138 0.8260864721088725
139 0.721521841684543
140 0.709892671397972
141 0.5307438359990096
142 0.5236053516553932
143 0.6286240747728392
144 0.6750094534477529
145 0.5100756311484974
146 0.8433389828530828
147 0.5837572378096058
148 0.7439327000271594
149 0.8375189529088666
150 0.7991956641145113
151 0.5208835652820853
152 0.8047524924220535
153 0.528261684278792
154 0.6514322480810095
155 0.7319306968056234
156 0.7064099337012165
157 0.7776954107555101
158 0.6176894153189494
159 0.5174385966984881
160 0.6842787966645828
161 0.7892419637783715
162 0.6676614282819013
163 0.8157797928110401
164 0.55897712686056
165 0.5430649755429038
166 0.8292946063780892
167 0.7712774318319808
168 0.6139069092954573
169 0.5460482433887759
170 0.6807451688885268
171 0.778962394785503
172 0.7105770361661377
173 0.6185980289271713
174 0.7510738886259428
175 0.7121568921869702
176 0.779058431978582
177 0.5567008731264995
178 0.7959767085868849
179 0.6257226302809302
180 0.7041225939199335
181 0.8200013808300722
182 0.710161908693819
183 0.5218889348430313
184 0.573827258763775
185 0.7450934086468711
186 0.6794084159719914
187 0.8356894929980969
188 0.675669041804174
189 0.5223769805589569
190 0.6979067145807742
191 0.6045075307083956
192 0.7277037392598419
193 0.6087229542769849
194 0.8120178206851528
195 0.6988610302245941
196 0.7625359659682359
197 0.8334370895416249
198 0.842011523784537
199 0.8053335386801234
200 0.5613027510121409
201 0.7492356926956122
202 0.7847831540641305
203 0.7167744879365823
204 0.8043071280303655
205 0.6608851671649082
206 0.6886385340197999
207 0.651776482950607
208 0.5949746906792521
209 0.7195362006142229
210 0.6301463325904028
211 0.7602945552290783
212 0.5999932521375403
213 0.8649737476338989
214 0.6923070917883881
215 0.6676840098423152
216 0.5572295473673935
217 0.8519712019854857
218 0.5484507445543492
219 0.8364695862652212
220 0.7479962347389535
221 0.8422602571442349
222 0.6388919215096095
223 0.6268690341041746
224 0.5664203669421999
225 0.6292159105686964
226 0.7970291475347252
227 0.6540366054692898
228 0.8559308369171872
229 0.5006371939908848
230 0.6586844736728709
231 0.7644412326768517
232 0.6558659385055192
233 0.6563521714041128
234 0.7916913978313156
235 0.6803907574477378
236 0.7558968718073924
237 0.8865232682968784
238 0.6897681791251504
239 0.7504096135860348
240 0.8403776141247448
241 0.892061807824936
242 0.5794344799180083
243 0.8083574408999686
244 0.5029348153053687
245 0.5433386494461733
246 0.8294525661003423
247 0.6905338317364097
248 0.6687645712779073
249 0.7194423761985429
250 0.7391187644378523
251 0.6108022125516133
252 0.5364405648221401
253 0.7449130283251925
254 0.6660874690923131
255 0.7305942955625859
256 0.6939936670030219
257 0.6842080925233762
258 0.5976940272176019
259 0.6210971207978184
260 0.7467103213179286
261 0.6150776584535925
262 0.5860490490450564
263 0.7329965554213217
264 0.6541235224406434
265 0.7676043697330698
266 0.8651834407669399
267 0.5887851964170902
268 0.8189099028536012
269 0.6686129873649822
270 0.7601950075145907
271 0.8212272087997561
272 0.6550329439939424
273 0.6790122208874636
274 0.7789129066221433
275 0.5901505664477233
276 0.6162666198426313
277 0.5547496893550605
278 0.7713923546059622
279 0.7009269856438786
280 0.7698757916817057
281 0.7237204098828118
282 0.7526558171808874
283 0.6584446573075341
284 0.6510453876731893
285 0.7318813573528429
286 0.5211095244488244
287 0.6411756271277899
288 0.6502848343424158
289 0.6405202063491743
290 0.6621117231347649
291 0.7331268937786943
292 0.6454706741753954
293 0.6107573077660311
294 0.8845116640398386
295 0.7991143724263868
296 0.6585788093643894
297 0.80399780627831
298 0.6578345515715269
299 0.7407426608456062
300 0.551989643986566
301 0.7573952467298024
302 0.6218500335744985
303 0.6912673826629996
304 0.7410581636798237
305 0.5279519670040085
306 0.6397808059533907
307 0.6796965305230994
308 0.8190386323638212
309 0.7986922548569231
310 0.7439013556873759
311 0.6651783698572197
312 0.5087572700558157
313 0.5808775863687976
314 0.7364430883948554
315 0.5926557903400385
316 0.6555043276862705
317 0.716793578373788
318 0.5941044668820044
319 0.5661728624772158
320 0.757857303225288
321 0.650773946055978
322 0.7409031132897752
323 0.6023793864155781
324 0.6028651591994454
325 0.7923290733763209
326 0.7663727775260026
327 0.8465102344681498
328 0.7063046088521754
329 0.6756434639869632
330 0.5922718081102702
331 0.8009201504505337
332 0.6374142351264728
333 0.6794267937449388
334 0.7258523277921598
335 0.5592790192590774
336 0.6631104479743143
337 0.7093177398428095
338 0.5723762625625703
339 0.6879490328975202
340 0.7230382404960827
341 0.680557543089867
342 0.8728526169316037
343 0.8558965674802383
344 0.5216665967090902
345 0.9226548588365058
346 0.8561562564430003
347 0.6697213899007254
348 0.7376507913454035
349 0.5716048461268484
350 0.752206534176788
351 0.6219940464201721
352 0.5786835600449822
353 0.535487577191806
354 0.6244292397861945
355 0.8249822067474226
356 0.5206630745089164
357 0.778367924376742
358 0.6009717915366058
359 0.8933051348421224
360 0.8996004494364553
361 0.8423508234397574
362 0.6366479149869604
363 0.7853920406786741
364 0.7162034668169887
365 0.8386566820305913
366 0.8606476834820316
367 0.8605493936145161
368 0.6414511715928003
369 0.7022015269206393
370 0.5261642491110551
371 0.644841207836086
372 0.7864453775837495
373 0.7137235567778122
374 0.5299006815627432
375 0.7318304702477711
376 0.7896784233862745
377 0.5015468913346651
378 0.8976312449181646
379 0.6993311943174136
380 0.8018169397906456
381 0.6049666989227634
382 0.5513166443886481
383 0.7798838100921593
384 0.5856655344272729
385 0.5196553517860528
386 0.9654879169668569
387 0.7636064391604825
388 0.5288264760731584
389 0.7597802685320438
390 0.8628792631773973
391 0.7261202433390097
392 0.8251340051697291
393 0.5278406442021084
394 0.9022561037239945
395 0.7061850630903105
396 0.5393690994663223
397 0.7799451740294959
398 0.658394646039317
399 0.5549517755256203
400 0.5099256832463303
401 0.8268142863183822
402 0.6586900967885496
403 0.6132089973818754
404 0.8854165388495087
405 0.5936919078421253
406 0.7881939560478955
407 0.5038420809105828
408 0.5830993572935341
409 0.524844104585419
410 0.7561020570583746
411 0.5069190474480126
412 0.7828929044596595
413 0.6227169977824574
414 0.6072767837787977
415 0.7638800096345958
416 0.636589726233957
417 0.5893674788246568
418 0.7562127585001343
419 0.7751188705914415
420 0.6518669484404608
421 0.8939836571936888
422 0.7619112835206351
423 0.5193037468572511
424 0.7687629478929192
425 0.5131331909943209
426 0.6243701496610757
427 0.7687605570476158
428 0.7680512065299451
429 0.6467670383254991
430 0.5135426569937218
431 0.8915796489536144
432 0.6207197839395115
433 0.6854051443699375
434 0.8432023144146928
435 0.5431294224250587
436 0.5670402503691248
437 0.8766836669327642
438 0.8126787355212941
439 0.6782441164161283
440 0.6134950133129345
441 0.6134930124442579
442 0.7311806377666171
443 0.7806157394708502
444 0.8329965007028406
445 0.9118054938911487
446 0.6819306424929324
447 0.6882148422870237
448 0.5386032904816512
449 0.7587652014224544
450 0.8013239772381292
451 0.9063522613588411
452 0.583440990046276
453 0.7126857099812444
454 0.7638545275324962
455 0.6821132349661926
456 0.8844544615532595
457 0.8453913819917885
458 0.7193680496395294
459 0.5774953748454328
460 0.6012726862428429
461 0.7208158019218835
462 0.7194605870494126
463 0.6800146305018018
464 0.7985907543564296
465 0.7712121087007434
466 0.5486162456877325
467 0.8503916363203532
468 0.7926442735622614
469 0.7680210029616872
470 0.5064729249026874
471 0.6497023177131355
472 0.7662233706941618
473 0.7829529712212777
474 0.7493099491787233
475 0.795048689437107
476 0.5948166473352519
477 0.6372891619369998
478 0.6254014267427372
479 0.5164092559912296
480 0.9080443364089595
481 0.8784639276681373
482 0.7642472573337029
483 0.8215163517600174
484 0.708618385651821
485 0.5201365712074835
486 0.6192743541674028
487 0.7313872783760147
488 0.6338001406677899
489 0.7548990620466959
490 0.7180956980054992
491 0.9124013422961987
492 0.5769534029031437
493 0.6169451302654771
494 0.5197826067490416
495 0.5312446491313871
496 0.7752612816744203
497 0.9167889148969285
498 0.7339073407187078
499 0.8181598412072623
500 0.7036919011698534
501 0.6975924095765352
502 0.6162932944837962
503 0.8005580850954204
504 0.6003559489278764
505 0.7105353359072454
506 0.6881707110812973
507 0.7792171134642897
508 0.745585906599904
509 0.7114939478519101
510 0.576350411659399
511 0.6893485077664608
512 0.8812056633444676
513 0.8391534663340304
514 0.6980010071953161
515 0.9062658781965262
516 0.6178499332505403
517 0.5126131713961395
518 0.7528977833233544
519 0.7032505316718913
520 0.7990504764966682
521 0.6122405002810924
522 0.7683948933618961
523 0.6325525694608131
524 0.8724623658799542
525 0.8503481948585607
526 0.8576273631111487
527 0.6062236980407371
528 0.6480137920628057
529 0.8096495992361019
530 0.8421950066704071
531 0.7123389540049773
532 0.8299598217367063
533 0.6499168119820927
534 0.7701972806860515
535 0.5696979568758328
536 0.7802710525431783
537 0.6615718737083275
538 0.8834147855508327
539 0.7884460188635373
540 0.8492227509337696
541 0.6732190421167134
542 0.5996799263359428
543 0.6925650239890656
544 0.8246637425698632
545 0.7135802450884123
546 0.7828942029710021
547 0.5190507318784899
548 0.6227053555951753
549 0.8254251302091132
550 0.6948804202539974
551 0.7763846098846817
552 0.7959140576166711
553 0.5540401780027332
554 0.591902333037059
555 0.6428829556652556
556 0.8407321975318471
557 0.6789907085492233
558 0.8593853634453771
559 0.5497809124855778
560 0.7594073424016586
561 0.7553482256094733
562 0.5040311693931016
563 0.618638170997532
564 0.7052442933715316
565 0.547424704931574
566 0.6512733461901135
567 0.6374618000510526
568 0.7563110365560929
569 0.8290337150318995
570 0.7997621564452595
571 0.837342264733675
572 0.5292417646903367
573 0.5601879280923168
574 0.8291695286633662
575 0.5216376510450359
576 0.6842033088691761
577 0.6823852925011473
578 0.7106806928953181
579 0.637457821705655
580 0.7498568382806751
581 0.5593421570705223
582 0.6762521696983601
583 0.6785537355997474
584 0.8093919977055143
585 0.8317796029655803
586 0.6966184194733834
587 0.583566691508209
588 0.52596877160675
589 0.5512147227460982
590 0.8927145662511533
591 0.6077038146062874
592 0.6393223091600851
593 0.5908259403225955
594 0.6410803901604064
595 0.6519392484541965
596 0.5564529712212769
597 0.5019027702096335
598 0.7242161042878449
599 0.7873158608190984
600 0.6506899088824275
601 0.7522589191284658
602 0.7975516812676664
603 0.6464130672565378
604 0.582066916946765
605 0.7027415891871335
606 0.671703667258316
607 0.8048591882451899
608 0.7115336672982635
609 0.862715592276188
610 0.5599954011575005
611 0.5451655488585162
612 0.8532055579912268
613 0.5529670974947284
614 0.7082301353655636
615 0.8028833800075436
616 0.6750760904390763
617 0.7817019477213969
618 0.5007901259841221
619 0.8190854678180335
620 0.6390083528373106
621 0.5241426666303257
622 0.7592610781182402
623 0.5394422069795749
624 0.7942663602575206
625 0.7193053621420151
626 0.8083965417875753
627 0.7100233845810606
628 0.8157945995484865
629 0.8240578250305434
630 0.6684209342408227
631 0.8228875726650112
632 0.7733500279514444
633 0.5284137914108926
634 0.629410567898607
635 0.8477812410848002
636 0.6760798026951804
637 0.7744623447234047
638 0.6110918642475553
639 0.5088277493414298
640 0.821599016069464
641 0.8075866834711038
642 0.6404008930818997
643 0.8614082783839521
644 0.58916701546195
645 0.5098212703588727
646 0.8443096021171008
647 0.8102961359922825
648 0.522497294972758
649 0.7588883007000256
650 0.8212435749553488
651 0.7934834528133252
652 0.5635309151520732
653 0.619584366659924
654 0.5482196782220946
655 0.7532083029217745
656 0.5634401695478735
657 0.873750199768153
658 0.556996128355219
659 0.6314914512574713
660 0.8273113985655658
661 0.6873437076289425
662 0.7894951485702424
663 0.5840137270471687
664 0.6053608467082051
665 0.8438903806717238
666 0.7304876206740928
667 0.7890157366652469
668 0.6224880235923295
669 0.740886836169609
670 0.7409203020342902
671 0.556735579863907
672 0.6221430247076281
673 0.5026014547344951
674 0.7004529162970198
675 0.7596111948536668
676 0.5890632269503306
677 0.5629382979124635
678 0.7822408533586456
679 0.5686373257364925
680 0.8162584750645674
681 0.8171316070039993
682 0.85036263419927
683 0.5707035133257721
684 0.7366170154851625
685 0.7551618353263251
686 0.7967196969381148
687 0.6786484909011857
688 0.7843997578189216
689 0.6026286996405058
690 0.7489808025872505
691 0.7253610111594921
692 0.8192190543555457
693 0.583405260571733
694 0.6792760581298641
695 0.6793492882502047
696 0.7454677760018378
697 0.801710888690031
698 0.5645774858321968
699 0.6579392451001854
700 0.5874087958618323
701 0.7783681254561574
702 0.8702872523073506
703 0.8277440317221939
704 0.575262837185834
705 0.5515338328888575
706 0.5405865182030677
707 0.8651535940780282
708 0.6740192904857437
709 0.7368519798456596
710 0.752786379044511
711 0.8071067387910481
712 0.6728804752833747
713 0.758944755379055
714 0.50579149236504
715 0.8759542952176291
716 0.754421720203049
717 0.6692280264647474
718 0.7550425266491698
719 0.6292663273079993
720 0.7205098218628182
721 0.7886690530316071
