0 0.5970425138632163
1 0.5933456561922366
2 0.5933456561922366
3 0.5933456561922366
4 0.5933456561922366
5 0.5933456561922366
6 0.5933456561922366
7 0.5914972273567468
8 0.5914972273567468
9 0.5914972273567468
10 0.5933456561922366
11 0.600739371534196
12 0.600739371534196
13 0.6044362292051756
14 0.609981515711645
15 0.6081330868761553
16 0.6044362292051756
17 0.5988909426987061
18 0.5988909426987061
19 0.5988909426987061
20 0.5988909426987061
21 0.5988909426987061
22 0.5988909426987061
23 0.5988909426987061
24 0.5951940850277264
25 0.5951940850277264
26 0.600739371534196
27 0.5988909426987061
28 0.5970425138632163
29 0.5970425138632163
30 0.5988909426987061
31 0.5988909426987061
32 0.5988909426987061
33 0.5988909426987061
34 0.5951940850277264
35 0.5914972273567468
36 0.5878003696857671
37 0.589648798521257
38 0.5878003696857671
39 0.5878003696857671
40 0.5878003696857671
41 0.5914972273567468
42 0.5914972273567468
43 0.5914972273567468
44 0.589648798521257
45 0.5914972273567468
46 0.5933456561922366
47 0.5933456561922366
48 0.5970425138632163
49 0.5951940850277264
50 0.5970425138632163
51 0.5988909426987061
52 0.5970425138632163
53 0.5970425138632163
54 0.600739371534196
55 0.600739371534196
56 0.5951940850277264
57 0.5951940850277264
58 0.5914972273567468
59 0.5914972273567468
60 0.5914972273567468
61 0.5914972273567468
62 0.5933456561922366
63 0.5933456561922366
64 0.5914972273567468
65 0.589648798521257
66 0.5933456561922366
67 0.5822550831792976
68 0.5822550831792976
69 0.5914972273567468
70 0.5841035120147874
71 0.5914972273567468
72 0.5988909426987061
73 0.5988909426987061
74 0.5988909426987061
75 0.5970425138632163
76 0.5970425138632163
77 0.5988909426987061
78 0.6044362292051756
79 0.6044362292051756
80 0.6118299445471349
81 0.6118299445471349
82 0.609981515711645
83 0.6081330868761553
84 0.6081330868761553
85 0.6062846580406654
86 0.6062846580406654
87 0.5933456561922366
88 0.5841035120147874
89 0.5914972273567468
90 0.5914972273567468
91 0.5878003696857671
92 0.5878003696857671
93 0.5878003696857671
94 0.5841035120147874
95 0.5822550831792976
96 0.5822550831792976
97 0.5785582255083179
98 0.5767097966728281
99 0.5804066543438078
100 0.5785582255083179
101 0.5785582255083179
102 0.5785582255083179
103 0.5785582255083179
104 0.5878003696857671
105 0.5767097966728281
106 0.5767097966728281
107 0.5785582255083179
108 0.5711645101663586
109 0.5711645101663586
110 0.5711645101663586
111 0.5711645101663586
112 0.5674676524953789
113 0.5674676524953789
114 0.5674676524953789
115 0.5674676524953789
116 0.5674676524953789
117 0.5693160813308688
118 0.5674676524953789
119 0.5693160813308688
120 0.5767097966728281
121 0.5767097966728281
122 0.5730129390018485
123 0.5767097966728281
124 0.5785582255083179
125 0.5785582255083179
126 0.5785582255083179
127 0.5767097966728281
128 0.5785582255083179
129 0.5785582255083179
130 0.5804066543438078
131 0.5804066543438078
132 0.5822550831792976
133 0.5841035120147874
134 0.5841035120147874
135 0.5822550831792976
136 0.5841035120147874
137 0.5841035120147874
138 0.5859519408502772
139 0.5951940850277264
140 0.5951940850277264
141 0.5951940850277264
142 0.5951940850277264
143 0.5859519408502772
144 0.5767097966728281
145 0.5804066543438078
146 0.5785582255083179
147 0.5785582255083179
148 0.5804066543438078
149 0.5804066543438078
150 0.5804066543438078
151 0.5785582255083179
152 0.5785582255083179
153 0.5785582255083179
154 0.5785582255083179
155 0.5785582255083179
156 0.5804066543438078
157 0.5804066543438078
158 0.5785582255083179
159 0.5804066543438078
160 0.5804066543438078
161 0.5822550831792976
162 0.5804066543438078
163 0.5804066543438078
164 0.5804066543438078
165 0.5804066543438078
166 0.5804066543438078
167 0.5822550831792976
168 0.5804066543438078
169 0.5804066543438078
170 0.5804066543438078
171 0.5822550831792976
172 0.5804066543438078
173 0.5804066543438078
174 0.5785582255083179
175 0.5785582255083179
176 0.5767097966728281
177 0.5767097966728281
178 0.5767097966728281
179 0.5748613678373382
180 0.5748613678373382
181 0.5748613678373382
182 0.5767097966728281
183 0.5748613678373382
184 0.5859519408502772
185 0.5785582255083179
186 0.5785582255083179
187 0.5804066543438078
188 0.5748613678373382
189 0.5748613678373382
190 0.5748613678373382
191 0.5748613678373382
192 0.5656192236598891
193 0.5656192236598891
194 0.5656192236598891
195 0.5656192236598891
196 0.5730129390018485
197 0.5693160813308688
198 0.5693160813308688
199 0.5674676524953789
200 0.5656192236598891
201 0.5637707948243993
202 0.5656192236598891
203 0.5600739371534196
204 0.5582255083179297
205 0.5582255083179297
206 0.5582255083179297
207 0.5619223659889094
208 0.5637707948243993
209 0.5693160813308688
210 0.5637707948243993
211 0.5619223659889094
212 0.5600739371534196
213 0.5582255083179297
214 0.5545286506469501
215 0.5545286506469501
216 0.5600739371534196
217 0.5508317929759704
218 0.5508317929759704
219 0.5489833641404805
220 0.5452865064695009
221 0.5434380776340111
222 0.5434380776340111
223 0.5452865064695009
224 0.5489833641404805
225 0.5545286506469501
226 0.55637707948244
227 0.55637707948244
228 0.5600739371534196
229 0.5582255083179297
230 0.5600739371534196
231 0.55637707948244
232 0.5582255083179297
233 0.5600739371534196
234 0.5637707948243993
235 0.5637707948243993
236 0.5637707948243993
237 0.5637707948243993
238 0.5656192236598891
239 0.5674676524953789
240 0.5656192236598891
241 0.5674676524953789
242 0.5674676524953789
243 0.5656192236598891
244 0.5619223659889094
245 0.5748613678373382
246 0.5674676524953789
247 0.5674676524953789
248 0.5748613678373382
249 0.5748613678373382
250 0.5748613678373382
251 0.5748613678373382
252 0.5748613678373382
253 0.5674676524953789
254 0.5674676524953789
255 0.5656192236598891
256 0.5656192236598891
257 0.5656192236598891
258 0.5656192236598891
259 0.5656192236598891
260 0.5656192236598891
261 0.5656192236598891
262 0.5656192236598891
263 0.5656192236598891
264 0.5656192236598891
265 0.5656192236598891
266 0.5656192236598891
267 0.5656192236598891
268 0.5637707948243993
269 0.5637707948243993
270 0.5600739371534196
271 0.5619223659889094
272 0.5619223659889094
273 0.5619223659889094
274 0.5619223659889094
275 0.5619223659889094
276 0.5637707948243993
277 0.5637707948243993
278 0.5637707948243993
279 0.5637707948243993
280 0.5637707948243993
281 0.5674676524953789
282 0.5656192236598891
283 0.5656192236598891
284 0.5693160813308688
285 0.5711645101663586
286 0.5730129390018485
287 0.5730129390018485
288 0.5730129390018485
289 0.5674676524953789
290 0.5674676524953789
291 0.5674676524953789
292 0.5656192236598891
293 0.5656192236598891
294 0.5656192236598891
295 0.5656192236598891
296 0.5674676524953789
297 0.5674676524953789
298 0.5656192236598891
299 0.5656192236598891
300 0.55637707948244
301 0.5508317929759704
302 0.5508317929759704
303 0.5508317929759704
304 0.5508317929759704
305 0.5508317929759704
306 0.5545286506469501
307 0.5582255083179297
308 0.5656192236598891
309 0.5600739371534196
310 0.55637707948244
311 0.5545286506469501
312 0.5545286506469501
313 0.5545286506469501
314 0.5582255083179297
315 0.5600739371534196
316 0.5489833641404805
317 0.5471349353049908
318 0.5415896487985212
319 0.5452865064695009
320 0.5452865064695009
321 0.5526802218114603
322 0.5545286506469501
323 0.5526802218114603
324 0.5545286506469501
325 0.5545286506469501
326 0.5545286506469501
327 0.5508317929759704
328 0.5508317929759704
329 0.5489833641404805
330 0.5489833641404805
331 0.5452865064695009
332 0.5415896487985212
333 0.5415896487985212
334 0.5415896487985212
335 0.5434380776340111
336 0.5452865064695009
337 0.5452865064695009
338 0.5452865064695009
339 0.5452865064695009
340 0.5452865064695009
341 0.5452865064695009
342 0.5452865064695009
343 0.5471349353049908
344 0.5452865064695009
345 0.5434380776340111
346 0.5471349353049908
347 0.5471349353049908
348 0.5471349353049908
349 0.5471349353049908
350 0.5471349353049908
351 0.5508317929759704
352 0.5508317929759704
353 0.5471349353049908
354 0.5452865064695009
355 0.5452865064695009
356 0.5452865064695009
357 0.5471349353049908
358 0.5489833641404805
359 0.5526802218114603
360 0.5545286506469501
361 0.55637707948244
362 0.55637707948244
363 0.55637707948244
364 0.55637707948244
365 0.5656192236598891
366 0.5656192236598891
367 0.5674676524953789
368 0.5674676524953789
369 0.5693160813308688
370 0.5693160813308688
371 0.5637707948243993
372 0.5674676524953789
373 0.5656192236598891
374 0.5656192236598891
375 0.5656192236598891
376 0.5674676524953789
377 0.5508317929759704
378 0.5489833641404805
379 0.5489833641404805
380 0.5489833641404805
381 0.5471349353049908
382 0.5471349353049908
383 0.5637707948243993
384 0.5656192236598891
385 0.5619223659889094
386 0.5619223659889094
387 0.5619223659889094
388 0.5656192236598891
389 0.5637707948243993
390 0.5600739371534196
391 0.5600739371534196
392 0.5600739371534196
393 0.5600739371534196
394 0.5619223659889094
395 0.5619223659889094
396 0.5730129390018485
397 0.5711645101663586
398 0.5748613678373382
399 0.5748613678373382
400 0.5748613678373382
401 0.5767097966728281
402 0.5767097966728281
403 0.5637707948243993
404 0.5619223659889094
405 0.5693160813308688
406 0.5711645101663586
407 0.5711645101663586
408 0.5693160813308688
409 0.5582255083179297
410 0.55637707948244
411 0.5693160813308688
412 0.5711645101663586
413 0.5711645101663586
414 0.5656192236598891
415 0.5711645101663586
416 0.5693160813308688
417 0.5693160813308688
418 0.5693160813308688
419 0.5693160813308688
420 0.5693160813308688
421 0.5674676524953789
422 0.5711645101663586
423 0.5711645101663586
424 0.5656192236598891
425 0.5674676524953789
426 0.5656192236598891
427 0.5785582255083179
428 0.5804066543438078
429 0.5693160813308688
430 0.5637707948243993
431 0.5637707948243993
432 0.5619223659889094
433 0.5600739371534196
434 0.5582255083179297
435 0.55637707948244
436 0.5508317929759704
437 0.5637707948243993
438 0.5637707948243993
439 0.5656192236598891
440 0.5637707948243993
441 0.5637707948243993
442 0.5637707948243993
443 0.5600739371534196
444 0.5637707948243993
445 0.5545286506469501
446 0.55637707948244
447 0.55637707948244
448 0.55637707948244
449 0.55637707948244
450 0.55637707948244
451 0.55637707948244
452 0.5600739371534196
453 0.5600739371534196
454 0.5582255083179297
455 0.55637707948244
456 0.5545286506469501
457 0.5545286506469501
458 0.55637707948244
459 0.5545286506469501
460 0.5600739371534196
461 0.5452865064695009
462 0.5471349353049908
463 0.5471349353049908
464 0.5452865064695009
465 0.5434380776340111
466 0.5471349353049908
467 0.5452865064695009
468 0.5452865064695009
469 0.5452865064695009
470 0.5434380776340111
471 0.5452865064695009
472 0.5452865064695009
473 0.5415896487985212
474 0.5434380776340111
475 0.5415896487985212
476 0.5415896487985212
477 0.5415896487985212
478 0.5397412199630314
479 0.5434380776340111
480 0.5526802218114603
481 0.5526802218114603
482 0.5508317929759704
483 0.5508317929759704
484 0.5489833641404805
485 0.5489833641404805
486 0.5452865064695009
487 0.5471349353049908
488 0.5452865064695009
489 0.5471349353049908
490 0.5452865064695009
491 0.5489833641404805
492 0.5471349353049908
493 0.5637707948243993
494 0.5471349353049908
495 0.5452865064695009
496 0.5434380776340111
497 0.5471349353049908
498 0.5434380776340111
499 0.5471349353049908
500 0.5452865064695009
501 0.5545286506469501
502 0.55637707948244
503 0.5619223659889094
504 0.5619223659889094
505 0.5508317929759704
506 0.5489833641404805
507 0.5619223659889094
508 0.5619223659889094
509 0.5582255083179297
510 0.5600739371534196
511 0.5582255083179297
512 0.5600739371534196
513 0.5489833641404805
514 0.5452865064695009
515 0.5452865064695009
516 0.5508317929759704
517 0.5489833641404805
518 0.5508317929759704
519 0.5489833641404805
520 0.5452865064695009
521 0.5434380776340111
522 0.5452865064695009
523 0.5452865064695009
524 0.5508317929759704
525 0.5471349353049908
526 0.5508317929759704
527 0.5508317929759704
528 0.5452865064695009
529 0.5526802218114603
530 0.5545286506469501
531 0.55637707948244
532 0.5545286506469501
533 0.5582255083179297
534 0.5600739371534196
535 0.5526802218114603
536 0.55637707948244
537 0.5526802218114603
538 0.5526802218114603
539 0.5656192236598891
540 0.5656192236598891
541 0.5730129390018485
542 0.5637707948243993
543 0.5619223659889094
544 0.5600739371534196
545 0.5619223659889094
546 0.5637707948243993
547 0.5637707948243993
548 0.5693160813308688
549 0.5693160813308688
550 0.5711645101663586
551 0.5711645101663586
552 0.5656192236598891
553 0.5582255083179297
554 0.55637707948244
555 0.55637707948244
556 0.5545286506469501
557 0.55637707948244
558 0.5619223659889094
559 0.5619223659889094
560 0.5508317929759704
561 0.5489833641404805
562 0.55637707948244
563 0.5526802218114603
564 0.5545286506469501
565 0.55637707948244
566 0.55637707948244
567 0.55637707948244
568 0.55637707948244
569 0.5545286506469501
570 0.5526802218114603
571 0.5508317929759704
572 0.5508317929759704
573 0.5526802218114603
574 0.5526802218114603
575 0.5526802218114603
576 0.5526802218114603
577 0.5526802218114603
578 0.5341959334565619
579 0.5378927911275416
580 0.5341959334565619
581 0.532347504621072
582 0.532347504621072
583 0.532347504621072
584 0.5415896487985212
585 0.5489833641404805
586 0.5545286506469501
587 0.5526802218114603
588 0.5545286506469501
589 0.5526802218114603
590 0.5545286506469501
591 0.5545286506469501
592 0.5619223659889094
593 0.5619223659889094
594 0.5545286506469501
595 0.5545286506469501
596 0.5489833641404805
597 0.5489833641404805
598 0.5508317929759704
599 0.55637707948244
600 0.55637707948244
601 0.55637707948244
602 0.5600739371534196
603 0.5582255083179297
604 0.5600739371534196
605 0.5619223659889094
606 0.5619223659889094
607 0.5600739371534196
608 0.5656192236598891
609 0.5600739371534196
610 0.5600739371534196
611 0.5637707948243993
612 0.5637707948243993
613 0.5619223659889094
614 0.5619223659889094
615 0.5619223659889094
616 0.5619223659889094
617 0.5545286506469501
618 0.5526802218114603
619 0.5526802218114603
620 0.5526802218114603
621 0.5526802218114603
622 0.5526802218114603
623 0.5545286506469501
624 0.5545286506469501
625 0.5545286506469501
626 0.55637707948244
627 0.5526802218114603
628 0.5582255083179297
629 0.5545286506469501
630 0.5545286506469501
631 0.5545286506469501
632 0.5526802218114603
633 0.5545286506469501
634 0.5489833641404805
635 0.5415896487985212
636 0.5415896487985212
637 0.5397412199630314
638 0.5397412199630314
639 0.5397412199630314
640 0.5397412199630314
641 0.5397412199630314
642 0.5378927911275416
643 0.5434380776340111
644 0.5434380776340111
645 0.5397412199630314
646 0.5415896487985212
647 0.5434380776340111
648 0.5452865064695009
649 0.5452865064695009
650 0.5286506469500925
651 0.5286506469500925
652 0.5341959334565619
653 0.5341959334565619
654 0.5341959334565619
655 0.5360443622920518
656 0.532347504621072
657 0.5341959334565619
658 0.532347504621072
659 0.5341959334565619
660 0.5304990757855823
661 0.5341959334565619
662 0.532347504621072
663 0.5286506469500925
664 0.5268022181146026
665 0.5268022181146026
666 0.5268022181146026
667 0.5286506469500925
668 0.5231053604436229
669 0.5268022181146026
670 0.5268022181146026
671 0.5249537892791127
672 0.5249537892791127
673 0.5268022181146026
674 0.5268022181146026
675 0.5249537892791127
676 0.5268022181146026
677 0.5268022181146026
678 0.5304990757855823
679 0.5268022181146026
680 0.5304990757855823
681 0.5304990757855823
682 0.5286506469500925
683 0.5268022181146026
684 0.5286506469500925
685 0.5619223659889094
686 0.5637707948243993
687 0.5637707948243993
688 0.5619223659889094
689 0.5582255083179297
690 0.5582255083179297
691 0.5637707948243993
692 0.55637707948244
693 0.5582255083179297
694 0.5582255083179297
695 0.5637707948243993
696 0.5600739371534196
697 0.5600739371534196
698 0.5600739371534196
699 0.5637707948243993
700 0.5637707948243993
701 0.5656192236598891
702 0.5656192236598891
703 0.5656192236598891
704 0.5730129390018485
705 0.5730129390018485
706 0.5711645101663586
707 0.5748613678373382
708 0.5711645101663586
709 0.5711645101663586
710 0.5730129390018485
711 0.5841035120147874
712 0.5841035120147874
713 0.5748613678373382
714 0.5748613678373382
715 0.5748613678373382
716 0.5730129390018485
717 0.5545286506469501
718 0.5526802218114603
719 0.5526802218114603
720 0.5545286506469501
721 0.532347504621072
