0 0.763187825679779
1 0.6771502494812012
2 0.7414644956588745
3 0.6962855458259583
4 0.5433956384658813
5 0.632023811340332
6 0.5075473189353943
7 0.608553946018219
8 0.5027664303779602
9 0.5539305806159973
10 0.5925065875053406
11 0.5565459728240967
12 0.5711685419082642
13 0.6967142224311829
14 0.7160717844963074
15 0.6002100110054016
16 0.6526980400085449
17 0.6134654879570007
18 0.555574357509613
19 0.5042876601219177
20 0.6475886702537537
21 0.7445324063301086
22 0.5426890850067139
23 0.6037582159042358
24 0.5299527049064636
25 0.5338842868804932
26 0.5873153209686279
27 0.7236945033073425
28 0.7974836230278015
29 0.5732755661010742
30 0.6765015721321106
31 0.5551296472549438
32 0.5574564337730408
33 0.585350751876831
34 0.5057368278503418
35 0.5597847700119019
36 0.81207674741745
37 0.5662491321563721
38 0.6220929622650146
39 0.5041335225105286
40 0.7096400856971741
41 0.561988353729248
42 0.5962871313095093
43 0.5704353451728821
44 0.7677016258239746
45 0.6193035840988159
46 0.5217485427856445
47 0.5455644130706787
48 0.6491937637329102
49 0.8595214486122131
50 0.8383671641349792
51 0.609826922416687
52 0.5291169285774231
53 0.6214753985404968
54 0.5897938013076782
55 0.5997834205627441
56 0.7040765881538391
57 0.5851816534996033
58 0.675884485244751
59 0.7678365111351013
60 0.6723615527153015
61 0.7404701113700867
62 0.5369642376899719
63 0.6409579515457153
64 0.6252414584159851
65 0.7519205212593079
66 0.8410701155662537
67 0.8374438285827637
68 0.5068094730377197
69 0.5240442752838135
70 0.5734943151473999
71 0.7063866257667542
72 0.715712308883667
73 0.5030568838119507
74 0.7993068099021912
75 0.516333281993866
76 0.6705272197723389
77 0.7106233835220337
78 0.7725960612297058
79 0.6568566560745239
80 0.6691394448280334
81 0.5136534571647644
82 0.7866576313972473
83 0.8171207904815674
84 0.6863126754760742
85 0.5252853035926819
86 0.6548385620117188
87 0.796313464641571
88 0.825395941734314
89 0.6974810361862183
90 0.5239381194114685
91 0.6846337914466858
92 0.5735684633255005
93 0.520255982875824
94 0.7448740601539612
95 0.5719470381736755
96 0.7669044733047485
97 0.5198566913604736
98 0.5479597449302673
99 0.759057879447937
100 0.6992530226707458
101 0.6848576664924622
102 0.6956087946891785
103 0.5253588557243347
104 0.6526790261268616
105 0.7943663001060486
106 0.7238020300865173
107 0.7149801850318909
108 0.6662291884422302
109 0.719689667224884
110 0.8367971777915955
111 0.5991725921630859
112 0.6564508080482483
113 0.6635406017303467
114 0.7214187383651733
115 0.566620945930481
116 0.5789971351623535
117 0.582223117351532
118 0.8503233194351196
119 0.780338704586029
120 0.566918134689331
121 0.8039061427116394
122 0.6530901789665222
123 0.81618332862854
124 0.6236053109169006
125 0.6412906646728516
126 0.7613673806190491
127 0.611961305141449
128 0.6787515878677368
129 0.6430043578147888
130 0.5254974961280823
131 0.5792655944824219
132 0.7671826481819153
133 0.7062134742736816
134 0.6474395990371704
135 0.7331773638725281
136 0.6157491207122803
137 0.7309143543243408
138 0.5230610966682434
139 0.6797682046890259
140 0.7841386795043945
141 0.6430043578147888
142 0.7876828908920288
143 0.5810014009475708
144 0.8410757184028625
145 0.5886465907096863
146 0.7770203948020935
147 0.664472222328186
148 0.7740516066551208
149 0.6146498322486877
150 0.6056684255599976
151 0.801174521446228
152 0.5884726643562317
153 0.6299195885658264
154 0.5865030884742737
155 0.5344153642654419
156 0.8193284869194031
157 0.8318732380867004
158 0.8430507779121399
159 0.8177423477172852
160 0.5430866479873657
161 0.7963837385177612
162 0.6927248239517212
163 0.502128005027771
164 0.5077376961708069
165 0.6330409049987793
166 0.7514357566833496
167 0.7313815951347351
168 0.5049957633018494
169 0.7141596674919128
170 0.8679084181785583
171 0.6878153085708618
172 0.6963093876838684
173 0.5974920392036438
174 0.6831215023994446
175 0.5113610625267029
176 0.6551072597503662
177 0.810026228427887
178 0.5216284394264221
179 0.8302859663963318
180 0.554725706577301
181 0.7612568140029907
182 0.517399787902832
183 0.6819562911987305
184 0.5516514778137207
185 0.7502308487892151
186 0.5783429145812988
187 0.857407808303833
188 0.652485728263855
189 0.5768775343894958
190 0.8625137805938721
191 0.6050969362258911
192 0.777644157409668
193 0.8546834588050842
194 0.7515090107917786
195 0.7389849424362183
196 0.5031816959381104
197 0.5000989437103271
198 0.638282835483551
199 0.5314357876777649
200 0.7067359089851379
201 0.5912049412727356
202 0.5009605884552002
203 0.7506936192512512
204 0.7097711563110352
205 0.5080958604812622
206 0.7752184867858887
207 0.7876965999603271
208 0.5180741548538208
209 0.6994298696517944
210 0.6049833297729492
211 0.8146237730979919
212 0.5067344903945923
213 0.7489546537399292
214 0.7305641770362854
215 0.8479940295219421
216 0.5747671127319336
217 0.6027365922927856
218 0.6895771026611328
219 0.5743115544319153
220 0.5824666023254395
221 0.7080658674240112
222 0.5042876601219177
223 0.517980694770813
224 0.6759884357452393
225 0.6887509226799011
226 0.8209111094474792
227 0.5447317957878113
228 0.6114205718040466
229 0.6550039649009705
230 0.5180475115776062
231 0.583328366279602
232 0.637549638748169
233 0.541706383228302
234 0.8015185594558716
235 0.6134573817253113
236 0.8270715475082397
237 0.7515928149223328
238 0.8118202090263367
239 0.5336929559707642
240 0.627641499042511
241 0.7185064554214478
242 0.6374885439872742
243 0.6369182467460632
244 0.5903732180595398
245 0.7313411235809326
246 0.6581021547317505
247 0.5211831331253052
248 0.765308678150177
249 0.624984085559845
250 0.5702977180480957
251 0.8091298937797546
252 0.5517039895057678
253 0.6198532581329346
254 0.5110914707183838
255 0.6883561015129089
256 0.7975552678108215
257 0.8010088205337524
258 0.6192530989646912
259 0.6151963472366333
260 0.8511776924133301
261 0.5002309679985046
262 0.5680303573608398
263 0.8064684271812439
264 0.6113245487213135
265 0.6308894753456116
266 0.5503808259963989
267 0.8261533379554749
268 0.6496233344078064
269 0.5990334153175354
270 0.50787752866745
271 0.5138426423072815
272 0.6067569851875305
273 0.6034461259841919
274 0.6756395697593689
275 0.5206576585769653
276 0.5467894673347473
277 0.5519731640815735
278 0.6190448999404907
279 0.8215413689613342
280 0.5281681418418884
281 0.7324707508087158
282 0.8200508952140808
283 0.6349689364433289
284 0.6749637126922607
285 0.6558244228363037
286 0.5265923142433167
287 0.8338534832000732
288 0.7379558086395264
289 0.6549134254455566
290 0.5448469519615173
291 0.5725410580635071
292 0.6538939476013184
293 0.6543684005737305
294 0.6878063082695007
295 0.5042170882225037
296 0.8425117135047913
297 0.644477903842926
298 0.8081830739974976
299 0.8612493276596069
300 0.5181148648262024
301 0.5235138535499573
302 0.7418369650840759
303 0.5245599150657654
304 0.5800638198852539
305 0.7489922642707825
306 0.7144360542297363
307 0.5040732026100159
308 0.6210530400276184
309 0.5403205156326294
310 0.7851500511169434
311 0.6017284393310547
312 0.5846195816993713
313 0.7547814846038818
314 0.5912281274795532
315 0.6437829732894897
316 0.6631391644477844
317 0.5085615515708923
318 0.6680172085762024
319 0.501388669013977
320 0.622532844543457
321 0.5466503500938416
322 0.6757470965385437
323 0.5853610038757324
324 0.7192476391792297
325 0.5705518126487732
326 0.6162447333335876
327 0.5710384845733643
328 0.6892482042312622
329 0.6090795397758484
330 0.8172824382781982
331 0.7372542023658752
332 0.5366765856742859
333 0.8235889077186584
334 0.5892676711082458
335 0.6400134563446045
336 0.6215881109237671
337 0.8047921061515808
338 0.5896285176277161
339 0.6737995743751526
340 0.8440967202186584
341 0.8015164732933044
342 0.8197986483573914
343 0.6769847273826599
344 0.6060247421264648
345 0.656470775604248
346 0.6031796932220459
347 0.6205310821533203
348 0.8400107622146606
349 0.8439015746116638
350 0.6122583746910095
351 0.5283371210098267
352 0.5602971315383911
353 0.6663249731063843
354 0.501277506351471
355 0.6313372254371643
356 0.5570908784866333
357 0.6972151398658752
358 0.6066954135894775
359 0.5348020195960999
360 0.5568267107009888
361 0.6556504368782043
362 0.8244647979736328
363 0.5714556574821472
364 0.6357247233390808
365 0.6309320330619812
366 0.7900890111923218
367 0.630306601524353
368 0.7296122312545776
369 0.7779468894004822
370 0.6545282602310181
371 0.5659596920013428
372 0.5237444043159485
373 0.7051196694374084
374 0.5885856747627258
375 0.7001018524169922
376 0.6640498042106628
377 0.6529080271720886
378 0.6593605875968933
379 0.6367342472076416
380 0.569102942943573
381 0.6801207065582275
382 0.6819010376930237
383 0.6049485206604004
384 0.7192753553390503
385 0.6475494503974915
386 0.6414052248001099
387 0.5574187636375427
388 0.8191128373146057
389 0.6823058724403381
390 0.8865329623222351
391 0.5486844182014465
392 0.6019258499145508
393 0.7481549978256226
394 0.7591950297355652
395 0.7500902414321899
396 0.540863037109375
397 0.7506439089775085
398 0.503088116645813
399 0.5946066975593567
400 0.8329933881759644
401 0.5290316343307495
402 0.7510532736778259
403 0.7326570153236389
404 0.6735072731971741
405 0.5405614376068115
406 0.5042557716369629
407 0.5063058137893677
408 0.6537447571754456
409 0.779402494430542
410 0.6873719692230225
411 0.8534626960754395
412 0.6464033722877502
413 0.5417546629905701
414 0.5741610527038574
415 0.5813510417938232
416 0.5169293284416199
417 0.6465337872505188
418 0.6683335304260254
419 0.6068219542503357
420 0.681125283241272
421 0.7956041693687439
422 0.6706624031066895
423 0.5621310472488403
424 0.7688845992088318
425 0.678156852722168
426 0.7214090824127197
427 0.6345553398132324
428 0.7100128531455994
429 0.722838819026947
430 0.6832616925239563
431 0.647475004196167
432 0.5750573873519897
433 0.5146317481994629
434 0.7401278018951416
435 0.5782182216644287
436 0.6409768462181091
437 0.5124309659004211
438 0.7552893161773682
439 0.7451311945915222
440 0.7154994010925293
441 0.7864527106285095
442 0.561750054359436
443 0.8138741254806519
444 0.533133327960968
445 0.5754544734954834
446 0.6404523849487305
447 0.640911340713501
448 0.7914010882377625
449 0.7708352208137512
450 0.599615752696991
451 0.5757519602775574
452 0.7499377131462097
453 0.5360558032989502
454 0.7105013728141785
455 0.6990488171577454
456 0.7080840468406677
457 0.5353780388832092
458 0.5938405394554138
459 0.6496518850326538
460 0.6870734691619873
461 0.5276384353637695
462 0.6277848482131958
463 0.571520209312439
464 0.6192947626113892
465 0.7164449691772461
466 0.6497536301612854
467 0.6356855034828186
468 0.5261453986167908
469 0.6982327103614807
470 0.6375505924224854
471 0.610951840877533
472 0.6910502910614014
473 0.733940601348877
474 0.780226469039917
475 0.5547356009483337
476 0.6530528664588928
477 0.610977828502655
478 0.6622121334075928
479 0.5302661657333374
480 0.5401463508605957
481 0.5258195996284485
482 0.5041940808296204
483 0.5429373383522034
484 0.5773144960403442
485 0.7911624312400818
486 0.7930099964141846
487 0.6280033588409424
488 0.5145998597145081
489 0.779269278049469
490 0.7027627825737
491 0.5218684077262878
492 0.7967777848243713
493 0.6362178325653076
494 0.5118576288223267
495 0.7409386038780212
496 0.704887866973877
497 0.6101694703102112
498 0.6155290007591248
499 0.7672005295753479
500 0.8101271986961365
501 0.7165542244911194
502 0.6303542852401733
503 0.8073959350585938
504 0.6714772582054138
505 0.625816822052002
506 0.526564359664917
507 0.5985024571418762
508 0.8130740523338318
509 0.7010974884033203
510 0.756914496421814
511 0.5240442752838135
512 0.535106897354126
513 0.7671266794204712
514 0.6975461840629578
515 0.8458724021911621
516 0.8642284870147705
517 0.8060312867164612
518 0.8086106181144714
519 0.5595564842224121
520 0.5151193737983704
521 0.6049266457557678
522 0.7950090765953064
523 0.6409244537353516
524 0.6169538497924805
525 0.7058620452880859
526 0.5886136889457703
527 0.7703621983528137
528 0.5763033628463745
529 0.7852641940116882
530 0.8286901116371155
531 0.6146827936172485
532 0.6819095015525818
533 0.7508276104927063
534 0.6924523711204529
535 0.5063146948814392
536 0.51377934217453
537 0.8409315943717957
538 0.545243501663208
539 0.8409472703933716
540 0.6478309035301208
541 0.7733214497566223
542 0.6399570107460022
543 0.6362885236740112
544 0.5167533755302429
545 0.6043316721916199
546 0.6744323372840881
547 0.7435977458953857
548 0.7269068956375122
549 0.8201635479927063
550 0.8300837278366089
551 0.6659690141677856
552 0.7282221913337708
553 0.7390942573547363
554 0.5208127498626709
555 0.8012788891792297
556 0.5379500389099121
557 0.7068306803703308
558 0.7220803499221802
559 0.7719459533691406
560 0.6863431930541992
561 0.8720190525054932
562 0.8104473352432251
563 0.7007644176483154
564 0.7020981907844543
565 0.6771482825279236
566 0.713438093662262
567 0.6017532348632812
568 0.7683794498443604
569 0.6714370250701904
570 0.5105951428413391
571 0.8142901062965393
572 0.504806399345398
573 0.8211506605148315
574 0.7521772384643555
575 0.5088241696357727
576 0.7254816293716431
577 0.8425456881523132
578 0.6692692041397095
579 0.7568320631980896
580 0.5082909464836121
581 0.6556112766265869
582 0.5705189108848572
583 0.6218074560165405
584 0.7332949042320251
585 0.8045756816864014
586 0.6607359647750854
587 0.703061580657959
588 0.5407959818840027
589 0.6771754026412964
590 0.8129390478134155
591 0.623560905456543
592 0.685947835445404
593 0.5773000121116638
594 0.6317781209945679
595 0.6076729893684387
596 0.5687858462333679
597 0.605205774307251
598 0.7988346219062805
599 0.5775672197341919
600 0.6571728587150574
601 0.6828305125236511
602 0.5933114886283875
603 0.5942016243934631
604 0.6731004118919373
605 0.6083556413650513
606 0.5948336720466614
607 0.5473809242248535
608 0.8317593336105347
609 0.5835297703742981
610 0.5530218482017517
611 0.6727301478385925
612 0.885665774345398
613 0.8481258153915405
614 0.6834993362426758
615 0.8411930203437805
616 0.8289754986763
617 0.6917770504951477
618 0.5171167254447937
619 0.8152820467948914
620 0.5203675627708435
621 0.539349377155304
622 0.8045307397842407
623 0.7004348039627075
624 0.6247948408126831
625 0.5403856039047241
626 0.6292670369148254
627 0.512015700340271
628 0.7621170878410339
629 0.7034435868263245
630 0.6844098567962646
631 0.698822021484375
632 0.8027441501617432
633 0.6622993350028992
634 0.6408907175064087
635 0.7084830403327942
636 0.5340625643730164
637 0.5904828906059265
638 0.6175731420516968
639 0.5432581305503845
640 0.6405873894691467
641 0.5641590356826782
642 0.5102177262306213
643 0.557689368724823
644 0.776221752166748
645 0.8528487086296082
646 0.5995478630065918
647 0.6331433653831482
648 0.5175925493240356
649 0.5119196176528931
650 0.7382876873016357
651 0.6359792947769165
652 0.7047228217124939
653 0.5291500687599182
654 0.7985487580299377
655 0.6675543785095215
656 0.5353280901908875
657 0.7871132493019104
658 0.6276015639305115
659 0.5101608037948608
660 0.7209434509277344
661 0.5341520309448242
662 0.8381284475326538
663 0.8245272040367126
664 0.7046420574188232
665 0.6897435188293457
666 0.5103638768196106
667 0.8345232605934143
668 0.5065017938613892
669 0.5917432904243469
670 0.6492363810539246
671 0.5761833190917969
672 0.5467422008514404
673 0.521798849105835
674 0.6792538166046143
675 0.6534966230392456
676 0.7855632901191711
677 0.6091068983078003
678 0.5300759077072144
679 0.6088770627975464
680 0.5696717500686646
681 0.6667945384979248
682 0.8128502368927002
683 0.5941694974899292
684 0.8742491006851196
685 0.5048061609268188
686 0.7291266322135925
687 0.6225377917289734
688 0.5105472803115845
689 0.5084472298622131
690 0.6109932661056519
691 0.6969518065452576
692 0.5969303846359253
693 0.7450573444366455
694 0.6591799259185791
695 0.6548525094985962
696 0.567347526550293
697 0.6298984289169312
698 0.521367609500885
699 0.5268329977989197
700 0.7458231449127197
701 0.5172743201255798
702 0.6214409470558167
703 0.6888631582260132
704 0.7892882823944092
705 0.8460644483566284
706 0.7681830525398254
707 0.7658365964889526
708 0.8029424548149109
709 0.504230797290802
710 0.6403300762176514
711 0.6613186597824097
712 0.8689172267913818
713 0.5635643601417542
714 0.5371014475822449
715 0.634375274181366
716 0.5519668459892273
717 0.8527659773826599
718 0.5846073627471924
719 0.6979864835739136
720 0.5381479859352112
721 0.8336227536201477
722 0.6039115190505981
723 0.5624205470085144
724 0.8108845353126526
725 0.7020578980445862
726 0.5149171352386475
727 0.5116344690322876
728 0.5470372438430786
729 0.5599708557128906
730 0.7560766339302063
731 0.6312916278839111
732 0.5632511973381042
733 0.7472016215324402
734 0.5922494530677795
735 0.7928403615951538
736 0.5546589493751526
737 0.8478832244873047
738 0.73612380027771
739 0.7895634770393372
740 0.5418362021446228
741 0.593921422958374
742 0.5902456045150757
743 0.6839316487312317
744 0.6868748664855957
745 0.8149842619895935
746 0.5730119347572327
747 0.5665012001991272
748 0.5051000118255615
749 0.5046340227127075
750 0.5368245244026184
751 0.6289072036743164
752 0.7445842027664185
753 0.5145186185836792
754 0.505438506603241
755 0.5300020575523376
756 0.615617573261261
757 0.759127676486969
758 0.6365731358528137
759 0.8436412215232849
760 0.6039959192276001
761 0.8556920886039734
762 0.5084209442138672
763 0.800262987613678
764 0.7902712225914001
765 0.6931508183479309
766 0.7749009132385254
767 0.6642687916755676
768 0.6609991192817688
769 0.8002461194992065
770 0.5090330839157104
771 0.6336114406585693
772 0.6493292450904846
773 0.5623771548271179
774 0.6721660494804382
775 0.697198748588562
776 0.6726279258728027
777 0.8502289652824402
778 0.5100874304771423
779 0.6103112697601318
780 0.7394343614578247
781 0.5923739075660706
782 0.5341508388519287
783 0.5302141308784485
784 0.6742357015609741
785 0.8084945678710938
786 0.6758671998977661
787 0.831906795501709
788 0.8483332991600037
789 0.7421330809593201
790 0.8190222978591919
791 0.6081671118736267
792 0.5312597155570984
793 0.5911455750465393
794 0.5696074366569519
795 0.6366854906082153
796 0.5840820074081421
797 0.5924702286720276
798 0.7899764180183411
799 0.6580216884613037
800 0.794818103313446
801 0.7053042650222778
802 0.6816366314888
803 0.77357417345047
804 0.5851662755012512
805 0.6571609377861023
806 0.5054341554641724
807 0.7501718997955322
808 0.5799543261528015
809 0.6525896787643433
810 0.7114765048027039
811 0.7235780954360962
812 0.6044103503227234
813 0.6604861617088318
814 0.6695812940597534
815 0.5063124299049377
816 0.5974622368812561
817 0.5617809295654297
818 0.6537311673164368
819 0.5995478630065918
820 0.6965552568435669
821 0.5062539577484131
822 0.6025422811508179
823 0.5799010992050171
824 0.7596734166145325
825 0.7094034552574158
826 0.8003312349319458
827 0.5241074562072754
828 0.5180152058601379
829 0.5924146771430969
830 0.7630585432052612
831 0.6069719791412354
832 0.5433724522590637
833 0.6259760856628418
834 0.5781117677688599
835 0.6602686047554016
836 0.537872314453125
837 0.5297518372535706
838 0.5387740731239319
839 0.6890119910240173
840 0.8538773655891418
841 0.5200232267379761
842 0.5267377495765686
843 0.6536939740180969
844 0.6927646398544312
845 0.8126710653305054
846 0.8382969498634338
847 0.6744159460067749
848 0.6035153865814209
849 0.5414348840713501
850 0.6741014122962952
851 0.5047128796577454
852 0.7496585249900818
853 0.6466039419174194
854 0.513475239276886
855 0.7023506164550781
856 0.5406693816184998
857 0.5691983103752136
858 0.5031676292419434
859 0.6757710576057434
860 0.6159614324569702
861 0.7740516066551208
862 0.5265009999275208
863 0.6528286933898926
864 0.6175894141197205
865 0.7957620024681091
866 0.5550410151481628
867 0.5850162506103516
868 0.6978112459182739
869 0.6684027314186096
870 0.5267337560653687
871 0.6258886456489563
872 0.6291959881782532
873 0.7161325812339783
874 0.8395876884460449
875 0.5601495504379272
876 0.6740831732749939
877 0.6489425897598267
878 0.7057895064353943
879 0.8573086261749268
880 0.5266331434249878
881 0.5152541399002075
882 0.7979074120521545
883 0.6898210048675537
884 0.7831806540489197
885 0.7522959113121033
886 0.6185662746429443
887 0.5986100435256958
888 0.7454814314842224
889 0.8058391809463501
890 0.6694953441619873
891 0.5447317957878113
892 0.5848433375358582
893 0.6026518940925598
894 0.7198659181594849
895 0.6579469442367554
896 0.5050636529922485
897 0.8006694912910461
898 0.7533725500106812
899 0.5905508995056152
900 0.8345828056335449
901 0.7653621435165405
902 0.5114120841026306
903 0.8320945501327515
904 0.800737202167511
905 0.6443467140197754
906 0.7577459216117859
907 0.5640958547592163
908 0.5487268567085266
909 0.6187762022018433
910 0.7083404660224915
911 0.53399258852005
912 0.5286616086959839
913 0.5839748978614807
914 0.508800208568573
915 0.5683678984642029
916 0.5930086374282837
917 0.6633572578430176
918 0.5930516123771667
919 0.5487011671066284
920 0.7164435386657715
921 0.8233290314674377
922 0.8081218600273132
923 0.602591872215271
924 0.7993992567062378
925 0.5777698159217834
926 0.6281258463859558
927 0.7990098595619202
928 0.5727925300598145
929 0.6578248143196106
930 0.6935248970985413
931 0.6100826263427734
932 0.5578764081001282
933 0.7418369650840759
934 0.8510853052139282
935 0.6393852829933167
936 0.5718920826911926
937 0.613402783870697
938 0.6061312556266785
939 0.6056784391403198
940 0.6901576519012451
941 0.8085250854492188
942 0.5917471647262573
943 0.6337525844573975
944 0.5970538258552551
945 0.5858389735221863
946 0.7385475635528564
947 0.7007707357406616
948 0.8160298466682434
949 0.5435916185379028
950 0.5121587514877319
951 0.5359294414520264
952 0.6510971188545227
953 0.8069638013839722
954 0.5761094093322754
955 0.597867488861084
956 0.5985511541366577
957 0.73184734582901
958 0.569463312625885
959 0.6800039410591125
960 0.6781973242759705
961 0.8154826164245605
962 0.6554591655731201
963 0.5700107216835022
964 0.5337646007537842
965 0.6152318716049194
966 0.5261512398719788
967 0.5131232142448425
968 0.6772738695144653
969 0.7578772306442261
970 0.7323469519615173
971 0.6133431196212769
972 0.7549977898597717
973 0.5312137603759766
974 0.5812931656837463
975 0.5352449417114258
976 0.562595009803772
977 0.531446099281311
978 0.5996471047401428
979 0.5740529894828796
980 0.7918763160705566
981 0.8513333201408386
982 0.5791566967964172
983 0.6971228718757629
984 0.5365247130393982
985 0.5091371536254883
986 0.8507712483406067
987 0.6945357322692871
988 0.8542055487632751
989 0.7130640149116516
990 0.646862268447876
991 0.5135599970817566
992 0.6804025173187256
993 0.5366734266281128
994 0.7099987268447876
995 0.5268617272377014
996 0.8065958619117737
997 0.8230201601982117
998 0.5048125386238098
999 0.8057463765144348
1000 0.5356673002243042
1001 0.8300837278366089
1002 0.5804014801979065
1003 0.6974399089813232
1004 0.5689365267753601
1005 0.514059841632843
1006 0.5990837812423706
1007 0.5551919341087341
1008 0.5791796445846558
1009 0.5313301682472229
1010 0.5940167903900146
1011 0.6244176626205444
1012 0.7005378007888794
1013 0.7273070216178894
1014 0.629956841468811
1015 0.6819934248924255
1016 0.7024189829826355
1017 0.6170423030853271
1018 0.6988037824630737
1019 0.8062857389450073
1020 0.6528347730636597
1021 0.6205797791481018
1022 0.5539248585700989
1023 0.6614242792129517
1024 0.5970116853713989
1025 0.7857577204704285
1026 0.6648155450820923
1027 0.6019663214683533
1028 0.5101941227912903
1029 0.6241766810417175
1030 0.6911466121673584
1031 0.5199029445648193
1032 0.5657793879508972
1033 0.5582051873207092
1034 0.8018849492073059
1035 0.709021270275116
1036 0.5821128487586975
1037 0.5391295552253723
1038 0.679410994052887
1039 0.6527830362319946
1040 0.6717966198921204
1041 0.5108559727668762
1042 0.7910522818565369
1043 0.6189456582069397
1044 0.5059363842010498
1045 0.5082827806472778
1046 0.8023700714111328
1047 0.7361955642700195
1048 0.7923280000686646
1049 0.7663472890853882
1050 0.6927478909492493
1051 0.6168429851531982
1052 0.5135841965675354
1053 0.6542205214500427
1054 0.6594139337539673
1055 0.8425519466400146
1056 0.6518651843070984
1057 0.5710105299949646
1058 0.5454577803611755
1059 0.7907075881958008
1060 0.5861843824386597
1061 0.5094684362411499
1062 0.6414052248001099
1063 0.6262792944908142
1064 0.8346497416496277
1065 0.6039472222328186
1066 0.7309143543243408
1067 0.5459035038948059
1068 0.758662223815918
1069 0.5323228240013123
1070 0.5607638955116272
1071 0.8177234530448914
1072 0.5383972525596619
1073 0.5563060641288757
1074 0.6795490980148315
1075 0.8248560428619385
1076 0.813843309879303
1077 0.7673734426498413
1078 0.7386901378631592
1079 0.7049399614334106
1080 0.66590416431427
1081 0.6445098519325256
1082 0.6366934180259705
1083 0.6089507937431335
1084 0.7014185190200806
1085 0.7687045335769653
1086 0.5864568948745728
1087 0.536363959312439
1088 0.7714210152626038
1089 0.5902503728866577
1090 0.6791586875915527
1091 0.6900981664657593
1092 0.8546503782272339
1093 0.5906985998153687
1094 0.5785907506942749
1095 0.5083000063896179
1096 0.6419535875320435
1097 0.668416440486908
1098 0.6677381992340088
1099 0.79137122631073
1100 0.7574344873428345
1101 0.7923652529716492
1102 0.6238799691200256
1103 0.5977513194084167
1104 0.6868118047714233
1105 0.5365896224975586
1106 0.7637093663215637
1107 0.6047261953353882
1108 0.8410768508911133
1109 0.636300265789032
1110 0.6786355972290039
1111 0.5913764238357544
1112 0.7053102254867554
1113 0.5014761686325073
1114 0.8693152666091919
1115 0.7504798173904419
1116 0.6903470158576965
1117 0.5493173599243164
1118 0.6875534057617188
1119 0.6989759206771851
1120 0.6793920993804932
1121 0.8281882405281067
1122 0.529975950717926
1123 0.8458453416824341
1124 0.555931806564331
1125 0.5249716639518738
1126 0.6179047226905823
1127 0.5338572263717651
1128 0.809302568435669
1129 0.6275981068611145
1130 0.5379988551139832
1131 0.6692979335784912
1132 0.7739924788475037
1133 0.5661187767982483
1134 0.8217952251434326
1135 0.5181697607040405
1136 0.6056987643241882
1137 0.6064600944519043
1138 0.5288810729980469
1139 0.5368250608444214
1140 0.5505018830299377
1141 0.6578362584114075
1142 0.568531334400177
1143 0.641646683216095
1144 0.7529602646827698
1145 0.6879231333732605
1146 0.7258911728858948
1147 0.6833897829055786
1148 0.648772120475769
1149 0.5995282530784607
1150 0.7104549407958984
1151 0.5502535104751587
1152 0.7519283294677734
1153 0.6879231333732605
1154 0.6055338382720947
1155 0.6166349649429321
1156 0.7501808404922485
1157 0.5912043452262878
1158 0.6887107491493225
1159 0.6279898285865784
1160 0.5941694974899292
1161 0.692182183265686
1162 0.6290809512138367
1163 0.6785430908203125
1164 0.683116614818573
1165 0.7181714177131653
1166 0.7077721953392029
1167 0.8360302448272705
1168 0.5269379019737244
1169 0.5180172920227051
1170 0.744890570640564
1171 0.5168523192405701
1172 0.5745836496353149
1173 0.507145345211029
1174 0.8360764980316162
1175 0.6600853800773621
1176 0.6366135478019714
1177 0.6393724679946899
1178 0.8574193120002747
1179 0.5695443749427795
1180 0.8075048923492432
1181 0.7223473191261292
1182 0.7186245918273926
1183 0.682098925113678
1184 0.5047912001609802
1185 0.5788819789886475
1186 0.5674344301223755
1187 0.8464977145195007
1188 0.6807754635810852
1189 0.8224205374717712
1190 0.6720794439315796
1191 0.8152599334716797
1192 0.7893760800361633
1193 0.7317871451377869
1194 0.5426784157752991
1195 0.6501529812812805
1196 0.5178583860397339
1197 0.8123414516448975
1198 0.5576092004776001
1199 0.8302930593490601
1200 0.5055497288703918
1201 0.6746838092803955
1202 0.5158373713493347
1203 0.5215103626251221
1204 0.8208644390106201
1205 0.7425208687782288
1206 0.6254295110702515
1207 0.5117106437683105
1208 0.8567413091659546
1209 0.8152297139167786
1210 0.5583593845367432
1211 0.7528526782989502
1212 0.5865361094474792
1213 0.754525899887085
1214 0.6099511384963989
1215 0.7596886157989502
1216 0.5925050973892212
1217 0.6768079400062561
1218 0.738842785358429
1219 0.6477697491645813
1220 0.7525286078453064
1221 0.6731105446815491
1222 0.7063207030296326
1223 0.6794767379760742
1224 0.5924605131149292
1225 0.7500385642051697
1226 0.5463483929634094
1227 0.6194052696228027
1228 0.6558924317359924
1229 0.778231680393219
1230 0.8273231387138367
1231 0.6868118047714233
1232 0.5904653072357178
1233 0.6922494769096375
1234 0.5866016745567322
1235 0.7944074869155884
1236 0.7845786809921265
1237 0.6022729277610779
1238 0.7940870523452759
1239 0.5644044876098633
1240 0.6265171766281128
1241 0.6674048900604248
1242 0.7488650679588318
1243 0.553497850894928
1244 0.5953568816184998
1245 0.674126386642456
1246 0.590915322303772
1247 0.7604596018791199
1248 0.7142922282218933
1249 0.7947088479995728
1250 0.5125614404678345
1251 0.747058093547821
1252 0.7838578820228577
1253 0.5454315543174744
1254 0.5010290145874023
1255 0.7386932373046875
1256 0.7651532888412476
1257 0.6050467491149902
1258 0.7145463228225708
1259 0.7443618178367615
1260 0.6283053755760193
1261 0.6783847212791443
1262 0.6974399089813232
1263 0.6273786425590515
1264 0.5811671614646912
1265 0.561578094959259
1266 0.6174561977386475
1267 0.8542505502700806
1268 0.7139885425567627
1269 0.6704041957855225
1270 0.5046559572219849
1271 0.5403369069099426
1272 0.5193434953689575
1273 0.7731117010116577
1274 0.6316494345664978
1275 0.6044802665710449
1276 0.6853353977203369
1277 0.5733633637428284
1278 0.6710657477378845
1279 0.583328366279602
1280 0.5076679587364197
1281 0.6122081279754639
1282 0.6347870230674744
1283 0.8036515116691589
1284 0.7697713375091553
1285 0.6899072527885437
1286 0.7476741075515747
1287 0.690628170967102
1288 0.5011247992515564
1289 0.6025543808937073
1290 0.7614142894744873
1291 0.8319732546806335
1292 0.5776510238647461
1293 0.6677676439285278
1294 0.6771487593650818
1295 0.6912888884544373
1296 0.5087753534317017
1297 0.8234103918075562
1298 0.7145267724990845
1299 0.7974664568901062
1300 0.5675283670425415
1301 0.7327321767807007
1302 0.5225414633750916
1303 0.7800592184066772
1304 0.8532001972198486
1305 0.724825918674469
1306 0.8081848621368408
1307 0.5895953178405762
1308 0.6073967218399048
1309 0.8242720365524292
1310 0.62314373254776
1311 0.5112900733947754
1312 0.5018990635871887
1313 0.5957412123680115
1314 0.7977732419967651
1315 0.5237448215484619
1316 0.7933134436607361
1317 0.6115044355392456
1318 0.6232929229736328
1319 0.641593337059021
1320 0.5930755138397217
1321 0.7589390277862549
1322 0.5857563018798828
1323 0.7948790192604065
1324 0.5857649445533752
1325 0.8143918514251709
1326 0.6067330837249756
1327 0.5448611974716187
1328 0.5464910268783569
1329 0.6003758311271667
1330 0.6044076681137085
1331 0.611292839050293
1332 0.592214047908783
1333 0.5933322310447693
1334 0.6431550979614258
1335 0.6142343282699585
1336 0.6969011425971985
1337 0.6017084121704102
1338 0.6113570332527161
1339 0.5297894477844238
1340 0.7989944219589233
1341 0.7822208404541016
1342 0.8391009569168091
1343 0.5814647674560547
1344 0.5959552526473999
1345 0.5685016512870789
1346 0.5641435980796814
1347 0.6068772673606873
1348 0.6761329174041748
1349 0.6538296341896057
1350 0.5208175778388977
1351 0.5849933624267578
1352 0.8413820266723633
1353 0.6316882967948914
1354 0.6402847170829773
1355 0.636435329914093
1356 0.5121908783912659
1357 0.7067909240722656
1358 0.5848183631896973
1359 0.6673968434333801
1360 0.5258195996284485
1361 0.6838833689689636
1362 0.6461383700370789
1363 0.5029957890510559
1364 0.7726243138313293
1365 0.5806677937507629
1366 0.5261121392250061
1367 0.6853169798851013
1368 0.5700351595878601
1369 0.7239524126052856
1370 0.5945900678634644
1371 0.6056143641471863
1372 0.7442018985748291
1373 0.5513156056404114
1374 0.8033297061920166
1375 0.5473631024360657
1376 0.7432920336723328
1377 0.6005496978759766
1378 0.5978168845176697
1379 0.5123055577278137
1380 0.6172685623168945
1381 0.6091707944869995
1382 0.6121744513511658
1383 0.7877103686332703
1384 0.6406662464141846
1385 0.7270163297653198
1386 0.694796085357666
1387 0.5748586654663086
1388 0.5825586318969727
1389 0.7091870307922363
1390 0.548168420791626
1391 0.6460683941841125
1392 0.5940749049186707
1393 0.7550753951072693
1394 0.5024656653404236
1395 0.6010593175888062
1396 0.7822917103767395
1397 0.6976837515830994
1398 0.6178115606307983
1399 0.7076666355133057
1400 0.6436592936515808
1401 0.5676308274269104
1402 0.7061696648597717
1403 0.6909820437431335
1404 0.5964815616607666
1405 0.6713331937789917
1406 0.6731645464897156
1407 0.6056796908378601
1408 0.7796306014060974
1409 0.6749252080917358
1410 0.5963674187660217
1411 0.7099648714065552
1412 0.5322185754776001
1413 0.7741855978965759
1414 0.6631417870521545
1415 0.798169732093811
1416 0.6738960146903992
1417 0.5459038615226746
1418 0.5525436997413635
1419 0.5252183079719543
1420 0.7017048597335815
1421 0.5668068528175354
1422 0.6861871480941772
1423 0.6067511439323425
1424 0.6054156422615051
1425 0.5981066823005676
1426 0.825753927230835
1427 0.644263744354248
1428 0.6548146605491638
1429 0.8498398065567017
1430 0.5898338556289673
1431 0.6411339640617371
1432 0.7063577771186829
1433 0.7718207836151123
1434 0.6623331904411316
1435 0.6814627051353455
1436 0.6212921142578125
1437 0.6933168768882751
1438 0.5669758319854736
1439 0.723991334438324
1440 0.7638182044029236
1441 0.6388630867004395
1442 0.8110188245773315
1443 0.7037676572799683
1444 0.6800239086151123
1445 0.5349718332290649
1446 0.6794707179069519
1447 0.7995181083679199
1448 0.531446099281311
1449 0.6173455715179443
1450 0.751691997051239
1451 0.6741735339164734
1452 0.7722571492195129
1453 0.5463551878929138
1454 0.6932874917984009
1455 0.6231253147125244
1456 0.615082323551178
1457 0.7081155776977539
1458 0.7997300028800964
1459 0.504123866558075
1460 0.82791668176651
1461 0.7930300831794739
1462 0.5430547595024109
1463 0.8444418907165527
1464 0.7652443051338196
1465 0.7225820422172546
1466 0.5956395864486694
1467 0.824895977973938
1468 0.5965299606323242
1469 0.6265504360198975
1470 0.7386102676391602
1471 0.5162960886955261
1472 0.5107965469360352
1473 0.7876800894737244
1474 0.5729220509529114
1475 0.715714693069458
1476 0.545556902885437
1477 0.526942789554596
1478 0.7081447243690491
1479 0.5998411178588867
1480 0.6654177904129028
1481 0.5815131664276123
1482 0.5300701856613159
1483 0.5250567197799683
1484 0.7062134742736816
1485 0.6783791184425354
1486 0.6293786764144897
1487 0.7179000973701477
1488 0.7261847257614136
1489 0.5745645761489868
1490 0.5601402521133423
1491 0.6637550592422485
1492 0.6877827644348145
1493 0.8098927140235901
1494 0.7165349721908569
1495 0.6092938780784607
1496 0.7213242650032043
1497 0.672318160533905
1498 0.7648889422416687
1499 0.5061620473861694
1500 0.7530893683433533
1501 0.5793247818946838
1502 0.6665993928909302
1503 0.6813474893569946
1504 0.6820159554481506
1505 0.5510230660438538
1506 0.6039442420005798
1507 0.6652340888977051
1508 0.6126734018325806
1509 0.7092832922935486
1510 0.6504108905792236
1511 0.595260739326477
1512 0.5856907367706299
1513 0.5846160650253296
1514 0.7635263800621033
1515 0.5597984790802002
1516 0.5697855353355408
1517 0.7577976584434509
1518 0.6065007448196411
1519 0.6122898459434509
1520 0.7548768520355225
1521 0.6218781471252441
1522 0.6962855458259583
1523 0.6388532519340515
1524 0.6095295548439026
1525 0.7169482111930847
1526 0.5789633989334106
1527 0.666421115398407
1528 0.528811514377594
1529 0.5738687515258789
1530 0.7831103801727295
1531 0.7712380886077881
1532 0.5381339192390442
1533 0.6430136561393738
1534 0.8565003275871277
1535 0.5237669944763184
1536 0.6778585314750671
1537 0.5667171478271484
1538 0.5736010074615479
1539 0.7311506867408752
1540 0.8024028539657593
1541 0.8439000844955444
1542 0.6543457508087158
1543 0.7426245212554932
1544 0.6680357456207275
1545 0.5025928020477295
1546 0.5052133798599243
1547 0.8228567838668823
1548 0.5804311633110046
1549 0.6535300016403198
1550 0.7078566551208496
1551 0.7043511271476746
1552 0.7973757386207581
1553 0.6945368051528931
1554 0.815078616142273
1555 0.5355749726295471
1556 0.6774162650108337
1557 0.6581701636314392
1558 0.6010593175888062
1559 0.7544848322868347
1560 0.5524883270263672
1561 0.7215568423271179
1562 0.5095360279083252
1563 0.7331868410110474
1564 0.5312079787254333
1565 0.6658815741539001
1566 0.7630136609077454
1567 0.6067072153091431
1568 0.5896482467651367
1569 0.5555210113525391
1570 0.6821095943450928
1571 0.5624598860740662
1572 0.5527045130729675
1573 0.8082857131958008
1574 0.5737445950508118
1575 0.7100726366043091
1576 0.849436342716217
1577 0.646862268447876
1578 0.7877932190895081
1579 0.5518870949745178
1580 0.6689730286598206
1581 0.8042929172515869
1582 0.6877452731132507
1583 0.5849502682685852
1584 0.5256421566009521
1585 0.7518779039382935
1586 0.7323392629623413
1587 0.5166148543357849
1588 0.6160123348236084
1589 0.6189380884170532
1590 0.6823782324790955
1591 0.6053466200828552
1592 0.6898782849311829
1593 0.5385808348655701
1594 0.5116479992866516
1595 0.5848606824874878
1596 0.8023834824562073
1597 0.5920742750167847
1598 0.6086440682411194
1599 0.6577505469322205
1600 0.7877441644668579
1601 0.5573202967643738
1602 0.8080271482467651
1603 0.5426692366600037
1604 0.5518337488174438
1605 0.6243505477905273
1606 0.8236868381500244
1607 0.5399209856987
1608 0.5392230749130249
1609 0.7958558797836304
1610 0.6241660118103027
1611 0.5302643179893494
1612 0.5553556084632874
1613 0.7022099494934082
1614 0.6228685975074768
1615 0.5774926543235779
1616 0.6196413636207581
1617 0.5729370713233948
1618 0.6197648644447327
1619 0.5984830856323242
1620 0.7393137812614441
1621 0.828700602054596
1622 0.522926390171051
1623 0.7076044082641602
1624 0.7388917207717896
1625 0.6989337801933289
1626 0.6135280132293701
1627 0.5982578992843628
1628 0.5768054723739624
1629 0.8104977011680603
1630 0.5788202285766602
1631 0.605978786945343
1632 0.5297421216964722
1633 0.5600486993789673
1634 0.5843746066093445
1635 0.6026108264923096
1636 0.5542148947715759
1637 0.6250829100608826
1638 0.5089991092681885
1639 0.8054813146591187
1640 0.5903173089027405
1641 0.5900594592094421
1642 0.6096036434173584
1643 0.6517620086669922
1644 0.6707910299301147
1645 0.8185864686965942
1646 0.5471304655075073
1647 0.6048300266265869
1648 0.5405461192131042
1649 0.8299671411514282
1650 0.569482147693634
1651 0.8166916966438293
1652 0.5426890850067139
1653 0.6194177269935608
1654 0.696938693523407
1655 0.5008413791656494
1656 0.6810288429260254
1657 0.7595779299736023
1658 0.7065845727920532
1659 0.8039771318435669
1660 0.6154207587242126
1661 0.7951631546020508
1662 0.62564617395401
1663 0.5732407569885254
1664 0.6659323573112488
1665 0.7645847797393799
1666 0.5218201279640198
1667 0.5180741548538208
1668 0.7516451478004456
1669 0.7932905554771423
1670 0.5939406752586365
1671 0.6353397965431213
1672 0.6592183709144592
1673 0.5980028510093689
1674 0.6787102818489075
1675 0.6054615378379822
1676 0.5968826413154602
1677 0.5652444958686829
1678 0.5376424193382263
1679 0.6301247477531433
1680 0.6465169191360474
1681 0.6367250680923462
1682 0.51558518409729
1683 0.505444347858429
1684 0.5020238161087036
1685 0.6992201805114746
1686 0.7137218117713928
1687 0.6871331930160522
1688 0.5999993085861206
1689 0.7325989603996277
1690 0.5636958479881287
1691 0.5903111100196838
1692 0.5142825245857239
1693 0.6477417945861816
1694 0.6964177489280701
1695 0.803409993648529
1696 0.7268658876419067
1697 0.6680106520652771
1698 0.6412440538406372
1699 0.677923321723938
1700 0.5005044937133789
1701 0.6919413208961487
1702 0.5091121196746826
1703 0.6666236519813538
1704 0.5504037141799927
1705 0.6860589385032654
1706 0.5127134919166565
1707 0.7864789366722107
1708 0.6728957891464233
1709 0.5705599784851074
1710 0.6539022326469421
1711 0.5634416937828064
1712 0.6293786764144897
1713 0.5807332992553711
1714 0.5212615728378296
1715 0.6076515913009644
1716 0.746639609336853
1717 0.7014399766921997
1718 0.6124511957168579
1719 0.6258463859558105
1720 0.5146799087524414
1721 0.6700948476791382
1722 0.5098350644111633
1723 0.6009663343429565
1724 0.5103304386138916
1725 0.5688942670822144
1726 0.6395924687385559
1727 0.5320865511894226
1728 0.7361955642700195
1729 0.8322524428367615
1730 0.6950597763061523
1731 0.6173216700553894
1732 0.830638587474823
1733 0.7832863330841064
1734 0.7936316728591919
1735 0.7961422204971313
1736 0.5885229706764221
1737 0.6623504757881165
1738 0.5835520029067993
1739 0.6970801949501038
1740 0.6475528478622437
1741 0.5443238019943237
1742 0.5761094093322754
1743 0.7820273637771606
1744 0.6328001618385315
1745 0.658465564250946
1746 0.6409768462181091
1747 0.6933409571647644
1748 0.5621310472488403
1749 0.6984033584594727
1750 0.5856907367706299
1751 0.6118355393409729
1752 0.5310931205749512
1753 0.6305943727493286
1754 0.6947189569473267
1755 0.7327619194984436
1756 0.5839537978172302
1757 0.8090693950653076
1758 0.5902018547058105
1759 0.7286174893379211
1760 0.8165342211723328
1761 0.5054539442062378
1762 0.5713175535202026
1763 0.6782962083816528
1764 0.6659036874771118
1765 0.6396241784095764
1766 0.5033960938453674
1767 0.5741746425628662
1768 0.8157249093055725
1769 0.7599806189537048
1770 0.5825104117393494
1771 0.6702231168746948
1772 0.5793912410736084
1773 0.810318648815155
1774 0.6031865477561951
1775 0.8611640930175781
1776 0.6112797856330872
1777 0.5003624558448792
1778 0.708310067653656
1779 0.5395416021347046
1780 0.628818154335022
1781 0.522680938243866
1782 0.8345937728881836
1783 0.5968953967094421
1784 0.6238718032836914
1785 0.7728700637817383
1786 0.6761213541030884
1787 0.5253583788871765
1788 0.5288316607475281
1789 0.6421171426773071
1790 0.5719510912895203
1791 0.5084624290466309
1792 0.5315362215042114
1793 0.6341081261634827
1794 0.6992663741111755
1795 0.7915090918540955
1796 0.7671393752098083
1797 0.6278380155563354
1798 0.5452918410301208
1799 0.6202362775802612
1800 0.5259573459625244
1801 0.7063235640525818
1802 0.6733989715576172
1803 0.6136555671691895
1804 0.7566778659820557
1805 0.5879375338554382
1806 0.5971938967704773
1807 0.5868174433708191
1808 0.5769003033638
1809 0.6017084121704102
1810 0.7843572497367859
1811 0.8130090832710266
1812 0.723092794418335
1813 0.6734123826026917
1814 0.5748622417449951
1815 0.5727324485778809
1816 0.701570451259613
1817 0.536600649356842
1818 0.8134920001029968
1819 0.6449998021125793
1820 0.6893013119697571
1821 0.8223403096199036
1822 0.83779376745224
1823 0.591010332107544
1824 0.6749365329742432
1825 0.6949427127838135
1826 0.5686597228050232
1827 0.801008939743042
1828 0.76967853307724
1829 0.6244382262229919
1830 0.7612789869308472
1831 0.6159440875053406
1832 0.6038134694099426
1833 0.7996581196784973
1834 0.7871781587600708
1835 0.558724582195282
1836 0.7427182793617249
1837 0.5742056369781494
1838 0.7786725759506226
1839 0.704535722732544
1840 0.8525475859642029
1841 0.7242982387542725
1842 0.7457505464553833
1843 0.5486311912536621
1844 0.700408399105072
1845 0.5656751394271851
1846 0.7118842005729675
1847 0.5290316343307495
1848 0.6579707860946655
1849 0.8011367917060852
1850 0.753075122833252
1851 0.7488122582435608
1852 0.8134077787399292
1853 0.7425687313079834
1854 0.550094723701477
1855 0.7509276866912842
1856 0.7235997915267944
1857 0.6884380578994751
1858 0.8550627827644348
1859 0.6706840991973877
1860 0.5029032826423645
1861 0.5228888392448425
1862 0.6943631172180176
1863 0.8340713977813721
1864 0.5005828142166138
1865 0.5145734548568726
1866 0.6129254698753357
1867 0.6292670369148254
1868 0.6544696092605591
1869 0.66305011510849
1870 0.5926623940467834
1871 0.6479189991950989
1872 0.7390526533126831
1873 0.7452613711357117
1874 0.7007707357406616
1875 0.5940794348716736
1876 0.5514885187149048
1877 0.5984119176864624
1878 0.7227264046669006
1879 0.6739837527275085
1880 0.7180135250091553
1881 0.6039285063743591
1882 0.7622453570365906
1883 0.7147773504257202
1884 0.6762572526931763
1885 0.8358414769172668
1886 0.8192518353462219
1887 0.5653494000434875
1888 0.5726592540740967
1889 0.8373510837554932
1890 0.670329213142395
1891 0.775959312915802
1892 0.7492260932922363
1893 0.6817174553871155
1894 0.5136900544166565
1895 0.7148234844207764
1896 0.6809475421905518
1897 0.7205043435096741
1898 0.5545218586921692
1899 0.8114319443702698
1900 0.5457159876823425
1901 0.8404561281204224
1902 0.5561862587928772
1903 0.517780065536499
1904 0.8322129845619202
1905 0.5815895199775696
1906 0.7400321960449219
1907 0.8381540775299072
1908 0.8316696882247925
1909 0.5486844182014465
1910 0.8192918300628662
1911 0.5322819352149963
1912 0.8178730607032776
1913 0.8434516191482544
1914 0.6849884986877441
1915 0.6802166104316711
1916 0.5680419206619263
1917 0.5800790786743164
1918 0.5182000994682312
1919 0.7875396013259888
1920 0.6776679754257202
1921 0.58009934425354
1922 0.504231870174408
1923 0.5693635940551758
1924 0.509922444820404
1925 0.7329511046409607
1926 0.5836330056190491
1927 0.7958937883377075
1928 0.5505120754241943
1929 0.7523738741874695
1930 0.5150213837623596
1931 0.8567603826522827
1932 0.7817193865776062
1933 0.5726503729820251
1934 0.6625139117240906
1935 0.6791586875915527
1936 0.5167040824890137
1937 0.7550398707389832
1938 0.513664960861206
1939 0.549759030342102
1940 0.6089421510696411
1941 0.7160645723342896
1942 0.7613733410835266
1943 0.5471915006637573
1944 0.6535404920578003
1945 0.5750327706336975
1946 0.8492451906204224
1947 0.6750048398971558
1948 0.582327663898468
1949 0.849528431892395
1950 0.566885232925415
1951 0.5390949845314026
1952 0.5017940998077393
1953 0.8446054458618164
1954 0.6655764579772949
1955 0.5565182566642761
1956 0.6717594861984253
1957 0.577053427696228
1958 0.8065014481544495
1959 0.6351766586303711
1960 0.793286919593811
1961 0.7277032732963562
1962 0.6828445196151733
1963 0.6918889880180359
1964 0.5903165936470032
1965 0.5211153626441956
1966 0.7692945599555969
1967 0.7357423901557922
1968 0.7278351783752441
1969 0.5158999562263489
1970 0.788391649723053
1971 0.6401183605194092
1972 0.830949068069458
1973 0.5299117565155029
1974 0.576004147529602
1975 0.582327663898468
1976 0.766172468662262
1977 0.8008269667625427
1978 0.7101027965545654
1979 0.546785295009613
1980 0.6457753777503967
1981 0.6862090826034546
1982 0.8434820771217346
1983 0.6219696402549744
1984 0.7072134017944336
1985 0.8264594674110413
1986 0.7370549440383911
1987 0.5219923853874207
1988 0.6552663445472717
1989 0.6076358556747437
1990 0.5930001735687256
1991 0.8324702382087708
1992 0.8320898413658142
1993 0.7733214497566223
1994 0.6361560225486755
1995 0.5348110198974609
1996 0.7872836589813232
1997 0.8574034571647644
1998 0.6796867251396179
1999 0.7485545873641968
2000 0.6952545642852783
2001 0.6347600817680359
2002 0.7714220285415649
2003 0.660742998123169
2004 0.5740476846694946
2005 0.7859869003295898
2006 0.7963141798973083
2007 0.504446804523468
2008 0.798647940158844
2009 0.7281333208084106
2010 0.6132858991622925
2011 0.6969146132469177
2012 0.5890073776245117
2013 0.5949141383171082
2014 0.6893013119697571
2015 0.557017982006073
2016 0.8611850142478943
2017 0.5022488236427307
2018 0.8486476540565491
2019 0.615470290184021
2020 0.6896582245826721
2021 0.8864389061927795
2022 0.5249942541122437
2023 0.7735346555709839
2024 0.5091279149055481
2025 0.5314300656318665
2026 0.6539533734321594
2027 0.7973070740699768
2028 0.7223843336105347
2029 0.5610847473144531
2030 0.8188173174858093
2031 0.706746518611908
2032 0.8224911093711853
2033 0.7499772310256958
2034 0.6289482712745667
2035 0.6428320407867432
2036 0.662203848361969
2037 0.565441370010376
2038 0.5052207112312317
2039 0.7018237113952637
2040 0.781569242477417
2041 0.8088659644126892
2042 0.522680938243866
2043 0.79142165184021
2044 0.5860527753829956
2045 0.5019108653068542
2046 0.5537117123603821
2047 0.8616708517074585
2048 0.5838468074798584
2049 0.818403959274292
2050 0.668325662612915
2051 0.5888470411300659
2052 0.6200217008590698
2053 0.5481741428375244
2054 0.5700157880783081
2055 0.506570041179657
2056 0.7981088161468506
2057 0.7031435966491699
2058 0.5447700023651123
2059 0.6883372664451599
2060 0.711020827293396
2061 0.8361322283744812
2062 0.6147172451019287
2063 0.8076072931289673
2064 0.6906124353408813
2065 0.8460878133773804
2066 0.6249220967292786
2067 0.5431243777275085
2068 0.5209817290306091
2069 0.6892435550689697
2070 0.722317099571228
2071 0.6394889950752258
2072 0.7337678074836731
2073 0.6268835663795471
2074 0.6297772526741028
2075 0.6879082918167114
2076 0.8002964854240417
2077 0.8210808038711548
2078 0.6716184616088867
2079 0.5457176566123962
2080 0.519203782081604
2081 0.6945533752441406
2082 0.8229480981826782
2083 0.8355042338371277
2084 0.8583410382270813
2085 0.8050051927566528
2086 0.6813102960586548
2087 0.7491629719734192
2088 0.786372184753418
2089 0.8489047288894653
2090 0.5142825245857239
2091 0.621397852897644
2092 0.6320706605911255
2093 0.8135867118835449
2094 0.7243889570236206
2095 0.660832941532135
2096 0.5907936692237854
2097 0.6478537917137146
2098 0.5698821544647217
2099 0.6209660768508911
2100 0.6058756113052368
2101 0.6104962229728699
2102 0.7511231303215027
2103 0.5211999416351318
2104 0.6760789752006531
2105 0.637822687625885
2106 0.5521422624588013
2107 0.5011599659919739
2108 0.5868174433708191
2109 0.5800248980522156
2110 0.5076679587364197
2111 0.6293728947639465
2112 0.6010396480560303
2113 0.5151287913322449
2114 0.8124518394470215
2115 0.6482874155044556
2116 0.6066142916679382
2117 0.5624779462814331
2118 0.6347410678863525
2119 0.5057156085968018
2120 0.5518451929092407
2121 0.7721676230430603
2122 0.6572897434234619
2123 0.6308746933937073
2124 0.7560988068580627
2125 0.7159605622291565
2126 0.6805102229118347
2127 0.5151286125183105
2128 0.8091863989830017
2129 0.6323065161705017
2130 0.7744166254997253
2131 0.675123929977417
2132 0.7426186800003052
2133 0.6879655122756958
2134 0.5239513516426086
2135 0.5139806866645813
2136 0.8227012753486633
2137 0.531226634979248
2138 0.6778611540794373
2139 0.5460036396980286
2140 0.6124440431594849
2141 0.7580129504203796
2142 0.8563714623451233
2143 0.6139938831329346
2144 0.6925000548362732
2145 0.6116132140159607
2146 0.7444276213645935
2147 0.582302451133728
2148 0.6414653658866882
2149 0.609458327293396
2150 0.5970116853713989
2151 0.6035395264625549
2152 0.5479262471199036
2153 0.5069599151611328
2154 0.6996235847473145
2155 0.6933968663215637
2156 0.6610698699951172
2157 0.5882638692855835
2158 0.5496026277542114
2159 0.6123573780059814
2160 0.739270806312561
2161 0.7123419046401978
2162 0.5950704216957092
2163 0.8120678663253784
2164 0.604239821434021
2165 0.6402111053466797
2166 0.6816098690032959
2167 0.6945645213127136
2168 0.5217604041099548
2169 0.5861499905586243
2170 0.5957517623901367
2171 0.5962871313095093
2172 0.8202854990959167
2173 0.8031960725784302
2174 0.5170899629592896
2175 0.5005144476890564
2176 0.5784838795661926
2177 0.8240503072738647
2178 0.6298076510429382
2179 0.8098927140235901
2180 0.7865001559257507
2181 0.6705344319343567
2182 0.7236969470977783
2183 0.8416979312896729
2184 0.5171582698822021
2185 0.7512055039405823
2186 0.6678071618080139
2187 0.5219400525093079
2188 0.5916303992271423
2189 0.5690399408340454
2190 0.6798916459083557
2191 0.6077882051467896
2192 0.6085196137428284
2193 0.5056137442588806
2194 0.7966092824935913
2195 0.7527905106544495
2196 0.8327731490135193
2197 0.649904727935791
2198 0.7484882473945618
2199 0.803399384021759
2200 0.7720836400985718
2201 0.5391276478767395
2202 0.7558518648147583
2203 0.5980209112167358
2204 0.7756578922271729
2205 0.5209462642669678
2206 0.7312464118003845
2207 0.7579119801521301
2208 0.5007163882255554
2209 0.58022141456604
2210 0.5257496237754822
2211 0.6928378939628601
2212 0.5391751527786255
2213 0.5076985955238342
2214 0.6279792189598083
2215 0.8354264497756958
2216 0.5091371536254883
2217 0.5928133726119995
2218 0.7160694003105164
2219 0.7097291350364685
2220 0.6166152954101562
2221 0.6949278712272644
2222 0.6884209513664246
2223 0.6250428557395935
2224 0.6558682918548584
2225 0.5792037844657898
2226 0.5002070069313049
2227 0.6330902576446533
2228 0.5798487663269043
2229 0.7992758750915527
2230 0.862150251865387
2231 0.8246690034866333
2232 0.7809836864471436
2233 0.7895377278327942
2234 0.6382693648338318
2235 0.7760836482048035
2236 0.757671058177948
2237 0.5562291741371155
2238 0.5773376226425171
2239 0.6432681679725647
2240 0.6521084904670715
2241 0.6159380674362183
2242 0.7552399039268494
2243 0.8050051927566528
2244 0.6896276473999023
2245 0.5818271636962891
2246 0.6159837245941162
2247 0.59561687707901
2248 0.8328767418861389
2249 0.7164157629013062
2250 0.6168249249458313
2251 0.712800145149231
2252 0.6270835995674133
2253 0.6880332827568054
2254 0.7916156053543091
2255 0.8244250416755676
2256 0.6331876516342163
2257 0.6547449231147766
2258 0.5438540577888489
2259 0.6697834134101868
2260 0.6821095943450928
2261 0.6441347002983093
2262 0.6218807697296143
2263 0.6062799692153931
2264 0.5567527413368225
2265 0.6288033127784729
2266 0.6729155778884888
2267 0.600971519947052
2268 0.5977332592010498
2269 0.8146118521690369
2270 0.7981798052787781
2271 0.5414729118347168
2272 0.5694687366485596
2273 0.683009922504425
2274 0.8640096783638
2275 0.8344208598136902
2276 0.7810562252998352
2277 0.8284857273101807
2278 0.8284069895744324
2279 0.5702483057975769
2280 0.7071711421012878
2281 0.5111666321754456
2282 0.5188142657279968
2283 0.6057091951370239
2284 0.504123866558075
2285 0.6951149106025696
2286 0.5016763210296631
2287 0.5862346887588501
2288 0.831087052822113
2289 0.6548055410385132
2290 0.6096923351287842
2291 0.6893054246902466
2292 0.6666796803474426
2293 0.7571463584899902
2294 0.8426571488380432
2295 0.5084658265113831
2296 0.6493712067604065
2297 0.6934402585029602
2298 0.8808491230010986
2299 0.5536068677902222
2300 0.6234115362167358
2301 0.5063146948814392
2302 0.6898015737533569
2303 0.7977417707443237
2304 0.6790568828582764
2305 0.5542029142379761
2306 0.840838611125946
2307 0.7621364593505859
2308 0.7880392670631409
2309 0.7542520761489868
2310 0.848527193069458
2311 0.5983983278274536
2312 0.7130395770072937
2313 0.5588415861129761
2314 0.843200147151947
2315 0.5321168303489685
2316 0.5060434341430664
2317 0.7046456933021545
2318 0.6092798709869385
2319 0.6091292500495911
2320 0.6979138851165771
2321 0.8395304083824158
2322 0.5619611740112305
2323 0.5226658582687378
2324 0.8075077533721924
2325 0.8098791241645813
2326 0.5625237226486206
2327 0.8088356852531433
2328 0.750082790851593
2329 0.6313016414642334
2330 0.5391751527786255
2331 0.516028106212616
2332 0.5591098666191101
2333 0.5660909414291382
2334 0.7842127680778503
2335 0.565491795539856
2336 0.6515218019485474
2337 0.5864704251289368
2338 0.5592024922370911
2339 0.5958254337310791
2340 0.8308492302894592
2341 0.7524694800376892
2342 0.5485755801200867
2343 0.5186774730682373
2344 0.6787943243980408
2345 0.5806059241294861
2346 0.5862799882888794
2347 0.7731704115867615
2348 0.5768256187438965
2349 0.577245831489563
2350 0.5821233987808228
2351 0.5620172619819641
2352 0.6229380369186401
2353 0.5995532274246216
2354 0.7223268151283264
2355 0.5230839848518372
2356 0.72928786277771
2357 0.7036464214324951
2358 0.6477519273757935
2359 0.6182325482368469
2360 0.6841757297515869
2361 0.58833247423172
2362 0.7469217777252197
2363 0.6453123092651367
2364 0.5427520871162415
2365 0.5609675049781799
2366 0.7281986474990845
2367 0.8314172625541687
2368 0.6579930782318115
2369 0.8584973216056824
2370 0.5655817985534668
2371 0.6940940022468567
2372 0.6821044683456421
2373 0.5899820327758789
2374 0.5495590567588806
2375 0.8012052178382874
2376 0.8453867435455322
2377 0.624939501285553
2378 0.6693982481956482
2379 0.6125785708427429
2380 0.5660285949707031
2381 0.6367489695549011
2382 0.7963541746139526
2383 0.6233751773834229
2384 0.7607529163360596
2385 0.6225259304046631
2386 0.5702931880950928
2387 0.501277506351471
2388 0.5246536731719971
2389 0.8051099181175232
2390 0.6084640026092529
2391 0.6714757084846497
2392 0.5888447761535645
2393 0.5179378986358643
2394 0.7599061131477356
2395 0.5913082957267761
2396 0.6825096011161804
2397 0.508843719959259
2398 0.7639252543449402
2399 0.7450956106185913
2400 0.5224428176879883
2401 0.8197464346885681
2402 0.6184448003768921
2403 0.6241639256477356
2404 0.6744078993797302
2405 0.8219985961914062
2406 0.6123950481414795
2407 0.6103684306144714
2408 0.8125477433204651
2409 0.7777254581451416
2410 0.8118109107017517
2411 0.5503198504447937
2412 0.6389409899711609
2413 0.579964816570282
2414 0.6842700839042664
2415 0.5907432436943054
2416 0.7931393980979919
2417 0.8342739343643188
2418 0.8095625638961792
2419 0.5727732181549072
2420 0.8831372261047363
2421 0.6161664724349976
2422 0.7578703165054321
2423 0.663740336894989
2424 0.5289600491523743
2425 0.6834402084350586
2426 0.6369685530662537
2427 0.5379507541656494
2428 0.5178074836730957
2429 0.5586596727371216
2430 0.5003595948219299
2431 0.5144461989402771
2432 0.5369592308998108
2433 0.7474266290664673
2434 0.5885589122772217
2435 0.5925864577293396
2436 0.5225285291671753
2437 0.6826393008232117
2438 0.7932426929473877
2439 0.5998527407646179
2440 0.5378687381744385
2441 0.7602269649505615
2442 0.5046510100364685
2443 0.601205587387085
2444 0.5573441386222839
2445 0.7843978404998779
2446 0.5819643139839172
2447 0.7261112332344055
2448 0.677035391330719
2449 0.6230484247207642
2450 0.8059878349304199
2451 0.5486738085746765
2452 0.6018037796020508
2453 0.6418773531913757
2454 0.808306097984314
2455 0.7223021984100342
2456 0.6285449862480164
2457 0.5997902154922485
2458 0.6779354810714722
2459 0.7073562145233154
2460 0.5581806302070618
2461 0.6459884643554688
2462 0.644419252872467
2463 0.6127941608428955
2464 0.5571430921554565
2465 0.7033870816230774
2466 0.5219026803970337
2467 0.6482262015342712
2468 0.6245259046554565
2469 0.8115979433059692
2470 0.8209940195083618
2471 0.6843191385269165
2472 0.6858439445495605
2473 0.5896835923194885
2474 0.8234170079231262
2475 0.6116517186164856
2476 0.6209090352058411
2477 0.6108932495117188
2478 0.707233190536499
2479 0.8074711561203003
2480 0.7656010985374451
2481 0.5501749515533447
2482 0.583070695400238
2483 0.5138220191001892
2484 0.7921185493469238
2485 0.5411196351051331
2486 0.7111070156097412
2487 0.78288733959198
2488 0.5168684124946594
2489 0.6684992909431458
2490 0.6705952882766724
2491 0.8104279637336731
2492 0.6906989216804504
2493 0.6415337324142456
2494 0.5951963663101196
2495 0.6097387075424194
2496 0.8089115023612976
2497 0.603889524936676
2498 0.6266676187515259
2499 0.7010637521743774
2500 0.5725847482681274
2501 0.5693936347961426
2502 0.7538949251174927
2503 0.5254208445549011
2504 0.5766516923904419
2505 0.7625976800918579
2506 0.5238767862319946
2507 0.570475161075592
2508 0.5567036867141724
2509 0.5801936388015747
2510 0.6900082230567932
2511 0.6213345527648926
2512 0.5403369069099426
2513 0.5624316334724426
2514 0.6503978967666626
2515 0.6761797666549683
2516 0.5641934871673584
2517 0.7068235278129578
2518 0.7267604470252991
2519 0.7479459047317505
2520 0.8027870655059814
2521 0.6842035055160522
2522 0.7102177739143372
2523 0.5486311912536621
2524 0.5762748122215271
2525 0.6369532942771912
2526 0.6954832077026367
2527 0.594905436038971
2528 0.6261835694313049
2529 0.8104473352432251
2530 0.858668327331543
2531 0.7439631819725037
2532 0.6578112840652466
2533 0.5427161455154419
2534 0.5388073921203613
2535 0.7869195342063904
2536 0.8052456378936768
2537 0.68255215883255
2538 0.6496860384941101
2539 0.6568503975868225
2540 0.657991886138916
2541 0.8660848736763
2542 0.5840897560119629
2543 0.7828059196472168
2544 0.7701228260993958
2545 0.5107168555259705
2546 0.7813661694526672
2547 0.6736911535263062
2548 0.6235842704772949
2549 0.6483328938484192
2550 0.5318911075592041
2551 0.6757487058639526
2552 0.7927132248878479
2553 0.509607195854187
2554 0.6422490477561951
2555 0.6934744715690613
2556 0.7629026174545288
2557 0.6964177489280701
2558 0.8393732309341431
2559 0.5285966396331787
2560 0.8579747676849365
2561 0.8262883424758911
2562 0.5957118272781372
2563 0.5196000933647156
2564 0.5824075937271118
2565 0.5295093655586243
2566 0.514300525188446
2567 0.731697142124176
2568 0.6238163113594055
2569 0.8367426991462708
2570 0.5129556059837341
2571 0.6837326884269714
2572 0.5768027305603027
2573 0.5880031585693359
2574 0.7445801496505737
2575 0.8369729518890381
2576 0.6942365169525146
2577 0.6238858103752136
2578 0.697960615158081
2579 0.681738555431366
2580 0.7066006064414978
2581 0.7753816246986389
2582 0.5445564389228821
2583 0.6810587048530579
2584 0.8380947113037109
2585 0.7214723229408264
2586 0.7236852049827576
2587 0.6427802443504333
2588 0.5078104138374329
2589 0.6752396821975708
2590 0.7527027130126953
2591 0.599865734577179
2592 0.6208149194717407
2593 0.6762030124664307
2594 0.8177278637886047
2595 0.7264156937599182
2596 0.7955285906791687
2597 0.6298649311065674
2598 0.5683080554008484
2599 0.5271151661872864
2600 0.740180253982544
2601 0.5787513256072998
2602 0.5246095657348633
2603 0.6968551278114319
2604 0.532492458820343
2605 0.8419017195701599
2606 0.6268355250358582
2607 0.6579469442367554
2608 0.5551998019218445
2609 0.5900594592094421
2610 0.6431869864463806
2611 0.751268744468689
2612 0.5452028512954712
2613 0.6168931722640991
2614 0.5642473101615906
2615 0.6076149344444275
2616 0.7446889877319336
2617 0.7146579623222351
2618 0.6067846417427063
2619 0.8204606771469116
2620 0.6196668148040771
2621 0.6601715087890625
2622 0.6238138675689697
2623 0.6810222864151001
2624 0.6822007894515991
2625 0.6338592171669006
2626 0.5699083805084229
2627 0.6263396143913269
2628 0.6492407321929932
2629 0.6888797879219055
2630 0.5986738801002502
2631 0.5783875584602356
2632 0.7206714153289795
2633 0.6081693172454834
2634 0.8044541478157043
2635 0.7170491218566895
2636 0.8137819170951843
2637 0.7974087595939636
2638 0.6221262216567993
2639 0.5289181470870972
2640 0.6048591136932373
2641 0.5352170467376709
2642 0.6177191138267517
2643 0.6888729333877563
2644 0.6044548153877258
2645 0.602806806564331
2646 0.557689368724823
2647 0.6423868536949158
2648 0.823477029800415
2649 0.6968445777893066
2650 0.5659525990486145
2651 0.6162616014480591
2652 0.7001944184303284
2653 0.6650846004486084
2654 0.6095331311225891
2655 0.5945037007331848
2656 0.7529188990592957
2657 0.5648553967475891
2658 0.6282273530960083
2659 0.6479706764221191
2660 0.6050618886947632
2661 0.5834053754806519
2662 0.5637468099594116
2663 0.620272159576416
2664 0.5346893668174744
2665 0.5342584848403931
2666 0.7052527666091919
2667 0.7011813521385193
2668 0.5712060332298279
2669 0.6152777075767517
2670 0.5487868189811707
2671 0.5881699323654175
2672 0.6506131291389465
2673 0.8136414885520935
2674 0.679786741733551
2675 0.8292083144187927
2676 0.5840579867362976
2677 0.5307444930076599
2678 0.5556779503822327
2679 0.8127784132957458
2680 0.5315083265304565
2681 0.5111438035964966
2682 0.7495399713516235
2683 0.7043877840042114
2684 0.8348566889762878
2685 0.5736010074615479
2686 0.5224351286888123
2687 0.747972846031189
2688 0.5590671300888062
2689 0.7586340308189392
2690 0.8266619443893433
2691 0.5367046594619751
2692 0.7235317826271057
2693 0.5478724837303162
2694 0.5316457748413086
2695 0.8389390707015991
2696 0.6097437143325806
2697 0.5801091194152832
2698 0.6297446489334106
2699 0.5428031086921692
2700 0.521584153175354
2701 0.6858605742454529
2702 0.8401675820350647
2703 0.6005126237869263
2704 0.5796465277671814
2705 0.6632625460624695
2706 0.5446382761001587
2707 0.6069890260696411
2708 0.6152734756469727
2709 0.6370198726654053
2710 0.8544141054153442
2711 0.8597410917282104
2712 0.6177412867546082
2713 0.5673632025718689
2714 0.6245297789573669
2715 0.5213162899017334
2716 0.6408063173294067
2717 0.6931569576263428
2718 0.6885573267936707
2719 0.6557673215866089
2720 0.6123782396316528
2721 0.8544584512710571
2722 0.6696708798408508
2723 0.6134659647941589
2724 0.6383137106895447
2725 0.5262341499328613
2726 0.5212709903717041
2727 0.6281765699386597
2728 0.566903829574585
2729 0.6946183443069458
2730 0.7112258672714233
2731 0.8355928063392639
2732 0.8030669093132019
2733 0.8110609650611877
2734 0.5957017540931702
2735 0.5961240530014038
2736 0.6758085489273071
2737 0.7951639294624329
2738 0.592532217502594
2739 0.5936760306358337
2740 0.5673118829727173
2741 0.5262293815612793
2742 0.7167177796363831
2743 0.6178349256515503
2744 0.5760056972503662
2745 0.680084228515625
2746 0.834922730922699
2747 0.5129846334457397
2748 0.7339338064193726
2749 0.7256515026092529
2750 0.5305434465408325
2751 0.670329213142395
2752 0.5838516354560852
2753 0.742674708366394
2754 0.5061253905296326
2755 0.6205365061759949
2756 0.5332010984420776
2757 0.5557109713554382
2758 0.616024374961853
2759 0.7491238117218018
2760 0.6683786511421204
2761 0.7122594714164734
2762 0.6681182384490967
2763 0.5081866383552551
2764 0.6883137822151184
2765 0.6110554337501526
2766 0.5186468958854675
2767 0.5654123425483704
2768 0.6908567547798157
2769 0.6737300753593445
2770 0.5687915086746216
2771 0.6057642102241516
2772 0.5346430540084839
2773 0.5196148157119751
2774 0.5305941700935364
2775 0.7752775549888611
2776 0.5777453780174255
2777 0.5017276406288147
2778 0.6083124279975891
2779 0.548168420791626
2780 0.7596946954727173
2781 0.5342918634414673
2782 0.7515186667442322
2783 0.7438885569572449
2784 0.7730619311332703
2785 0.6442084312438965
2786 0.7585598230361938
2787 0.565219521522522
2788 0.7916350364685059
2789 0.5120297074317932
2790 0.6942070722579956
2791 0.7897000908851624
2792 0.8210192918777466
2793 0.7459841370582581
2794 0.7025105953216553
2795 0.6431168913841248
2796 0.553464949131012
2797 0.828041136264801
2798 0.6805479526519775
2799 0.5487973093986511
2800 0.8315702676773071
2801 0.8176987767219543
2802 0.7876841425895691
2803 0.6569374799728394
2804 0.5991348028182983
2805 0.5074310898780823
2806 0.5873068571090698
2807 0.5076062679290771
2808 0.8399381041526794
2809 0.5718721747398376
2810 0.6073727011680603
2811 0.6346176266670227
2812 0.6052287220954895
2813 0.5326603651046753
2814 0.5211096405982971
2815 0.8010806441307068
2816 0.6390817165374756
2817 0.8281111121177673
2818 0.6857060194015503
2819 0.6669794321060181
2820 0.50814288854599
2821 0.5859910249710083
2822 0.7065774202346802
2823 0.6711912155151367
2824 0.6161278486251831
2825 0.555841326713562
2826 0.6508028507232666
2827 0.6901708245277405
2828 0.6881964206695557
2829 0.561023473739624
2830 0.6287044882774353
2831 0.7870738506317139
2832 0.8062236309051514
2833 0.7744490504264832
2834 0.8071781396865845
2835 0.5135965943336487
2836 0.6723376512527466
2837 0.7256967425346375
2838 0.6225724220275879
2839 0.5112900733947754
2840 0.5083236694335938
2841 0.7598375678062439
2842 0.7473891973495483
2843 0.6825096011161804
2844 0.5347486138343811
2845 0.6052783131599426
2846 0.5557635426521301
2847 0.5547691583633423
2848 0.5016435980796814
2849 0.7834138870239258
2850 0.5250171422958374
2851 0.6538962125778198
2852 0.7480834126472473
2853 0.7871477603912354
2854 0.517013669013977
2855 0.5019288063049316
2856 0.7296034097671509
2857 0.5631458163261414
2858 0.6726324558258057
2859 0.6949368715286255
2860 0.5895458459854126
2861 0.6194871664047241
2862 0.748721718788147
2863 0.6431168913841248
2864 0.8100985884666443
2865 0.7596991658210754
2866 0.5011817216873169
2867 0.6340246796607971
2868 0.5324893593788147
2869 0.6867007613182068
2870 0.7352020740509033
2871 0.6422761082649231
2872 0.5558942556381226
2873 0.5402000546455383
2874 0.6643614768981934
2875 0.8504257202148438
2876 0.7309492826461792
2877 0.6346079111099243
2878 0.5558510422706604
2879 0.6490371823310852
2880 0.7686355113983154
2881 0.5274962782859802
2882 0.580643355846405
2883 0.7434896230697632
2884 0.8332977294921875
2885 0.6010957956314087
2886 0.5064082741737366
2887 0.5651866793632507
2888 0.5387619137763977
2889 0.5635292530059814
2890 0.5123155117034912
2891 0.6995589137077332
2892 0.6381991505622864
2893 0.6213690042495728
2894 0.7062167525291443
2895 0.8392061591148376
2896 0.6437622308731079
2897 0.5461879372596741
2898 0.8007542490959167
2899 0.6665237545967102
2900 0.5861610770225525
2901 0.6825928688049316
2902 0.605613112449646
2903 0.76881343126297
2904 0.5660258531570435
2905 0.6835597157478333
2906 0.7533925175666809
2907 0.5997757911682129
2908 0.6395465135574341
2909 0.7869375348091125
2910 0.5247343182563782
2911 0.7229983806610107
2912 0.7522727251052856
2913 0.6032332181930542
2914 0.759401798248291
2915 0.6667085289955139
2916 0.6859768629074097
2917 0.6004235148429871
2918 0.8040323853492737
2919 0.5318911075592041
2920 0.5109074115753174
2921 0.596061646938324
2922 0.5834314823150635
2923 0.760643720626831
2924 0.8524222373962402
2925 0.7007168531417847
2926 0.689836323261261
2927 0.5691697597503662
2928 0.5922102332115173
2929 0.8066619038581848
2930 0.599907398223877
2931 0.5922412276268005
2932 0.6022684574127197
2933 0.5968149304389954
2934 0.7777849435806274
2935 0.7374953627586365
2936 0.6745439767837524
2937 0.806333601474762
2938 0.6845394372940063
2939 0.5776016712188721
2940 0.631305456161499
2941 0.6506799459457397
2942 0.8049402832984924
2943 0.718844473361969
2944 0.5048248767852783
2945 0.8329933881759644
2946 0.5122439861297607
2947 0.6499316692352295
2948 0.7475179433822632
2949 0.6396603584289551
2950 0.6880003213882446
2951 0.5679810643196106
2952 0.6606525778770447
2953 0.5524561405181885
2954 0.8485899567604065
2955 0.5032521486282349
2956 0.5965709090232849
2957 0.7282883524894714
2958 0.5123374462127686
2959 0.6600916981697083
2960 0.6101943850517273
2961 0.5072062015533447
2962 0.6667647957801819
2963 0.6009015440940857
2964 0.537739098072052
2965 0.774701714515686
2966 0.6678812503814697
2967 0.5908485651016235
2968 0.5177391171455383
2969 0.6524613499641418
2970 0.5276790261268616
2971 0.550982654094696
2972 0.543410062789917
2973 0.5865243673324585
2974 0.7586897611618042
2975 0.6123782396316528
2976 0.6061208248138428
2977 0.7395240664482117
2978 0.8046470284461975
2979 0.6024253368377686
2980 0.567347526550293
2981 0.6858091354370117
2982 0.8044562935829163
2983 0.7335417866706848
2984 0.5882250666618347
2985 0.6716392636299133
2986 0.6550833582878113
2987 0.7351776361465454
2988 0.7191761136054993
2989 0.508550226688385
2990 0.6569000482559204
2991 0.5558465123176575
2992 0.554783821105957
2993 0.5435659289360046
2994 0.513663649559021
2995 0.8153538107872009
2996 0.6931028962135315
2997 0.6928831934928894
2998 0.5924003720283508
2999 0.6292250156402588
3000 0.6075546741485596
3001 0.6256798505783081
3002 0.7596317529678345
3003 0.6608325242996216
3004 0.6289057731628418
3005 0.8392639756202698
3006 0.7888921499252319
3007 0.5538458824157715
3008 0.6614737510681152
3009 0.6743159294128418
3010 0.5055531859397888
3011 0.5833995938301086
3012 0.8337107300758362
3013 0.6894116401672363
3014 0.6888545751571655
3015 0.719939112663269
3016 0.6987868547439575
3017 0.7924445271492004
3018 0.7895945906639099
3019 0.6243115067481995
3020 0.6749365329742432
3021 0.8086385130882263
3022 0.6067310571670532
3023 0.7892312407493591
3024 0.6921913027763367
3025 0.6039077639579773
3026 0.543269693851471
3027 0.5394635796546936
3028 0.6141021847724915
3029 0.7282883524894714
3030 0.6897435188293457
3031 0.8005278706550598
3032 0.6862626075744629
3033 0.6266676187515259
3034 0.7547388672828674
3035 0.5019834041595459
3036 0.6002122163772583
3037 0.6585898399353027
3038 0.6734153032302856
3039 0.6284922361373901
3040 0.7137352228164673
3041 0.7019331455230713
3042 0.7377384305000305
3043 0.5110190510749817
3044 0.5162508487701416
3045 0.7891945242881775
3046 0.6591752171516418
3047 0.8623674511909485
3048 0.664454996585846
3049 0.6886487603187561
3050 0.7612984776496887
3051 0.6012979745864868
3052 0.817941427230835
3053 0.8039061427116394
3054 0.5628984570503235
3055 0.8365429639816284
3056 0.6454600691795349
3057 0.5800334811210632
3058 0.6491626501083374
3059 0.5463058948516846
3060 0.6871334910392761
3061 0.5203675627708435
3062 0.6390738487243652
3063 0.5922494530677795
3064 0.7113935351371765
3065 0.7650809288024902
3066 0.786666989326477
3067 0.6065687537193298
3068 0.8075293302536011
3069 0.6962831020355225
3070 0.6659165620803833
3071 0.5004534125328064
3072 0.6937994360923767
3073 0.5038021802902222
3074 0.5489720106124878
3075 0.7749124765396118
3076 0.5509994626045227
3077 0.5250961184501648
3078 0.5349093079566956
3079 0.8678396344184875
3080 0.860837996006012
3081 0.5447450280189514
3082 0.6541757583618164
3083 0.6726231575012207
3084 0.7490503787994385
3085 0.6626519560813904
3086 0.5988003015518188
3087 0.6211281418800354
3088 0.7016454339027405
3089 0.5338122248649597
3090 0.6417264342308044
3091 0.6476554274559021
3092 0.6138070225715637
3093 0.5018818974494934
3094 0.7539512515068054
3095 0.6565523743629456
3096 0.5019783973693848
3097 0.6620301008224487
3098 0.5531637668609619
3099 0.7025219202041626
3100 0.6082581281661987
3101 0.68475741147995
3102 0.5381142497062683
3103 0.8353550434112549
3104 0.6687338352203369
3105 0.5909788012504578
3106 0.7011933922767639
3107 0.6276053190231323
3108 0.5960004925727844
3109 0.7186006903648376
3110 0.663996696472168
3111 0.6589732766151428
3112 0.6079438924789429
3113 0.8406080007553101
3114 0.5545429587364197
3115 0.5069267749786377
3116 0.6708158254623413
3117 0.7048578858375549
3118 0.7393319606781006
3119 0.6322193145751953
3120 0.584801197052002
3121 0.753205418586731
3122 0.8083800077438354
3123 0.5736108422279358
3124 0.5070195198059082
3125 0.5068717002868652
3126 0.5313528776168823
3127 0.6987987756729126
3128 0.629611611366272
3129 0.7754429578781128
3130 0.615054726600647
3131 0.7390536665916443
3132 0.5135965943336487
3133 0.6660695672035217
3134 0.7822109460830688
3135 0.5940483808517456
3136 0.6960492730140686
3137 0.5503003001213074
3138 0.5281681418418884
3139 0.5470830798149109
3140 0.7483514547348022
3141 0.8584648966789246
3142 0.8546023368835449
3143 0.7820038199424744
3144 0.5162122249603271
3145 0.7484176158905029
3146 0.8432256579399109
3147 0.6191946864128113
3148 0.7090846300125122
3149 0.5024416446685791
3150 0.5791787505149841
3151 0.7548795938491821
3152 0.5352709293365479
3153 0.6697409152984619
3154 0.5031712651252747
3155 0.7482607960700989
3156 0.7488091588020325
3157 0.6540727615356445
3158 0.6396356225013733
3159 0.7052029967308044
3160 0.690862238407135
3161 0.5079469680786133
3162 0.804319441318512
3163 0.5230791568756104
3164 0.8371402025222778
3165 0.5162417888641357
3166 0.6404443383216858
3167 0.5307931900024414
3168 0.6915225386619568
3169 0.5354791879653931
3170 0.6126149892807007
3171 0.849998950958252
3172 0.5457196235656738
3173 0.8805550932884216
3174 0.5736909508705139
3175 0.5988476872444153
3176 0.8209628462791443
3177 0.7473928332328796
3178 0.642284095287323
3179 0.5230678915977478
3180 0.7209052443504333
3181 0.8421752452850342
3182 0.6923483610153198
3183 0.5427837371826172
3184 0.5912187099456787
3185 0.6111622452735901
3186 0.6487196683883667
3187 0.5560724139213562
3188 0.7747287750244141
3189 0.6915398240089417
3190 0.5591667890548706
3191 0.6173393726348877
3192 0.6403890252113342
3193 0.7847102284431458
3194 0.8466132283210754
3195 0.599703848361969
3196 0.5256422758102417
3197 0.5838044285774231
3198 0.5020406246185303
3199 0.5480305552482605
3200 0.6119902729988098
3201 0.7289642691612244
3202 0.6269814372062683
3203 0.5613153576850891
3204 0.8372509479522705
3205 0.534095823764801
3206 0.5142255425453186
3207 0.6145102381706238
3208 0.6633721590042114
3209 0.5915855765342712
3210 0.7266504168510437
3211 0.6011486649513245
3212 0.5955000519752502
3213 0.7051514387130737
3214 0.5807065963745117
3215 0.7648553848266602
3216 0.5122417211532593
3217 0.82791668176651
3218 0.8075535893440247
3219 0.575591504573822
3220 0.7926769256591797
3221 0.5172165632247925
3222 0.54307621717453
3223 0.6393512487411499
3224 0.8262309432029724
3225 0.5087757706642151
3226 0.63467937707901
3227 0.8186211585998535
3228 0.546278178691864
3229 0.8111146688461304
3230 0.6855180859565735
3231 0.637567400932312
3232 0.6389952301979065
3233 0.5320385098457336
3234 0.5945037007331848
3235 0.7148207426071167
3236 0.5985075831413269
3237 0.6962563395500183
3238 0.7665984630584717
3239 0.5951691269874573
3240 0.818842887878418
3241 0.687767744064331
3242 0.6167337894439697
3243 0.5247141122817993
3244 0.5616128444671631
3245 0.6630947589874268
3246 0.7923721671104431
3247 0.6025084257125854
3248 0.5460966229438782
3249 0.5158119797706604
3250 0.5513193011283875
3251 0.6052977442741394
3252 0.6295960545539856
3253 0.5902374982833862
3254 0.698458194732666
3255 0.6559416651725769
3256 0.605955183506012
3257 0.7076619267463684
3258 0.6836960911750793
3259 0.722446084022522
3260 0.6801030039787292
3261 0.6766749024391174
3262 0.5833176374435425
3263 0.5761569142341614
3264 0.5089340209960938
3265 0.6459672451019287
3266 0.7929364442825317
3267 0.6498976945877075
3268 0.7221732139587402
3269 0.7078573703765869
3270 0.6962975859642029
3271 0.754586935043335
3272 0.6722615957260132
3273 0.8161183595657349
3274 0.5686662197113037
3275 0.8279337286949158
3276 0.5319667458534241
3277 0.5352516174316406
3278 0.8210633993148804
3279 0.691923975944519
3280 0.842945396900177
3281 0.6861886978149414
3282 0.8391978144645691
3283 0.63780677318573
3284 0.6562931537628174
3285 0.5234389305114746
3286 0.6192005276679993
3287 0.7231348156929016
3288 0.8245272040367126
3289 0.5302643179893494
3290 0.5881077647209167
3291 0.5321168303489685
3292 0.8524410128593445
3293 0.639469563961029
3294 0.5583094954490662
3295 0.5500105619430542
3296 0.6952275633811951
3297 0.7635136842727661
3298 0.5493333339691162
3299 0.5192198753356934
3300 0.8221025466918945
3301 0.5573450922966003
3302 0.6830182671546936
3303 0.8066251277923584
3304 0.6594769358634949
3305 0.5867598056793213
3306 0.7606948614120483
3307 0.5628958940505981
3308 0.5610871315002441
3309 0.7688706517219543
3310 0.8155803084373474
3311 0.7684993147850037
3312 0.8343658447265625
3313 0.5687858462333679
3314 0.6366189122200012
3315 0.5058786273002625
3316 0.561578094959259
3317 0.683911144733429
3318 0.8413314819335938
3319 0.5562871098518372
3320 0.5808651447296143
3321 0.7033361196517944
3322 0.5393646955490112
3323 0.5835152864456177
3324 0.6657924652099609
3325 0.5739023089408875
3326 0.5767914056777954
3327 0.6694625020027161
3328 0.6301047801971436
3329 0.8268072009086609
3330 0.7043511271476746
3331 0.716252863407135
3332 0.630812406539917
3333 0.6495528221130371
3334 0.8071886301040649
3335 0.6353199481964111
3336 0.5969686508178711
3337 0.5431370735168457
3338 0.6548146605491638
3339 0.5910571217536926
3340 0.5137708783149719
3341 0.6784048676490784
3342 0.6592251658439636
3343 0.5984787940979004
3344 0.6576026082038879
3345 0.6902205348014832
3346 0.5500690937042236
3347 0.8158056139945984
3348 0.5129139423370361
3349 0.5922616720199585
3350 0.719845712184906
3351 0.588077187538147
3352 0.6117369532585144
3353 0.6168249249458313
3354 0.6226951479911804
3355 0.6849791407585144
3356 0.8255495429039001
3357 0.8033525943756104
3358 0.6737353801727295
3359 0.5862131118774414
3360 0.7969964742660522
3361 0.6054730415344238
3362 0.6463662385940552
3363 0.800588071346283
3364 0.6816367506980896
3365 0.5853145122528076
3366 0.5363995432853699
3367 0.563202977180481
3368 0.820914626121521
3369 0.6849212050437927
3370 0.6275981068611145
3371 0.8015488386154175
3372 0.8022333979606628
3373 0.6311716437339783
3374 0.8061484098434448
3375 0.6289467215538025
3376 0.7399460673332214
3377 0.6713588237762451
3378 0.6541688442230225
3379 0.578519344329834
3380 0.6519142985343933
3381 0.661797821521759
3382 0.7684659361839294
3383 0.7887751460075378
3384 0.7729061841964722
3385 0.6168079376220703
3386 0.7052431106567383
3387 0.8005133867263794
3388 0.7474541068077087
3389 0.6037582159042358
3390 0.8487536311149597
3391 0.6154477596282959
3392 0.5864619612693787
3393 0.5697154998779297
3394 0.7759846448898315
3395 0.8117742538452148
3396 0.5861378312110901
3397 0.7000057697296143
3398 0.5320601463317871
3399 0.6497794389724731
3400 0.6862136125564575
3401 0.7243807911872864
3402 0.6552466750144958
3403 0.5878773927688599
3404 0.8578498363494873
3405 0.5933210253715515
3406 0.5541276931762695
3407 0.8419945240020752
3408 0.6593627333641052
3409 0.6152400374412537
3410 0.6215052604675293
3411 0.8061971068382263
3412 0.6959958076477051
3413 0.6111865639686584
3414 0.7513303756713867
3415 0.6282487511634827
3416 0.6779232621192932
3417 0.5124272108078003
3418 0.5692684054374695
3419 0.6048656702041626
3420 0.6200024485588074
3421 0.6047466993331909
3422 0.5466734766960144
3423 0.7373514175415039
3424 0.519533097743988
3425 0.7505655884742737
3426 0.5942918658256531
3427 0.5710912346839905
3428 0.8354178667068481
3429 0.8099936246871948
3430 0.7457798719406128
3431 0.7612524628639221
3432 0.5133024454116821
3433 0.6676286458969116
3434 0.785186767578125
3435 0.6899875998497009
3436 0.7080840468406677
3437 0.6973415613174438
3438 0.6502990126609802
3439 0.5688652992248535
3440 0.6639090776443481
3441 0.607428252696991
3442 0.5031498074531555
3443 0.7579651474952698
3444 0.7068306803703308
3445 0.8446434140205383
3446 0.6379339098930359
3447 0.6178349256515503
3448 0.5822713971138
3449 0.6012628078460693
3450 0.6836332678794861
3451 0.6454975008964539
3452 0.6967765688896179
3453 0.6368505954742432
3454 0.8090739250183105
3455 0.6799132823944092
3456 0.6024080514907837
3457 0.5812051892280579
3458 0.6503750681877136
3459 0.5488545894622803
3460 0.5678335428237915
3461 0.7042103409767151
3462 0.731982409954071
3463 0.8452237248420715
3464 0.5123374462127686
3465 0.8304443359375
3466 0.7144787311553955
3467 0.6290518045425415
3468 0.8424480557441711
3469 0.8657700419425964
3470 0.5137757062911987
3471 0.5149233937263489
3472 0.6872442960739136
3473 0.7754786014556885
3474 0.6168276071548462
3475 0.5934027433395386
3476 0.7905921936035156
3477 0.6681276559829712
3478 0.621038019657135
3479 0.561508059501648
3480 0.8860195279121399
3481 0.8149405717849731
3482 0.7288002967834473
3483 0.8028915524482727
3484 0.5416585206985474
3485 0.6013663411140442
3486 0.8327156901359558
3487 0.6684302091598511
3488 0.6975461840629578
3489 0.6261548399925232
3490 0.8326654434204102
3491 0.8537554144859314
3492 0.6956702470779419
3493 0.801947295665741
3494 0.819283664226532
3495 0.6057782173156738
3496 0.7073451280593872
3497 0.6638879776000977
3498 0.6388076543807983
3499 0.6994288563728333
3500 0.630375862121582
3501 0.7530266046524048
3502 0.7284154891967773
3503 0.6422179341316223
3504 0.5145832300186157
3505 0.5739456415176392
3506 0.701002836227417
3507 0.5108320713043213
3508 0.6965547800064087
3509 0.7735247015953064
3510 0.5269439220428467
3511 0.7102659940719604
3512 0.5550412535667419
3513 0.6252302527427673
3514 0.6762070655822754
3515 0.5977247357368469
3516 0.5162761211395264
3517 0.5066051483154297
3518 0.6257094144821167
3519 0.619871973991394
3520 0.6416750550270081
3521 0.67280513048172
3522 0.6518280506134033
3523 0.636806845664978
3524 0.52695232629776
3525 0.6915037631988525
3526 0.550616979598999
3527 0.5832987427711487
3528 0.5632210969924927
3529 0.8352010250091553
3530 0.5007151365280151
3531 0.7572779655456543
3532 0.6114906072616577
3533 0.6198512315750122
3534 0.5028432011604309
3535 0.5949859023094177
3536 0.5772002339363098
3537 0.800588071346283
3538 0.509975016117096
3539 0.6026518940925598
3540 0.6505195498466492
3541 0.7950497269630432
3542 0.6325112581253052
3543 0.7089737057685852
3544 0.5454867482185364
3545 0.6652086973190308
3546 0.6030980348587036
3547 0.8053821325302124
3548 0.5534105896949768
3549 0.6312488913536072
3550 0.6935300827026367
3551 0.6749336123466492
3552 0.7976642847061157
3553 0.7997564673423767
3554 0.5519819855690002
3555 0.5433698296546936
3556 0.8091790676116943
3557 0.5787115693092346
3558 0.5545363426208496
3559 0.6024985909461975
3560 0.5639603734016418
3561 0.5047298669815063
3562 0.8369874358177185
3563 0.6257625222206116
3564 0.7337028384208679
3565 0.5763711333274841
3566 0.7336229681968689
3567 0.5896165370941162
3568 0.6801207065582275
3569 0.7920525670051575
3570 0.6241119503974915
3571 0.5492647886276245
3572 0.680128812789917
3573 0.7841269969940186
3574 0.6595914959907532
3575 0.6692302823066711
3576 0.646583080291748
3577 0.5923932194709778
3578 0.8248224854469299
3579 0.6109475493431091
3580 0.6069738268852234
3581 0.7726048827171326
3582 0.5496783256530762
3583 0.8340119123458862
3584 0.8966492414474487
3585 0.5674079060554504
3586 0.7431636452674866
3587 0.6641772389411926
3588 0.6308965682983398
3589 0.5057550072669983
3590 0.741942822933197
3591 0.6596123576164246
3592 0.7110795378684998
3593 0.588531494140625
3594 0.7905336618423462
3595 0.6244176626205444
3596 0.622367262840271
3597 0.6045185923576355
3598 0.5442010760307312
3599 0.8376566767692566
3600 0.8159209489822388
3601 0.586920440196991
3602 0.7624364495277405
3603 0.6051913499832153
3604 0.5683731436729431
3605 0.6730504631996155
3606 0.5663420557975769
3607 0.5079434514045715
3608 0.628013014793396
3609 0.5944686532020569
3610 0.852423369884491
3611 0.5353458523750305
3612 0.6207560300827026
3613 0.5001623630523682
3614 0.6061788201332092
3615 0.5921034812927246
3616 0.6322541236877441
3617 0.5253474116325378
3618 0.8683575391769409
3619 0.8489516973495483
3620 0.6889245510101318
3621 0.754790186882019
3622 0.5607638955116272
3623 0.587782084941864
3624 0.8521814942359924
3625 0.6312713027000427
3626 0.8339414596557617
3627 0.5758751034736633
3628 0.7390526533126831
3629 0.841356098651886
3630 0.5314523577690125
3631 0.6247022747993469
3632 0.5263766646385193
3633 0.8391987681388855
3634 0.8084873557090759
3635 0.8341443538665771
3636 0.5725356340408325
3637 0.6822699308395386
3638 0.5536354780197144
3639 0.8148195743560791
3640 0.6758993268013
3641 0.7785935997962952
3642 0.6578081846237183
3643 0.7653735876083374
3644 0.5437975525856018
3645 0.5077376961708069
3646 0.51566082239151
3647 0.5160880088806152
3648 0.6529080271720886
3649 0.8194871544837952
3650 0.7042669653892517
3651 0.5136614441871643
3652 0.8436843156814575
3653 0.6896407604217529
3654 0.848814070224762
3655 0.653161883354187
3656 0.6911669969558716
3657 0.7683858871459961
3658 0.7993980646133423
3659 0.5982192754745483
3660 0.6274650692939758
3661 0.5414406657218933
3662 0.5237669944763184
3663 0.7331095337867737
3664 0.7175431847572327
3665 0.6325735449790955
3666 0.6120221614837646
3667 0.5961478352546692
3668 0.8368815779685974
3669 0.6865574717521667
3670 0.6513575911521912
3671 0.8591780662536621
3672 0.8343955874443054
3673 0.6585149168968201
3674 0.6041482090950012
3675 0.7009132504463196
3676 0.759260892868042
3677 0.5349344611167908
3678 0.7226830720901489
3679 0.6947922706604004
3680 0.7124127745628357
3681 0.6238858103752136
3682 0.8264431357383728
3683 0.8086848855018616
3684 0.5415066480636597
3685 0.6771739721298218
3686 0.7522647380828857
3687 0.5680137872695923
