0 0.8145282864570618
1 0.6322448253631592
2 0.7409420609474182
3 0.7170590758323669
4 0.5343382954597473
5 0.6577075719833374
6 0.5603823661804199
7 0.5720847845077515
8 0.5459654331207275
9 0.5272880792617798
10 0.5147932171821594
11 0.5325765609741211
12 0.526658833026886
13 0.7862028479576111
14 0.7839422225952148
15 0.7398300170898438
16 0.6806062459945679
17 0.6201673150062561
18 0.527622640132904
19 0.5360458493232727
20 0.6150616407394409
21 0.7347946166992188
22 0.5658633708953857
23 0.623335063457489
24 0.5889049172401428
25 0.5630777478218079
26 0.6107838749885559
27 0.7992101311683655
28 0.8600736856460571
29 0.7310556769371033
30 0.7273883819580078
31 0.6061260104179382
32 0.5225138068199158
33 0.6494826674461365
34 0.5622802376747131
35 0.5494721531867981
36 0.8499148488044739
37 0.6282469034194946
38 0.5909132361412048
39 0.557465136051178
40 0.7579882740974426
41 0.5956956744194031
42 0.7170119285583496
43 0.5037539005279541
44 0.7572289705276489
45 0.6999117136001587
46 0.5950803756713867
47 0.6223355531692505
48 0.6504740715026855
49 0.9086352586746216
50 0.8902342319488525
51 0.6242234706878662
52 0.5355056524276733
53 0.5508934259414673
54 0.5321559309959412
55 0.6354527473449707
56 0.8198401927947998
57 0.541185200214386
58 0.786177933216095
59 0.8300873041152954
60 0.634533166885376
61 0.867843747138977
62 0.6360451579093933
63 0.615947425365448
64 0.7187846302986145
65 0.7982786893844604
66 0.8801748752593994
67 0.8935123085975647
68 0.6148599982261658
69 0.5072935819625854
70 0.6542435884475708
71 0.724896252155304
72 0.7014895081520081
73 0.5323618054389954
74 0.8333193063735962
75 0.5606551170349121
76 0.8031835556030273
77 0.8125914335250854
78 0.7892971038818359
79 0.6272147297859192
80 0.721441924571991
81 0.6149562001228333
82 0.8664613366127014
83 0.8557538986206055
84 0.7541740536689758
85 0.5482831597328186
86 0.800926148891449
87 0.8888152241706848
88 0.8828803300857544
89 0.7345123291015625
90 0.6395164728164673
91 0.5626158714294434
92 0.7832892537117004
93 0.6580159664154053
94 0.7799396514892578
95 0.5268261432647705
96 0.8894773125648499
97 0.6223249435424805
98 0.6117272973060608
99 0.8288565278053284
100 0.6683816313743591
101 0.6531012058258057
102 0.8130449056625366
103 0.7362672686576843
104 0.8018003106117249
105 0.7773023247718811
106 0.6639338731765747
107 0.7593849301338196
108 0.748257577419281
109 0.824882447719574
110 0.8957827687263489
111 0.6985679268836975
112 0.7154001593589783
113 0.7218705415725708
114 0.83677077293396
115 0.5259373784065247
116 0.5924140810966492
117 0.5329828262329102
118 0.8995391130447388
119 0.7453151345252991
120 0.7246531248092651
121 0.8387574553489685
122 0.5883132219314575
123 0.8995699882507324
124 0.6252279877662659
125 0.6699917912483215
126 0.878184974193573
127 0.7002062797546387
128 0.6847829818725586
129 0.6075310707092285
130 0.6643213033676147
131 0.588170051574707
132 0.8493159413337708
133 0.7548755407333374
134 0.65520840883255
135 0.7900826930999756
136 0.6525198817253113
137 0.8049291968345642
138 0.6356120109558105
139 0.6759301424026489
140 0.8582143783569336
141 0.6075310707092285
142 0.8513640761375427
143 0.5399268269538879
144 0.9206883311271667
145 0.7395952939987183
146 0.8113724589347839
147 0.6881945729255676
148 0.8062323331832886
149 0.50056391954422
150 0.6496040225028992
151 0.8727805614471436
152 0.6063132286071777
153 0.5652042627334595
154 0.525711178779602
155 0.536917507648468
156 0.8853386640548706
157 0.8810442090034485
158 0.8797263503074646
159 0.8620617389678955
160 0.5171464085578918
161 0.8958409428596497
162 0.8018354177474976
163 0.535754919052124
164 0.6127312183380127
165 0.6455655694007874
166 0.8735494613647461
167 0.8808280229568481
168 0.5895352363586426
169 0.7550744414329529
170 0.9229974746704102
171 0.7769937515258789
172 0.7500515580177307
173 0.6832153797149658
174 0.6376779675483704
175 0.6139363646507263
176 0.6742827892303467
177 0.8831444978713989
178 0.6109825968742371
179 0.8741896152496338
180 0.5188598036766052
181 0.7289742231369019
182 0.5366929769515991
183 0.7161883115768433
184 0.5015992522239685
185 0.8146520256996155
186 0.6234292387962341
187 0.9162032008171082
188 0.5243125557899475
189 0.6666746139526367
190 0.9268297553062439
191 0.5888519883155823
192 0.837724506855011
193 0.9120036959648132
194 0.7569755911827087
195 0.7492274641990662
196 0.5249471664428711
197 0.5000484585762024
198 0.698746919631958
199 0.5468870997428894
200 0.752177894115448
201 0.656614363193512
202 0.6317256093025208
203 0.8291972279548645
204 0.6118363738059998
205 0.5922233462333679
206 0.8797038793563843
207 0.8403540849685669
208 0.6398542523384094
209 0.6973363161087036
210 0.604641854763031
211 0.8806458711624146
212 0.7275819182395935
213 0.8535940051078796
214 0.8284737467765808
215 0.8883806467056274
216 0.5198554992675781
217 0.5635107159614563
218 0.8083270788192749
219 0.7184492349624634
220 0.631915271282196
221 0.7362655401229858
222 0.5360458493232727
223 0.6635726690292358
224 0.6040353775024414
225 0.6220470070838928
226 0.8519313931465149
227 0.5426798462867737
228 0.573739230632782
229 0.6654037833213806
230 0.576638400554657
231 0.6522486805915833
232 0.5857251286506653
233 0.5484925508499146
234 0.8659340739250183
235 0.5201789140701294
236 0.8924236297607422
237 0.8849618434906006
238 0.9075031876564026
239 0.5274970531463623
240 0.7191913723945618
241 0.8708374500274658
242 0.68330317735672
243 0.732775092124939
244 0.7176278829574585
245 0.6759729385375977
246 0.760020911693573
247 0.5088584423065186
248 0.7887100577354431
249 0.6963056325912476
250 0.5805472731590271
251 0.8575400710105896
252 0.5925804376602173
253 0.6389822959899902
254 0.6522703766822815
255 0.791669487953186
256 0.8357359766960144
257 0.867760956287384
258 0.5940762162208557
259 0.6659661531448364
260 0.8961198329925537
261 0.538507342338562
262 0.7889449000358582
263 0.8376429677009583
264 0.6250070333480835
265 0.718488335609436
266 0.5314362645149231
267 0.9129725098609924
268 0.8354058861732483
269 0.6830022931098938
270 0.5176906585693359
271 0.5397762060165405
272 0.5755354166030884
273 0.7337538003921509
274 0.7152341604232788
275 0.58502596616745
276 0.569827675819397
277 0.5118258595466614
278 0.7229558825492859
279 0.865278422832489
280 0.6757053136825562
281 0.7949579954147339
282 0.8123695850372314
283 0.7190309762954712
284 0.8257414102554321
285 0.81036776304245
286 0.5299469232559204
287 0.8841733336448669
288 0.7900812029838562
289 0.6810412406921387
290 0.5379865765571594
291 0.5398961305618286
292 0.5996990203857422
293 0.7467960119247437
294 0.8025354743003845
295 0.6282404065132141
296 0.8826539516448975
297 0.7019659876823425
298 0.8415809869766235
299 0.9273602962493896
300 0.6853843927383423
301 0.512646496295929
302 0.8602336645126343
303 0.5357620716094971
304 0.6887350082397461
305 0.8598853349685669
306 0.8084933161735535
307 0.6254279613494873
308 0.5532494783401489
309 0.5653687119483948
310 0.8025897741317749
311 0.7466382384300232
312 0.6639276742935181
313 0.6894707083702087
314 0.6054112911224365
315 0.718681275844574
316 0.7793517112731934
317 0.5168805718421936
318 0.6308881640434265
319 0.578554093837738
320 0.684459388256073
321 0.5642836689949036
322 0.783118724822998
323 0.5368281006813049
324 0.7230409979820251
325 0.6298034191131592
326 0.661878228187561
327 0.6725646257400513
328 0.689648449420929
329 0.7409313321113586
330 0.8790839910507202
331 0.7255990505218506
332 0.5944631695747375
333 0.8835311532020569
334 0.6503350734710693
335 0.6414183974266052
336 0.7974486351013184
337 0.8124936819076538
338 0.6316986680030823
339 0.6336175799369812
340 0.9043184518814087
341 0.8587982058525085
342 0.8626888990402222
343 0.6401956081390381
344 0.7581872344017029
345 0.6762895584106445
346 0.7189897894859314
347 0.7044891119003296
348 0.8929595947265625
349 0.8853687047958374
350 0.6162593364715576
351 0.5078269243240356
352 0.6835924983024597
353 0.6691439747810364
354 0.6381527185440063
355 0.5867379903793335
356 0.5516517162322998
357 0.8255455493927002
358 0.7325339913368225
359 0.500227689743042
360 0.6495145559310913
361 0.6811861991882324
362 0.8699395656585693
363 0.6965486407279968
364 0.6909748911857605
365 0.6722171902656555
366 0.8262883424758911
367 0.6851797699928284
368 0.6882792115211487
369 0.8444858193397522
370 0.7785489559173584
371 0.5192088484764099
372 0.5986002087593079
373 0.7250542640686035
374 0.7324927449226379
375 0.5988225340843201
376 0.778785228729248
377 0.7672221660614014
378 0.7786027789115906
379 0.683158278465271
380 0.565564751625061
381 0.8341370820999146
382 0.8182203769683838
383 0.595231831073761
384 0.7951074838638306
385 0.6571645140647888
386 0.7696408629417419
387 0.6607450842857361
388 0.9135680794715881
389 0.6661003232002258
390 0.9341129660606384
391 0.5689465999603271
392 0.6117112636566162
393 0.8210261464118958
394 0.7184269428253174
395 0.7979552149772644
396 0.7014614939689636
397 0.7468488216400146
398 0.5484299659729004
399 0.5353127717971802
400 0.8821988105773926
401 0.5304455757141113
402 0.8230651617050171
403 0.7753171920776367
404 0.648277997970581
405 0.6152259111404419
406 0.5011717677116394
407 0.5181283354759216
408 0.6735398769378662
409 0.8537600040435791
410 0.6376740336418152
411 0.8992131352424622
412 0.7601324915885925
413 0.6407632827758789
414 0.7357110381126404
415 0.6168379187583923
416 0.689414918422699
417 0.5905222296714783
418 0.551257848739624
419 0.6789073348045349
420 0.7307295203208923
421 0.814136266708374
422 0.6278985738754272
423 0.5540728569030762
424 0.7849087119102478
425 0.7683959603309631
426 0.8593018651008606
427 0.6458708643913269
428 0.8490285277366638
429 0.8825095295906067
430 0.757817268371582
431 0.6976438760757446
432 0.5274951457977295
433 0.5629212260246277
434 0.8053951859474182
435 0.6176180243492126
436 0.6558848023414612
437 0.5632012486457825
438 0.7973540425300598
439 0.8839417695999146
440 0.7670737504959106
441 0.887224555015564
442 0.5916973352432251
443 0.8750172853469849
444 0.5195462107658386
445 0.5011743903160095
446 0.7053396105766296
447 0.6395857930183411
448 0.8475929498672485
449 0.7768526673316956
450 0.6712786555290222
451 0.6070429682731628
452 0.8384922742843628
453 0.5427110195159912
454 0.8245437741279602
455 0.7281307578086853
456 0.8350436687469482
457 0.62204909324646
458 0.6959233283996582
459 0.6892416477203369
460 0.6918548941612244
461 0.5085636377334595
462 0.5595794320106506
463 0.6396142244338989
464 0.5629792213439941
465 0.8054835200309753
466 0.6869738101959229
467 0.6148384213447571
468 0.5360958576202393
469 0.8192737102508545
470 0.7408415675163269
471 0.6261202096939087
472 0.7532299757003784
473 0.8039190769195557
474 0.7895250916481018
475 0.5511537194252014
476 0.7916058897972107
477 0.5801627039909363
478 0.7269383668899536
479 0.6029081344604492
480 0.614770770072937
481 0.527335524559021
482 0.5149593353271484
483 0.5362151265144348
484 0.6500453948974609
485 0.8273004293441772
486 0.8422836065292358
487 0.791337788105011
488 0.6361408829689026
489 0.8193711042404175
490 0.8499509692192078
491 0.5010305047035217
492 0.8287025094032288
493 0.6758245825767517
494 0.5888676643371582
495 0.7332152724266052
496 0.7038543820381165
497 0.5618549585342407
498 0.6167888641357422
499 0.7518033385276794
500 0.8981009721755981
501 0.7715016603469849
502 0.7915593385696411
503 0.8542333245277405
504 0.7377554774284363
505 0.6991792321205139
506 0.7199538946151733
507 0.5722070336341858
508 0.8114496469497681
509 0.7918325066566467
510 0.7083002328872681
511 0.5072935819625854
512 0.5783283114433289
513 0.814104437828064
514 0.7177444696426392
515 0.9040319919586182
516 0.9178121089935303
517 0.8969511389732361
518 0.8455250859260559
519 0.7035581469535828
520 0.5727277398109436
521 0.6038900017738342
522 0.8620539903640747
523 0.6324719786643982
524 0.6175876259803772
525 0.8583073019981384
526 0.6418395638465881
527 0.8188441395759583
528 0.5402320623397827
529 0.8060711026191711
530 0.8661440014839172
531 0.6758252382278442
532 0.6286903619766235
533 0.7654662728309631
534 0.8706257343292236
535 0.5439724326133728
536 0.5442092418670654
537 0.9031010866165161
538 0.578311562538147
539 0.8976666927337646
540 0.6652013659477234
541 0.8061280250549316
542 0.8081525564193726
543 0.626140296459198
544 0.532869815826416
545 0.510143518447876
546 0.8637579083442688
547 0.7968738079071045
548 0.7398602366447449
549 0.8748364448547363
550 0.8983588218688965
551 0.7653013467788696
552 0.5758295059204102
553 0.7729640007019043
554 0.500523567199707
555 0.8485648036003113
556 0.564873993396759
557 0.735674262046814
558 0.6592895984649658
559 0.822079598903656
560 0.695040762424469
561 0.9083247780799866
562 0.8668601512908936
563 0.8584428429603577
564 0.813000500202179
565 0.6882930994033813
566 0.7834872007369995
567 0.5109633803367615
568 0.7918221354484558
569 0.5767894387245178
570 0.669783353805542
571 0.8580990433692932
572 0.5662701725959778
573 0.7953493595123291
574 0.8732684254646301
575 0.5494285821914673
576 0.7396024465560913
577 0.877889096736908
578 0.6510703563690186
579 0.7382161021232605
580 0.5518864989280701
581 0.6331941485404968
582 0.6744559407234192
583 0.6755550503730774
584 0.7873653769493103
585 0.905591607093811
586 0.6865937113761902
587 0.8234792947769165
588 0.5006600618362427
589 0.6082287430763245
590 0.8693110942840576
591 0.5422333478927612
592 0.7565804123878479
593 0.630352258682251
594 0.5587738156318665
595 0.6614411473274231
596 0.5512942671775818
597 0.7005730271339417
598 0.8442901968955994
599 0.6289302110671997
600 0.720308780670166
601 0.7106800675392151
602 0.7167403101921082
603 0.5429482460021973
604 0.7484513521194458
605 0.743263840675354
606 0.707951545715332
607 0.5836995840072632
608 0.8722373247146606
609 0.6874015927314758
610 0.6618183255195618
611 0.7682353258132935
612 0.9197144508361816
613 0.9056562781333923
614 0.8328186273574829
615 0.8819288015365601
616 0.8653144836425781
617 0.8415724039077759
618 0.5465165972709656
619 0.8559145331382751
620 0.5879122018814087
621 0.5829412341117859
622 0.925652265548706
623 0.6607033014297485
624 0.5386972427368164
625 0.5773348808288574
626 0.7787987589836121
627 0.5919546484947205
628 0.8422894477844238
629 0.7374469637870789
630 0.6209035515785217
631 0.7472978234291077
632 0.8744326233863831
633 0.732144296169281
634 0.6746618151664734
635 0.7503010034561157
636 0.7022761106491089
637 0.6297001838684082
638 0.6473358273506165
639 0.6927868127822876
640 0.8198328018188477
641 0.6161506772041321
642 0.5115810036659241
643 0.5384125709533691
644 0.8069159388542175
645 0.8880339860916138
646 0.718122661113739
647 0.6154220104217529
648 0.5118137001991272
649 0.580700695514679
650 0.7512055039405823
651 0.683013379573822
652 0.7725909352302551
653 0.5836532115936279
654 0.8749459385871887
655 0.7859101891517639
656 0.6987417340278625
657 0.9230132102966309
658 0.6759868860244751
659 0.5370736718177795
660 0.788450300693512
661 0.5115383267402649
662 0.8700593113899231
663 0.8896512389183044
664 0.8081849217414856
665 0.8043856620788574
666 0.6580950021743774
667 0.8861792087554932
668 0.5893728137016296
669 0.6244291067123413
670 0.7989147305488586
671 0.5802859663963318
672 0.5794464349746704
673 0.5080797672271729
674 0.7801106572151184
675 0.7457809448242188
676 0.8234747648239136
677 0.5470985174179077
678 0.5135883092880249
679 0.7730674147605896
680 0.5075360536575317
681 0.8111894130706787
682 0.8436196446418762
683 0.6312789916992188
684 0.9255847334861755
685 0.5013117790222168
686 0.8168862462043762
687 0.6457104682922363
688 0.5330765843391418
689 0.513649046421051
690 0.727837085723877
691 0.6777709126472473
692 0.6009314060211182
693 0.8367830514907837
694 0.5509563684463501
695 0.5660834908485413
696 0.5276931524276733
697 0.6303282976150513
698 0.5375272035598755
699 0.5968165993690491
700 0.7803475260734558
701 0.5810500383377075
702 0.6484777927398682
703 0.7848185300827026
704 0.829709529876709
705 0.9046283960342407
706 0.8019489645957947
707 0.7012074589729309
708 0.8945394158363342
709 0.562445342540741
710 0.5873648524284363
711 0.5514543652534485
712 0.9244547486305237
713 0.5471005439758301
714 0.5348745584487915
715 0.578189492225647
716 0.5446357131004333
717 0.907309889793396
718 0.6294043660163879
719 0.765981912612915
720 0.6147492527961731
721 0.7837791442871094
722 0.6644644141197205
723 0.6043190360069275
724 0.9193879961967468
725 0.7731451392173767
726 0.605942964553833
727 0.5011674761772156
728 0.6808943748474121
729 0.571236252784729
730 0.7974592447280884
731 0.743546724319458
732 0.6341866850852966
733 0.7094395160675049
734 0.538250744342804
735 0.8420444130897522
736 0.6045089364051819
737 0.9326920509338379
738 0.8478612899780273
739 0.8808335065841675
740 0.6123583316802979
741 0.5665926337242126
742 0.6537429094314575
743 0.6514461040496826
744 0.6571753621101379
745 0.8741915225982666
746 0.5961489677429199
747 0.7170647382736206
748 0.6793373823165894
749 0.5164728760719299
750 0.5928293466567993
751 0.7650138735771179
752 0.7801179885864258
753 0.5339116454124451
754 0.7057124972343445
755 0.5194982886314392
756 0.5966686010360718
757 0.7175945043563843
758 0.7396565675735474
759 0.8860974311828613
760 0.6993418335914612
761 0.8853554129600525
762 0.6799265146255493
763 0.8889147639274597
764 0.8415622711181641
765 0.6440402865409851
766 0.7711259722709656
767 0.6405459046363831
768 0.6883257627487183
769 0.846612274646759
770 0.5113693475723267
771 0.5784201622009277
772 0.765102207660675
773 0.6751170754432678
774 0.5980772376060486
775 0.8355247974395752
776 0.7715827226638794
777 0.8906774520874023
778 0.6313989758491516
779 0.5794308185577393
780 0.7110527157783508
781 0.6942952871322632
782 0.6479696035385132
783 0.6536106467247009
784 0.5774446129798889
785 0.8680041432380676
786 0.7054463624954224
787 0.8817335963249207
788 0.9088467955589294
789 0.7617852091789246
790 0.8607826828956604
791 0.6477953791618347
792 0.6869008541107178
793 0.7029571533203125
794 0.5263242125511169
795 0.6811301112174988
796 0.6275926828384399
797 0.501250147819519
798 0.8554376363754272
799 0.5755093693733215
800 0.8414202332496643
801 0.708564043045044
802 0.6047520041465759
803 0.8822917938232422
804 0.7015028595924377
805 0.640728771686554
806 0.6390164494514465
807 0.8208431005477905
808 0.6064802408218384
809 0.7655843496322632
810 0.7290202379226685
811 0.8907575011253357
812 0.6789404153823853
813 0.8573431372642517
814 0.8196995258331299
815 0.5671002864837646
816 0.6775950789451599
817 0.683737576007843
818 0.7828452587127686
819 0.718122661113739
820 0.8495236039161682
821 0.5868123769760132
822 0.7487257719039917
823 0.7396189570426941
824 0.8301432132720947
825 0.7169830203056335
826 0.8207017779350281
827 0.5453938841819763
828 0.5869595408439636
829 0.5831974148750305
830 0.7975470423698425
831 0.675187885761261
832 0.6137032508850098
833 0.6930540204048157
834 0.6305082440376282
835 0.7123464941978455
836 0.5001044273376465
837 0.6759993433952332
838 0.5091478228569031
839 0.5682523846626282
840 0.9100365042686462
841 0.5417983531951904
842 0.5417818427085876
843 0.75957190990448
844 0.673186182975769
845 0.8867591619491577
846 0.8778967261314392
847 0.6664984226226807
848 0.5722329020500183
849 0.5168121457099915
850 0.7679618000984192
851 0.5889540314674377
852 0.8235378861427307
853 0.505629301071167
854 0.5421345233917236
855 0.8195111751556396
856 0.7418974041938782
857 0.6798565983772278
858 0.58713698387146
859 0.6508587598800659
860 0.5468677878379822
861 0.8062323331832886
862 0.5939006209373474
863 0.7323532104492188
864 0.5008987188339233
865 0.8022817373275757
866 0.6585187911987305
867 0.603879988193512
868 0.8033536076545715
869 0.8334493637084961
870 0.6306549906730652
871 0.633335292339325
872 0.6676267981529236
873 0.8768187165260315
874 0.873791515827179
875 0.6909744143486023
876 0.6227348446846008
877 0.7660002112388611
878 0.7890416383743286
879 0.9159533977508545
880 0.549659252166748
881 0.51792311668396
882 0.8821368217468262
883 0.6375352740287781
884 0.8517350554466248
885 0.8830569386482239
886 0.5500881671905518
887 0.5789102911949158
888 0.8730379939079285
889 0.8300254940986633
890 0.7363744378089905
891 0.5426798462867737
892 0.6600497364997864
893 0.6735904812812805
894 0.8081627488136292
895 0.6660007238388062
896 0.5343326330184937
897 0.8421981930732727
898 0.7808677554130554
899 0.6755729913711548
900 0.9077283143997192
901 0.879686713218689
902 0.6268337965011597
903 0.8760682344436646
904 0.866832971572876
905 0.6734246611595154
906 0.7796837687492371
907 0.5912108421325684
908 0.5184102058410645
909 0.648120105266571
910 0.8047468662261963
911 0.5344163775444031
912 0.5270453691482544
913 0.5786352157592773
914 0.5432130098342896
915 0.5788149237632751
916 0.6054825782775879
917 0.7608487010002136
918 0.5354360342025757
919 0.71458899974823
920 0.7593368291854858
921 0.8865804672241211
922 0.8437103629112244
923 0.657861590385437
924 0.9302449226379395
925 0.5358419418334961
926 0.5789260268211365
927 0.8273488879203796
928 0.6833633184432983
929 0.6757660508155823
930 0.7707027196884155
931 0.7230187654495239
932 0.5134713053703308
933 0.8602336645126343
934 0.907240629196167
935 0.7399149537086487
936 0.6222983598709106
937 0.5316815376281738
938 0.6229881048202515
939 0.6783533096313477
940 0.6897905468940735
941 0.8505880236625671
942 0.759018063545227
943 0.7001663446426392
944 0.7721335291862488
945 0.6420338749885559
946 0.7980436682701111
947 0.6837422251701355
948 0.8435148000717163
949 0.6562707424163818
950 0.6543465852737427
951 0.5813949108123779
952 0.6532012224197388
953 0.8823118209838867
954 0.5776442885398865
955 0.6535629034042358
956 0.6798720955848694
957 0.794848620891571
958 0.6480467915534973
959 0.8274492025375366
960 0.5332239270210266
961 0.8539140820503235
962 0.5471711754798889
963 0.553313672542572
964 0.567805290222168
965 0.751630961894989
966 0.5347299575805664
967 0.7170687913894653
968 0.6744966506958008
969 0.7977834343910217
970 0.8047086596488953
971 0.7152099013328552
972 0.7928599119186401
973 0.5425113439559937
974 0.719590961933136
975 0.7246219515800476
976 0.5195429921150208
977 0.6402896046638489
978 0.5293607115745544
979 0.5912026166915894
980 0.8381242752075195
981 0.8920868039131165
982 0.5093310475349426
983 0.7721298336982727
984 0.66292405128479
985 0.6144793629646301
986 0.9149529337882996
987 0.750781774520874
988 0.8986676931381226
989 0.8294246196746826
990 0.7652069926261902
991 0.6393901705741882
992 0.597170889377594
993 0.6643455624580383
994 0.8425806164741516
995 0.5900715589523315
996 0.8656468391418457
997 0.8893446326255798
998 0.532675564289093
999 0.8521302342414856
1000 0.5591669678688049
1001 0.8983588218688965
1002 0.653851330280304
1003 0.7581812143325806
1004 0.5953429341316223
1005 0.6309980750083923
1006 0.5608060359954834
1007 0.5452976226806641
1008 0.6063200831413269
1009 0.5176459550857544
1010 0.6465755701065063
1011 0.5516983270645142
1012 0.6687406897544861
1013 0.6719951629638672
1014 0.6677748560905457
1015 0.7717395424842834
1016 0.7577893137931824
1017 0.597481906414032
1018 0.7184288501739502
1019 0.9157052040100098
1020 0.6420528292655945
1021 0.6950383186340332
1022 0.5524165034294128
1023 0.8262972831726074
1024 0.6744985580444336
1025 0.820888340473175
1026 0.8131048083305359
1027 0.6371892690658569
1028 0.5885435342788696
1029 0.6708263754844666
1030 0.8204107284545898
1031 0.5539547801017761
1032 0.6320319175720215
1033 0.5888834595680237
1034 0.8694336414337158
1035 0.7494770884513855
1036 0.5240731835365295
1037 0.61318439245224
1038 0.6883234977722168
1039 0.6161723732948303
1040 0.6030719876289368
1041 0.5692599415779114
1042 0.824043333530426
1043 0.6570101976394653
1044 0.5344103574752808
1045 0.6151432991027832
1046 0.8909160494804382
1047 0.8457911014556885
1048 0.7983396053314209
1049 0.7308716177940369
1050 0.7564340233802795
1051 0.5860105156898499
1052 0.5169357657432556
1053 0.6873984932899475
1054 0.6662991642951965
1055 0.8989887833595276
1056 0.8254308700561523
1057 0.5781548619270325
1058 0.5372360348701477
1059 0.877558708190918
1060 0.7181907892227173
1061 0.5469410419464111
1062 0.7696408629417419
1063 0.6391682624816895
1064 0.8771231174468994
1065 0.68089359998703
1066 0.8049291968345642
1067 0.6140214204788208
1068 0.8297114968299866
1069 0.5508152842521667
1070 0.5691096782684326
1071 0.8567019701004028
1072 0.5865607857704163
1073 0.5514857172966003
1074 0.7714425921440125
1075 0.8556696772575378
1076 0.8431601524353027
1077 0.7915887832641602
1078 0.8215094804763794
1079 0.6125848889350891
1080 0.7658568620681763
1081 0.6910496354103088
1082 0.7895897030830383
1083 0.7894261479377747
1084 0.6786438822746277
1085 0.7891544699668884
1086 0.6315979957580566
1087 0.6988829374313354
1088 0.9028118252754211
1089 0.6565133333206177
1090 0.8023138642311096
1091 0.7963076829910278
1092 0.9135980606079102
1093 0.5708516836166382
1094 0.6387510895729065
1095 0.6307977437973022
1096 0.7056177258491516
1097 0.7972350716590881
1098 0.7003787159919739
1099 0.8655573725700378
1100 0.7737229466438293
1101 0.8391283750534058
1102 0.6508437395095825
1103 0.6797260046005249
1104 0.652979850769043
1105 0.511088490486145
1106 0.8536604642868042
1107 0.563933789730072
1108 0.8950865864753723
1109 0.6549058556556702
1110 0.8592652678489685
1111 0.6077671051025391
1112 0.6306180953979492
1113 0.5059869885444641
1114 0.9061397910118103
1115 0.7653059959411621
1116 0.5520936250686646
1117 0.7370703816413879
1118 0.7660364508628845
1119 0.8022604584693909
1120 0.603042483329773
1121 0.8965718746185303
1122 0.5407502055168152
1123 0.9201000332832336
1124 0.6602013111114502
1125 0.5203791260719299
1126 0.7592900991439819
1127 0.5278684496879578
1128 0.8460631370544434
1129 0.5533743500709534
1130 0.6317556500434875
1131 0.664542019367218
1132 0.7834899425506592
1133 0.7486757636070251
1134 0.8624316453933716
1135 0.5048437118530273
1136 0.7906647324562073
1137 0.5859972238540649
1138 0.5900740623474121
1139 0.5521484613418579
1140 0.5438425540924072
1141 0.7360245585441589
1142 0.6100844740867615
1143 0.791191816329956
1144 0.7608389854431152
1145 0.6291230320930481
1146 0.7816219925880432
1147 0.7473316788673401
1148 0.5312002301216125
1149 0.5961806774139404
1150 0.7455424070358276
1151 0.533785343170166
1152 0.7518579959869385
1153 0.6291230320930481
1154 0.6746559143066406
1155 0.6238152980804443
1156 0.7306374907493591
1157 0.6262308955192566
1158 0.7291550040245056
1159 0.6325620412826538
1160 0.6312789916992188
1161 0.7052956819534302
1162 0.6413992643356323
1163 0.6086147427558899
1164 0.69031822681427
1165 0.800906777381897
1166 0.6977753639221191
1167 0.8792942762374878
1168 0.5362628102302551
1169 0.614450216293335
1170 0.814873218536377
1171 0.5382910966873169
1172 0.5548713207244873
1173 0.5082132816314697
1174 0.8009476065635681
1175 0.6413464546203613
1176 0.6029130816459656
1177 0.7136220932006836
1178 0.9145205616950989
1179 0.5977523922920227
1180 0.8429072499275208
1181 0.8035591840744019
1182 0.7467076182365417
1183 0.7667316198348999
1184 0.5528171062469482
1185 0.5799624919891357
1186 0.5088163614273071
1187 0.890040934085846
1188 0.6033636927604675
1189 0.8872597813606262
1190 0.7205599546432495
1191 0.8779944181442261
1192 0.810767650604248
1193 0.7902129292488098
1194 0.5100139379501343
1195 0.6828336119651794
1196 0.703173816204071
1197 0.8600633144378662
1198 0.5462228655815125
1199 0.8595623970031738
1200 0.5185688138008118
1201 0.5842338800430298
1202 0.509053647518158
1203 0.6328381896018982
1204 0.8757861256599426
1205 0.836417019367218
1206 0.6440371870994568
1207 0.5607200264930725
1208 0.9194720983505249
1209 0.8792313933372498
1210 0.5397048592567444
1211 0.6859551668167114
1212 0.5797688961029053
1213 0.8917356133460999
1214 0.8070277571678162
1215 0.8369713425636292
1216 0.6754155158996582
1217 0.7682002782821655
1218 0.8073114156723022
1219 0.7754467129707336
1220 0.7983865141868591
1221 0.6116948127746582
1222 0.8697383999824524
1223 0.7119998931884766
1224 0.5825993418693542
1225 0.7070534229278564
1226 0.610103189945221
1227 0.6450977325439453
1228 0.7466076016426086
1229 0.8089404106140137
1230 0.8941037058830261
1231 0.652979850769043
1232 0.544843316078186
1233 0.6516530513763428
1234 0.6526952981948853
1235 0.8333203196525574
1236 0.8543327450752258
1237 0.6017254590988159
1238 0.8478550910949707
1239 0.5869349837303162
1240 0.6965894103050232
1241 0.7111998200416565
1242 0.7977392673492432
1243 0.5650327205657959
1244 0.6541590094566345
1245 0.5888323187828064
1246 0.5724014639854431
1247 0.7304751873016357
1248 0.695559024810791
1249 0.8336224555969238
1250 0.6222336292266846
1251 0.7805769443511963
1252 0.8374620676040649
1253 0.520589292049408
1254 0.5908400416374207
1255 0.8201014995574951
1256 0.8700693249702454
1257 0.6549267172813416
1258 0.722669780254364
1259 0.8231667876243591
1260 0.7786147594451904
1261 0.7334991097450256
1262 0.7581812143325806
1263 0.5886020660400391
1264 0.6571827530860901
1265 0.5715631246566772
1266 0.7195069789886475
1267 0.9125986099243164
1268 0.6663845777511597
1269 0.7676037549972534
1270 0.5625262260437012
1271 0.5737872123718262
1272 0.5886659026145935
1273 0.7014627456665039
1274 0.6749431490898132
1275 0.7601183652877808
1276 0.6105427742004395
1277 0.5351495742797852
1278 0.8367788195610046
1279 0.6522486805915833
1280 0.5637193322181702
1281 0.7233668565750122
1282 0.7441451549530029
1283 0.8313159346580505
1284 0.795498788356781
1285 0.696234941482544
1286 0.7806915640830994
1287 0.7378559112548828
1288 0.5420973896980286
1289 0.6986305117607117
1290 0.8142247200012207
1291 0.7645539045333862
1292 0.5091633200645447
1293 0.8253947496414185
1294 0.6192988753318787
1295 0.6786821484565735
1296 0.5091801285743713
1297 0.8947889804840088
1298 0.7593640685081482
1299 0.8274976015090942
1300 0.6141424775123596
1301 0.8649625778198242
1302 0.5314294695854187
1303 0.7850514054298401
1304 0.9124870300292969
1305 0.69098961353302
1306 0.8616931438446045
1307 0.6563124656677246
1308 0.6337969303131104
1309 0.875378429889679
1310 0.6797664761543274
1311 0.6644077897071838
1312 0.5542004108428955
1313 0.7072588801383972
1314 0.8342679142951965
1315 0.5102818608283997
1316 0.8486615419387817
1317 0.5660120844841003
1318 0.6328702569007874
1319 0.7182740569114685
1320 0.7781577706336975
1321 0.7306317090988159
1322 0.7022650837898254
1323 0.862675130367279
1324 0.5796054005622864
1325 0.8432489037513733
1326 0.6970083713531494
1327 0.550595223903656
1328 0.5633467435836792
1329 0.6055983901023865
1330 0.6686282157897949
1331 0.5346469879150391
1332 0.587279736995697
1333 0.7597068548202515
1334 0.7903884649276733
1335 0.5773047804832458
1336 0.8077241778373718
1337 0.6298522353172302
1338 0.6223584413528442
1339 0.5068289041519165
1340 0.8540351390838623
1341 0.8088562488555908
1342 0.8778396844863892
1343 0.6126113533973694
1344 0.7188065648078918
1345 0.696264922618866
1346 0.5806532502174377
1347 0.6035844087600708
1348 0.848373293876648
1349 0.6547313332557678
1350 0.5392256379127502
1351 0.5794419050216675
1352 0.8899266719818115
1353 0.697529137134552
1354 0.5302074551582336
1355 0.7106488347053528
1356 0.5438762903213501
1357 0.7902090549468994
1358 0.6715645790100098
1359 0.7166282534599304
1360 0.527335524559021
1361 0.7857735753059387
1362 0.731170654296875
1363 0.5860593318939209
1364 0.7614111304283142
1365 0.6295564770698547
1366 0.6785644888877869
1367 0.6279374957084656
1368 0.7173369526863098
1369 0.8714560270309448
1370 0.7874669432640076
1371 0.5168400406837463
1372 0.8209599852561951
1373 0.5810241103172302
1374 0.8309124708175659
1375 0.5249262452125549
1376 0.8463767766952515
1377 0.7895582318305969
1378 0.5706234574317932
1379 0.5104587078094482
1380 0.5941851735115051
1381 0.6177753806114197
1382 0.6787372827529907
1383 0.8347879648208618
1384 0.6293700933456421
1385 0.8038638830184937
1386 0.719441294670105
1387 0.5016259551048279
1388 0.6786561012268066
1389 0.8190167546272278
1390 0.5261184573173523
1391 0.6579597592353821
1392 0.6318089962005615
1393 0.8739911317825317
1394 0.511488676071167
1395 0.6759523749351501
1396 0.7861124277114868
1397 0.7331267595291138
1398 0.6808724999427795
1399 0.813717246055603
1400 0.6761441230773926
1401 0.5012902617454529
1402 0.6719497442245483
1403 0.835063099861145
1404 0.6122186779975891
1405 0.8333175778388977
1406 0.6770113110542297
1407 0.5704287886619568
1408 0.7875357270240784
1409 0.6613183617591858
1410 0.5697949528694153
1411 0.8019072413444519
1412 0.6983177065849304
1413 0.7436043620109558
1414 0.7480967044830322
1415 0.9402933716773987
1416 0.603553831577301
1417 0.5480168461799622
1418 0.6112538576126099
1419 0.5714730620384216
1420 0.689730703830719
1421 0.5784876942634583
1422 0.7728456854820251
1423 0.7058516144752502
1424 0.7774328589439392
1425 0.5025463104248047
1426 0.9040725231170654
1427 0.6091346740722656
1428 0.6848355531692505
1429 0.8839110732078552
1430 0.6511369943618774
1431 0.5714213848114014
1432 0.802497386932373
1433 0.7519596815109253
1434 0.7667668461799622
1435 0.7437729239463806
1436 0.7331169247627258
1437 0.8024725914001465
1438 0.5398044586181641
1439 0.8293363451957703
1440 0.830802857875824
1441 0.6496517062187195
1442 0.9026347398757935
1443 0.7376595139503479
1444 0.7528120279312134
1445 0.5961817502975464
1446 0.7377316355705261
1447 0.8378680348396301
1448 0.6402896046638489
1449 0.6151239275932312
1450 0.6856659650802612
1451 0.8200958371162415
1452 0.8191477060317993
1453 0.5019304156303406
1454 0.8029302954673767
1455 0.6869818568229675
1456 0.5793657898902893
1457 0.8023942112922668
1458 0.8184406757354736
1459 0.6014349460601807
1460 0.8855780363082886
1461 0.7938668131828308
1462 0.5713128447532654
1463 0.8934760689735413
1464 0.8445044755935669
1465 0.8326154947280884
1466 0.7280238270759583
1467 0.8705258369445801
1468 0.5697752833366394
1469 0.6775334477424622
1470 0.8042252063751221
1471 0.5088524222373962
1472 0.5722132921218872
1473 0.8304358720779419
1474 0.566584050655365
1475 0.6906996965408325
1476 0.5428460240364075
1477 0.6398258209228516
1478 0.6723933815956116
1479 0.6555609703063965
1480 0.5530127882957458
1481 0.7182886004447937
1482 0.580208957195282
1483 0.524169921875
1484 0.7548755407333374
1485 0.673732340335846
1486 0.6007245779037476
1487 0.7890299558639526
1488 0.824855387210846
1489 0.6504067778587341
1490 0.563653290271759
1491 0.8746780753135681
1492 0.7850393056869507
1493 0.8286640644073486
1494 0.8629120588302612
1495 0.6485298871994019
1496 0.8247398734092712
1497 0.8510869145393372
1498 0.8481666445732117
1499 0.5631229281425476
1500 0.7508319020271301
1501 0.6271517276763916
1502 0.6656157374382019
1503 0.7231159210205078
1504 0.6303117871284485
1505 0.5809137225151062
1506 0.6774316430091858
1507 0.609433114528656
1508 0.6151894927024841
1509 0.7235020399093628
1510 0.5681009292602539
1511 0.5426769852638245
1512 0.6318377256393433
1513 0.7597293853759766
1514 0.8442398905754089
1515 0.5381773710250854
1516 0.6590931415557861
1517 0.7303675413131714
1518 0.6378095746040344
1519 0.7391552329063416
1520 0.7503319978713989
1521 0.5466369390487671
1522 0.7170590758323669
1523 0.6068377494812012
1524 0.5944687724113464
1525 0.8432896733283997
1526 0.6698992252349854
1527 0.6525286436080933
1528 0.5951671004295349
1529 0.5891745090484619
1530 0.8263550996780396
1531 0.7696160674095154
1532 0.5968278050422668
1533 0.6092548966407776
1534 0.9139952063560486
1535 0.535595178604126
1536 0.7843970656394958
1537 0.5897458791732788
1538 0.5040121078491211
1539 0.7999595403671265
1540 0.8619673848152161
1541 0.8840879201889038
1542 0.7269633412361145
1543 0.8194493055343628
1544 0.7326651215553284
1545 0.6630617380142212
1546 0.6311071515083313
1547 0.8720235228538513
1548 0.580289363861084
1549 0.7352415323257446
1550 0.7099555730819702
1551 0.7343573570251465
1552 0.8856782913208008
1553 0.7914783954620361
1554 0.8116543292999268
1555 0.5346518754959106
1556 0.5961340665817261
1557 0.6581196784973145
1558 0.6759523749351501
1559 0.792639970779419
1560 0.5742471218109131
1561 0.7434632182121277
1562 0.5368905067443848
1563 0.771495521068573
1564 0.5269964933395386
1565 0.6654663681983948
1566 0.8948894739151001
1567 0.7021898627281189
1568 0.5557316541671753
1569 0.5513197779655457
1570 0.7105423212051392
1571 0.6576284170150757
1572 0.6674779653549194
1573 0.9386347532272339
1574 0.6051982641220093
1575 0.8279929161071777
1576 0.90541672706604
1577 0.7652069926261902
1578 0.8184854388237
1579 0.5792255401611328
1580 0.7685396075248718
1581 0.9186310172080994
1582 0.8347856402397156
1583 0.5467298030853271
1584 0.5716705918312073
1585 0.7798203229904175
1586 0.7961799502372742
1587 0.5693726539611816
1588 0.6708536148071289
1589 0.6157536506652832
1590 0.6324653029441833
1591 0.7174573540687561
1592 0.7730341553688049
1593 0.5498324036598206
1594 0.5957371592521667
1595 0.5817546844482422
1596 0.8555467128753662
1597 0.5058613419532776
1598 0.7908846139907837
1599 0.5506243109703064
1600 0.8151390552520752
1601 0.6479550004005432
1602 0.8503429889678955
1603 0.5440397262573242
1604 0.7037238478660583
1605 0.6072494983673096
1606 0.8687003254890442
1607 0.6781054139137268
1608 0.537767231464386
1609 0.8826515078544617
1610 0.5691025853157043
1611 0.5163419842720032
1612 0.6250565648078918
1613 0.796917736530304
1614 0.7898533940315247
1615 0.6784341931343079
1616 0.6082613468170166
1617 0.6501023769378662
1618 0.6004323363304138
1619 0.7780797481536865
1620 0.7091881632804871
1621 0.8950062394142151
1622 0.5616315007209778
1623 0.7585275769233704
1624 0.8031474947929382
1625 0.7041024565696716
1626 0.5909634232521057
1627 0.672821581363678
1628 0.5657599568367004
1629 0.8561503291130066
1630 0.6505967974662781
1631 0.7403464317321777
1632 0.6311237812042236
1633 0.6309414505958557
1634 0.5875261425971985
1635 0.6261794567108154
1636 0.680721640586853
1637 0.6764248013496399
1638 0.5100724101066589
1639 0.8479000926017761
1640 0.58352130651474
1641 0.671961784362793
1642 0.6984344124794006
1643 0.7934526205062866
1644 0.689095675945282
1645 0.8594845533370972
1646 0.5994534492492676
1647 0.6764246821403503
1648 0.6370203495025635
1649 0.8766162991523743
1650 0.580383837223053
1651 0.8778620362281799
1652 0.5658633708953857
1653 0.7787044644355774
1654 0.6746402978897095
1655 0.7052539587020874
1656 0.6539254784584045
1657 0.8863489627838135
1658 0.8013736605644226
1659 0.833506166934967
1660 0.6496402621269226
1661 0.8789461255073547
1662 0.5699314475059509
1663 0.605681836605072
1664 0.6896969079971313
1665 0.8429077863693237
1666 0.7032012939453125
1667 0.6398542523384094
1668 0.8296340107917786
1669 0.8661099076271057
1670 0.503080427646637
1671 0.5359759330749512
1672 0.7929486036300659
1673 0.8074018359184265
1674 0.8437057137489319
1675 0.7186650633811951
1676 0.5407650470733643
1677 0.5781604051589966
1678 0.5374335646629333
1679 0.5301063060760498
1680 0.8356786966323853
1681 0.6994355916976929
1682 0.5602349042892456
1683 0.6483626365661621
1684 0.561633825302124
1685 0.8440618515014648
1686 0.7908801436424255
1687 0.6489315032958984
1688 0.5463019609451294
1689 0.7293679118156433
1690 0.5026038289070129
1691 0.5991641879081726
1692 0.6540446281433105
1693 0.7205224633216858
1694 0.8340267539024353
1695 0.8625625371932983
1696 0.7832935452461243
1697 0.6880322098731995
1698 0.691971480846405
1699 0.7110089063644409
1700 0.5419319272041321
1701 0.7757782340049744
1702 0.5505277514457703
1703 0.7324020862579346
1704 0.5792667269706726
1705 0.7330294251441956
1706 0.5375578999519348
1707 0.905612587928772
1708 0.6652894616127014
1709 0.569451093673706
1710 0.697334885597229
1711 0.5268568396568298
1712 0.6007245779037476
1713 0.6070463061332703
1714 0.5613406300544739
1715 0.7584326863288879
1716 0.8140432834625244
1717 0.7052493095397949
1718 0.6268540024757385
1719 0.8344337344169617
1720 0.5350878834724426
1721 0.7457717657089233
1722 0.6072071194648743
1723 0.7465626001358032
1724 0.5370573997497559
1725 0.6152353286743164
1726 0.6970070600509644
1727 0.5386975407600403
1728 0.8457911014556885
1729 0.8895981311798096
1730 0.7403795719146729
1731 0.5480175018310547
1732 0.8766887187957764
1733 0.8807054162025452
1734 0.8663380742073059
1735 0.8086694478988647
1736 0.651766300201416
1737 0.5927619338035583
1738 0.7623232007026672
1739 0.6040308475494385
1740 0.5737095475196838
1741 0.5156105160713196
1742 0.5776442885398865
1743 0.8050618767738342
1744 0.7000254392623901
1745 0.5507903099060059
1746 0.6558848023414612
1747 0.7799373865127563
1748 0.5540728569030762
1749 0.7065463066101074
1750 0.6318377256393433
1751 0.7607290744781494
1752 0.5165091156959534
1753 0.6726493239402771
1754 0.5568613409996033
1755 0.6962212324142456
1756 0.6320527791976929
1757 0.8191387057304382
1758 0.5142903327941895
1759 0.7853200435638428
1760 0.9221242070198059
1761 0.6156834363937378
1762 0.6832180619239807
1763 0.7039691805839539
1764 0.8186880946159363
1765 0.6118554472923279
1766 0.566534698009491
1767 0.7056743502616882
1768 0.8856008648872375
1769 0.7268514037132263
1770 0.818426251411438
1771 0.7861359119415283
1772 0.5289323329925537
1773 0.849190890789032
1774 0.6807477474212646
1775 0.9218161702156067
1776 0.6011031866073608
1777 0.5790421366691589
1778 0.7838493585586548
1779 0.5478840470314026
1780 0.6985973119735718
1781 0.507378876209259
1782 0.8234373331069946
1783 0.6240496635437012
1784 0.6603602766990662
1785 0.7775178551673889
1786 0.7212821245193481
1787 0.534612238407135
1788 0.5640462636947632
1789 0.8060139417648315
1790 0.7280489802360535
1791 0.5947476029396057
1792 0.5892298817634583
1793 0.6006876826286316
1794 0.7726766467094421
1795 0.8641646504402161
1796 0.667914628982544
1797 0.7222042679786682
1798 0.6786569952964783
1799 0.6736128926277161
1800 0.6304986476898193
1801 0.750976026058197
1802 0.6583097577095032
1803 0.8184951543807983
1804 0.7975673675537109
1805 0.6541932821273804
1806 0.5236427187919617
1807 0.7602725028991699
1808 0.7234969139099121
1809 0.6298522353172302
1810 0.816990315914154
1811 0.8778469562530518
1812 0.7383288145065308
1813 0.8165771961212158
1814 0.6298842430114746
1815 0.5433602929115295
1816 0.8820887207984924
1817 0.6103252172470093
1818 0.8596877455711365
1819 0.546790361404419
1820 0.8341367244720459
1821 0.8904054164886475
1822 0.8770374655723572
1823 0.6287032961845398
1824 0.5586420893669128
1825 0.7525832056999207
1826 0.6046449542045593
1827 0.7880926728248596
1828 0.8615147471427917
1829 0.7679811120033264
1830 0.7740241289138794
1831 0.601973295211792
1832 0.7053107619285583
1833 0.885013997554779
1834 0.8806220293045044
1835 0.5282915830612183
1836 0.7797732949256897
1837 0.581364095211029
1838 0.7160005569458008
1839 0.7889298796653748
1840 0.8965712785720825
1841 0.8583689332008362
1842 0.6858371496200562
1843 0.6569836735725403
1844 0.8035650253295898
1845 0.5700941681861877
1846 0.7492141723632812
1847 0.5304455757141113
1848 0.6485546231269836
1849 0.8448414206504822
1850 0.7657067775726318
1851 0.8286670446395874
1852 0.861451268196106
1853 0.6628910899162292
1854 0.5167807340621948
1855 0.7747000455856323
1856 0.7785976529121399
1857 0.8017311096191406
1858 0.9127427339553833
1859 0.6324613690376282
1860 0.5534989237785339
1861 0.544140636920929
1862 0.8582219481468201
1863 0.833613395690918
1864 0.6315709948539734
1865 0.5443757176399231
1866 0.5681493282318115
1867 0.7787987589836121
1868 0.7829586267471313
1869 0.8363211154937744
1870 0.6211651563644409
1871 0.791957676410675
1872 0.8665288686752319
1873 0.715349555015564
1874 0.6837422251701355
1875 0.6359472870826721
1876 0.6491833329200745
1877 0.7974971532821655
1878 0.8709296584129333
1879 0.6240516901016235
1880 0.7827296257019043
1881 0.696038544178009
1882 0.8285536170005798
1883 0.783714771270752
1884 0.6352939009666443
1885 0.8773705363273621
1886 0.8598737120628357
1887 0.6586410403251648
1888 0.5703022480010986
1889 0.8707866072654724
1890 0.7376256585121155
1891 0.8973938226699829
1892 0.7512314319610596
1893 0.7073320150375366
1894 0.566871702671051
1895 0.8586359620094299
1896 0.6727559566497803
1897 0.7641645073890686
1898 0.5387653112411499
1899 0.8728137612342834
1900 0.5577818751335144
1901 0.8856557607650757
1902 0.5732342004776001
1903 0.5026137232780457
1904 0.8070976138114929
1905 0.673595666885376
1906 0.7774477005004883
1907 0.9099552631378174
1908 0.8866851329803467
1909 0.5689465999603271
1910 0.8616721034049988
1911 0.5311103463172913
1912 0.8529093861579895
1913 0.8909997940063477
1914 0.7110938429832458
1915 0.7166689038276672
1916 0.663284182548523
1917 0.5811218023300171
1918 0.6763910055160522
1919 0.7970938086509705
1920 0.6282740235328674
1921 0.6272623538970947
1922 0.5341657400131226
1923 0.5048291087150574
1924 0.509955644607544
1925 0.6994503736495972
1926 0.5420547723770142
1927 0.8305779695510864
1928 0.7263225317001343
1929 0.8470396399497986
1930 0.5343767404556274
1931 0.9100497364997864
1932 0.9000507593154907
1933 0.5810374021530151
1934 0.5891514420509338
1935 0.8023138642311096
1936 0.6802511215209961
1937 0.6944903135299683
1938 0.5232716798782349
1939 0.5011841654777527
1940 0.7793940305709839
1941 0.791019082069397
1942 0.8893380165100098
1943 0.6104940176010132
1944 0.6647253632545471
1945 0.587594211101532
1946 0.8819746375083923
1947 0.6878615617752075
1948 0.6549522280693054
1949 0.8904147744178772
1950 0.6827822327613831
1951 0.5088745355606079
1952 0.5647356510162354
1953 0.8873029947280884
1954 0.7851634621620178
1955 0.6022902131080627
1956 0.6738011837005615
1957 0.6884501576423645
1958 0.8631412982940674
1959 0.7043647766113281
1960 0.8670681118965149
1961 0.8577897548675537
1962 0.6038453578948975
1963 0.8352996110916138
1964 0.6014367938041687
1965 0.6772187948226929
1966 0.8187445998191833
1967 0.8762145042419434
1968 0.8039697408676147
1969 0.680349588394165
1970 0.833519458770752
1971 0.6982917189598083
1972 0.8777822852134705
1973 0.5498629808425903
1974 0.6961020231246948
1975 0.6549522280693054
1976 0.875298798084259
1977 0.8552982807159424
1978 0.74483323097229
1979 0.6788033246994019
1980 0.6108633279800415
1981 0.6569793224334717
1982 0.8991996049880981
1983 0.7319783568382263
1984 0.6776877641677856
1985 0.8876036405563354
1986 0.8760746717453003
1987 0.5796258449554443
1988 0.774911105632782
1989 0.7781737446784973
1990 0.724919855594635
1991 0.8914273977279663
1992 0.8801232576370239
1993 0.8061280250549316
1994 0.5849045515060425
1995 0.5054110288619995
1996 0.8156355023384094
1997 0.9118872880935669
1998 0.694123387336731
1999 0.765225887298584
2000 0.6783527135848999
2001 0.5840834975242615
2002 0.8309990763664246
2003 0.607016384601593
2004 0.6154131293296814
2005 0.8226560950279236
2006 0.8346232771873474
2007 0.5778683423995972
2008 0.8626753687858582
2009 0.8310962915420532
2010 0.760851263999939
2011 0.6959073543548584
2012 0.6789926290512085
2013 0.505888044834137
2014 0.8341367244720459
2015 0.5510766506195068
2016 0.9200296998023987
2017 0.6712142825126648
2018 0.9027732610702515
2019 0.7165167331695557
2020 0.7759783267974854
2021 0.9208416938781738
2022 0.5165436267852783
2023 0.7645408511161804
2024 0.509787917137146
2025 0.5718212723731995
2026 0.8090691566467285
2027 0.8378684520721436
2028 0.7604224681854248
2029 0.6698182225227356
2030 0.8827614188194275
2031 0.8296316266059875
2032 0.8907104730606079
2033 0.8243134617805481
2034 0.687972903251648
2035 0.6750040054321289
2036 0.7040041089057922
2037 0.6359601616859436
2038 0.5045658946037292
2039 0.7634008526802063
2040 0.8009554147720337
2041 0.8619812726974487
2042 0.507378876209259
2043 0.8150777816772461
2044 0.6777287125587463
2045 0.6293078064918518
2046 0.6247427463531494
2047 0.9194761514663696
2048 0.6444308161735535
2049 0.8836047649383545
2050 0.6758605241775513
2051 0.5802593231201172
2052 0.5504907965660095
2053 0.5008485913276672
2054 0.6513315439224243
2055 0.5185384750366211
2056 0.8866599202156067
2057 0.7168978452682495
2058 0.5839604735374451
2059 0.6895061731338501
2060 0.7115259170532227
2061 0.8942601084709167
2062 0.6183105707168579
2063 0.8679769039154053
2064 0.6740682125091553
2065 0.8993136286735535
2066 0.6709745526313782
2067 0.6962625980377197
2068 0.5642416477203369
2069 0.8032676577568054
2070 0.8824242949485779
2071 0.7923533916473389
2072 0.8449479937553406
2073 0.6356964707374573
2074 0.6341097950935364
2075 0.8492336869239807
2076 0.8200036883354187
2077 0.8844605684280396
2078 0.6887512803077698
2079 0.6529032588005066
2080 0.5330458879470825
2081 0.8196608424186707
2082 0.8878480195999146
2083 0.8790472149848938
2084 0.895167350769043
2085 0.8722352981567383
2086 0.6310317516326904
2087 0.9097123742103577
2088 0.8004921674728394
2089 0.9072191119194031
2090 0.6540446281433105
2091 0.6480578184127808
2092 0.8240984082221985
2093 0.8759791254997253
2094 0.7825943827629089
2095 0.698584794998169
2096 0.5374558568000793
2097 0.6743879914283752
2098 0.5653998255729675
2099 0.6138720512390137
2100 0.6461492776870728
2101 0.5364874601364136
2102 0.7765861749649048
2103 0.5280914902687073
2104 0.6782044768333435
2105 0.750338077545166
2106 0.5691404342651367
2107 0.6085248589515686
2108 0.7602725028991699
2109 0.6787782907485962
2110 0.5637193322181702
2111 0.7843323945999146
2112 0.7011310458183289
2113 0.6567369103431702
2114 0.9159631729125977
2115 0.625224769115448
2116 0.6552299857139587
2117 0.5826964974403381
2118 0.6755304932594299
2119 0.6780269742012024
2120 0.5661764740943909
2121 0.7886988520622253
2122 0.7550551295280457
2123 0.6747963428497314
2124 0.8450647592544556
2125 0.7237728834152222
2126 0.7420135140419006
2127 0.5260705947875977
2128 0.8722255825996399
2129 0.7186240553855896
2130 0.8997254371643066
2131 0.7466564178466797
2132 0.804215669631958
2133 0.7854141592979431
2134 0.6540942788124084
2135 0.5802682638168335
2136 0.9199225306510925
2137 0.6417338252067566
2138 0.6884371042251587
2139 0.5039411187171936
2140 0.526880145072937
2141 0.8339495062828064
2142 0.9066510796546936
2143 0.5311737060546875
2144 0.7353523373603821
2145 0.822981595993042
2146 0.8600616455078125
2147 0.6229297518730164
2148 0.6854367256164551
2149 0.6501424312591553
2150 0.6744985580444336
2151 0.748852014541626
2152 0.5123163461685181
2153 0.6158421635627747
2154 0.8707728981971741
2155 0.8621652126312256
2156 0.6493119597434998
2157 0.606652021408081
2158 0.5999355912208557
2159 0.5971199870109558
2160 0.770233154296875
2161 0.6951325535774231
2162 0.7248030304908752
2163 0.8283604979515076
2164 0.5696001648902893
2165 0.5847660303115845
2166 0.613627016544342
2167 0.7959408760070801
2168 0.5036807060241699
2169 0.5557821989059448
2170 0.6764934659004211
2171 0.7170119285583496
2172 0.8915573954582214
2173 0.8452257513999939
2174 0.5090201497077942
2175 0.5910069346427917
2176 0.5532832145690918
2177 0.8428911566734314
2178 0.7897215485572815
2179 0.8286640644073486
2180 0.8441977500915527
2181 0.6761528253555298
2182 0.7873196005821228
2183 0.8836524486541748
2184 0.5148248672485352
2185 0.8237327933311462
2186 0.6864225268363953
2187 0.6370067596435547
2188 0.6408002972602844
2189 0.6937204599380493
2190 0.736297607421875
2191 0.5927084684371948
2192 0.6796415448188782
2193 0.5486453771591187
2194 0.8666504621505737
2195 0.8549700379371643
2196 0.883105993270874
2197 0.8349796533584595
2198 0.831531822681427
2199 0.8507567048072815
2200 0.7868907451629639
2201 0.5867665410041809
2202 0.8087620735168457
2203 0.5888562202453613
2204 0.7941753268241882
2205 0.5035138726234436
2206 0.805673360824585
2207 0.8790056705474854
2208 0.5187853574752808
2209 0.5797863602638245
2210 0.553011417388916
2211 0.8035848736763
2212 0.5009946823120117
2213 0.5880571603775024
2214 0.7576155662536621
2215 0.8847091794013977
2216 0.6144793629646301
2217 0.7387151122093201
2218 0.6823672652244568
2219 0.6945634484291077
2220 0.6252219080924988
2221 0.7498005032539368
2222 0.8042802810668945
2223 0.7219324707984924
2224 0.6076223254203796
2225 0.6671218276023865
2226 0.5091105103492737
2227 0.6956239938735962
2228 0.6364865899085999
2229 0.8673235177993774
2230 0.9206252098083496
2231 0.8666366934776306
2232 0.8959794044494629
2233 0.8230471611022949
2234 0.5651237964630127
2235 0.8220432996749878
2236 0.8661803007125854
2237 0.6048297882080078
2238 0.5476248860359192
2239 0.6028468608856201
2240 0.6281195282936096
2241 0.5688077807426453
2242 0.784163236618042
2243 0.8722352981567383
2244 0.7529804706573486
2245 0.6516984701156616
2246 0.6661146283149719
2247 0.6326239705085754
2248 0.8326826095581055
2249 0.766835629940033
2250 0.6494735479354858
2251 0.8354122042655945
2252 0.7537136077880859
2253 0.6725809574127197
2254 0.8744536638259888
2255 0.8713422417640686
2256 0.6377797722816467
2257 0.6385390758514404
2258 0.70174241065979
2259 0.628039538860321
2260 0.7105423212051392
2261 0.704089343547821
2262 0.6239142417907715
2263 0.5677396059036255
2264 0.570582389831543
2265 0.7524815201759338
2266 0.6820931434631348
2267 0.6957550644874573
2268 0.6238530874252319
2269 0.8519589304924011
2270 0.8772233724594116
2271 0.5879150629043579
2272 0.603423535823822
2273 0.6218132376670837
2274 0.9183510541915894
2275 0.8918511867523193
2276 0.7677856087684631
2277 0.8882752656936646
2278 0.8665583729743958
2279 0.6035841107368469
2280 0.8493874073028564
2281 0.5881549715995789
2282 0.6651555299758911
2283 0.5454225540161133
2284 0.6014349460601807
2285 0.7199233174324036
2286 0.6022217273712158
2287 0.6642254590988159
2288 0.8674099445343018
2289 0.5930594801902771
2290 0.6803794503211975
2291 0.8446694016456604
2292 0.6301005482673645
2293 0.8375148177146912
2294 0.8998504281044006
2295 0.6160008907318115
2296 0.7275193333625793
2297 0.7707840800285339
2298 0.9226566553115845
2299 0.5624257922172546
2300 0.7544741034507751
2301 0.5439724326133728
2302 0.6369757056236267
2303 0.8403958678245544
2304 0.8144169449806213
2305 0.5428147912025452
2306 0.8782121539115906
2307 0.8695619702339172
2308 0.7998124957084656
2309 0.8385815620422363
2310 0.9080022573471069
2311 0.658597469329834
2312 0.667178213596344
2313 0.6859715580940247
2314 0.8895856142044067
2315 0.6791496276855469
2316 0.5630171895027161
2317 0.7108181118965149
2318 0.8022320866584778
2319 0.6153616309165955
2320 0.6474376320838928
2321 0.8793836832046509
2322 0.5484892129898071
2323 0.5016127824783325
2324 0.9067365527153015
2325 0.9236201047897339
2326 0.5434961915016174
2327 0.8855614066123962
2328 0.7233508825302124
2329 0.8073047995567322
2330 0.5009946823120117
2331 0.5323776602745056
2332 0.5710292458534241
2333 0.5549017786979675
2334 0.805848240852356
2335 0.5029168128967285
2336 0.7410793900489807
2337 0.7654600143432617
2338 0.5007516145706177
2339 0.6248136162757874
2340 0.8784705996513367
2341 0.731033444404602
2342 0.6363667249679565
2343 0.5093555450439453
2344 0.5847248435020447
2345 0.6474524140357971
2346 0.5844973921775818
2347 0.8697972893714905
2348 0.5966097712516785
2349 0.5623396039009094
2350 0.5878481268882751
2351 0.5585213899612427
2352 0.6924169063568115
2353 0.6724051237106323
2354 0.7641339302062988
2355 0.6522420048713684
2356 0.6795415878295898
2357 0.8071421980857849
2358 0.7602548599243164
2359 0.7190470099449158
2360 0.8656845688819885
2361 0.5424153208732605
2362 0.7684755921363831
2363 0.6567133665084839
2364 0.6324337720870972
2365 0.5918594002723694
2366 0.7242661714553833
2367 0.8818033933639526
2368 0.6797388792037964
2369 0.9192367196083069
2370 0.5027648210525513
2371 0.7463468313217163
2372 0.7309020161628723
2373 0.6788129806518555
2374 0.7163127660751343
2375 0.7749380469322205
2376 0.9007599353790283
2377 0.6960044503211975
2378 0.5781294703483582
2379 0.7399539947509766
2380 0.6053880453109741
2381 0.8070767521858215
2382 0.8843982219696045
2383 0.624136209487915
2384 0.8532430529594421
2385 0.5536511540412903
2386 0.621984601020813
2387 0.6381527185440063
2388 0.679753839969635
2389 0.8651146292686462
2390 0.6965383291244507
2391 0.5941811800003052
2392 0.6968561410903931
2393 0.5161777138710022
2394 0.854490339756012
2395 0.5319905281066895
2396 0.6293703317642212
2397 0.6216060519218445
2398 0.774827241897583
2399 0.8716592192649841
2400 0.5222345590591431
2401 0.8623916506767273
2402 0.6480461955070496
2403 0.7323731780052185
2404 0.7465301752090454
2405 0.8762385845184326
2406 0.615370512008667
2407 0.7606069445610046
2408 0.8530845046043396
2409 0.7871680855751038
2410 0.8512998819351196
2411 0.5317685604095459
2412 0.5865452289581299
2413 0.727440357208252
2414 0.7109559178352356
2415 0.6231203675270081
2416 0.855151891708374
2417 0.8905090689659119
2418 0.8462666273117065
2419 0.5548214912414551
2420 0.9254193305969238
2421 0.5686370730400085
2422 0.8850423097610474
2423 0.6086281538009644
2424 0.675852358341217
2425 0.7536760568618774
2426 0.5763304233551025
2427 0.5457299947738647
2428 0.5635815262794495
2429 0.551983654499054
2430 0.5613042116165161
2431 0.6136189699172974
2432 0.6223645806312561
2433 0.7347564697265625
2434 0.5024951100349426
2435 0.6732147336006165
2436 0.6149269938468933
2437 0.7355785369873047
2438 0.8754315972328186
2439 0.6518502235412598
2440 0.7011802792549133
2441 0.8140221238136292
2442 0.6130488514900208
2443 0.6731876134872437
2444 0.6632908582687378
2445 0.8280950784683228
2446 0.6304331421852112
2447 0.7487385869026184
2448 0.6991718411445618
2449 0.5898510813713074
2450 0.855282723903656
2451 0.5363898873329163
2452 0.5795608758926392
2453 0.7925735712051392
2454 0.839233934879303
2455 0.7854540348052979
2456 0.5766019225120544
2457 0.607737123966217
2458 0.7657975554466248
2459 0.8751070499420166
2460 0.5790730714797974
2461 0.6985249519348145
2462 0.5426896810531616
2463 0.673787534236908
2464 0.5046750903129578
2465 0.7990992069244385
2466 0.6761733293533325
2467 0.6977850198745728
2468 0.5365825295448303
2469 0.8440393209457397
2470 0.8601682186126709
2471 0.7417795658111572
2472 0.654390811920166
2473 0.6551339030265808
2474 0.8927953839302063
2475 0.6491016149520874
2476 0.6838135123252869
2477 0.5443532466888428
2478 0.8828250169754028
2479 0.8426856398582458
2480 0.8499297499656677
2481 0.7171738147735596
2482 0.6968061923980713
2483 0.5982569456100464
2484 0.7951104640960693
2485 0.5584750771522522
2486 0.7881348133087158
2487 0.8078234791755676
2488 0.5824384689331055
2489 0.6691606640815735
2490 0.5830527544021606
2491 0.8287593126296997
2492 0.7324796319007874
2493 0.6614292860031128
2494 0.5339406728744507
2495 0.6294953227043152
2496 0.863721489906311
2497 0.6120299696922302
2498 0.633490264415741
2499 0.8287026286125183
2500 0.6040657162666321
2501 0.6544607281684875
2502 0.7509574890136719
2503 0.512138307094574
2504 0.5429942607879639
2505 0.8144271969795227
2506 0.6523942351341248
2507 0.7279163599014282
2508 0.6039990782737732
2509 0.7189919352531433
2510 0.7172479629516602
2511 0.5674437284469604
2512 0.5737872123718262
2513 0.522506833076477
2514 0.6982093453407288
2515 0.6485839486122131
2516 0.5702714920043945
2517 0.7302362322807312
2518 0.8998761773109436
2519 0.8553128242492676
2520 0.8416798114776611
2521 0.8300780057907104
2522 0.7101859450340271
2523 0.6569836735725403
2524 0.5273358821868896
2525 0.6759715676307678
2526 0.5597049593925476
2527 0.5851650834083557
2528 0.6721447706222534
2529 0.8668601512908936
2530 0.9053670763969421
2531 0.7800031900405884
2532 0.7031689882278442
2533 0.5255136489868164
2534 0.5739513039588928
2535 0.8455795049667358
2536 0.8967260122299194
2537 0.7318345308303833
2538 0.7016347050666809
2539 0.8802388310432434
2540 0.7784870862960815
2541 0.8921805620193481
2542 0.631525456905365
2543 0.7844029664993286
2544 0.7732797861099243
2545 0.5101233124732971
2546 0.8082732558250427
2547 0.7464038729667664
2548 0.6050030589103699
2549 0.6152201294898987
2550 0.6032276749610901
2551 0.607826292514801
2552 0.8811149597167969
2553 0.509012758731842
2554 0.7605218887329102
2555 0.7732754349708557
2556 0.9082775712013245
2557 0.8340267539024353
2558 0.8938502073287964
2559 0.5318014621734619
2560 0.9164317846298218
2561 0.8915569186210632
2562 0.7896712422370911
2563 0.5610109567642212
2564 0.5491610169410706
2565 0.596857488155365
2566 0.6647069454193115
2567 0.8454168438911438
2568 0.7401884198188782
2569 0.8922456502914429
2570 0.629612147808075
2571 0.7164610624313354
2572 0.6062456369400024
2573 0.632305920124054
2574 0.7979155778884888
2575 0.8133706450462341
2576 0.6455557346343994
2577 0.572643518447876
2578 0.6680224537849426
2579 0.7365574240684509
2580 0.7095627188682556
2581 0.7766910195350647
2582 0.5103205442428589
2583 0.6956275105476379
2584 0.9120389819145203
2585 0.8085008859634399
2586 0.8171644806861877
2587 0.820129930973053
2588 0.5809153318405151
2589 0.7063455581665039
2590 0.7760046720504761
2591 0.6460464596748352
2592 0.7186840176582336
2593 0.7331053614616394
2594 0.8440226912498474
2595 0.6809056401252747
2596 0.8846030831336975
2597 0.6042808890342712
2598 0.6589422821998596
2599 0.5025860071182251
2600 0.6622909307479858
2601 0.6342129111289978
2602 0.6784180998802185
2603 0.71345454454422
2604 0.613684356212616
2605 0.8860893845558167
2606 0.7885864973068237
2607 0.6660007238388062
2608 0.6352326273918152
2609 0.671961784362793
2610 0.650878369808197
2611 0.7797053456306458
2612 0.5588468909263611
2613 0.5280958414077759
2614 0.6522695422172546
2615 0.6521608233451843
2616 0.890357494354248
2617 0.7669891119003296
2618 0.7181420922279358
2619 0.8639951944351196
2620 0.7245739698410034
2621 0.5869598984718323
2622 0.6942210793495178
2623 0.7321099638938904
2624 0.7531105875968933
2625 0.7244247794151306
2626 0.6077356338500977
2627 0.5407795310020447
2628 0.7049228549003601
2629 0.6564158797264099
2630 0.6304689049720764
2631 0.6399075388908386
2632 0.7483376860618591
2633 0.6977218389511108
2634 0.8911110162734985
2635 0.8018876910209656
2636 0.8529388904571533
2637 0.8242884278297424
2638 0.5278168320655823
2639 0.5380304455757141
2640 0.6153776049613953
2641 0.5598831176757812
2642 0.8085851073265076
2643 0.7375962138175964
2644 0.7024168968200684
2645 0.6713672876358032
2646 0.5384125709533691
2647 0.6987150311470032
2648 0.8646337985992432
2649 0.7610970735549927
2650 0.7275184392929077
2651 0.6186254620552063
2652 0.7034552097320557
2653 0.7163556218147278
2654 0.8076509237289429
2655 0.7186708450317383
2656 0.800582766532898
2657 0.6754114031791687
2658 0.7720446586608887
2659 0.6932500004768372
2660 0.6376545429229736
2661 0.5791147947311401
2662 0.5544044375419617
2663 0.5265325903892517
2664 0.5322109460830688
2665 0.5095162987709045
2666 0.6908407211303711
2667 0.8627210855484009
2668 0.5367279052734375
2669 0.6957464814186096
2670 0.5266962051391602
2671 0.6309117674827576
2672 0.6415899991989136
2673 0.8757470846176147
2674 0.6338155269622803
2675 0.8963233828544617
2676 0.740449070930481
2677 0.5890673995018005
2678 0.661633312702179
2679 0.8480613231658936
2680 0.5192130208015442
2681 0.594689667224884
2682 0.8349566459655762
2683 0.717583417892456
2684 0.8756740689277649
2685 0.5040121078491211
2686 0.6393617987632751
2687 0.6625635027885437
2688 0.6258848309516907
2689 0.8122108578681946
2690 0.8639784455299377
2691 0.5949756503105164
2692 0.7457411289215088
2693 0.6935540437698364
2694 0.740665078163147
2695 0.8949239253997803
2696 0.7021774649620056
2697 0.6392436623573303
2698 0.7337583899497986
2699 0.6139474511146545
2700 0.5335469245910645
2701 0.8179302215576172
2702 0.8922834992408752
2703 0.7195566892623901
2704 0.5371924638748169
2705 0.6696327924728394
2706 0.6138623356819153
2707 0.6474243998527527
2708 0.7598022222518921
2709 0.5532979369163513
2710 0.890645444393158
2711 0.9190521240234375
2712 0.6562962532043457
2713 0.6582310199737549
2714 0.756804883480072
2715 0.5087635517120361
2716 0.5934508442878723
2717 0.6755519509315491
2718 0.7514597773551941
2719 0.5557152628898621
2720 0.7172685265541077
2721 0.9187871813774109
2722 0.5320662260055542
2723 0.6884644627571106
2724 0.6741215586662292
2725 0.510784924030304
2726 0.5145460367202759
2727 0.5385950207710266
2728 0.5854358077049255
2729 0.6483842730522156
2730 0.7102313041687012
2731 0.8810187578201294
2732 0.8423762321472168
2733 0.8541861772537231
2734 0.6315913200378418
2735 0.6514802575111389
2736 0.7909892797470093
2737 0.7946275472640991
2738 0.6483675837516785
2739 0.5401020646095276
2740 0.5898177623748779
2741 0.517632246017456
2742 0.784055769443512
2743 0.6447911858558655
2744 0.6352867484092712
2745 0.6032031178474426
2746 0.8879554867744446
2747 0.5067325234413147
2748 0.8193802833557129
2749 0.7876556515693665
2750 0.6761463284492493
2751 0.7376256585121155
2752 0.6489304900169373
2753 0.7601302862167358
2754 0.6141613721847534
2755 0.5709879994392395
2756 0.5342986583709717
2757 0.6188415884971619
2758 0.7476164102554321
2759 0.6877335906028748
2760 0.7109871506690979
2761 0.6841652989387512
2762 0.7029068470001221
2763 0.6796268224716187
2764 0.8697947263717651
2765 0.718368649482727
2766 0.5203042030334473
2767 0.6180901527404785
2768 0.8279361128807068
2769 0.7521170377731323
2770 0.5261569023132324
2771 0.6072283387184143
2772 0.5169757604598999
2773 0.591001570224762
2774 0.5633913278579712
2775 0.8395070433616638
2776 0.5269303321838379
2777 0.5764560103416443
2778 0.6240013837814331
2779 0.5261184573173523
2780 0.8884353041648865
2781 0.6986004114151001
2782 0.7517327666282654
2783 0.804426372051239
2784 0.7737727165222168
2785 0.65682452917099
2786 0.8480960726737976
2787 0.6485333442687988
2788 0.8256492614746094
2789 0.5741860866546631
2790 0.6730969548225403
2791 0.8657209873199463
2792 0.8725972175598145
2793 0.7908235788345337
2794 0.7073783278465271
2795 0.6988562941551208
2796 0.5388829708099365
2797 0.8962085843086243
2798 0.7715036273002625
2799 0.7086501121520996
2800 0.7893890142440796
2801 0.8754215836524963
2802 0.878231406211853
2803 0.7848924398422241
2804 0.7326895594596863
2805 0.5875062346458435
2806 0.5799323916435242
2807 0.5501251220703125
2808 0.8953283429145813
2809 0.5808740854263306
2810 0.6553815007209778
2811 0.8077370524406433
2812 0.5710828900337219
2813 0.5829781889915466
2814 0.6760264039039612
2815 0.8363166451454163
2816 0.6742686033248901
2817 0.8728943467140198
2818 0.7112317085266113
2819 0.8411509394645691
2820 0.5294123291969299
2821 0.6355690956115723
2822 0.7910115718841553
2823 0.7115383744239807
2824 0.5613116025924683
2825 0.6082859039306641
2826 0.7571728229522705
2827 0.7167469263076782
2828 0.7467840313911438
2829 0.526354968547821
2830 0.65728360414505
2831 0.8617144227027893
2832 0.83454829454422
2833 0.8333542346954346
2834 0.8684042692184448
2835 0.5889241695404053
2836 0.6888951659202576
2837 0.73349928855896
2838 0.7451971173286438
2839 0.6644077897071838
2840 0.7277694344520569
2841 0.8266686201095581
2842 0.8545534610748291
2843 0.6293703317642212
2844 0.5475504994392395
2845 0.6235572695732117
2846 0.6105204224586487
2847 0.6930840015411377
2848 0.5620846748352051
2849 0.815121054649353
2850 0.5987614393234253
2851 0.5246472954750061
2852 0.8357120156288147
2853 0.8771028518676758
2854 0.5634164810180664
2855 0.6389366388320923
2856 0.8047189116477966
2857 0.624870240688324
2858 0.5711410045623779
2859 0.766112744808197
2860 0.5882140398025513
2861 0.673465371131897
2862 0.8465081453323364
2863 0.6988562941551208
2864 0.9007517099380493
2865 0.711068868637085
2866 0.5166480541229248
2867 0.8254050612449646
2868 0.7207075953483582
2869 0.8200158476829529
2870 0.8400154709815979
2871 0.6754034161567688
2872 0.5950217247009277
2873 0.5105156898498535
2874 0.6577898263931274
2875 0.8919520378112793
2876 0.7663586139678955
2877 0.7403258681297302
2878 0.5885397791862488
2879 0.6574652194976807
2880 0.7278832197189331
2881 0.5069122314453125
2882 0.6366410255432129
2883 0.8578379154205322
2884 0.8830488324165344
2885 0.6018878817558289
2886 0.5653433799743652
2887 0.65028315782547
2888 0.5458954572677612
2889 0.5926353931427002
2890 0.6570530533790588
2891 0.7489229440689087
2892 0.6543571949005127
2893 0.6971824765205383
2894 0.8045364022254944
2895 0.8813055157661438
2896 0.669516384601593
2897 0.5867846012115479
2898 0.8025169968605042
2899 0.7254475951194763
2900 0.605832576751709
2901 0.6705723404884338
2902 0.6569757461547852
2903 0.8894143104553223
2904 0.578324019908905
2905 0.6742427945137024
2906 0.7827792763710022
2907 0.5491566061973572
2908 0.8072856664657593
2909 0.870464026927948
2910 0.6885959506034851
2911 0.7680302858352661
2912 0.6858105659484863
2913 0.6231710314750671
2914 0.8396483063697815
2915 0.5576590299606323
2916 0.7870769500732422
2917 0.6328821778297424
2918 0.8700279593467712
2919 0.6032276749610901
2920 0.6184287071228027
2921 0.7191503047943115
2922 0.5204668641090393
2923 0.8553333878517151
2924 0.9077898263931274
2925 0.7917400002479553
2926 0.8019431829452515
2927 0.5053045749664307
2928 0.7013365030288696
2929 0.8980410695075989
2930 0.6755624413490295
2931 0.6053222417831421
2932 0.6131431460380554
2933 0.6962066888809204
2934 0.7899370193481445
2935 0.728459894657135
2936 0.8508129119873047
2937 0.8399260640144348
2938 0.6457683444023132
2939 0.6717398762702942
2940 0.6413818001747131
2941 0.7210623025894165
2942 0.8456783890724182
2943 0.8010137677192688
2944 0.5163360834121704
2945 0.8821988105773926
2946 0.519611120223999
2947 0.6186255216598511
2948 0.6862708330154419
2949 0.6815648078918457
2950 0.7959827780723572
2951 0.5860667824745178
2952 0.7110124826431274
2953 0.5016874670982361
2954 0.891590416431427
2955 0.5079101324081421
2956 0.6245170831680298
2957 0.8045084476470947
2958 0.5406158566474915
2959 0.6892093420028687
2960 0.6962190270423889
2961 0.5132703185081482
2962 0.6276547908782959
2963 0.680310070514679
2964 0.7230820059776306
2965 0.8577402830123901
2966 0.785389244556427
2967 0.6721088290214539
2968 0.5224393010139465
2969 0.759449303150177
2970 0.5587847232818604
2971 0.5612654089927673
2972 0.5892983675003052
2973 0.5214279890060425
2974 0.899398684501648
2975 0.7172685265541077
2976 0.7645910382270813
2977 0.8811373114585876
2978 0.8551170229911804
2979 0.6806018948554993
2980 0.5276931524276733
2981 0.671325147151947
2982 0.8743638396263123
2983 0.8035920858383179
2984 0.6543697118759155
2985 0.8032895922660828
2986 0.7270961403846741
2987 0.8603968620300293
2988 0.8710803389549255
2989 0.5056206583976746
2990 0.6992117166519165
2991 0.5431470274925232
2992 0.6394087076187134
2993 0.6819974184036255
2994 0.5870051383972168
2995 0.8410905599594116
2996 0.6937568187713623
2997 0.7967403531074524
2998 0.6063438057899475
2999 0.5796961188316345
3000 0.6238904595375061
3001 0.7080636024475098
3002 0.813920795917511
3003 0.6886915564537048
3004 0.5891584157943726
3005 0.8801453113555908
3006 0.8285422921180725
3007 0.6456915140151978
3008 0.7038650512695312
3009 0.7501780390739441
3010 0.5875269174575806
3011 0.603559672832489
3012 0.8786545395851135
3013 0.5697341561317444
3014 0.6610028743743896
3015 0.7462801337242126
3016 0.646182119846344
3017 0.8248286247253418
3018 0.8671745657920837
3019 0.6154963374137878
3020 0.5586420893669128
3021 0.8700077533721924
3022 0.583226203918457
3023 0.8202610611915588
3024 0.6317707896232605
3025 0.5264788866043091
3026 0.6040226817131042
3027 0.5884860754013062
3028 0.6159894466400146
3029 0.8045084476470947
3030 0.8043856620788574
3031 0.8417654037475586
3032 0.7167336940765381
3033 0.633490264415741
3034 0.7791083455085754
3035 0.5898599624633789
3036 0.6307814717292786
3037 0.690891444683075
3038 0.6819357872009277
3039 0.7143002152442932
3040 0.839523434638977
3041 0.698761522769928
3042 0.7609338760375977
3043 0.5791459083557129
3044 0.5176138877868652
3045 0.8821102976799011
3046 0.7913160920143127
3047 0.9017107486724854
3048 0.5769833922386169
3049 0.7364031672477722
3050 0.7565088272094727
3051 0.6524003148078918
3052 0.9143616557121277
3053 0.8387574553489685
3054 0.5776693224906921
3055 0.8959459066390991
3056 0.72011798620224
3057 0.5536149144172668
3058 0.7113732695579529
3059 0.5992928147315979
3060 0.731822669506073
3061 0.5879122018814087
3062 0.6868661046028137
3063 0.538250744342804
3064 0.7024370431900024
3065 0.7475039958953857
3066 0.8776440620422363
3067 0.5205961465835571
3068 0.903468668460846
3069 0.7125951051712036
3070 0.7322705388069153
3071 0.5788794755935669
3072 0.6658154726028442
3073 0.6559978723526001
3074 0.5010164380073547
3075 0.7256478071212769
3076 0.6389444470405579
3077 0.6146122813224792
3078 0.6543883085250854
3079 0.9054911136627197
3080 0.9052907824516296
3081 0.5179446935653687
3082 0.6808962821960449
3083 0.7378852963447571
3084 0.7185602188110352
3085 0.6993945240974426
3086 0.734711766242981
3087 0.6396397948265076
3088 0.6886747479438782
3089 0.5728714466094971
3090 0.6505733728408813
3091 0.5623160004615784
3092 0.717953622341156
3093 0.6067672967910767
3094 0.7924197912216187
3095 0.6562581658363342
3096 0.6388330459594727
3097 0.551620364189148
3098 0.6735000610351562
3099 0.7371259331703186
3100 0.6796438097953796
3101 0.7543457746505737
3102 0.5084277391433716
3103 0.8763692378997803
3104 0.6881759166717529
3105 0.5815799236297607
3106 0.7317890524864197
3107 0.6450689435005188
3108 0.6570108532905579
3109 0.7276706695556641
3110 0.6285232901573181
3111 0.7016335129737854
3112 0.6499271392822266
3113 0.885522723197937
3114 0.5729066729545593
3115 0.552711546421051
3116 0.7458983063697815
3117 0.715394914150238
3118 0.8216075897216797
3119 0.6407921314239502
3120 0.7583340406417847
3121 0.7581797242164612
3122 0.8581333756446838
3123 0.7169036269187927
3124 0.5442489385604858
3125 0.6104936003684998
3126 0.6639944314956665
3127 0.7545801997184753
3128 0.7728196382522583
3129 0.8124903440475464
3130 0.6742299199104309
3131 0.8459656238555908
3132 0.5889241695404053
3133 0.7809507846832275
3134 0.8295710682868958
3135 0.6574217081069946
3136 0.8704734444618225
3137 0.5692738890647888
3138 0.6757053136825562
3139 0.6358054280281067
3140 0.7688770294189453
3141 0.9176936149597168
3142 0.9124639630317688
3143 0.7666260004043579
3144 0.6653603911399841
3145 0.8721932172775269
3146 0.9324067234992981
3147 0.6481540203094482
3148 0.6571438312530518
3149 0.6153658032417297
3150 0.5223864912986755
3151 0.833670437335968
3152 0.6939803957939148
3153 0.5515899062156677
3154 0.5140472650527954
3155 0.7525454759597778
3156 0.8270666599273682
3157 0.6283389925956726
3158 0.6239132881164551
3159 0.8011600375175476
3160 0.5816093683242798
3161 0.5365567803382874
3162 0.8420923948287964
3163 0.5952796339988708
3164 0.8783309459686279
3165 0.6089174747467041
3166 0.7147111892700195
3167 0.5099155902862549
3168 0.8034791350364685
3169 0.556871771812439
3170 0.6111801266670227
3171 0.9003321528434753
3172 0.5262451171875
3173 0.9321526885032654
3174 0.5587747693061829
3175 0.5735489130020142
3176 0.8518959283828735
3177 0.7554541826248169
3178 0.7848541736602783
3179 0.6167136430740356
3180 0.7875539660453796
3181 0.9303860664367676
3182 0.8194628953933716
3183 0.5544450879096985
3184 0.5093693137168884
3185 0.7047635912895203
3186 0.6032984256744385
3187 0.5629211664199829
3188 0.7705559730529785
3189 0.785670816898346
3190 0.5710727572441101
3191 0.5257213115692139
3192 0.5832008719444275
3193 0.8105742931365967
3194 0.9052453637123108
3195 0.5011774897575378
3196 0.5016772150993347
3197 0.5277678966522217
3198 0.5162123441696167
3199 0.543344259262085
3200 0.6228076219558716
3201 0.8568444848060608
3202 0.6031599044799805
3203 0.5797272324562073
3204 0.9035512804985046
3205 0.6968803405761719
3206 0.6054984331130981
3207 0.7913237810134888
3208 0.6644681096076965
3209 0.6941536664962769
3210 0.8715179562568665
3211 0.6572120189666748
3212 0.6578654646873474
3213 0.8292703032493591
3214 0.5366511344909668
3215 0.7511019110679626
3216 0.5914145112037659
3217 0.8855780363082886
3218 0.8429733514785767
3219 0.6827554702758789
3220 0.815993070602417
3221 0.6878759860992432
3222 0.6772343516349792
3223 0.6981506943702698
3224 0.8126563429832458
3225 0.6244884729385376
3226 0.5819469094276428
3227 0.862107515335083
3228 0.5144792199134827
3229 0.8470466732978821
3230 0.7611137628555298
3231 0.6865789890289307
3232 0.7706136107444763
3233 0.5373802185058594
3234 0.7186708450317383
3235 0.8292164206504822
3236 0.7005518078804016
3237 0.7533259391784668
3238 0.8959759473800659
3239 0.6780296564102173
3240 0.8654612898826599
3241 0.7861114144325256
3242 0.7599247097969055
3243 0.6157838106155396
3244 0.6338760256767273
3245 0.7925980687141418
3246 0.8264735341072083
3247 0.7183936834335327
3248 0.5250046849250793
3249 0.5363592505455017
3250 0.5689762830734253
3251 0.5506885051727295
3252 0.5644881725311279
3253 0.7247544527053833
3254 0.7532071471214294
3255 0.8025661706924438
3256 0.7602404356002808
3257 0.7270160913467407
3258 0.6938754320144653
3259 0.8204523921012878
3260 0.614342987537384
3261 0.7109813094139099
3262 0.5817733407020569
3263 0.5935752391815186
3264 0.5823721885681152
3265 0.7658471465110779
3266 0.8183634281158447
3267 0.8332769870758057
3268 0.84390789270401
3269 0.7429308295249939
3270 0.6742844581604004
3271 0.6863886117935181
3272 0.835900068283081
3273 0.8662759065628052
3274 0.5802204012870789
3275 0.9037735462188721
3276 0.6782447099685669
3277 0.5393645167350769
3278 0.8661229014396667
3279 0.6560376882553101
3280 0.8783776760101318
3281 0.6556846499443054
3282 0.8979908227920532
3283 0.7187668085098267
3284 0.723582923412323
3285 0.5212737917900085
3286 0.5355138182640076
3287 0.763197660446167
3288 0.8896512389183044
3289 0.5163419842720032
3290 0.672772228717804
3291 0.6791496276855469
3292 0.9002168774604797
3293 0.6501164436340332
3294 0.5436453223228455
3295 0.5588440299034119
3296 0.8432211875915527
3297 0.8672095537185669
3298 0.6112557649612427
3299 0.6805430054664612
3300 0.87864089012146
3301 0.6679235100746155
3302 0.6275588870048523
3303 0.8752143383026123
3304 0.5758364796638489
3305 0.5324867367744446
3306 0.7277364730834961
3307 0.6227519512176514
3308 0.6125776171684265
3309 0.8144081830978394
3310 0.8549205660820007
3311 0.8433699607849121
3312 0.783302903175354
3313 0.5512942671775818
3314 0.6586083769798279
3315 0.5625218152999878
3316 0.5715631246566772
3317 0.7108787894248962
3318 0.9044928550720215
3319 0.6234108209609985
3320 0.5749895572662354
3321 0.7723550200462341
3322 0.7204124331474304
3323 0.595409095287323
3324 0.6881150007247925
3325 0.5541427731513977
3326 0.62877357006073
3327 0.7261924743652344
3328 0.6008855700492859
3329 0.8642522096633911
3330 0.7343573570251465
3331 0.6484312415122986
3332 0.8321337699890137
3333 0.7257947325706482
3334 0.845933735370636
3335 0.8069721460342407
3336 0.6237420439720154
3337 0.6203693151473999
3338 0.6848355531692505
3339 0.630653977394104
3340 0.627490222454071
3341 0.8639154434204102
3342 0.7107366323471069
3343 0.7600741982460022
3344 0.594241738319397
3345 0.6567811965942383
3346 0.571671724319458
3347 0.8545137643814087
3348 0.672546923160553
3349 0.6292188763618469
3350 0.8448283076286316
3351 0.5800958871841431
3352 0.6567780375480652
3353 0.6494735479354858
3354 0.5354727506637573
3355 0.6788851618766785
3356 0.8701232075691223
3357 0.8335544466972351
3358 0.7050278186798096
3359 0.5237836241722107
3360 0.825577974319458
3361 0.6585935950279236
3362 0.6549109816551208
3363 0.8658942580223083
3364 0.7855481505393982
3365 0.6710786819458008
3366 0.6461989879608154
3367 0.6044794321060181
3368 0.8627100586891174
3369 0.7083050608634949
3370 0.5533743500709534
3371 0.8502494692802429
3372 0.844761312007904
3373 0.6940523982048035
3374 0.8689185380935669
3375 0.5520811676979065
3376 0.7706322073936462
3377 0.6578567624092102
3378 0.6630762219429016
3379 0.5846904516220093
3380 0.7093550562858582
3381 0.6961141228675842
3382 0.8452560305595398
3383 0.80214524269104
3384 0.8109108209609985
3385 0.7451017498970032
3386 0.5852506160736084
3387 0.8884394764900208
3388 0.7829144597053528
3389 0.623335063457489
3390 0.8875925540924072
3391 0.631497859954834
3392 0.63199383020401
3393 0.5837268233299255
3394 0.7734799981117249
3395 0.8740512132644653
3396 0.7169016599655151
3397 0.6446036696434021
3398 0.6550229787826538
3399 0.7828825116157532
3400 0.6941604018211365
3401 0.7671021819114685
3402 0.7782555222511292
3403 0.536646842956543
3404 0.9154561161994934
3405 0.6972811818122864
3406 0.5550530552864075
3407 0.8975563049316406
3408 0.6411920785903931
3409 0.679322361946106
3410 0.6270449757575989
3411 0.8744074702262878
3412 0.7723767757415771
3413 0.6967480182647705
3414 0.8443604707717896
3415 0.6994614601135254
3416 0.7979859113693237
3417 0.6388111710548401
3418 0.6477863788604736
3419 0.6855499148368835
3420 0.5942380428314209
3421 0.6702879071235657
3422 0.6364056468009949
3423 0.7814439535140991
3424 0.5793375372886658
3425 0.8213201761245728
3426 0.5219558477401733
3427 0.5972539782524109
3428 0.8955388069152832
3429 0.8691422343254089
3430 0.7607400417327881
3431 0.6946244835853577
3432 0.5933489203453064
3433 0.5510918498039246
3434 0.8239982724189758
3435 0.7323481440544128
3436 0.8350436687469482
3437 0.8493897318840027
3438 0.7850266098976135
3439 0.6946492791175842
3440 0.8044413328170776
3441 0.7603625059127808
3442 0.5622498393058777
3443 0.9176757335662842
3444 0.735674262046814
3445 0.9003229737281799
3446 0.6498119235038757
3447 0.6447911858558655
3448 0.6502260565757751
3449 0.6966323256492615
3450 0.6554540395736694
3451 0.739193856716156
3452 0.6606545448303223
3453 0.7902782559394836
3454 0.8969739675521851
3455 0.7157458066940308
3456 0.6810927987098694
3457 0.5804527997970581
3458 0.6893854141235352
3459 0.5435103178024292
3460 0.6187231540679932
3461 0.6901196837425232
3462 0.8764703273773193
3463 0.9191316962242126
3464 0.5406158566474915
3465 0.9215322136878967
3466 0.7885826826095581
3467 0.6065288186073303
3468 0.883529007434845
3469 0.874710202217102
3470 0.620416522026062
3471 0.5358381867408752
3472 0.6382931470870972
3473 0.8317034840583801
3474 0.753699541091919
3475 0.6311227679252625
3476 0.8320063352584839
3477 0.5975931882858276
3478 0.7602918148040771
3479 0.6245563626289368
3480 0.9347057938575745
3481 0.8377342820167542
3482 0.7865798473358154
3483 0.835543692111969
3484 0.6435233354568481
3485 0.6558639407157898
3486 0.8704832196235657
3487 0.836595892906189
3488 0.7177444696426392
3489 0.7189202904701233
3490 0.9021720886230469
3491 0.8981200456619263
3492 0.8583027124404907
3493 0.9175584316253662
3494 0.8584627509117126
3495 0.6048014163970947
3496 0.6615134477615356
3497 0.7134585380554199
3498 0.5783030986785889
3499 0.721062183380127
3500 0.6497710347175598
3501 0.915289580821991
3502 0.6693066954612732
3503 0.7597652673721313
3504 0.5135029554367065
3505 0.5010083317756653
3506 0.7217945456504822
3507 0.5414553880691528
3508 0.6493619680404663
3509 0.692849338054657
3510 0.5110170841217041
3511 0.8352279663085938
3512 0.5784186720848083
3513 0.7189571857452393
3514 0.7669354677200317
3515 0.6980570554733276
3516 0.5165128111839294
3517 0.5880162715911865
3518 0.5834551453590393
3519 0.6968989968299866
3520 0.5915891528129578
3521 0.6056968569755554
3522 0.667540431022644
3523 0.6535921096801758
3524 0.6808362007141113
3525 0.7379856705665588
3526 0.6042077541351318
3527 0.6597484350204468
3528 0.5696020126342773
3529 0.874746561050415
3530 0.6556979417800903
3531 0.797675371170044
3532 0.6699638962745667
3533 0.8090858459472656
3534 0.5233240127563477
3535 0.6763898730278015
3536 0.6962388157844543
3537 0.8658942580223083
3538 0.6565972566604614
3539 0.6735904812812805
3540 0.7259275317192078
3541 0.8333369493484497
3542 0.6263312101364136
3543 0.7860522866249084
3544 0.5746051073074341
3545 0.7321389317512512
3546 0.7400883436203003
3547 0.8628237247467041
3548 0.6084979772567749
3549 0.6070273518562317
3550 0.7523338198661804
3551 0.5776083469390869
3552 0.922758162021637
3553 0.8670274019241333
3554 0.5496689677238464
3555 0.6174085736274719
3556 0.8891479969024658
3557 0.6103955507278442
3558 0.6386082172393799
3559 0.631250262260437
3560 0.6353986263275146
3561 0.5142459273338318
3562 0.908557116985321
3563 0.6080555319786072
3564 0.8175861239433289
3565 0.7284473776817322
3566 0.8078694939613342
3567 0.5804227590560913
3568 0.8341370820999146
3569 0.8797078132629395
3570 0.5253020524978638
3571 0.7609426975250244
3572 0.7527360320091248
3573 0.8375529050827026
3574 0.7325577139854431
3575 0.5826587677001953
3576 0.7565996646881104
3577 0.524236798286438
3578 0.828547477722168
3579 0.7165824770927429
3580 0.7776645421981812
3581 0.7713216543197632
3582 0.5436763763427734
3583 0.9449037313461304
3584 0.9426325559616089
3585 0.6555367112159729
3586 0.6630409955978394
3587 0.5314045548439026
3588 0.7842689156532288
3589 0.6017548441886902
3590 0.7298713326454163
3591 0.5241143703460693
3592 0.8491143584251404
3593 0.5174530148506165
3594 0.8346537351608276
3595 0.5516983270645142
3596 0.6434249877929688
3597 0.6234461665153503
3598 0.5933969616889954
3599 0.8788890242576599
3600 0.8491820693016052
3601 0.7394660115242004
3602 0.8671324253082275
3603 0.5415104627609253
3604 0.5778382420539856
3605 0.6890389323234558
3606 0.5971104502677917
3607 0.5093473792076111
3608 0.7707239389419556
3609 0.656708300113678
3610 0.8940971493721008
3611 0.5528829097747803
3612 0.5735460519790649
3613 0.6148040890693665
3614 0.6901964545249939
3615 0.7381457686424255
3616 0.7559711933135986
3617 0.6633952260017395
3618 0.9042102694511414
3619 0.9059083461761475
3620 0.7665894031524658
3621 0.7818488478660583
3622 0.5691096782684326
3623 0.5691944360733032
3624 0.9085229635238647
3625 0.7237035632133484
3626 0.8900102972984314
3627 0.5897870063781738
3628 0.8665288686752319
3629 0.9092474579811096
3630 0.7205724716186523
3631 0.6044910550117493
3632 0.6179141402244568
3633 0.8984942436218262
3634 0.8633790612220764
3635 0.8623799085617065
3636 0.7267759442329407
3637 0.6844842433929443
3638 0.524851381778717
3639 0.8970865607261658
3640 0.8508978486061096
3641 0.7950822710990906
3642 0.7468600273132324
3643 0.8138003945350647
3644 0.6785106658935547
3645 0.6127312183380127
3646 0.567963182926178
3647 0.5126583576202393
3648 0.7672221660614014
3649 0.8545420169830322
3650 0.8441675901412964
3651 0.588641345500946
3652 0.8880637884140015
3653 0.654164731502533
3654 0.9079768061637878
3655 0.7935623526573181
3656 0.714307427406311
3657 0.802719235420227
3658 0.8416609168052673
3659 0.6964908242225647
3660 0.7719268798828125
3661 0.5084769129753113
3662 0.535595178604126
3663 0.6916794776916504
3664 0.6487371921539307
3665 0.740067720413208
3666 0.5703878402709961
3667 0.6312389969825745
3668 0.8863121867179871
3669 0.6056204438209534
3670 0.5574566125869751
3671 0.9014955163002014
3672 0.8893572688102722
3673 0.8105734586715698
3674 0.6970237493515015
3675 0.6957716345787048
3676 0.8679903745651245
3677 0.5107539892196655
3678 0.6461408734321594
3679 0.7465367317199707
3680 0.801140308380127
3681 0.572643518447876
3682 0.89466792345047
3683 0.8801518082618713
3684 0.5172781944274902
3685 0.7044577598571777
3686 0.8557537198066711
3687 0.6072325706481934
