0 1.0
1 0.49748743718592964
2 0.32998888926298775
3 0.5000252512499368
4 0.6020401987718
5 0.670044439581499
6 0.5714137085866402
7 0.49744937638249065
8 0.5555593010778739
9 0.6020401987718
10 0.5445177301269524
11 0.49659121379486154
12 0.5376928623007023
13 0.5729151395820806
14 0.5319755652249597
15 0.5634834023043381
16 0.5912769508362863
17 0.615975261266518
18 0.5805400438243046
19 0.6035755153925678
20 0.6244101211176152
21 0.6433439818378553
22 0.6606250235910717
23 0.6764598515310283
24 0.6460131870946256
25 0.617920387279785
26 0.6339973028967651
27 0.6489190916069558
28 0.6232526569667051
29 0.6377262598656934
30 0.651259255767308
31 0.6639398306435558
32 0.6758454813839585
33 0.6870445877191667
34 0.6975977146719442
35 0.7075586979329821
36 0.7169755532298153
37 0.69438976235175
38 0.6729758873086893
39 0.6526460240800758
40 0.6629313514263614
41 0.6727201614864321
42 0.6820471004997335
43 0.6629629023422596
44 0.6447403499990442
45 0.6543373875180976
46 0.6635189526964981
47 0.6461815641502459
48 0.6295652049325208
49 0.6389434450584637
50 0.6479463614657149
51 0.6565956149589921
52 0.6406960000238046
53 0.625398850472754
54 0.6342203585317019
55 0.6427189798934144
56 0.6509117171671557
57 0.6588144005087784
58 0.6664417869805962
59 0.6738076499752619
60 0.6809248598438444
61 0.6662412669382674
62 0.6733562248758281
63 0.6591624803699396
64 0.6662683030571785
65 0.6731513149134299
66 0.6798215022107373
67 0.6862882639236058
68 0.6925604542861423
69 0.6788507659371082
70 0.6851464552185939
71 0.6718428634791053
72 0.6781552948254601
73 0.6652296792054315
74 0.6526642675354679
75 0.6591672301010814
76 0.6469327440931374
77 0.6534302337783309
78 0.6597550033770446
79 0.6478132346038858
80 0.6541367015054769
81 0.6424844554234485
82 0.6488035671294617
83 0.6549637085966752
84 0.6609705045354711
85 0.6668293181796262
86 0.6725452663127863
87 0.6781232332704011
88 0.6835678839977023
89 0.6888836762371416
90 0.6773891653818832
91 0.682736405016893
92 0.6879606657856203
93 0.6767050609982259
94 0.6819610011395307
95 0.6709430218863908
96 0.6762268424016482
97 0.6654337332251762
98 0.6548758239060107
99 0.6603197005981928
100 0.6656469495414095
101 0.6552665178460999
102 0.6606125558973736
103 0.650424062128199
104 0.6557864220854747
105 0.645780340107402
106 0.6511568035711182
107 0.6413242459149409
108 0.6467128168773201
109 0.6519939029363598
110 0.6571704294499946
111 0.662245217430906
112 0.6524890850533199
113 0.6575844713075738
114 0.6479873715571237
115 0.6385735878221969
116 0.6293383794725246
117 0.6202771663408776
118 0.6257204755170661
119 0.6167895168662071
120 0.6222358383301104
121 0.613429500265104
122 0.6047836996636252
123 0.6103312460919876
124 0.6157789322172954
125 0.6072042875989964
126 0.6126525350789375
127 0.6180044985672635
128 0.6232624448452881
129 0.6284285710800824
130 0.619842933367891
131 0.6114054918107203
132 0.6166760891580966
133 0.6218567403121562
134 0.6134817389858946
135 0.618669275214732
136 0.6237697388468488
137 0.6154546155230812
138 0.6072775695664414
139 0.612478263296072
140 0.617593498928965
141 0.6094673490904605
142 0.6145897105438051
143 0.606553582483994
144 0.5986468495380155
145 0.6038628577683782
146 0.608995700174948
147 0.6140470969595496
148 0.6190187222611987
149 0.6239122056896385
150 0.6159211453942349
151 0.6208266483148189
152 0.6256561096739269
153 0.630411045683669
154 0.6350929335332138
155 0.6270690941781881
156 0.6191674428457086
157 0.6239538367084437
158 0.6286679670341353
159 0.6333112253302766
160 0.6254118753276716
161 0.6300726214963149
162 0.6346641631346394
163 0.626805661137742
164 0.6314156249666901
165 0.6359579564022093
166 0.6404339085378692
167 0.632577707678356
168 0.6370746812245035
169 0.6415066908035333
170 0.6458749150041214
171 0.638022117377229
172 0.6424137060645047
173 0.634636396193375
174 0.639050332442165
175 0.6313460350821266
176 0.6237502354577659
177 0.6282677657109521
178 0.6207394301031385
179 0.6252749979650382
180 0.6178119694762046
181 0.6223647981970049
182 0.6268548038831062
183 0.6312830558206475
184 0.6356506002365486
185 0.639958460916265
186 0.6442076398017271
187 0.6483991175702064
188 0.6407741094637092
189 0.644991093421917
190 0.6491513388104367
191 0.6415571765579741
192 0.6457433453643866
193 0.638214500980581
194 0.6307857625131754
195 0.6234555143572296
196 0.6278241894181896
197 0.6321352726189152
198 0.6248245359283012
199 0.6291567144370466
200 0.6219030178632906
201 0.6262555313781124
202 0.6190571890863169
203 0.6119522030719701
204 0.6163993005774001
205 0.6093455535319678
206 0.6138095524105294
207 0.618216253027418
208 0.6225665332270545
209 0.6268612541449945
210 0.631101260601601
211 0.6352873814845844
212 0.6280880867183996
213 0.620979847448454
214 0.6139612992927039
215 0.6070311031380231
216 0.6001879445616841
217 0.6046893586986308
218 0.6091344965470591
219 0.6022934947249585
220 0.606754523777876
221 0.6111601528165328
222 0.6155111890703884
223 0.6198084253330978
224 0.6240526402809798
225 0.6170942119171828
226 0.6213588535997057
227 0.625571205654791
228 0.6297320150615413
229 0.6338420157732413
230 0.6268140560058497
231 0.6309473978040592
232 0.6239666455949234
233 0.6281226273115341
234 0.6322283565490036
235 0.6362845356530663
236 0.6292741233379625
237 0.6333545288327125
238 0.6373859654598125
239 0.6413691095039861
240 0.6453046259641049
241 0.6491931687842344
242 0.6530353810789921
243 0.6458898163419914
244 0.6388290907003561
245 0.631852052428559
246 0.6358691163372887
247 0.6398387293695412
248 0.6437615303887956
249 0.6476381479523364
250 0.6514692005144794
251 0.6443922793074649
252 0.6373982707685646
253 0.6304860733537349
254 0.6344898468745476
255 0.6384469334003344
256 0.6315406842786615
257 0.6355231512962978
258 0.6286596919238788
259 0.6326668513209591
260 0.6366276359196336
261 0.6405426495402574
262 0.6444124866981439
263 0.6482377327777878
264 0.6412695695758247
265 0.6451228169344227
266 0.6489318514241705
267 0.6419717185704615
268 0.6458089747683622
269 0.6496023815261136
270 0.6426500383031395
271 0.6357769303328552
272 0.6289820519656332
273 0.6329445892138528
274 0.636862141236382
275 0.6407352752517244
276 0.6339059059297001
277 0.6378054042383227
278 0.6310161620419383
279 0.6243035168286937
280 0.6282975661283584
281 0.6322466623876029
282 0.6361513641758832
283 0.62940105722036
284 0.6227264581642313
285 0.6161266319256609
286 0.6201925948726619
287 0.6242131114949647
288 0.6281887398326556
289 0.6215466810999717
290 0.6255459071379995
291 0.6295006287193202
292 0.6334113881993323
293 0.6372787203336554
294 0.6411031524052476
295 0.6343472128088639
296 0.6381983868878274
297 0.6420069717430019
298 0.6352523009180858
299 0.6390878780402556
300 0.6428811651912746
301 0.6466326695209871
302 0.6503428912423054
303 0.6540123237438068
304 0.6576414537001412
305 0.661230761180301
306 0.6647807197538005
307 0.6682917965948121
308 0.671764452584308
309 0.6751991424102478
310 0.6681370680960625
311 0.6611520655968613
312 0.6542432271147967
313 0.6474096569317996
314 0.6406504712202697
315 0.6444005559864281
316 0.6376786767593997
317 0.6414564984828738
318 0.6451933353602103
319 0.6488896650717836
320 0.6525459590452943
321 0.6561626825516835
322 0.6597402947992916
323 0.6528785046157289
324 0.6460908022918315
325 0.6497687882764169
326 0.6430187434310377
327 0.6467257605157114
328 0.6503928732081043
329 0.6436441299846283
330 0.6473404333319114
331 0.6509970346457029
332 0.6442495659024002
333 0.6479355113071613
334 0.641224646776635
335 0.6449392646380653
336 0.6382641793507713
337 0.6420068151326134
338 0.6457094460866286
339 0.6390333284124893
340 0.6427641687307254
341 0.6464552091802237
342 0.6501068997974411
343 0.6537196850067415
344 0.6572940037010342
345 0.6608302893210399
346 0.6540135422814635
347 0.6575814151487841
348 0.661111393516385
349 0.654298129784314
350 0.6578597656199404
351 0.6613836408627645
352 0.6648701776958368
353 0.6683197931344306
354 0.6717328990983832
355 0.6751099024832438
356 0.6681667959098464
357 0.6715785340766781
358 0.6749542442957774
359 0.668018597283231
360 0.6714290079153953
361 0.6645333689213968
362 0.6679777124442821
363 0.6713857807396496
364 0.6747579744515187
365 0.6678355140803053
366 0.6609858477084198
367 0.6644620604513995
368 0.6679017552092886
369 0.6610566246121312
370 0.664529492833789
371 0.6577222926628068
372 0.6612276078732214
373 0.6646961882200596
374 0.6681284357098755
375 0.6715247476029572
376 0.6748855164763693
377 0.6679820756662213
378 0.6713775274050766
379 0.6747374930913744
380 0.6780623590836882
381 0.6813525072189914
382 0.684608314871932
383 0.6878301550132018
384 0.691018396267022
385 0.6941734029677566
386 0.6870867035502373
387 0.6902805157504481
388 0.6934410763786288
389 0.6965687448861171
390 0.6996638765693814
391 0.70272682262347
392 0.7057579301946634
393 0.7087575424323486
394 0.701533610615069
395 0.6943846832805117
396 0.697498441036062
397 0.6903933262912954
398 0.6935465671887036
399 0.6966671171145071
400 0.6997553266626809
401 0.6926324583719214
402 0.6957606182115688
403 0.6988563931889624
404 0.7019201296825153
405 0.7049521701410472
406 0.707952853132884
407 0.7109225133942559
408 0.7138614818770038
409 0.7167700857956065
410 0.7196486486735404
411 0.7123358068373884
412 0.7152584867881565
413 0.7079925941907119
414 0.7109584567876558
415 0.7037385217355027
416 0.6965930157469585
417 0.6996732271055367
418 0.7027217043120579
419 0.7057387836722615
420 0.6985773032649496
421 0.7016355373417422
422 0.7046623006803433
423 0.7076579260485149
424 0.7106227425154008
425 0.713557075496246
426 0.7164612467965039
427 0.7193355746553414
428 0.7221803737885516
429 0.7249959554308835
430 0.717649423877899
431 0.7205101586641719
432 0.7233415355754471
433 0.7160146673076834
434 0.7087629512189734
435 0.7015855975906151
436 0.7046071361534411
437 0.7075977059487072
438 0.7105576319339142
439 0.7033656918261104
440 0.7063677240548324
441 0.6992199211354556
442 0.7022631812339449
443 0.7052752948564684
444 0.6981410699046421
445 0.7011941766616744
446 0.7042160576785501
447 0.6970949906979983
448 0.7001576376995918
449 0.7031889823120768
450 0.7061893512305271
451 0.7091590676043692
452 0.7120984510785858
453 0.7150078178343865
454 0.7077831234744121
455 0.7107354790620988
456 0.7035554450219368
457 0.6964486722797703
458 0.6894143987103675
459 0.6925510622941712
460 0.6855575499263232
461 0.6887325378493275
462 0.6918751618289376
463 0.6848905117994949
464 0.6880713166722013
465 0.6912197167492492
466 0.6943360481192666
467 0.6974206432654133
468 0.6903832952748314
469 0.68341758854236
470 0.6866114992737395
471 0.6897729070654837
472 0.6828152109703569
473 0.686014355938588
474 0.6891809616175252
475 0.6822310309987346
476 0.6753517659498017
477 0.6685424363172267
478 0.6718841278885106
479 0.6751918585670612
480 0.6784659789177803
481 0.6716274766815944
482 0.6749369986208327
483 0.6782129079939956
484 0.6814555513414287
485 0.684665271527237
486 0.6777669674109962
487 0.6810133622066605
488 0.6741528826236696
489 0.6673620170532552
490 0.6707124952345984
491 0.6639572691130479
492 0.6673415535295972
493 0.6606212376731394
494 0.6539690647848735
495 0.657453205683747
496 0.6508338499544425
497 0.6543490771529883
498 0.6578286799889617
499 0.6612730241942651
500 0.6546169979780125
501 0.6580932138916321
502 0.6615342193085354
503 0.6548768586524496
504 0.6583497905558856
505 0.6617875586125573
506 0.6551289046333355
507 0.658598652244735
508 0.6620332812226399
509 0.6553733737276954
510 0.6588400336742504
511 0.6622716188096159
512 0.6556104963412357
513 0.6590741622586953
514 0.6625027958404834
515 0.6658967553507035
516 0.6592007014080912
517 0.662627483986093
518 0.6660196227846329
519 0.669377471783925
520 0.6626478936699288
521 0.6660392774916174
522 0.6693963901429141
523 0.662667690778352
524 0.6660583423448608
525 0.6694147408054736
526 0.6626868938821204
527 0.6660768352226581
528 0.6694325409748539
529 0.6727543602337295
530 0.6659942899660368
531 0.6693503334823528
532 0.6726724969264719
533 0.6759611255048729
534 0.6792165608431511
535 0.6824391410244306
536 0.6755836943480064
537 0.6788424720887016
538 0.6820683699227603
539 0.685261722501313
540 0.678379155697935
541 0.6816092795071886
542 0.6848068239764801
543 0.6879721204688134
544 0.6911054969216706
545 0.6841657234662606
546 0.6873370587579217
547 0.6804356969757148
548 0.6736039080817614
549 0.6768808956231757
550 0.6700853432443182
551 0.6633582806649382
552 0.6566990122928902
553 0.650106849706617
554 0.6536190586188158
555 0.6570958802288739
556 0.6505004846318512
557 0.6540083468986297
558 0.647444427228725
559 0.6509827033543443
560 0.6444496242258573
561 0.6480177002467482
562 0.6415148392762042
563 0.6350774598906455
564 0.6287048982133931
565 0.6324304591361766
566 0.636118512668944
567 0.6397694389211748
568 0.6433836141002955
569 0.6469614105527319
570 0.6404709047048767
571 0.6440776891365517
572 0.6476481762798422
573 0.6511827336951349
574 0.6546817251752786
575 0.6581455107851076
576 0.6615744469005331
577 0.6649688862472082
578 0.6582993880069616
579 0.6617264712722446
580 0.665119082584212
581 0.6684775706821378
582 0.6617736680064417
583 0.6651655118554987
584 0.6584952043379885
585 0.6619197326538772
586 0.6653098265089811
587 0.668665834027984
588 0.671988099778639
589 0.675276964808858
590 0.6785327666833986
591 0.6717297077632601
592 0.6649950331970834
593 0.6683536624773649
594 0.6716785342976861
595 0.6649448901748358
596 0.6683037666750423
597 0.6716288883272065
598 0.6749205959969952
599 0.6781792270750447
600 0.6713812490960949
601 0.674675200942432
602 0.6779360583985884
603 0.6811641555011718
604 0.6843598228845589
605 0.6775006937456193
606 0.6807329322775185
607 0.6739104624644868
608 0.6771785378585694
609 0.6703919914205227
610 0.6736951842609579
611 0.6769652033267888
612 0.6802023831875009
613 0.6834070550102651
614 0.6765588192382891
615 0.6797998679482926
616 0.6830083738285423
617 0.6861846649489391
618 0.6893290660458793
619 0.6924418985566476
620 0.6955234806534445
621 0.6985741272770535
622 0.6915750271737894
623 0.6846461844155587
624 0.6878056328492103
625 0.6809148149953435
626 0.6841115278307623
627 0.6872761566921308
628 0.6803910228438069
629 0.673574986981148
630 0.6768449962398976
631 0.6800821905992256
632 0.6832869004987384
633 0.6764423349038079
634 0.6796833947741621
635 0.6828919347466839
636 0.6860682822008505
637 0.6892127611987902
638 0.6923256925193275
639 0.6954073936916706
640 0.6984581790287436
641 0.7014783596601704
642 0.7044682435649108
643 0.707428135603555
644 0.7103583375502789
645 0.7132591481244649
646 0.7061158446570039
647 0.7090590556677253
648 0.7119727474881539
649 0.7148572170468951
650 0.7177127582685948
651 0.7105253808401757
652 0.7134242196962906
653 0.7162939886058259
654 0.7191349798946426
655 0.7219474829328766
656 0.7247317841651456
657 0.7274881671404398
658 0.7202036027612466
659 0.7230052534728978
660 0.7157657696452979
661 0.718611782537235
662 0.7214292621621585
663 0.7242184953109638
664 0.7269797658775363
665 0.7297133548883024
666 0.7324195405314743
667 0.7350985981859912
668 0.7377508004501587
669 0.7403764171699921
670 0.7429757154672642
671 0.7455489597672634
672 0.7480964118262632
673 0.750618330758707
674 0.7531149730641112
675 0.7555865926536901
676 0.7580334408767029
677 0.7504447729670665
678 0.7529430412777038
679 0.7554162727977971
680 0.7578647189737211
681 0.760288628715874
682 0.7626882484244666
683 0.7650638220150453
684 0.7574053449744974
685 0.7498236088551103
686 0.7523278850052856
687 0.7447971269995176
688 0.7473516673953244
689 0.7498806123563245
690 0.7523842188339277
691 0.754862741190145
692 0.7573164312238796
693 0.7597455381969475
694 0.762150308859829
695 0.7545218148525676
696 0.7569788258460395
697 0.7594112223297715
698 0.761819251333603
699 0.7642031573994327
700 0.7665631826064513
701 0.7688995665961131
702 0.7712125465968513
703 0.7735023574485406
704 0.7757692316267061
705 0.7780133992664865
706 0.7802350881863492
707 0.7824345239115632
708 0.7846119296974297
709 0.7867675265522766
710 0.7788936452803304
711 0.7811064354555611
712 0.7732893324548457
713 0.7655505207451677
714 0.7678967919441883
715 0.7702195650542131
716 0.7725190757609226
717 0.7747955573790919
718 0.7770492408765797
719 0.7792803548980721
720 0.7814891257885842
721 0.7836757776167195
722 0.7758335410381987
723 0.7780767571286031
724 0.7802975101620827
725 0.7824960253846661
726 0.7846725257776557
727 0.7868272320805187
728 0.7889603628135463
729 0.7910721343002793
730 0.7831563099827806
731 0.785326131681162
732 0.7774679053309526
733 0.7796946191048135
734 0.7818990380065005
735 0.7740752511729965
736 0.7763358706984862
737 0.7785738567087649
738 0.7807894360831397
739 0.7829828334212812
740 0.7851542710662368
741 0.7772981939524362
742 0.7695207678959868
743 0.7718268647718296
744 0.7741098747037265
745 0.7663644815948536
746 0.768702119900102
747 0.771016356274303
748 0.7733074252455849
749 0.7755755589866569
750 0.7678157118802884
751 0.7601335447086855
752 0.7625334494724866
753 0.7549042118041324
754 0.7573564117038095
755 0.7597840648759379
756 0.7521824506943405
757 0.7446569277847853
758 0.7472116014411121
759 0.749740703614566
760 0.7422397197235306
761 0.7348138168844364
762 0.7274622428686254
763 0.7201842529979774
764 0.7229836927838101
765 0.7257551126421226
766 0.7284987932805743
767 0.7312150125896212
768 0.7339040456708892
769 0.7365661648652605
770 0.7392016397806752
771 0.7418107373196503
772 0.7443937217065201
773 0.7469508545144009
774 0.7494823946918818
775 0.7519885985894451
776 0.7544697199856193
777 0.7569260101128674
778 0.759357717683212
779 0.7517611477640561
780 0.7542445048455735
781 0.7567030090745034
782 0.7591369093633001
783 0.751542666333911
784 0.744024422947572
785 0.7465851284971694
786 0.7491202080837246
787 0.7516299183433341
788 0.7541145133382364
789 0.7565742445826987
790 0.7590093610686436
791 0.7614201092910158
792 0.7638067332728931
793 0.7661694745903419
794 0.7685085723970233
795 0.7608209079225834
796 0.763213493386629
797 0.7555788484503841
798 0.7580238557598526
799 0.7604443971548218
800 0.7628407176098324
801 0.7652130596433987
802 0.7675616633426942
803 0.7698867663879874
804 0.7721886040768312
805 0.774467409348008
806 0.7767234128052322
807 0.778956842740615
808 0.7811679251578907
809 0.7833568837954088
810 0.7855239401488957
811 0.7876693134939836
812 0.779790392539799
813 0.7719903051411731
814 0.7742710341482715
815 0.7765289432838828
816 0.7687615441077706
817 0.7710745506318252
818 0.7733644147102372
819 0.7656287318401127
820 0.7679730561850661
821 0.7702939251113241
822 0.7725915734154549
823 0.7748662335412342
824 0.7671156286605881
825 0.7694450503620259
826 0.7717511663416614
827 0.764031777419876
828 0.7663920278890953
829 0.758726280494628
830 0.761139587144432
831 0.7535264127983318
832 0.7559917188187828
833 0.7584323604304771
834 0.7508463173237373
835 0.7533384133766365
836 0.7558055773379339
837 0.7482458589227655
838 0.7507639486098232
839 0.7532568464869599
840 0.7557248046895143
841 0.7581680728271467
842 0.750584806017804
843 0.7530794745132363
844 0.7555491860421499
845 0.7479921605343461
846 0.7405107358073364
847 0.7431061446882561
848 0.7456755892051874
849 0.7382173793613458
850 0.7408357108979153
851 0.7334259380254962
852 0.7260902910608239
853 0.7188280281839001
854 0.7116384150040936
855 0.7145225602050023
856 0.7073760360590551
857 0.7103028021822304
858 0.7132002901652809
859 0.716068792998193
860 0.7189086007369013
861 0.7217200005327108
862 0.724503276661425
863 0.7172570166758853
864 0.7100832437159528
865 0.7129828925877376
866 0.7158535353911823
867 0.7186954623776516
868 0.7215089608922005
869 0.7242943154027134
870 0.727051807528749
871 0.729781716070097
872 0.732484317035047
873 0.7351598836683723
874 0.7378086864790344
875 0.7404309932676076
876 0.7330255827722073
877 0.7356957198014041
878 0.7283376908433911
879 0.7310547057339041
880 0.7337445426775997
881 0.7364074736091577
882 0.7290423683545788
883 0.7317523200531458
884 0.7344351647635986
885 0.737091173704524
886 0.7397206153793635
887 0.7323224248103567
888 0.7349995532230631
889 0.7276485990257517
890 0.7203711734503119
891 0.723167819178759
892 0.7159352257726094
893 0.7187762294212537
894 0.7215888159499966
895 0.7243732696710226
896 0.7171286563619796
897 0.7099565067123215
898 0.7028560957366186
899 0.7058278852834219
900 0.7087699499589096
901 0.7116825871506386
902 0.7145660912695262
903 0.7074196206878033
904 0.7103457526857976
905 0.7132426168318097
906 0.7161105059343678
907 0.7189497098713269
908 0.7217605156192275
909 0.7245432072823585
910 0.7172970100139928
911 0.7201243354926518
912 0.722923381833897
913 0.7256944319461853
914 0.7184367514180935
915 0.7112516623473056
916 0.7041384385276299
917 0.7070973453749175
918 0.7000256828479636
919 0.7030257154237977
920 0.7059957419141775
921 0.708936062494592
922 0.7118469743364932
923 0.7047278448928038
924 0.707680837349075
925 0.7106042944892804
926 0.7134985117738861
927 0.7163637817066176
928 0.7091995125431998
929 0.7021068986363047
930 0.7050860869643635
931 0.708035478288147
932 0.7109553706796183
933 0.7038452211042348
934 0.7068070146251992
935 0.7097391853204855
936 0.7126420295156825
937 0.7055150354755066
938 0.7084601198382495
939 0.7113757486861181
940 0.7042614354855655
941 0.7072190498458198
942 0.7101470835106924
943 0.713045832377728
944 0.7159155893836925
945 0.7187566445342171
946 0.7215692849331448
947 0.7243537948115826
948 0.7271104555566624
949 0.7298395457400149
950 0.7325413411459555
951 0.7352161147993906
952 0.7378641369934421
953 0.7404856753167963
954 0.7430809946807778
955 0.7456503573461528
956 0.7481940229496631
957 0.7407115900466068
958 0.7333039912774241
959 0.7259704781056409
960 0.728710948408846
961 0.7214233779894595
962 0.7242093186568683
963 0.7269673964458865
964 0.7296978900543915
965 0.7224004677826682
966 0.7251766300900601
967 0.7279250274511743
968 0.7306459375816112
969 0.733339635418499
970 0.7360063931483043
971 0.7386464802343646
972 0.7412601634441451
973 0.7438477068762215
974 0.7464093719869931
975 0.7489454176171287
976 0.7414555560054118
977 0.744041139690135
978 0.7466008647668921
979 0.7491349898769126
980 0.7516437710739158
981 0.7541274618500081
982 0.7565863131613205
983 0.7590205734533895
984 0.7614304886862833
985 0.7638163023594766
986 0.7661782555364769
987 0.7685165868692027
988 0.7608310504207952
989 0.7632228540908403
990 0.7655907374520102
991 0.7679349397526126
992 0.7702556978475732
993 0.7725532462223855
994 0.774827817016824
995 0.7770796400484182
996 0.7793089428356917
997 0.7815159506211693
998 0.7837008863941525
999 0.7858639709132679
1000 0.7880054227287899
1001 0.790125458204739
1002 0.7822238726330298
1003 0.7844017242224838
1004 0.7865577954986852
1005 0.7886923043005363
1006 0.7808050638874091
1007 0.7829971005705949
1008 0.7851672151491713
1009 0.7873156268787681
1010 0.789442552821771
1011 0.7915482078692665
1012 0.7936328047627697
1013 0.795696554115732
1014 0.787739293123129
1015 0.7898619782186052
1016 0.7919634349103388
1017 0.7840435152302886
1018 0.7762028004253273
1019 0.7684404983337001
1020 0.7607558247175185
1021 0.7531480031834772
1022 0.7456162651043645
1023 0.7481601887399173
1024 0.7506786714219535
1025 0.7531719675941818
1026 0.7556403291551932
1027 0.7480836796515793
1028 0.7406026015427797
1029 0.7331963390173358
1030 0.735864459978339
1031 0.7385058980510912
1032 0.7411209200978816
1033 0.7337094835476092
1034 0.7363724695835957
1035 0.7390088241498319
1036 0.7316185159404135
1037 0.7343024098665959
1038 0.7369594632796674
1039 0.729589655804286
1040 0.7322938365629406
1041 0.7249706909110859
1042 0.727721061074416
1043 0.7204436485711874
1044 0.7132390142107619
1045 0.7161067020418658
1046 0.7189457114429499
1047 0.721756329229195
1048 0.7145385755131186
1049 0.7173932643192236
1050 0.7202194047534605
1051 0.7130170263315121
1052 0.7158869288004513
1053 0.7087278798942074
1054 0.7116406734455101
1055 0.704524091711503
1056 0.6974786792774119
1057 0.6905037243809319
1058 0.6935987609848047
1059 0.6966628457530352
1060 0.699696288233226
1061 0.7026993948769215
1062 0.6956722398667815
1063 0.6987155865236458
1064 0.7017284983397056
1065 0.6947110572946515
1066 0.6877637937657434
1067 0.6808860059160142
1068 0.674076998928097
1069 0.6773362985665895
1070 0.6705627923268603
1071 0.6738572333815523
1072 0.6671185213656547
1073 0.6604471992496466
1074 0.6538425930792106
1075 0.6573042367712609
1076 0.6607312626408687
1077 0.664124016893831
1078 0.6674828422733382
1079 0.6708080780946111
1080 0.674100060279191
1081 0.6773591213888875
1082 0.6705854031927908
1083 0.6738796102975418
1084 0.6671406903786621
1085 0.6704693440215006
1086 0.6737647099230112
1087 0.6770271209845853
1088 0.6702567302822392
1089 0.6735542205957533
1090 0.6768187348595474
1091 0.6700504316032461
1092 0.6633498136861102
1093 0.6567162042088457
1094 0.6601490992092642
1095 0.663547664124514
1096 0.666912242278037
1097 0.6602430123278035
1098 0.663640636436347
1099 0.65700412520135
1100 0.6604341376086291
1101 0.663829848823999
1102 0.6571914485509242
1103 0.6606195861025136
1104 0.6640134412430333
1105 0.6573732080416104
1106 0.6607995264259454
1107 0.6641915806221739
1108 0.6575495689354182
1109 0.6609741221867359
1110 0.6643644289316072
1111 0.6577206915853341
1112 0.6611435321328163
1113 0.6545320060485602
1114 0.6479865970313534
1115 0.6515067784243682
1116 0.6549917570609101
1117 0.6484417531150898
1118 0.6519573814810885
1119 0.655437852650062
1120 0.6588835182121572
1121 0.6622947262412572
1122 0.6556716959210727
1123 0.6591150217119331
1124 0.6625239133941482
1125 0.6658987153257343
1126 0.6692397684207906
1127 0.6725474101839454
1128 0.6758219747444567
1129 0.6690636760006157
1130 0.6723730775367102
1131 0.6756493842953424
1132 0.6788929272394533
1133 0.6721039217386535
1134 0.6753829189703762
1135 0.6786291255044364
1136 0.6718427603138121
1137 0.6751243681053651
1138 0.6783731591146407
1139 0.6815894615234785
1140 0.6847736002316214
1141 0.6779257932807201
1142 0.6811465683839408
1143 0.6843351350787058
1144 0.6774917149306784
1145 0.680716829879389
1146 0.673909594508948
1147 0.6771705303725392
1148 0.6803988562444956
1149 0.6735948026329175
1150 0.6668587908519451
1151 0.6601901404575117
1152 0.6535881778105038
1153 0.6570523278458846
1154 0.6604818357478175
1155 0.6638770479502358
1156 0.6672383074224826
1157 0.6605658654855622
1158 0.6639602364755967
1159 0.6673206631657925
1160 0.6706474850108878
1161 0.6639409533286266
1162 0.6673015719889415
1163 0.6706285839015959
1164 0.6739223251452315
1165 0.6771831284374817
1166 0.6804113231685855
1167 0.673607155651594
1168 0.6768711098752936
1169 0.6801024240437259
1170 0.6733013471542363
1171 0.6665682820813658
1172 0.6599025486860982
1173 0.663303548745366
1174 0.6566704639326729
1175 0.6601037845690472
1176 0.6635027714960676
1177 0.6568676959065122
1178 0.6602990434583402
1179 0.6636960770468799
1180 0.6570590698102161
1181 0.6604885028817399
1182 0.6638836411495295
1183 0.6672448275710355
1184 0.6605723344214336
1185 0.6639666336763078
1186 0.6673269894889085
1187 0.6706537413026077
1188 0.6739472251661662
1189 0.6772077737676825
1190 0.6704356531513214
1191 0.6737313172781236
1192 0.676994024352555
1193 0.6802241039533199
1194 0.6834218823631732
1195 0.6865876826018831
1196 0.6897218244588629
1197 0.692824624525479
1198 0.6958963962270339
1199 0.6889373920133982
1200 0.6920480359055234
1201 0.6951275730042615
1202 0.6981763143846001
1203 0.701194568010637
1204 0.7041826387666908
1205 0.7071408284881028
1206 0.7000693820801284
1207 0.7030687042673683
1208 0.7060380329141742
1209 0.7089776679622896
1210 0.711887906353915
1211 0.7147690420617048
1212 0.7176213661184656
1213 0.7204451666465577
1214 0.7232407288870008
1215 0.7260083352282906
1216 0.7187482164782664
1217 0.711560699620161
1218 0.7144451064074344
1219 0.7073006215440116
1220 0.7102276290372768
1221 0.7131253661828046
1222 0.7159941256895017
1223 0.7088341518946992
1224 0.7117458234752838
1225 0.7146283780793807
1226 0.7074820627873142
1227 0.7104072549289255
1228 0.7133031948950068
1229 0.7061701324274022
1230 0.6991084011917976
1231 0.7021173297973307
1232 0.70509616886572
1233 0.7080452192973339
1234 0.7109647789834372
1235 0.7038551025550969
1236 0.7068165633393231
1237 0.7097484092806916
1238 0.7026508974475159
1239 0.7056243999786498
1240 0.7085681672555099
1241 0.7114824966351951
1242 0.7143676825011434
1243 0.7072239791236272
1244 0.7101517501058304
1245 0.7130502431638195
1246 0.7159197510811027
1247 0.7087605280086495
1248 0.7116729330231713
1249 0.7045561787885892
1250 0.7075106272361043
1251 0.7004354966977487
1252 0.7034311519024037
1253 0.6963968167374124
1254 0.6994328586736579
1255 0.6924385070432391
1256 0.6855140993876953
1257 0.6886589685487589
1258 0.6917723888161279
1259 0.6948546746827606
1260 0.6979061374966062
1261 0.7009270854920553
1262 0.703917823821078
1263 0.7068786545840495
1264 0.6998098467633181
1265 0.6928117274441657
1266 0.6858835897331513
1267 0.6790247338059359
1268 0.6822344957475942
1269 0.6854121598851692
1270 0.6885580472003763
1271 0.6916724754650411
1272 0.694755759273199
1273 0.6978082100728751
1274 0.700830136197545
1275 0.7038218428972823
1276 0.6967836056921225
1277 0.6898157512326614
1278 0.6929176018305946
1279 0.6959884337611538
1280 0.6990285572142247
1281 0.70203827927773
1282 0.7050179039686503
1283 0.6979677073985935
1284 0.7009880377595825
1285 0.7039781646690051
1286 0.7069383901643216
1287 0.7098690132625585
1288 0.7027703063440155
1289 0.7057426102387326
1290 0.6986851677801016
1291 0.6916983000715469
1292 0.6947813240738216
1293 0.6978335176967139
1294 0.7008551892467906
1295 0.703846643947498
1296 0.706808183969994
1297 0.7097401084636714
1298 0.702642692200912
1299 0.705616271574436
1300 0.7085601150289433
1301 0.7014744991758227
1302 0.7044597603166115
1303 0.6974151483865916
1304 0.7004410029949657
1305 0.6934365790033716
1306 0.6965022192628526
1307 0.6895371834633649
1308 0.692641817633277
1309 0.6957154053419994
1310 0.6987582570565217
1311 0.7017706801391165
1312 0.6947529602998588
1313 0.6878054179184477
1314 0.6909273694239566
1315 0.6840180832745583
1316 0.687177908080971
1317 0.6903061345271001
1318 0.6834030611074678
1319 0.6765690186623121
1320 0.6698033168771065
1321 0.6731052893123687
1322 0.6763742419117578
1323 0.6696104882417877
1324 0.6729143888001329
1325 0.6761852502446232
1326 0.6694233868285369
1327 0.6627291422637933
1328 0.6661018561763851
1329 0.6594408271830401
1330 0.6628464241912503
1331 0.6662179651243054
1332 0.669555790545048
1333 0.6628602225671035
1334 0.6662316253624927
1335 0.6695693140300087
1336 0.6728736257129188
1337 0.6761448941830177
1338 0.6793834498743436
1339 0.6825896199165564
1340 0.6857637281679819
1341 0.6889060952483262
1342 0.6920170385710628
1343 0.6950968723754949
1344 0.6981459077584987
1345 0.6911644393715777
1346 0.6942527990548083
1347 0.6873102619910594
1348 0.6904371634168305
1349 0.6935327957478347
1350 0.6965974716766216
1351 0.6996315007687839
1352 0.702635189494227
1353 0.7056088412581261
1354 0.7085527564315753
1355 0.7014672203225641
1356 0.7044525516834527
1357 0.7074080296598065
1358 0.7103339527868822
1359 0.7132306166145559
1360 0.7160983137371775
1361 0.7089373224694755
1362 0.7018479412762442
1363 0.6948294540535193
1364 0.68788115185844
1365 0.6910023437439083
1366 0.6940923236427815
1367 0.697151403676273
1368 0.7001798928443583
1369 0.7031780970569862
1370 0.6961463087932254
1371 0.689184838557237
1372 0.6922929933312116
1373 0.6953700664945714
1374 0.688416358901608
1375 0.691532198385877
1376 0.6946168794141447
1377 0.6976707135721887
1378 0.7006940093299034
1379 0.7036870720724616
1380 0.7066502041311606
1381 0.6995836955277341
1382 0.7025878613342936
1383 0.705561985427827
1384 0.7085063682265582
1385 0.7114213071445071
1386 0.7143070966215324
1387 0.7171640281530726
1388 0.7199923903195921
1389 0.72279246881573
1390 0.7255645464791598
1391 0.7283089033191588
1392 0.7310258165448922
1393 0.7237155523622447
1394 0.716478390941166
1395 0.7193136093190282
1396 0.7221204754675951
1397 0.7248992729100652
1398 0.717650274506626
1399 0.7204737739496244
1400 0.7132690306826615
1401 0.7161363425536336
1402 0.7189749812625578
1403 0.721785233541917
1404 0.7245673832568522
1405 0.717321704137851
1406 0.7201484891382649
1407 0.7129469990972483
1408 0.7058175240591198
1409 0.7087593508803045
1410 0.7016717524538395
1411 0.6946550301095005
1412 0.6977084818848533
1413 0.7007313991011312
1414 0.7037240871047474
1415 0.7066868481886343
1416 0.7096199816227791
1417 0.7025237772174033
1418 0.705498541349785
1419 0.6984435514645864
1420 0.7014591178421989
1421 0.7044445285183791
1422 0.6974000789007911
1423 0.7004260799541928
1424 0.7034218209603965
1425 0.696387598553168
1426 0.699423724361306
1427 0.7024294888756685
1428 0.7054051957099037
1429 0.7083511454415089
1430 0.7012676299672209
1431 0.7042549553458936
1432 0.7072124074373802
1433 0.7101402849752178
1434 0.713038883705594
1435 0.7159084964172218
1436 0.7187494129709144
1437 0.7215619203288647
1438 0.7243463025836309
1439 0.7271028409868342
1440 0.7198318088452249
1441 0.7226334921803126
1442 0.725407158653721
1443 0.7281530884346304
1444 0.7308715588905188
1445 0.7335628446151774
1446 0.7362272174564496
1447 0.7388649465436893
1448 0.7414762983149468
1449 0.7340615318553979
1450 0.7267209131296252
1451 0.7194537006589138
1452 0.7222591649285944
1453 0.7250365745301803
1454 0.7277862100108582
1455 0.7305083491123323
1456 0.7332032667988801
1457 0.7258712309588539
1458 0.7186125155403514
1459 0.7214263915780815
1460 0.7242121288316908
1461 0.7269700086894932
1462 0.7197003056116676
1463 0.7225033036972396
1464 0.7252782717792363
1465 0.7180254861661004
1466 0.7208452324188378
1467 0.7236367811868714
1468 0.7264004144454893
1469 0.7291364113502183
1470 0.7218450444686262
1471 0.7246265950693662
1472 0.717380326422448
1473 0.7202065241992922
1474 0.7230044599776506
1475 0.7257744163779205
1476 0.7285166731942868
1477 0.7212315038844962
1478 0.7240191898222063
1479 0.7267789988811055
1480 0.7295112098303693
1481 0.7222160952524149
1482 0.7249939352346523
1483 0.717743993467049
1484 0.7205665544632878
1485 0.7133608865659177
1486 0.7162272786268108
1487 0.7190650067486567
1488 0.7218743575712125
1489 0.724655614867831
1490 0.7174090564690263
1491 0.7202349667730338
1492 0.723032617956714
1493 0.7258022926116146
1494 0.7285442705033601
1495 0.7312588285999129
1496 0.7339462410995484
1497 0.7366067794585535
1498 0.7292407095534331
1499 0.7319483032259237
1500 0.7346288209464058
1501 0.7372825334747036
1502 0.7399097088630369
1503 0.7425106124830975
1504 0.7450855070528546
1505 0.7476346526630918
1506 0.7501583068036795
1507 0.7426567217721626
1508 0.7352301526300342
1509 0.7278778492176227
1510 0.7305990714165499
1511 0.7332930813797348
1512 0.7259601487406675
1513 0.7287005479285634
1514 0.7314135431111419
1515 0.7340994083287236
1516 0.7367584148812203
1517 0.7393908313555402
1518 0.7419969236527163
1519 0.734576952694725
1520 0.7272311814805706
1521 0.7299588702860067
1522 0.7326592821910455
1523 0.7353326899649367
1524 0.7379793636492326
1525 0.7405995705850651
1526 0.7331935732777191
1527 0.7358616381161227
1528 0.7285030201753774
1529 0.7312179905432797
1530 0.7239058091189445
1531 0.7266667515955291
1532 0.7294000846360492
1533 0.7221060823195632
1534 0.7248850220508691
1535 0.7276361723738275
1536 0.7303598111827413
1537 0.7330562135929662
1538 0.7357256519687
1539 0.7383683959504943
1540 0.7409847124824913
1541 0.7335748639795706
1542 0.7262391139891032
1543 0.7289767233482253
1544 0.7316869566038258
1545 0.7343700875171375
1546 0.737026387111777
1547 0.7396561237011209
1548 0.7322595611819375
1549 0.734936966029597
1550 0.7375875968196365
1551 0.730211719610829
1552 0.7329096028639628
1553 0.7355805072756252
1554 0.738224702634409
1555 0.7408424560310173
1556 0.7434340318852427
1557 0.7459996919726767
1558 0.7485396954511513
1559 0.7410542973348743
1560 0.7336437532228791
1561 0.73630731609582
1562 0.7389442433319685
1563 0.7315547997969672
1564 0.7242392507192396
1565 0.7269968586149935
1566 0.7297268904237713
1567 0.7324296219066023
1568 0.7351053260669024
1569 0.7277542717744105
1570 0.73047672943498
1571 0.7231719611357083
1572 0.7259402419013771
1573 0.7186808385035559
1574 0.7114940291591912
1575 0.7143790892488595
1576 0.7172352987300441
1577 0.7100629448137799
1578 0.7129623157374135
1579 0.7058326916749863
1580 0.6987743638711937
1581 0.7017866206072562
1582 0.7047687547685
1583 0.7077210675808218
1584 0.7106438572578563
1585 0.7135374190310987
1586 0.7164020451797269
1587 0.7192380250601239
1588 0.7220456451351064
1589 0.7248251890028599
1590 0.7275769374255855
1591 0.7303011683578602
1592 0.7229981558607639
1593 0.7157681735048275
1594 0.7186104920800982
1595 0.7214243874634407
1596 0.7242101438868973
1597 0.7269680427401873
1598 0.7296983625991306
1599 0.7224013782155133
1600 0.7251773647186991
1601 0.7279255913511746
1602 0.7306463357117601
1603 0.7333398726232853
1604 0.7360064741603493
1605 0.7386464096768028
1606 0.7412599458329566
1607 0.7438473466225156
1608 0.7464088733992461
1609 0.7489447849033745
1610 0.751455337287723
1611 0.7539407841435838
1612 0.7464013756152279
1613 0.7489373620878204
1614 0.7414479877981597
1615 0.7340335072647044
1616 0.7266931715496278
1617 0.7294262400709388
1618 0.7321319779023244
1619 0.7348106583507774
1620 0.727462551149501
1621 0.7301879258648419
1622 0.7328860468285154
1623 0.7355571865781279
1624 0.7382016149259082
1625 0.7408195989859607
1626 0.7434114032012475
1627 0.745977289370299
1628 0.7385175158978904
1629 0.7411323409397329
1630 0.7437210177271606
1631 0.7462838077427971
1632 0.7388209691092386
1633 0.7414327596108304
1634 0.744018432203572
1635 0.746578248066628
1636 0.7491124657673701
1637 0.741621340578817
1638 0.7442051273543051
1639 0.7467630762584307
1640 0.7492954456699796
1641 0.7518024913839476
1642 0.7542844666373798
1643 0.7567416221349489
1644 0.7491742054137458
1645 0.7516824635236306
1646 0.7541656390491523
1647 0.7566239828162198
1648 0.7590577431424812
1649 0.7514671652342457
1650 0.7439524931145812
1651 0.746512968341074
1652 0.7490478388121646
1653 0.7415573599720607
1654 0.7341417859293522
1655 0.7368003682272874
1656 0.7294323641136273
1657 0.7321380406293209
1658 0.7348166603767365
1659 0.7374684939236192
1660 0.7400938091320352
1661 0.7326928706286361
1662 0.7353659420696961
1663 0.7280122822477008
1664 0.7307321595721665
1665 0.7334248381204636
1666 0.7360905898804116
1667 0.7387296841199512
1668 0.7313423868953753
1669 0.7240289626506744
1670 0.7267886731645374
1671 0.7295207865704686
1672 0.7322255788396025
1673 0.7349033231833618
1674 0.7375542900810538
1675 0.73017874682348
1676 0.7328769594844556
1677 0.7355481900162503
1678 0.7381927082402068
1679 0.7308107808148028
1680 0.7335026731304831
1681 0.7361676465205423
1682 0.738805970174286
1683 0.7414179105891249
1684 0.7440037315974956
1685 0.7465636943935087
1686 0.749098057559333
1687 0.751607077091315
1688 0.7540910064258365
1689 0.7565500964649144
1690 0.7589845956015454
1691 0.7613947497447944
1692 0.7637808023446356
1693 0.7661429944165424
1694 0.7684815645658325
1695 0.7607967486161392
1696 0.7631887812236677
1697 0.7655568935032564
1698 0.7679013246582219
1699 0.7602223111198054
1700 0.7626200880988216
1701 0.7649938873062524
1702 0.7673439485198492
1703 0.7696705091195856
1704 0.7719738041116344
1705 0.7742540661521061
1706 0.7765115255705496
1707 0.7787464103932175
1708 0.7809589463660987
1709 0.7731493566340202
1710 0.7754178631448695
1711 0.7776636845890741
1712 0.769887047483837
1713 0.7621881767548133
1714 0.7645662950649957
1715 0.7669206321905295
1716 0.7692514259432921
1717 0.7615589114398913
1718 0.7639433224003577
1719 0.7663038892497296
1720 0.7586408501214176
1721 0.7510544413890813
1722 0.753543897050274
1723 0.7560084581533607
1724 0.7484483733483479
1725 0.7509638896884805
1726 0.743454250574025
1727 0.7460197081418685
1728 0.7485595111325691
1729 0.7510739160919274
1730 0.7535631770002857
1731 0.7560275452981818
1732 0.7584672699117476
1733 0.7608825972778536
1734 0.7632737713690005
1735 0.755641033453298
1736 0.7580846231827918
1737 0.7605037770137165
1738 0.7628987393050831
1739 0.7652697519723123
1740 0.7676170545116695
1741 0.7599408837752798
1742 0.7623414749967463
1743 0.7647180603048195
1744 0.7670708797586571
1745 0.7694001710168242
1746 0.7617061691243348
1747 0.7640891074889941
1748 0.7564482162366446
1749 0.74888373390035
1750 0.7513948966185077
1751 0.7438809474829944
1752 0.7464421380653041
1753 0.7489777167406537
1754 0.7514879396281354
1755 0.743973060069178
1756 0.7365333293090474
1757 0.7291679958596908
1758 0.7318763159579801
1759 0.7345575528541545
1760 0.7372119773802577
1761 0.7298398574562082
1762 0.7325414589361553
1763 0.7352160444002183
1764 0.7278638838108265
1765 0.7305852450259953
1766 0.733279392627952
1767 0.7359465987528504
1768 0.738587132815481
1769 0.7312012613484282
1770 0.7338892487849884
1771 0.7365503563461873
1772 0.7391848528307979
1773 0.7417930043496059
1774 0.7443750743522883
1775 0.7369313234769709
1776 0.7295620101130293
1777 0.7222663898852978
1778 0.7250437260341581
1779 0.717793288650503
1780 0.7206153558115149
1781 0.7234092022999712
1782 0.7261751103226162
1783 0.7189133591007506
1784 0.7217242255552064
1785 0.7145069831840887
1786 0.717361913397505
1787 0.7201882943078866
1788 0.7129864112529131
1789 0.7058565470307161
1790 0.7087979816052
1791 0.7117100018330479
1792 0.7145929018577437
1793 0.7074469727335825
1794 0.7103725030490403
1795 0.7032687779156782
1796 0.7062360901790624
1797 0.7091737293189664
1798 0.7120819920666415
1799 0.7049611720469192
1800 0.7079115603670818
1801 0.710832444803234
1802 0.7037241202592566
1803 0.706686879096254
1804 0.699620010211804
1805 0.7026238101490259
1806 0.7055975720860926
1807 0.6985415962746608
1808 0.7015561803502225
1809 0.6945406184584602
1810 0.6975952123119199
1811 0.7006192602260881
1812 0.7036130676603725
1813 0.7065769370195868
1814 0.6995111675648558
1815 0.6925160558063543
1816 0.6955908952843461
1817 0.6986349863668406
1818 0.6916486364228808
1819 0.6947321500937352
1820 0.6877848285145439
1821 0.6909069802642145
1822 0.6939979104956955
1823 0.687057931314889
1824 0.6801873519273999
1825 0.6833854784423837
1826 0.6865516236915361
1827 0.6896861074875288
1828 0.6927892464449066
1829 0.685861353909171
1830 0.6890027404020802
1831 0.6821127129285735
1832 0.6852915858310261
1833 0.6784386699049794
1834 0.681654283237396
1835 0.6848377404358621
1836 0.6779893629658224
1837 0.6812094693667384
1838 0.6843973747030371
1839 0.6875534009853763
1840 0.6806778669121794
1841 0.6838710882721819
1842 0.6870323774180048
1843 0.6901620536718017
1844 0.6932604331625037
1845 0.68632782877014
1846 0.6794645504229085
1847 0.6726699048603341
1848 0.6759432058395574
1849 0.6791837738084348
1850 0.6823919360970805
1851 0.6855680167623079
1852 0.6887123366203617
1853 0.6818252131984794
1854 0.6850069610919602
1855 0.6881568915059995
1856 0.6912753226154015
1857 0.6943625694132227
1858 0.6874189436657062
1859 0.6905447542528409
1860 0.6936393067336307
1861 0.6967029136891486
1862 0.6897358845008037
1863 0.682838525605366
1864 0.6860101403722695
1865 0.6891500389910471
1866 0.6922585386231891
1867 0.6853359531883376
1868 0.6884825936783331
1869 0.6915977677629933
1870 0.6846817900382328
1871 0.6878349721591237
1872 0.6909566224583824
1873 0.6940470562542335
1874 0.6971065857117195
1875 0.7001355198742318
1876 0.7031341646947288
1877 0.6961028230031199
1878 0.6891417947293159
1879 0.682250376739121
1880 0.6854278729913132
1881 0.6885735942805937
1882 0.6916878583565993
1883 0.6847709797316699
1884 0.677923269893813
1885 0.681144037213752
1886 0.6743325968020915
1887 0.6775892708527783
1888 0.6808133781625859
1889 0.6840052443989307
1890 0.6871651919725543
1891 0.6802935400149104
1892 0.6834906046322266
1893 0.6766556985489393
1894 0.6698891415272205
1895 0.6731902501294462
1896 0.6764583476453015
1897 0.6796937641856571
1898 0.6828968265602746
1899 0.6860678583108181
1900 0.6892071797435347
1901 0.6823151079117049
1902 0.6754919567988777
1903 0.6787370372467612
1904 0.6819496668898497
1905 0.685130170236198
1906 0.6882788685487795
1907 0.6913960798779376
1908 0.6844821190469983
1909 0.6776372978250086
1910 0.6808609248614547
1911 0.6840523156272438
1912 0.6772117924404069
1913 0.6704396744860466
1914 0.6737352777556183
1915 0.6669979249488526
1916 0.6703279457136568
1917 0.6636246662280371
1918 0.666988419579907
1919 0.6703185353979765
1920 0.6636153500163599
1921 0.6669791965299267
1922 0.6703094045780845
1923 0.663606310505488
1924 0.666970247413756
1925 0.6603005449134673
1926 0.6636975394775186
1927 0.6670605640956672
1928 0.670389958467377
1929 0.6636860588574538
1930 0.6570491982441322
1931 0.6604787062743508
1932 0.6638739192240152
1933 0.667235180043936
1934 0.6605628282195977
1935 0.663957199949438
1936 0.6573176279266354
1937 0.6607444516592788
1938 0.654137007119952
1939 0.6575956370605335
1940 0.6510196806677527
1941 0.6545094838727259
1942 0.6579643890454174
1943 0.6613847451661548
1944 0.654770897693069
1945 0.6582231887272094
1946 0.6616409568507883
1947 0.6650245472929154
1948 0.6683743018304097
1949 0.6716905588223215
1950 0.6749736532441111
1951 0.6782239167214833
1952 0.6814416775638866
1953 0.6746272607680827
1954 0.6778809881699339
1955 0.6811021782975769
1956 0.6742911564950449
1957 0.677548244939353
1958 0.6807727624990336
1959 0.683965034882937
1960 0.6871253845428243
1961 0.6902541307059393
1962 0.6933515894072533
1963 0.6964180735213873
1964 0.6894538927677222
1965 0.6925593538481905
1966 0.6856337602917245
1967 0.6887774226968889
1968 0.6818896484523902
1969 0.6850707519758814
1970 0.6782200444390342
1971 0.6814378440025901
1972 0.6846234655703524
1973 0.6777772308980786
1974 0.6809994585968189
1975 0.684189464018418
1976 0.677347569362166
1977 0.6805740936760459
1978 0.6737683527236207
1979 0.6670306691810315
1980 0.6703603624967326
1981 0.6736567588791272
1982 0.6769201912975514
1983 0.6701509893697589
1984 0.6734494794832093
1985 0.6767149846953827
1986 0.6799478348552951
1987 0.6731483564924453
1988 0.6764168729343247
1989 0.6796527042116498
1990 0.6828561771760692
1991 0.6760276153905161
1992 0.6792673392430891
1993 0.6824746658570076
1994 0.6856499192046605
1995 0.688793420018713
1996 0.6919054858245035
1997 0.6849864309531012
1998 0.6781365666306747
1999 0.6813552009703667
2000 0.6845416489665423
2001 0.6876962324826393
2002 0.6908192701634607
2003 0.6939110774673615
2004 0.686971966680389
2005 0.6901022470190776
2006 0.6832012245368988
2007 0.686369212296978
2008 0.689505520179348
2009 0.6826104649659326
2010 0.6857843603215695
2011 0.6789265167070246
2012 0.6821372515452054
2013 0.6853158790349001
2014 0.6784627202335658
2015 0.6816780930363326
2016 0.6848613121109703
2017 0.6780126989792088
2018 0.6712325719789769
2019 0.6745202462641987
2020 0.6777750438064687
2021 0.6709972933582777
2022 0.6742873204295613
2023 0.667544447215392
2024 0.6708690027480575
2025 0.6741603127253006
2026 0.6774187096026774
2027 0.680644522511188
2028 0.6738380772765977
2029 0.6670996964945421
2030 0.6704286995341403
2031 0.6737244125432519
2032 0.676987168422184
2033 0.6702172967289968
2034 0.6735151237660305
2035 0.6767799725326078
2036 0.6800121728114349
2037 0.67321205107467
2038 0.6764799305680389
2039 0.6797151312663922
2040 0.6829179799576816
2041 0.6860888001619795
2042 0.6792279121520596
2043 0.6724356330224042
2044 0.675711276696064
2045 0.6789541639329101
2046 0.6821646222973118
2047 0.6853429760779952
2048 0.6884895463207991
2049 0.6916046508611037
2050 0.6946886043559353
2051 0.69774171831575
2052 0.6907643011249586
2053 0.6938566581170585
2054 0.6969180915391708
2055 0.6999489106269966
2056 0.7029494215238802
2057 0.7059199273117321
2058 0.7088607280416441
2059 0.7117721207641965
2060 0.7146543995594643
2061 0.707507855556727
2062 0.7104327770040538
2063 0.7033284492270541
2064 0.7062951647376605
2065 0.7092322130931038
2066 0.7121398909649365
2067 0.7150184920579958
2068 0.7178683071400705
2069 0.7206896240712719
2070 0.7234827278331094
2071 0.7162479005482387
2072 0.7190854215452955
2073 0.711894567323472
2074 0.7147756216527642
2075 0.717627865438713
2076 0.7204515867867531
2077 0.7232470709212647
2078 0.7260146002143838
2079 0.7187544542061843
2080 0.7215669096664449
2081 0.7243512405720566
2082 0.7271077281685668
2083 0.7298366508890676
2084 0.7225382843743878
2085 0.7153129015249701
2086 0.7081597725041595
2087 0.7010781747736677
2088 0.7040673930282086
2089 0.7070267191001588
2090 0.7099564519113449
2091 0.7128568873943759
2092 0.7157283185225338
2093 0.7185710353393683
2094 0.7213853249879935
2095 0.7241714717400922
2096 0.7169297570175999
2097 0.7197604594493942
2098 0.7225628548568312
2099 0.7253372263101555
2100 0.728083854048909
2101 0.730803015510238
2102 0.7234949853502982
2103 0.7262600354986072
2104 0.728997435145397
2105 0.7317074607956837
2106 0.7343903861894329
2107 0.7270464823229157
2108 0.7297760175013875
2109 0.7224782573218712
2110 0.7252534747503475
2111 0.7280009400045054
2112 0.7307209306060887
2113 0.7234137212956971
2114 0.726179584084363
2115 0.7189177882393013
2116 0.7217286103585248
2117 0.7245113242565236
2118 0.7172662110098751
2119 0.7200935489013539
2120 0.7128926134083626
2121 0.7157636872758492
2122 0.7086060503992156
2123 0.7115199898967853
2124 0.7044047899940419
2125 0.7073607420956542
2126 0.700287134671019
2127 0.703284263325852
2128 0.7062514206941061
2129 0.7091889064886474
2130 0.7120970174252137
2131 0.7049760472474397
2132 0.7079262867764098
2133 0.7108470239100615
2134 0.7137385536723485
2135 0.716601168136985
2136 0.7194351564569481
2137 0.7222408048936851
2138 0.7250183968460286
2139 0.7177682128742595
2140 0.7205905307467921
2141 0.723384625440574
2142 0.7161507791829651
2143 0.7189892713923799
2144 0.7217993786796757
2145 0.7245813848940743
2146 0.7273355710463051
2147 0.7300622153369902
2148 0.7327615931847457
2149 0.7354339772540012
2150 0.7380796374825424
2151 0.7406988411087764
2152 0.7432918526987271
2153 0.7358589341687929
2154 0.7385003448281416
2155 0.7311153413769905
2156 0.7238041879604081
2157 0.726566146081856
2158 0.7193004846182979
2159 0.7221074797731627
2160 0.7148864049727627
2161 0.717737540924078
2162 0.7205601655158596
2163 0.7133545638581174
2164 0.706221018217004
2165 0.7091588080358664
2166 0.7020672199530404
2167 0.695046547751092
2168 0.6880960822712111
2169 0.6812151214461761
2170 0.6844029702327797
2171 0.6775589405281874
2172 0.6807833511239617
2173 0.6839755176137574
2174 0.6871357624386344
2175 0.6902644048152423
2176 0.683361760764918
2177 0.6765281431551401
2178 0.6797628617245861
2179 0.682965233108318
2180 0.6861355807781931
2181 0.6892742249713504
2182 0.6923814827225574
2183 0.6854576678933014
2184 0.6886030912152816
2185 0.6817170603011495
2186 0.6748998896961982
2187 0.6781508908001521
2188 0.6813693818930482
2189 0.6845556880749974
2190 0.6877101311951097
2191 0.6908330298840037
2192 0.6839246995833128
2193 0.6870854525883181
2194 0.6802145980606308
2195 0.6734124520782563
2196 0.6666783275557407
2197 0.6600115442784847
2198 0.6634114288365575
2199 0.6667773145490324
2200 0.670109541404366
2201 0.6734084459911297
2202 0.6666743615295867
2203 0.6700076179150904
2204 0.6733075417367231
2205 0.6665744663177731
2206 0.6699087216553714
2207 0.6732096344395783
2208 0.6764775380959279
2209 0.6797127627156991
2210 0.6829156350892582
2211 0.6860864787390675
2212 0.6892256139523647
2213 0.6923333578135152
2214 0.6954100242360408
2215 0.698455923994328
2216 0.6914713647529145
2217 0.6945566511060283
2218 0.6876110845935351
2219 0.6907349737482379
2220 0.6838276240093589
2221 0.6869893477698982
2222 0.6901194542928195
2223 0.6932182597504992
2224 0.69628607715359
2225 0.6893232163807154
2226 0.6924299842174996
2227 0.6855056843740196
2228 0.6786506275290004
2229 0.6818641212543041
2230 0.6750454800405141
2231 0.6682950252388868
2232 0.6716120749870925
2233 0.6748959542378042
2234 0.6781469946959973
2235 0.681365524749597
2236 0.674551869500928
2237 0.6678063508047689
2238 0.6711282872972818
2239 0.6744170044248583
2240 0.677672834381148
2241 0.6808961060378643
2242 0.6840871449780028
2243 0.6872462735287297
2244 0.6903738107939392
2245 0.6934700726864869
2246 0.6965353719600992
2247 0.6895700182394245
2248 0.6926743180575039
2249 0.6957475748773932
2250 0.6987900991290743
2251 0.7018021981382295
2252 0.7047841761572844
2253 0.6977363343946887
2254 0.6907589710497394
2255 0.6838513813382594
2256 0.687012867525322
2257 0.680142738849111
2258 0.6833413114610613
2259 0.6765078983455171
2260 0.6797428193624994
2261 0.6729453911679641
2262 0.6662159372553924
2263 0.6595537778819642
2264 0.662958240103587
2265 0.6663286577029847
2266 0.6696653711263798
2267 0.6729687174155324
2268 0.6762390302417852
2269 0.6694766399385318
2270 0.6627818735383275
2271 0.6661540548033527
2272 0.6594925142545204
2273 0.6628975891123793
2274 0.6662686132216518
2275 0.6696059270898235
2276 0.6729098678193057
2277 0.6661807691403454
2278 0.6595189614481901
2279 0.6529237718329711
2280 0.6463945341139191
2281 0.639930588772072
2282 0.6435312828847417
2283 0.647095970056277
2284 0.6406250103550266
2285 0.6442187602518545
2286 0.6477765726497066
2287 0.6412988069225416
2288 0.6348858188526616
2289 0.6385369606645039
2290 0.6421515910582204
2291 0.6457300751479927
2292 0.6492727743968603
2293 0.6527800466532321
2294 0.6562522461870335
2295 0.6496897237245388
2296 0.6531928264876234
2297 0.646660898222138
2298 0.6501942892402429
2299 0.6536923463481602
2300 0.657155422884992
2301 0.6605838686564492
2302 0.6539780299692989
2303 0.6574382496699097
2304 0.6608638671735084
2305 0.6542552285012047
2306 0.6577126762164872
2307 0.661135549454611
2308 0.6645241939603478
2309 0.6678789520210217
2310 0.6612001625002648
2311 0.6645881608755366
2312 0.6679422792670503
2313 0.6612628564738494
2314 0.6646502279093771
2315 0.6680037256305443
2316 0.6613236883737242
2317 0.6647104514902454
2318 0.6680633469755961
2319 0.6713827135060882
2320 0.6646688863705305
2321 0.6680221975070708
2322 0.671341975532241
2323 0.6746285557771545
2324 0.6678822702189035
2325 0.6712034475169482
2326 0.6744914130420078
2327 0.6777464989118123
2328 0.6709690339222313
2329 0.6742593435832315
2330 0.6775167501476171
2331 0.6807415826463546
2332 0.6839341668201006
2333 0.6870948251521048
2334 0.690223876900785
2335 0.683321638131338
2336 0.6864884217502241
2337 0.6896235375329174
2338 0.6927273021577799
2339 0.6858000291357785
2340 0.688942028844611
2341 0.6920526085563511
2342 0.6851320824703769
2343 0.6782807616452707
2344 0.681497954029005
2345 0.6846829744888984
2346 0.6878361447441891
2347 0.6809577832963591
2348 0.6841482054635738
2349 0.6773067234085597
2350 0.6705336561741033
2351 0.663828319611999
2352 0.6671900364160592
2353 0.6705181360520753
2354 0.6738129546917279
2355 0.6770748251449804
2356 0.6803040768936972
2357 0.673501036124413
2358 0.6667660257628287
2359 0.670098365505367
2360 0.6733973818504767
2361 0.676663408032132
2362 0.6798967739519677
2363 0.6830978062126017
2364 0.6862668281506265
2365 0.679404159868797
2366 0.6826101182702585
2367 0.6857840170877024
2368 0.688926176916969
2369 0.69203691514794
2370 0.6951165459965983
2371 0.6981653805367675
2372 0.7011837267315323
2373 0.7041718894643468
2374 0.7071301705698306
2375 0.7100588688642571
2376 0.7029582801753151
2377 0.6959286973732687
2378 0.6989694103996615
2379 0.6919797162953791
2380 0.6850599191321451
2381 0.6882093199409499
2382 0.6813272267412673
2383 0.6745139544735869
2384 0.6677688149285886
2385 0.6710911267794307
2386 0.6743802155117619
2387 0.6776364133567672
2388 0.68086004922332
2389 0.6840514487312049
2390 0.6872109342440086
2391 0.6803388249013194
2392 0.673535436652062
2393 0.666800082285302
2394 0.6701320814625662
2395 0.6734307606480553
2396 0.6766964530416874
2397 0.6799294885113809
2398 0.6831301936263753
2399 0.6862988916902175
2400 0.6894359027734193
2401 0.6925415437457868
2402 0.6856161283081041
2403 0.6787599670248028
2404 0.681972367354657
2405 0.6851526436812106
2406 0.6883011172444967
2407 0.6814181060718393
2408 0.6746039250109127
2409 0.677857885760902
2410 0.6810793069033895
2411 0.6842685138344501
2412 0.6874258286961983
2413 0.6905515704093271
2414 0.6836460547050351
2415 0.6868095941580749
2416 0.6799414982163003
2417 0.6831420832342268
2418 0.686310662401972
2419 0.6794475557777644
2420 0.6726530802198027
2421 0.6759265494176925
2422 0.6791672839236016
2423 0.68237561108445
2424 0.6755518549734278
2425 0.6787963364237772
2426 0.6820083730596214
2427 0.6751882893288529
2428 0.6784364064356455
2429 0.6716520423711212
2430 0.6649355219472456
2431 0.6582861667276118
2432 0.6517033050601776
2433 0.6551862720096585
2434 0.658634409289643
2435 0.6620480651968261
2436 0.6554275845447053
2437 0.6588733086993369
2438 0.6622845756124206
2439 0.665661729856372
2440 0.6690051125578823
2441 0.6623150614321567
2442 0.6656919108179085
2443 0.6690349917098013
2444 0.6723446417927738
2445 0.675621195374915
2446 0.668864983421025
2447 0.672176333586883
2448 0.6654545702508767
2449 0.6688000245484357
2450 0.6621120243028172
2451 0.6654909040598561
2452 0.6688359950193232
2453 0.6721476350691944
2454 0.6654261587183731
2455 0.6687718971312532
2456 0.6720841781600031
2457 0.6753633363784642
2458 0.6786097030147397
