0 1.0
1 0.5
2 0.3333333333333333
3 0.5
4 0.6
5 0.6666666666666666
6 0.5714285714285714
7 0.625
8 0.6666666666666666
9 0.6
10 0.5454545454545454
11 0.5
12 0.5384615384615384
13 0.5
14 0.5333333333333333
15 0.5625
16 0.5882352941176471
17 0.5555555555555556
18 0.5789473684210527
19 0.55
20 0.5714285714285714
21 0.5909090909090909
22 0.6086956521739131
23 0.625
24 0.6
25 0.6153846153846154
26 0.6296296296296297
27 0.6071428571428571
28 0.6206896551724138
29 0.6333333333333333
30 0.6451612903225806
31 0.65625
32 0.6666666666666666
33 0.6470588235294118
34 0.6571428571428571
35 0.6666666666666666
36 0.6756756756756757
37 0.6578947368421053
38 0.6410256410256411
39 0.65
40 0.6585365853658537
41 0.6666666666666666
42 0.6511627906976745
43 0.6363636363636364
44 0.6444444444444445
45 0.6521739130434783
46 0.6382978723404256
47 0.625
48 0.6326530612244898
49 0.64
50 0.6470588235294118
51 0.6346153846153846
52 0.6226415094339622
53 0.6111111111111112
54 0.6181818181818182
55 0.625
56 0.631578947368421
57 0.6379310344827587
58 0.6440677966101694
59 0.65
60 0.639344262295082
61 0.6451612903225806
62 0.6349206349206349
63 0.640625
64 0.6461538461538462
65 0.6515151515151515
66 0.6567164179104478
67 0.6617647058823529
68 0.6521739130434783
69 0.6571428571428571
70 0.647887323943662
71 0.6527777777777778
72 0.6438356164383562
73 0.6351351351351351
74 0.64
75 0.631578947368421
76 0.6233766233766234
77 0.6282051282051282
78 0.620253164556962
79 0.625
80 0.6172839506172839
81 0.6219512195121951
82 0.6265060240963856
83 0.6190476190476191
84 0.6235294117647059
85 0.627906976744186
86 0.632183908045977
87 0.6363636363636364
88 0.6404494382022472
89 0.6333333333333333
90 0.6373626373626373
91 0.6413043478260869
92 0.6344086021505376
93 0.6382978723404256
94 0.631578947368421
95 0.6354166666666666
96 0.6288659793814433
97 0.6224489795918368
98 0.6262626262626263
99 0.63
100 0.6237623762376238
101 0.6274509803921569
102 0.6213592233009708
103 0.625
104 0.6190476190476191
105 0.6226415094339622
106 0.616822429906542
107 0.6203703703703703
108 0.6238532110091743
109 0.6272727272727273
110 0.6306306306306306
111 0.6339285714285714
112 0.6371681415929203
113 0.631578947368421
114 0.6260869565217392
115 0.6206896551724138
116 0.6153846153846154
117 0.6186440677966102
118 0.6134453781512605
119 0.6166666666666667
120 0.6115702479338843
121 0.6065573770491803
122 0.6097560975609756
123 0.6129032258064516
124 0.616
125 0.6190476190476191
126 0.6220472440944882
127 0.625
128 0.627906976744186
129 0.6230769230769231
130 0.6183206106870229
131 0.6212121212121212
132 0.6240601503759399
133 0.6194029850746269
134 0.6222222222222222
135 0.625
136 0.6277372262773723
137 0.6231884057971014
138 0.6258992805755396
139 0.6285714285714286
140 0.624113475177305
141 0.6267605633802817
142 0.6223776223776224
143 0.6180555555555556
144 0.6206896551724138
145 0.6232876712328768
146 0.6258503401360545
147 0.6283783783783784
148 0.6308724832214765
149 0.6266666666666667
150 0.6291390728476821
151 0.631578947368421
152 0.6339869281045751
153 0.6363636363636364
154 0.632258064516129
155 0.6282051282051282
156 0.6305732484076433
157 0.6329113924050633
158 0.6352201257861635
159 0.63125
160 0.6335403726708074
161 0.6358024691358025
162 0.6380368098159509
163 0.6402439024390244
164 0.6424242424242425
165 0.6445783132530121
166 0.6407185628742516
167 0.6428571428571429
168 0.6449704142011834
169 0.6470588235294118
170 0.6432748538011696
171 0.6453488372093024
172 0.6416184971098265
173 0.6436781609195402
174 0.64
175 0.6363636363636364
176 0.6384180790960452
177 0.6348314606741573
178 0.6368715083798883
179 0.6333333333333333
180 0.6353591160220995
181 0.6373626373626373
182 0.639344262295082
183 0.6413043478260869
184 0.6432432432432432
185 0.6451612903225806
186 0.6470588235294118
187 0.6436170212765957
188 0.6455026455026455
189 0.6473684210526316
190 0.643979057591623
191 0.6458333333333334
192 0.6424870466321243
193 0.6391752577319587
194 0.6358974358974359
195 0.6377551020408163
196 0.6395939086294417
197 0.6363636363636364
198 0.6381909547738693
199 0.635
200 0.6368159203980099
201 0.6336633663366337
202 0.6305418719211823
203 0.6323529411764706
204 0.6292682926829268
205 0.6310679611650486
206 0.6280193236714976
207 0.6298076923076923
208 0.631578947368421
209 0.6333333333333333
210 0.6350710900473934
211 0.6320754716981132
212 0.6291079812206573
213 0.6261682242990654
214 0.6232558139534884
215 0.6203703703703703
216 0.6175115207373272
217 0.6192660550458715
218 0.6210045662100456
219 0.6181818181818182
220 0.6199095022624435
221 0.6216216216216216
222 0.6233183856502242
223 0.625
224 0.6266666666666667
225 0.6238938053097345
226 0.6255506607929515
227 0.6271929824561403
228 0.62882096069869
229 0.6304347826086957
230 0.6277056277056277
231 0.6293103448275862
232 0.6266094420600858
233 0.6282051282051282
234 0.6297872340425532
235 0.6313559322033898
236 0.6329113924050633
237 0.634453781512605
238 0.6359832635983264
239 0.6375
240 0.6390041493775933
241 0.640495867768595
242 0.6419753086419753
243 0.639344262295082
244 0.6408163265306123
245 0.6382113821138211
246 0.6396761133603239
247 0.6411290322580645
248 0.642570281124498
249 0.644
250 0.6454183266932271
251 0.6428571428571429
252 0.6403162055335968
253 0.6377952755905512
254 0.6392156862745098
255 0.640625
256 0.6381322957198443
257 0.6395348837209303
258 0.637065637065637
259 0.6384615384615384
260 0.6398467432950191
261 0.6412213740458015
262 0.6425855513307985
263 0.6439393939393939
264 0.6415094339622641
265 0.6428571428571429
266 0.6441947565543071
267 0.6417910447761194
268 0.6431226765799256
269 0.6444444444444445
270 0.6420664206642066
271 0.6397058823529411
272 0.6373626373626373
273 0.6386861313868614
274 0.6363636363636364
275 0.6376811594202898
276 0.6353790613718412
277 0.6366906474820144
278 0.6379928315412187
279 0.6357142857142857
280 0.6370106761565836
281 0.6382978723404256
282 0.6395759717314488
283 0.6373239436619719
284 0.6350877192982456
285 0.6363636363636364
286 0.6376306620209059
287 0.6354166666666666
288 0.6332179930795848
289 0.6344827586206897
290 0.6357388316151202
291 0.636986301369863
292 0.6382252559726962
293 0.6394557823129252
294 0.6406779661016949
295 0.6385135135135135
296 0.6397306397306397
297 0.6375838926174496
298 0.6387959866220736
299 0.64
300 0.6378737541528239
301 0.6390728476821192
302 0.6402640264026402
303 0.6414473684210527
304 0.6426229508196721
305 0.6437908496732027
306 0.6449511400651465
307 0.6461038961038961
308 0.6440129449838188
309 0.6419354838709678
310 0.639871382636656
311 0.6378205128205128
312 0.6357827476038339
313 0.6337579617834395
314 0.6349206349206349
315 0.6329113924050633
316 0.6309148264984227
317 0.6320754716981132
318 0.6332288401253918
319 0.634375
320 0.6355140186915887
321 0.6366459627329193
322 0.6346749226006192
323 0.6327160493827161
324 0.6338461538461538
325 0.6319018404907976
326 0.6330275229357798
327 0.6341463414634146
328 0.6322188449848024
329 0.6333333333333333
330 0.6344410876132931
331 0.6325301204819277
332 0.6336336336336337
333 0.6347305389221557
334 0.6358208955223881
335 0.6339285714285714
336 0.6350148367952523
337 0.636094674556213
338 0.6342182890855457
339 0.6323529411764706
340 0.6334310850439883
341 0.6345029239766082
342 0.6355685131195336
343 0.6366279069767442
344 0.6376811594202898
345 0.6358381502890174
346 0.6368876080691642
347 0.6379310344827587
348 0.6361031518624641
349 0.6371428571428571
350 0.6381766381766382
351 0.6392045454545454
352 0.6402266288951841
353 0.6412429378531074
354 0.6422535211267606
355 0.6404494382022472
356 0.6414565826330533
357 0.6424581005586593
358 0.6406685236768802
359 0.6416666666666667
360 0.6398891966759003
361 0.6408839779005525
362 0.6418732782369146
363 0.6428571428571429
364 0.6410958904109589
365 0.639344262295082
366 0.6403269754768393
367 0.6385869565217391
368 0.6368563685636857
369 0.6378378378378379
370 0.6361185983827493
371 0.6370967741935484
372 0.6380697050938338
373 0.6390374331550802
374 0.64
375 0.6409574468085106
376 0.6392572944297082
377 0.6402116402116402
378 0.6411609498680739
379 0.6421052631578947
380 0.6430446194225722
381 0.643979057591623
382 0.6449086161879896
383 0.6458333333333334
384 0.6467532467532467
385 0.6450777202072538
386 0.6459948320413437
387 0.6469072164948454
388 0.6478149100257069
389 0.6461538461538462
390 0.6470588235294118
391 0.6479591836734694
392 0.648854961832061
393 0.6472081218274112
394 0.6481012658227848
395 0.648989898989899
396 0.6498740554156172
397 0.6507537688442211
398 0.6516290726817042
399 0.6525
400 0.6508728179551122
401 0.6517412935323383
402 0.652605459057072
403 0.6534653465346535
404 0.654320987654321
405 0.6551724137931034
406 0.6560196560196561
407 0.6544117647058824
408 0.6552567237163814
409 0.6560975609756098
410 0.6545012165450121
411 0.6553398058252428
412 0.6537530266343826
413 0.6545893719806763
414 0.653012048192771
415 0.6514423076923077
416 0.6522781774580336
417 0.65311004784689
418 0.6539379474940334
419 0.6523809523809524
420 0.6532066508313539
421 0.6540284360189573
422 0.6548463356973995
423 0.6556603773584906
424 0.6564705882352941
425 0.6549295774647887
426 0.6557377049180327
427 0.6565420560747663
428 0.6573426573426573
429 0.6581395348837209
430 0.6566125290023201
431 0.6574074074074074
432 0.6581986143187067
433 0.6566820276497696
434 0.6551724137931034
435 0.6536697247706422
436 0.6544622425629291
437 0.6552511415525114
438 0.6560364464692483
439 0.6545454545454545
440 0.655328798185941
441 0.6561085972850679
442 0.6568848758465011
443 0.6554054054054054
444 0.6561797752808989
445 0.6569506726457399
446 0.6554809843400448
447 0.65625
448 0.6570155902004454
449 0.6577777777777778
450 0.6585365853658537
451 0.6592920353982301
452 0.6600441501103753
453 0.6585903083700441
454 0.6593406593406593
455 0.6578947368421053
456 0.6564551422319475
457 0.6550218340611353
458 0.6557734204793029
459 0.6543478260869565
460 0.6550976138828634
461 0.6558441558441559
462 0.6544276457883369
463 0.6551724137931034
464 0.6559139784946236
465 0.6566523605150214
466 0.6573875802997858
467 0.655982905982906
468 0.6545842217484008
469 0.6553191489361702
470 0.6560509554140127
471 0.6546610169491526
472 0.6553911205073996
473 0.6561181434599156
474 0.6547368421052632
475 0.6533613445378151
476 0.6519916142557652
477 0.6527196652719666
478 0.6534446764091858
479 0.6541666666666667
480 0.6528066528066528
481 0.6535269709543569
482 0.6542443064182195
483 0.6549586776859504
484 0.6556701030927835
485 0.654320987654321
486 0.6550308008213552
487 0.6536885245901639
488 0.6523517382413088
489 0.6530612244897959
490 0.6517311608961304
491 0.6524390243902439
492 0.6511156186612576
493 0.6497975708502024
494 0.6505050505050505
495 0.6491935483870968
496 0.6498993963782697
497 0.6506024096385542
498 0.6513026052104208
499 0.65
500 0.6506986027944112
501 0.651394422310757
502 0.6500994035785288
503 0.6507936507936508
504 0.6514851485148515
505 0.650197628458498
506 0.650887573964497
507 0.6515748031496063
508 0.650294695481336
509 0.6509803921568628
510 0.6516634050880626
511 0.650390625
512 0.6510721247563352
513 0.6517509727626459
514 0.6524271844660194
515 0.6511627906976745
516 0.6518375241779497
517 0.6525096525096525
518 0.653179190751445
519 0.6519230769230769
520 0.6525911708253359
521 0.6532567049808429
522 0.6520076481835564
523 0.6526717557251909
524 0.6533333333333333
525 0.6520912547528517
526 0.6527514231499051
527 0.6534090909090909
528 0.6540642722117203
529 0.6528301886792452
530 0.6534839924670434
531 0.6541353383458647
532 0.6547842401500938
533 0.6554307116104869
534 0.6560747663551402
535 0.6567164179104478
536 0.6554934823091247
537 0.6561338289962825
538 0.6567717996289425
539 0.6574074074074074
540 0.6561922365988909
541 0.6568265682656826
542 0.6574585635359116
543 0.6580882352941176
544 0.6587155963302752
545 0.6575091575091575
546 0.6581352833638026
547 0.6587591240875912
548 0.6575591985428051
549 0.6581818181818182
550 0.6569872958257713
551 0.6557971014492754
552 0.6564195298372514
553 0.6552346570397112
554 0.6558558558558558
555 0.6564748201438849
556 0.6570915619389587
557 0.6577060931899642
558 0.6583184257602862
559 0.6589285714285714
560 0.6577540106951871
561 0.6565836298932385
562 0.655417406749556
563 0.6542553191489362
564 0.6530973451327433
565 0.6537102473498233
566 0.654320987654321
567 0.6549295774647887
568 0.655536028119508
569 0.656140350877193
570 0.6549912434325744
571 0.6555944055944056
572 0.6561954624781849
573 0.6567944250871081
574 0.6573913043478261
575 0.6579861111111112
576 0.658578856152513
577 0.6591695501730104
578 0.6580310880829016
579 0.6586206896551724
580 0.6592082616179001
581 0.6597938144329897
582 0.6586620926243568
583 0.6592465753424658
584 0.6581196581196581
585 0.658703071672355
586 0.6592844974446337
587 0.6598639455782312
588 0.6604414261460102
589 0.6610169491525424
590 0.6615905245346869
591 0.660472972972973
592 0.6593591905564924
593 0.6599326599326599
594 0.6605042016806723
595 0.6593959731543624
596 0.6599664991624791
597 0.6605351170568562
598 0.66110183639399
599 0.6616666666666666
600 0.6605657237936772
601 0.6611295681063123
602 0.6616915422885572
603 0.6605960264900662
604 0.6611570247933884
605 0.6617161716171617
606 0.6622734761120264
607 0.6611842105263158
608 0.6617405582922824
609 0.660655737704918
610 0.6612111292962357
611 0.6617647058823529
612 0.6623164763458401
613 0.6628664495114006
614 0.6617886178861788
615 0.6623376623376623
616 0.6628849270664505
617 0.6634304207119741
618 0.6639741518578353
619 0.6645161290322581
620 0.6650563607085346
621 0.6655948553054662
622 0.6645264847512039
623 0.6634615384615384
624 0.664
625 0.6629392971246006
626 0.6634768740031898
627 0.6640127388535032
628 0.6629570747217806
629 0.6619047619047619
630 0.6624405705229794
631 0.6629746835443038
632 0.6635071090047393
633 0.6624605678233438
634 0.662992125984252
635 0.6635220125786163
636 0.6640502354788069
637 0.664576802507837
638 0.6651017214397497
639 0.665625
640 0.6661466458658346
641 0.6666666666666666
642 0.6656298600311042
643 0.6645962732919255
644 0.6651162790697674
645 0.6656346749226006
646 0.6661514683153014
647 0.6666666666666666
648 0.6671802773497689
649 0.6676923076923077
650 0.6682027649769585
651 0.6671779141104295
652 0.667687595712098
653 0.6681957186544343
654 0.6687022900763359
655 0.6692073170731707
656 0.669710806697108
657 0.6702127659574468
658 0.669195751138088
659 0.6696969696969697
660 0.6686838124054463
661 0.6691842900302115
662 0.669683257918552
663 0.6701807228915663
664 0.6706766917293233
665 0.6711711711711712
666 0.671664167916042
667 0.6706586826347305
668 0.6711509715994021
669 0.6716417910447762
670 0.6721311475409836
671 0.6726190476190477
672 0.6731054977711739
673 0.6735905044510386
674 0.674074074074074
675 0.6745562130177515
676 0.6750369276218612
677 0.6740412979351033
678 0.6745213549337261
679 0.675
680 0.6754772393538914
681 0.6759530791788856
682 0.6764275256222547
683 0.6769005847953217
684 0.6759124087591241
685 0.6749271137026239
686 0.6754002911208151
687 0.6744186046511628
688 0.6748911465892597
689 0.6753623188405797
690 0.6758321273516642
691 0.6763005780346821
692 0.6767676767676768
693 0.6772334293948127
694 0.6776978417266187
695 0.6767241379310345
696 0.6771879483500718
697 0.6776504297994269
698 0.6781115879828327
699 0.6785714285714286
700 0.6790299572039943
701 0.6794871794871795
702 0.6799431009957326
703 0.6803977272727273
704 0.6808510638297872
705 0.6813031161473088
706 0.6817538896746818
707 0.6822033898305084
708 0.6826516220028209
709 0.6830985915492958
710 0.6821378340365682
711 0.6825842696629213
712 0.6816269284712483
713 0.680672268907563
714 0.6811188811188811
715 0.6815642458100558
716 0.6820083682008368
717 0.6824512534818942
718 0.6828929068150209
719 0.6833333333333333
720 0.6837725381414702
721 0.6842105263157895
722 0.6832641770401107
723 0.6837016574585635
724 0.6841379310344827
725 0.6845730027548209
726 0.6850068775790922
727 0.6854395604395604
728 0.6858710562414266
729 0.6863013698630137
730 0.6867305061559508
731 0.6871584699453552
732 0.6875852660300137
733 0.6866485013623979
734 0.6870748299319728
735 0.6875
736 0.6865671641791045
737 0.6869918699186992
738 0.6874154262516915
739 0.6878378378378378
740 0.6882591093117408
741 0.6873315363881402
742 0.6864064602960969
743 0.6868279569892473
744 0.687248322147651
745 0.6863270777479893
746 0.6867469879518072
747 0.6871657754010695
748 0.6862483311081442
749 0.6866666666666666
750 0.6857523302263648
751 0.6848404255319149
752 0.6852589641434262
753 0.6843501326259946
754 0.6847682119205298
755 0.6851851851851852
756 0.6842800528401585
757 0.683377308707124
758 0.6837944664031621
759 0.6842105263157895
760 0.6846254927726675
761 0.6837270341207349
762 0.6828309305373526
763 0.6832460732984293
764 0.6836601307189543
765 0.6840731070496083
766 0.6844850065189049
767 0.6848958333333334
768 0.6853055916775033
769 0.6857142857142857
770 0.6861219195849546
771 0.6865284974093264
772 0.6869340232858991
773 0.6873385012919897
774 0.687741935483871
775 0.6881443298969072
776 0.6885456885456885
777 0.6889460154241646
778 0.6880616174582799
779 0.6884615384615385
780 0.6888604353393086
781 0.6892583120204604
782 0.6896551724137931
783 0.6887755102040817
784 0.689171974522293
785 0.6895674300254453
786 0.6899618805590851
787 0.6903553299492385
788 0.6907477820025348
789 0.6911392405063291
790 0.6915297092288243
791 0.6919191919191919
792 0.6923076923076923
793 0.6926952141057935
794 0.6918238993710691
795 0.6922110552763819
796 0.6913425345043914
797 0.6917293233082706
798 0.6921151439299124
799 0.6925
800 0.6928838951310862
801 0.6932668329177057
802 0.6924034869240349
803 0.6927860696517413
804 0.6931677018633541
805 0.6935483870967742
806 0.6939281288723668
807 0.6943069306930693
808 0.6946847960444994
809 0.6950617283950618
810 0.6954377311960542
811 0.6945812807881774
812 0.6937269372693727
813 0.6941031941031941
814 0.694478527607362
815 0.6948529411764706
816 0.6952264381884945
817 0.69559902200489
818 0.6947496947496947
819 0.6951219512195121
820 0.6954933008526187
821 0.6958637469586375
822 0.6962332928311057
823 0.6953883495145631
824 0.6957575757575758
825 0.6961259079903148
826 0.6952841596130592
827 0.6956521739130435
828 0.6960193003618818
829 0.6951807228915663
830 0.6955475330926595
831 0.6947115384615384
832 0.695078031212485
833 0.6942446043165468
834 0.6946107784431138
835 0.6949760765550239
836 0.6941457586618877
837 0.6945107398568019
838 0.6948748510131109
839 0.6952380952380952
840 0.6956004756242569
841 0.6947743467933492
842 0.6951364175563464
843 0.6954976303317536
844 0.6946745562130178
845 0.693853427895981
846 0.6942148760330579
847 0.6945754716981132
848 0.6937573616018846
849 0.6941176470588235
850 0.6933019976498237
851 0.6924882629107981
852 0.6928487690504103
853 0.6920374707259953
854 0.6923976608187135
855 0.6927570093457944
856 0.6931155192532089
857 0.6934731934731935
858 0.6938300349243306
859 0.6941860465116279
860 0.6945412311265969
861 0.6937354988399071
862 0.6929316338354577
863 0.6932870370370371
864 0.6936416184971098
865 0.6939953810623557
866 0.6943483275663207
867 0.6947004608294931
868 0.6950517836593786
869 0.6954022988505747
870 0.695752009184845
871 0.694954128440367
872 0.695303550973654
873 0.6956521739130435
874 0.6948571428571428
875 0.6952054794520548
876 0.6944127708095781
877 0.6947608200455581
878 0.6951080773606371
879 0.6954545454545454
880 0.6946651532349603
881 0.6950113378684807
882 0.695356738391846
883 0.6957013574660633
884 0.696045197740113
885 0.6952595936794582
886 0.6944757609921083
887 0.6936936936936937
888 0.6929133858267716
889 0.6932584269662921
890 0.6936026936026936
891 0.6939461883408071
892 0.6942889137737962
893 0.6946308724832215
894 0.693854748603352
895 0.6930803571428571
896 0.693422519509476
897 0.6937639198218263
898 0.6941045606229144
899 0.6944444444444444
900 0.6947835738068813
901 0.6940133037694013
902 0.6943521594684385
903 0.6935840707964602
904 0.6939226519337016
905 0.6942604856512141
906 0.6945975744211687
907 0.6949339207048458
908 0.6941694169416942
909 0.6945054945054945
910 0.6948408342480791
911 0.6951754385964912
912 0.6944140197152245
913 0.6936542669584245
914 0.692896174863388
915 0.6932314410480349
916 0.6924754634678298
917 0.6928104575163399
918 0.6931447225244831
919 0.6934782608695652
920 0.6938110749185668
921 0.693058568329718
922 0.6933911159263272
923 0.6937229437229437
924 0.6940540540540541
925 0.6943844492440605
926 0.6947141316073355
927 0.6939655172413793
928 0.6932185145317545
929 0.6935483870967742
930 0.6938775510204082
931 0.694206008583691
932 0.6934619506966774
933 0.6937901498929336
934 0.6941176470588235
935 0.6944444444444444
936 0.6947705442902882
937 0.6940298507462687
938 0.6943556975505857
939 0.6946808510638298
940 0.69394261424017
941 0.6942675159235668
942 0.694591728525981
943 0.6949152542372882
944 0.6952380952380952
945 0.6955602536997886
946 0.6958817317845829
947 0.6962025316455697
948 0.6965226554267651
949 0.6968421052631579
950 0.6971608832807571
951 0.6974789915966386
952 0.6977964323189927
953 0.6981132075471698
954 0.6984293193717277
955 0.698744769874477
956 0.6990595611285266
957 0.6983298538622129
958 0.6976016684045881
959 0.6979166666666666
960 0.6971904266389178
961 0.6975051975051975
962 0.6978193146417445
963 0.6981327800829875
964 0.6974093264248704
965 0.6977225672877847
966 0.6980351602895554
967 0.6983471074380165
968 0.6976264189886481
969 0.6979381443298969
970 0.698249227600412
971 0.698559670781893
972 0.6988694758478932
973 0.6991786447638604
974 0.6994871794871795
975 0.6987704918032787
976 0.6990788126919141
977 0.6993865030674846
978 0.6996935648621042
979 0.7
980 0.7003058103975535
981 0.7006109979633401
982 0.7009155645981688
983 0.7012195121951219
984 0.7015228426395939
985 0.7018255578093306
986 0.7011144883485309
987 0.7004048582995951
988 0.7007077856420627
989 0.701010101010101
990 0.7013118062563067
991 0.7016129032258065
992 0.701913393756294
993 0.7022132796780685
994 0.7025125628140704
995 0.7028112449799196
996 0.7031093279839519
997 0.7034068136272545
998 0.7037037037037037
999 0.704
1000 0.7042957042957043
1001 0.7035928143712575
1002 0.7038883349950149
1003 0.704183266932271
1004 0.7044776119402985
1005 0.7037773359840954
1006 0.7040714995034757
1007 0.7043650793650794
1008 0.7046580773042617
1009 0.7049504950495049
1010 0.705242334322453
1011 0.7055335968379447
1012 0.7048371174728529
1013 0.7051282051282052
1014 0.7054187192118226
1015 0.7047244094488189
1016 0.704031465093412
1017 0.7043222003929273
1018 0.703631010794897
1019 0.7029411764705882
1020 0.702252693437806
1021 0.7015655577299413
1022 0.7018572825024438
1023 0.7021484375
1024 0.7024390243902439
1025 0.702729044834308
1026 0.7020447906523856
1027 0.7013618677042801
1028 0.7006802721088435
1029 0.7009708737864078
1030 0.7012609117361784
1031 0.7015503875968992
1032 0.7008712487899322
1033 0.7011605415860735
1034 0.7014492753623188
1035 0.7017374517374517
1036 0.7020250723240116
1037 0.7013487475915221
1038 0.7016361886429259
1039 0.7009615384615384
1040 0.7012487992315082
1041 0.7005758157389635
1042 0.6999041227229147
1043 0.7001915708812261
1044 0.7004784688995215
1045 0.7007648183556405
1046 0.7000955109837631
1047 0.700381679389313
1048 0.7006673021925643
1049 0.7
1050 0.7002854424357755
1051 0.6996197718631179
1052 0.6999050332383666
1053 0.6992409867172675
1054 0.6985781990521327
1055 0.6979166666666666
1056 0.6982024597918638
1057 0.6984877126654064
1058 0.6987724268177526
1059 0.6990566037735849
1060 0.6983977379830348
1061 0.6977401129943502
1062 0.6980244590780809
1063 0.6973684210526315
1064 0.6967136150234742
1065 0.6960600375234521
1066 0.6954076850984068
1067 0.6956928838951311
1068 0.695977549111319
1069 0.6962616822429907
1070 0.6956115779645191
1071 0.6949626865671642
1072 0.6943150046598322
1073 0.6945996275605214
1074 0.6948837209302325
1075 0.6951672862453532
1076 0.6954503249767874
1077 0.6957328385899815
1078 0.696014828544949
1079 0.6953703703703704
1080 0.6956521739130435
1081 0.6959334565619224
1082 0.6952908587257618
1083 0.6955719557195572
1084 0.695852534562212
1085 0.6961325966850829
1086 0.6964121435142594
1087 0.6957720588235294
1088 0.6960514233241506
1089 0.6963302752293578
1090 0.696608615948671
1091 0.6968864468864469
1092 0.696248856358646
1093 0.6956124314442413
1094 0.6958904109589041
1095 0.6961678832116789
1096 0.6964448495897904
1097 0.6958105646630237
1098 0.6960873521383075
1099 0.6954545454545454
1100 0.695731153496821
1101 0.6960072595281307
1102 0.6953762466001813
1103 0.6956521739130435
1104 0.6959276018099547
1105 0.6962025316455697
1106 0.6964769647696477
1107 0.6967509025270758
1108 0.6961226330027052
1109 0.6963963963963964
1110 0.6966696669666966
1111 0.6960431654676259
1112 0.6963162623539982
1113 0.6956912028725314
1114 0.695067264573991
1115 0.6953405017921147
1116 0.6956132497761862
1117 0.6958855098389982
1118 0.6961572832886506
1119 0.6964285714285714
1120 0.6966993755575379
1121 0.696969696969697
1122 0.6963490650044524
1123 0.6966192170818505
1124 0.6968888888888889
1125 0.6971580817051509
1126 0.6974267968056788
1127 0.6976950354609929
1128 0.6970770593445527
1129 0.6964601769911505
1130 0.6967285587975243
1131 0.6969964664310954
1132 0.6963812886142984
1133 0.6966490299823633
1134 0.6969162995594713
1135 0.6963028169014085
1136 0.6965699208443272
1137 0.6968365553602812
1138 0.6971027216856892
1139 0.6973684210526315
1140 0.6967572304995618
1141 0.6970227670753065
1142 0.6972878390201225
1143 0.6966783216783217
1144 0.6969432314410481
1145 0.6972076788830716
1146 0.6974716652136007
1147 0.6977351916376306
1148 0.6971279373368147
1149 0.6965217391304348
1150 0.6959165942658557
1151 0.6961805555555556
1152 0.6964440589765828
1153 0.6967071057192374
1154 0.696969696969697
1155 0.6972318339100346
1156 0.6966292134831461
1157 0.6968911917098446
1158 0.6971527178602244
1159 0.6974137931034483
1160 0.6968130921619293
1161 0.6970740103270223
1162 0.6973344797936372
1163 0.697594501718213
1164 0.6978540772532189
1165 0.6981132075471698
1166 0.6975149957155099
1167 0.6977739726027398
1168 0.69803250641574
1169 0.6974358974358974
1170 0.6968403074295474
1171 0.697098976109215
1172 0.6965046888320545
1173 0.696763202725724
1174 0.6970212765957446
1175 0.6964285714285714
1176 0.6966864910790145
1177 0.6969439728353141
1178 0.6963528413910093
1179 0.6966101694915254
1180 0.6968670618120237
1181 0.6971235194585449
1182 0.6965342349957735
1183 0.6967905405405406
1184 0.6970464135021097
1185 0.6973018549747049
1186 0.6975568660488627
1187 0.696969696969697
1188 0.6972245584524811
1189 0.6974789915966386
1190 0.6977329974811083
1191 0.697986577181208
1192 0.6982397317686505
1193 0.6984924623115578
1194 0.698744769874477
1195 0.6989966555183946
1196 0.6984126984126984
1197 0.6986644407345576
1198 0.6989157631359466
1199 0.6991666666666667
1200 0.6994171523730225
1201 0.699667221297837
1202 0.6999168744804655
1203 0.6993355481727574
1204 0.6995850622406639
1205 0.6998341625207297
1206 0.700082850041425
1207 0.7003311258278145
1208 0.7005789909015715
1209 0.7008264462809918
1210 0.7010734929810074
1211 0.7013201320132013
1212 0.7007419620774938
1213 0.700164744645799
1214 0.7004115226337448
1215 0.6998355263157895
1216 0.7000821692686935
1217 0.7003284072249589
1218 0.7005742411812962
1219 0.7
1220 0.7002457002457002
1221 0.7004909983633388
1222 0.6999182338511856
1223 0.7001633986928104
1224 0.7004081632653061
1225 0.6998368678629691
1226 0.6992665036674817
1227 0.6995114006514658
1228 0.6997558991049634
1229 0.7
1230 0.7002437043054427
1231 0.6996753246753247
1232 0.699918896999189
1233 0.700162074554295
1234 0.7004048582995951
1235 0.7006472491909385
1236 0.7008892481810832
1237 0.7011308562197092
1238 0.7013720742534302
1239 0.7016129032258065
1240 0.701853344077357
1241 0.7020933977455717
1242 0.7015285599356396
1243 0.7017684887459807
1244 0.7012048192771084
1245 0.7014446227929374
1246 0.7008821170809943
1247 0.7011217948717948
1248 0.7005604483586869
1249 0.7008
1250 0.7002398081534772
1251 0.6996805111821086
1252 0.6999201915403033
1253 0.7001594896331739
1254 0.700398406374502
1255 0.7006369426751592
1256 0.7008750994431185
1257 0.7011128775834659
1258 0.7013502779984114
1259 0.7007936507936507
1260 0.7002379064234734
1261 0.6996830427892234
1262 0.6999208234362628
1263 0.7001582278481012
1264 0.700395256916996
1265 0.7006319115323855
1266 0.7008681925808997
1267 0.7011041009463722
1268 0.7013396375098503
1269 0.7015748031496063
1270 0.7018095987411487
1271 0.7020440251572327
1272 0.7022780832678712
1273 0.7017268445839875
1274 0.7019607843137254
1275 0.7021943573667712
1276 0.7024275646045419
1277 0.702660406885759
1278 0.7028928850664582
1279 0.70234375
1280 0.702576112412178
1281 0.702808112324493
1282 0.7030397505845675
1283 0.7032710280373832
1284 0.7027237354085603
1285 0.702954898911353
1286 0.7024087024087025
1287 0.7018633540372671
1288 0.7020946470131885
1289 0.7023255813953488
1290 0.7017815646785438
1291 0.7020123839009288
1292 0.7022428460943542
1293 0.7024729520865534
1294 0.7019305019305019
1295 0.7021604938271605
1296 0.7023901310717039
1297 0.7018489984591679
1298 0.7020785219399538
1299 0.7023076923076923
1300 0.7017678708685626
1301 0.7019969278033794
1302 0.7014581734458941
1303 0.7016871165644172
1304 0.7011494252873564
1305 0.7013782542113323
1306 0.7016067329762815
1307 0.7018348623853211
1308 0.7020626432391138
1309 0.7022900763358778
1310 0.7025171624713958
1311 0.7019817073170732
1312 0.7022086824067022
1313 0.7016742770167428
1314 0.7019011406844107
1315 0.7021276595744681
1316 0.7015945330296127
1317 0.701062215477997
1318 0.7005307050796058
1319 0.7007575757575758
1320 0.7009841029523088
1321 0.7004538577912254
1322 0.7006802721088435
1323 0.7009063444108762
1324 0.700377358490566
1325 0.6998491704374057
1326 0.7000753579502638
1327 0.6995481927710844
1328 0.6997742663656885
1329 0.7
1330 0.7002253944402704
1331 0.7004504504504504
1332 0.700675168792198
1333 0.7008995502248876
1334 0.701123595505618
1335 0.7013473053892215
1336 0.7015706806282722
1337 0.7017937219730942
1338 0.70201643017177
1339 0.7022388059701492
1340 0.7024608501118568
1341 0.7019374068554396
1342 0.7021593447505584
1343 0.7016369047619048
1344 0.7018587360594796
1345 0.7020802377414561
1346 0.7023014105419451
1347 0.7025222551928784
1348 0.7027427724240178
1349 0.702962962962963
1350 0.7031828275351591
1351 0.7026627218934911
1352 0.7028824833702882
1353 0.7031019202363368
1354 0.7033210332103321
1355 0.7035398230088495
1356 0.7037582903463523
1357 0.7032400589101621
1358 0.7027225901398086
1359 0.7022058823529411
1360 0.7016899338721528
1361 0.7019089574155654
1362 0.7021276595744681
1363 0.7023460410557185
1364 0.7025641025641025
1365 0.7027818448023426
1366 0.7022677395757132
1367 0.702485380116959
1368 0.7027027027027027
1369 0.7021897810218978
1370 0.7024070021881839
1371 0.7026239067055393
1372 0.7028404952658412
1373 0.7030567685589519
1374 0.7032727272727273
1375 0.7034883720930233
1376 0.7037037037037037
1377 0.7031930333817126
1378 0.7034082668600435
1379 0.7036231884057971
1380 0.7038377986965967
1381 0.7040520984081042
1382 0.7042660882140275
1383 0.7044797687861272
1384 0.7046931407942238
1385 0.7049062049062049
1386 0.7051189617880317
1387 0.7053314121037464
1388 0.7055435565154787
1389 0.7050359712230215
1390 0.7045291157440691
1391 0.7047413793103449
1392 0.7049533381191673
1393 0.7051649928263989
1394 0.7053763440860215
1395 0.7048710601719198
1396 0.7050823192555477
1397 0.7045779685264664
1398 0.7047891350964975
1399 0.705
1400 0.7052105638829408
1401 0.7047075606276747
1402 0.7049180327868853
1403 0.7044159544159544
1404 0.703914590747331
1405 0.7034139402560455
1406 0.7029140014214641
1407 0.703125
1408 0.7033356990773598
1409 0.7035460992907802
1410 0.703756201275691
1411 0.7039660056657224
1412 0.7034677990092003
1413 0.7036775106082037
1414 0.7031802120141343
1415 0.7033898305084746
1416 0.702893436838391
1417 0.7023977433004231
1418 0.7026074700493306
1419 0.7028169014084507
1420 0.7030260380014075
1421 0.7032348804500703
1422 0.7034434293745608
1423 0.7029494382022472
1424 0.7031578947368421
1425 0.7033660589060309
1426 0.7035739313244569
1427 0.7037815126050421
1428 0.7039888033589923
1429 0.7041958041958042
1430 0.7044025157232704
1431 0.7046089385474861
1432 0.7048150732728542
1433 0.7050209205020921
1434 0.7045296167247387
1435 0.7047353760445683
1436 0.7049408489909533
1437 0.7051460361613352
1438 0.7053509381514941
1439 0.7055555555555556
1440 0.7057598889659958
1441 0.7059639389736477
1442 0.7061677061677062
1443 0.7056786703601108
1444 0.7051903114186852
1445 0.7047026279391425
1446 0.7049067035245336
1447 0.705110497237569
1448 0.7053140096618358
1449 0.7055172413793104
1450 0.7050310130944176
1451 0.7045454545454546
1452 0.7040605643496215
1453 0.7042640990371389
1454 0.7044673539518901
1455 0.7046703296703297
1456 0.7041866849691146
1457 0.7043895747599451
1458 0.704592186429061
1459 0.7041095890410959
1460 0.704312114989733
1461 0.7045143638850889
1462 0.7047163362952836
1463 0.7049180327868853
1464 0.7044368600682593
1465 0.7046384720327421
1466 0.7048398091342877
1467 0.7050408719346049
1468 0.7052416609938734
1469 0.7047619047619048
1470 0.7049626104690686
1471 0.704483695652174
1472 0.7046843177189409
1473 0.7048846675712347
1474 0.7050847457627119
1475 0.7046070460704607
1476 0.7048070412999323
1477 0.7043301759133965
1478 0.7045300878972278
1479 0.7040540540540541
1480 0.7042538825118163
1481 0.7044534412955465
1482 0.7046527309507754
1483 0.7048517520215634
1484 0.7043771043771043
1485 0.7045760430686406
1486 0.7047747141896435
1487 0.7049731182795699
1488 0.7051712558764271
1489 0.7053691275167785
1490 0.7055667337357479
1491 0.7057640750670241
1492 0.7052913596784997
1493 0.7054886211512718
1494 0.7050167224080267
1495 0.7052139037433155
1496 0.7054108216432866
1497 0.705607476635514
1498 0.7058038692461641
1499 0.706
1500 0.7061958694203864
1501 0.7063914780292943
1502 0.7059214903526281
1503 0.7061170212765957
1504 0.7056478405315615
1505 0.7058432934926959
1506 0.7060384870603849
1507 0.7055702917771883
1508 0.705765407554672
1509 0.7059602649006622
1510 0.7061548643282595
1511 0.7063492063492064
1512 0.7065432914738929
1513 0.7060766182298547
1514 0.7062706270627063
1515 0.7058047493403694
1516 0.7059986816084377
1517 0.7061923583662714
1518 0.7063857801184991
1519 0.7065789473684211
1520 0.7067718606180144
1521 0.7069645203679369
1522 0.706500328299409
1523 0.7066929133858267
1524 0.7062295081967213
1525 0.7064220183486238
1526 0.7059593975114604
1527 0.7054973821989529
1528 0.7056899934597777
1529 0.7052287581699347
1530 0.705421293272371
1531 0.7056135770234987
1532 0.7058056099151989
1533 0.7059973924380704
1534 0.7061889250814333
1535 0.7063802083333334
1536 0.7065712426805465
1537 0.7067620286085826
1538 0.7063027940220923
1539 0.7058441558441558
1540 0.7060350421804024
1541 0.7062256809338522
1542 0.7064160725858717
1543 0.7066062176165803
1544 0.7067961165048544
1545 0.7063389391979301
1546 0.7065287653522948
1547 0.7067183462532299
1548 0.7062621045836023
1549 0.7064516129032258
1550 0.7066408768536429
1551 0.7068298969072165
1552 0.7070186735350934
1553 0.7072072072072072
1554 0.707395498392283
1555 0.7069408740359897
1556 0.7071290944123314
1557 0.7073170731707317
1558 0.7075048107761386
1559 0.7070512820512821
1560 0.7072389493914157
1561 0.7074263764404609
1562 0.7076135636596289
1563 0.7078005115089514
1564 0.7079872204472843
1565 0.7075351213282248
1566 0.7077217613273772
1567 0.7072704081632653
1568 0.7074569789674953
1569 0.7070063694267515
1570 0.7065563335455124
1571 0.7067430025445293
1572 0.7069294342021615
1573 0.7064803049555273
1574 0.7066666666666667
1575 0.7062182741116751
1576 0.7057704502219404
1577 0.70595690747782
1578 0.7061431285623813
1579 0.7063291139240506
1580 0.7065148640101202
1581 0.706700379266751
1582 0.7068856601389766
1583 0.7070707070707071
1584 0.7066246056782335
1585 0.7068095838587641
1586 0.7069943289224953
1587 0.7065491183879093
1588 0.7067337948395217
1589 0.7062893081761006
1590 0.7058453802639849
1591 0.7060301507537688
1592 0.7062146892655368
1593 0.7063989962358845
1594 0.7059561128526646
1595 0.706140350877193
1596 0.7056981840951785
1597 0.7058823529411765
1598 0.706066291432145
1599 0.705625
1600 0.7058088694565896
1601 0.7059925093632958
1602 0.7061759201497193
1603 0.706359102244389
1604 0.7065420560747664
1605 0.7067247820672479
1606 0.7069072806471687
1607 0.707089552238806
1608 0.7072715972653822
1609 0.7068322981366459
1610 0.7070142768466791
1611 0.706575682382134
1612 0.7061376317420954
1613 0.7057001239157373
1614 0.7058823529411765
1615 0.7060643564356436
1616 0.7062461348175634
1617 0.7058096415327565
1618 0.705373687461396
1619 0.7055555555555556
1620 0.7057371992597162
1621 0.7059186189889026
1622 0.7060998151571165
1623 0.7062807881773399
1624 0.7064615384615385
1625 0.7066420664206642
1626 0.7062077443146896
1627 0.7063882063882064
1628 0.7065684468999386
1629 0.7067484662576687
1630 0.7063151440833845
1631 0.7064950980392157
1632 0.7066748315982854
1633 0.7068543451652387
1634 0.7070336391437309
1635 0.706601466992665
1636 0.7067806963958461
1637 0.706959706959707
1638 0.7071384990848079
1639 0.7073170731707317
1640 0.7074954296160878
1641 0.707673568818514
1642 0.7078514911746805
1643 0.7074209245742092
1644 0.7075987841945289
1645 0.7077764277035237
1646 0.7079538554948391
1647 0.7081310679611651
1648 0.7077016373559734
1649 0.7072727272727273
1650 0.7074500302846759
1651 0.7076271186440678
1652 0.7078039927404719
1653 0.7073760580411125
1654 0.7075528700906344
1655 0.7071256038647343
1656 0.7073023536511768
1657 0.7074788902291917
1658 0.707655213984328
1659 0.7072289156626506
1660 0.7074051776038531
1661 0.7069795427196149
1662 0.7071557426337943
1663 0.7073317307692307
1664 0.7075075075075075
1665 0.7076830732292917
1666 0.707258548290342
1667 0.7068345323741008
1668 0.7070101857399641
1669 0.707185628742515
1670 0.7073608617594255
1671 0.7075358851674641
1672 0.7077106993424985
1673 0.7072879330943848
1674 0.7074626865671642
1675 0.7076372315035799
1676 0.7078115682766846
1677 0.7073897497020262
1678 0.7075640262060751
1679 0.7077380952380953
1680 0.7079119571683522
1681 0.7080856123662307
1682 0.7082590612002376
1683 0.7084323040380047
1684 0.7086053412462908
1685 0.7087781731909846
1686 0.7089508002371073
1687 0.7091232227488151
1688 0.709295441089402
1689 0.7094674556213018
1690 0.7096392667060911
1691 0.7098108747044918
1692 0.7099822799763733
1693 0.7095631641086186
1694 0.7097345132743362
1695 0.7099056603773585
1696 0.7100766057748968
1697 0.709658421672556
1698 0.7098293113596233
1699 0.71
1700 0.7101704879482658
1701 0.7103407755581669
1702 0.7105108631826189
1703 0.7106807511737089
1704 0.7108504398826979
1705 0.7110199296600235
1706 0.7106033977738723
1707 0.7101873536299765
1708 0.7103569338794616
1709 0.7099415204678362
1710 0.7101110461718293
1711 0.7102803738317757
1712 0.7104495037945125
1713 0.7106184364060677
1714 0.710204081632653
1715 0.7103729603729604
1716 0.7099592312172394
1717 0.7095459837019791
1718 0.7097149505526469
1719 0.7098837209302326
1720 0.7094712376525276
1721 0.7096399535423926
1722 0.7092280905397562
1723 0.7093967517401392
1724 0.7089855072463768
1725 0.709154113557358
1726 0.7093225246091488
1727 0.7094907407407407
1728 0.7096587622903412
1729 0.7098265895953757
1730 0.7099942229924899
1731 0.710161662817552
1732 0.710328909405655
1733 0.709919261822376
1734 0.7100864553314121
1735 0.7102534562211982
1736 0.7104202648244099
1737 0.7105868814729575
1738 0.7107533064979874
1739 0.7103448275862069
1740 0.710511200459506
1741 0.7106773823191733
1742 0.7108433734939759
1743 0.7110091743119266
1744 0.7111747851002865
1745 0.711340206185567
1746 0.7115054378935318
1747 0.7110983981693364
1748 0.710691823899371
1749 0.7108571428571429
1750 0.7110222729868646
1751 0.7106164383561644
1752 0.710781517398745
1753 0.7109464082098061
1754 0.7111111111111111
1755 0.7107061503416856
1756 0.7103016505406944
1757 0.7098976109215017
1758 0.710062535531552
1759 0.7102272727272727
1760 0.7098239636570131
1761 0.7099886492622021
1762 0.7101531480431084
1763 0.7103174603174603
1764 0.7099150141643059
1765 0.710079275198188
1766 0.7102433503112621
1767 0.7104072398190046
1768 0.7105709440361786
1769 0.7107344632768362
1770 0.7108977978543196
1771 0.7110609480812641
1772 0.7112239142695995
1773 0.7113866967305524
1774 0.7109859154929578
1775 0.7105855855855856
1776 0.7101857062464828
1777 0.7103487064116986
1778 0.7099494097807757
1779 0.7101123595505618
1780 0.7102751263335205
1781 0.7098765432098766
1782 0.7100392596747056
1783 0.7096412556053812
1784 0.7098039215686275
1785 0.70996640537514
1786 0.7095691102406267
1787 0.70917225950783
1788 0.7093348239239798
1789 0.7094972067039106
1790 0.7096594081518705
1791 0.7092633928571429
1792 0.709425543781372
1793 0.70958751393534
1794 0.70974930362117
1795 0.7099109131403119
1796 0.7095158597662772
1797 0.7096774193548387
1798 0.7098387993329628
1799 0.71
1800 0.7101610216546363
1801 0.7103218645948945
1802 0.7099278979478647
1803 0.7100886917960089
1804 0.7096952908587257
1805 0.7098560354374308
1806 0.710016602102933
1807 0.7096238938053098
1808 0.7097844112769486
1809 0.7093922651933702
1810 0.7095527332965212
1811 0.7097130242825607
1812 0.709873138444567
1813 0.7094818081587652
1814 0.7090909090909091
1815 0.7092511013215859
1816 0.709411117226197
1817 0.7095709570957096
1818 0.7091808686091259
1819 0.7093406593406594
1820 0.7089511257550797
1821 0.7091108671789242
1822 0.7092704333516182
1823 0.7088815789473685
1824 0.7084931506849315
1825 0.7086527929901424
1826 0.7088122605363985
1827 0.7089715536105032
1828 0.7091306724986332
1829 0.7092896174863388
1830 0.7089022392135446
1831 0.709061135371179
1832 0.7092198581560284
1833 0.7093784078516903
1834 0.708991825613079
1835 0.7091503267973857
1836 0.708764289602613
1837 0.7089227421109902
1838 0.7085372485046221
1839 0.7086956521739131
1840 0.7088538837588267
1841 0.7090119435396308
1842 0.7086272381985893
1843 0.7082429501084598
1844 0.7078590785907859
1845 0.7074756229685807
1846 0.707634001082837
1847 0.7077922077922078
1848 0.7079502433747972
1849 0.7081081081081081
1850 0.7082658022690438
1851 0.7078833693304536
1852 0.708041014570966
1853 0.7081984897518878
1854 0.708355795148248
1855 0.7085129310344828
1856 0.7086698976844372
1857 0.7088266953713671
1858 0.7089833243679398
1859 0.7091397849462365
1860 0.7087587318645889
1861 0.7089151450053706
1862 0.7090713902308106
1863 0.7092274678111588
1864 0.7093833780160858
1865 0.7095391211146839
1866 0.7096946973754686
1867 0.7098501070663812
1868 0.709470304975923
1869 0.7096256684491978
1870 0.7097808658471406
1871 0.7099358974358975
1872 0.7100907634810465
1873 0.7102454642475987
1874 0.7098666666666666
1875 0.7094882729211087
1876 0.7091102823654768
1877 0.7092651757188498
1878 0.7094199042043641
1879 0.7095744680851064
1880 0.7091972355130249
1881 0.7088204038257173
1882 0.7089750398300584
1883 0.7085987261146497
1884 0.7087533156498673
1885 0.7089077412513256
1886 0.7090620031796503
1887 0.7086864406779662
1888 0.7083112758073055
1889 0.7084656084656085
1890 0.7080909571655208
1891 0.7077167019027484
1892 0.7078711040676176
1893 0.708025343189018
1894 0.7081794195250659
1895 0.7083333333333334
1896 0.7084870848708487
1897 0.7086406743940991
1898 0.7082675092153765
1899 0.7078947368421052
1900 0.708048395581273
1901 0.7082018927444795
1902 0.7083552285864425
1903 0.7085084033613446
1904 0.7081364829396325
1905 0.7077649527806925
1906 0.7079181961195595
1907 0.7080712788259959
1908 0.7077003666841278
1909 0.7073298429319371
1910 0.7074829931972789
1911 0.7071129707112971
1912 0.7072660742289597
1913 0.7068965517241379
1914 0.7070496083550913
1915 0.7072025052192067
1916 0.7068335941575378
1917 0.7069864442127216
1918 0.7071391349661282
1919 0.7067708333333333
1920 0.706923477355544
1921 0.7070759625390218
1922 0.7067082683307332
1923 0.7068607068607069
1924 0.707012987012987
1925 0.7071651090342679
1926 0.7067981318111053
1927 0.7064315352697096
1928 0.7065837221358217
1929 0.7067357512953368
1930 0.7068876229932677
1931 0.7070393374741201
1932 0.7071908949818935
1933 0.7068252326783868
1934 0.7069767441860465
1935 0.7066115702479339
1936 0.706763035622096
1937 0.7063983488132095
1938 0.7065497679216091
1939 0.7067010309278351
1940 0.7068521380731582
1941 0.7064881565396498
1942 0.7066392177045805
1943 0.7067901234567902
1944 0.7069408740359897
1945 0.7070914696813977
1946 0.7072419106317411
1947 0.7068788501026694
1948 0.70702924576706
1949 0.7071794871794872
1950 0.7068170169144029
1951 0.7069672131147541
1952 0.7071172555043522
1953 0.7072671443193449
1954 0.7074168797953965
1955 0.7070552147239264
1956 0.7072049054675523
1957 0.7073544433094995
1958 0.7075038284839203
1959 0.7076530612244898
1960 0.7078021417644059
1961 0.7074413863404689
1962 0.7075904228222109
1963 0.7077393075356415
1964 0.7073791348600509
1965 0.7070193285859614
1966 0.70665988815455
1967 0.7063008130081301
1968 0.7064499746063991
1969 0.7065989847715736
1970 0.7062404870624048
1971 0.7063894523326572
1972 0.7065382665990877
1973 0.7061803444782169
1974 0.7063291139240506
1975 0.7059716599190283
1976 0.7061203844208397
1977 0.7062689585439839
1978 0.7064173825164224
1979 0.706060606060606
1980 0.7062089853609288
1981 0.7063572149344097
1982 0.7060010085728694
1983 0.7061491935483871
1984 0.7062972292191436
1985 0.7064451158106747
1986 0.7060895822848515
1987 0.7062374245472837
1988 0.7063851181498241
1989 0.7065326633165829
1990 0.7066800602712205
1991 0.7068273092369478
1992 0.706472654290015
1993 0.7061183550651956
1994 0.706265664160401
1995 0.7064128256513026
1996 0.7065598397596394
1997 0.7067067067067067
1998 0.7068534267133567
1999 0.7065
2000 0.7066466766616691
2001 0.7062937062937062
2002 0.7064403394907639
2003 0.7065868263473054
2004 0.7062344139650872
2005 0.7063808574277168
2006 0.706028898854011
2007 0.7061752988047809
2008 0.7063215530114485
2009 0.7064676616915423
2010 0.7066136250621581
2011 0.7062624254473161
2012 0.7059115747640338
2013 0.7060575968222443
2014 0.7062034739454094
2015 0.7058531746031746
2016 0.7059990084283589
2017 0.7056491575817642
2018 0.7057949479940565
2019 0.7059405940594059
2020 0.7055912914398812
2021 0.7057368941641938
2022 0.7053880375679684
2023 0.7050395256916996
2024 0.7051851851851851
2025 0.7053307008884502
2026 0.704982733103108
2027 0.7051282051282052
2028 0.704780680137999
2029 0.7049261083743842
2030 0.7050713934022649
2031 0.7052165354330708
2032 0.70486965076242
2033 0.7050147492625368
2034 0.7051597051597052
2035 0.7053045186640472
2036 0.7054491899852725
2037 0.7055937193326791
2038 0.7052476704266798
2039 0.7049019607843138
2040 0.705046545810877
2041 0.7051909892262488
2042 0.7053352912383749
2043 0.7054794520547946
2044 0.7056234718826406
2045 0.7057673509286413
2046 0.7059110893991206
2047 0.70556640625
2048 0.7052220595412396
2049 0.7053658536585365
2050 0.7050219405168211
2051 0.7051656920077972
2052 0.7053093034583536
2053 0.7054527750730283
2054 0.7055961070559611
2055 0.705739299610895
2056 0.7058823529411765
2057 0.706025267249757
2058 0.7056823700825644
2059 0.7058252427184466
2060 0.705482775351771
2061 0.7056256062075654
2062 0.7057682985942801
2063 0.7059108527131783
2064 0.7060532687651332
2065 0.7061955469506292
2066 0.7063376874697629
2067 0.7064796905222437
2068 0.7061382310294828
2069 0.706280193236715
2070 0.705939159826171
2071 0.706081081081081
2072 0.7062228654124457
2073 0.706364513018322
2074 0.7065060240963855
2075 0.7066473988439307
2076 0.7067886374578719
2077 0.706929740134745
2078 0.7070707070707071
2079 0.7072115384615385
2080 0.707352234502643
2081 0.7070124879923151
2082 0.7066730676908305
2083 0.7063339731285988
2084 0.7064748201438849
2085 0.7061361457334612
2086 0.7062769525634882
2087 0.7059386973180076
2088 0.7060794638583054
2089 0.7062200956937799
2090 0.7063605930176949
2091 0.7065009560229446
2092 0.7061634018155757
2093 0.7063037249283668
2094 0.7064439140811456
2095 0.7065839694656488
2096 0.7067238912732475
2097 0.7068636796949476
2098 0.7065269175797999
2099 0.7066666666666667
2100 0.7068062827225131
2101 0.7069457659372027
2102 0.7070851165002378
2103 0.7067490494296578
2104 0.7068883610451306
2105 0.7065527065527065
2106 0.7062173706691979
2107 0.7063567362428842
2108 0.7064959696538644
2109 0.7061611374407583
2110 0.7063003315963998
2111 0.7059659090909091
2112 0.7061050638902036
2113 0.706244087038789
2114 0.7059101654846336
2115 0.7055765595463138
2116 0.7057156353330184
2117 0.7053824362606232
2118 0.7055214723926381
2119 0.7051886792452831
2120 0.7053276756247053
2121 0.704995287464656
2122 0.7051342439943477
2123 0.7052730696798494
2124 0.7054117647058824
2125 0.7050799623706491
2126 0.7047484720263282
2127 0.7048872180451128
2128 0.7050258337247534
2129 0.7051643192488263
2130 0.7053026748005631
2131 0.7054409005628518
2132 0.7055789967182372
2133 0.7057169634489222
2134 0.7053864168618267
2135 0.7055243445692884
2136 0.7056621431913898
2137 0.7053320860617399
2138 0.7054698457223001
2139 0.705607476635514
2140 0.7057449789817842
2141 0.7058823529411765
2142 0.7060195986934205
2143 0.7061567164179104
2144 0.7062937062937062
2145 0.706430568499534
2146 0.7065673032137867
2147 0.7062383612662942
2148 0.7059097254536993
2149 0.706046511627907
2150 0.705718270571827
2151 0.7053903345724907
2152 0.7055271713887599
2153 0.7051996285979573
2154 0.7048723897911833
2155 0.7050092764378478
2156 0.7046824292999536
2157 0.7048192771084337
2158 0.7049559981472904
2159 0.7050925925925926
2160 0.7047663118926423
2161 0.7049028677150786
2162 0.7045769764216366
2163 0.7042513863216266
2164 0.7039260969976905
2165 0.7040627885503232
2166 0.7037378864790033
2167 0.7038745387453874
2168 0.7040110650069157
2169 0.7041474654377881
2170 0.7042837402118839
2171 0.7039594843462247
2172 0.704095720202485
2173 0.704231830726771
2174 0.704367816091954
2175 0.7045036764705882
2176 0.7046394120349104
2177 0.7047750229568411
2178 0.7044515832950895
2179 0.7041284403669725
2180 0.7042640990371389
2181 0.7039413382218148
2182 0.7036188731103985
2183 0.7037545787545788
2184 0.7038901601830664
2185 0.7040256175663312
2186 0.7041609510745314
2187 0.7042961608775137
2188 0.7039744175422568
2189 0.7041095890410959
2190 0.7042446371519854
2191 0.7039233576642335
2192 0.7036023711810305
2193 0.703281677301732
2194 0.7034168564920273
2195 0.703551912568306
2196 0.7032316795630406
2197 0.7033666969972703
2198 0.7035015916325602
2199 0.7031818181818181
2200 0.7033166742389823
2201 0.7034514078110808
2202 0.7031320926009986
2203 0.7032667876588021
2204 0.7034013605442176
2205 0.7035358114233907
2206 0.7036701404621658
2207 0.7033514492753623
2208 0.7034857401539159
2209 0.7036199095022625
2210 0.7037539574853008
2211 0.703887884267631
2212 0.7035698147311342
2213 0.7032520325203252
2214 0.7033860045146727
2215 0.7030685920577617
2216 0.7032025259359495
2217 0.7028854824165915
2218 0.7030193780982424
2219 0.7027027027027027
2220 0.7028365601080594
2221 0.7029702970297029
2222 0.7031039136302294
2223 0.7027877697841727
2224 0.7029213483146067
2225 0.7030548068283917
2226 0.7027391109115402
2227 0.7028725314183124
2228 0.702557200538358
2229 0.7022421524663677
2230 0.7023756163155536
2231 0.7025089605734767
2232 0.7026421854008061
2233 0.702775290957923
2234 0.7024608501118568
2235 0.7025939177101967
2236 0.7027268663388466
2237 0.7028596961572833
2238 0.7029924073246985
2239 0.703125
2240 0.7032574743418117
2241 0.7033898305084746
2242 0.7035220686580472
2243 0.7032085561497327
2244 0.7033407572383074
2245 0.703472840605521
2246 0.7036048064085447
2247 0.7037366548042705
2248 0.7034237438861717
2249 0.7031111111111111
2250 0.7027987561083963
2251 0.7029307282415631
2252 0.702618730581447
2253 0.7023070097604259
2254 0.7024390243902439
2255 0.7021276595744681
2256 0.7018165706690297
2257 0.7015057573073517
2258 0.7016378928729526
2259 0.7017699115044248
2260 0.7019018133569217
2261 0.7020335985853228
2262 0.7021652673442333
2263 0.7018551236749117
2264 0.7015452538631347
2265 0.7016769638128861
2266 0.7013674459638288
2267 0.7014991181657848
2268 0.7016306743058616
2269 0.701762114537445
2270 0.7018934390136504
2271 0.7015845070422535
2272 0.7012758468983722
2273 0.7009674582233949
2274 0.7006593406593407
2275 0.7003514938488576
2276 0.7004830917874396
2277 0.7006145741878841
2278 0.700307152259763
2279 0.7004385964912281
2280 0.7005699254712845
2281 0.7002629272567923
2282 0.6999561979851073
2283 0.7000875656742557
2284 0.6997811816192561
2285 0.6999125109361329
2286 0.6996064713598601
2287 0.6997377622377622
2288 0.6998689384010485
2289 0.6995633187772926
2290 0.6996944565691837
2291 0.6993891797556719
2292 0.6995202791103358
2293 0.6996512641673932
2294 0.6997821350762528
2295 0.6999128919860628
2296 0.7000435350457118
2297 0.6997389033942559
2298 0.6998695084819486
2299 0.7
2300 0.6996957844415471
2301 0.6998262380538662
2302 0.6999565783760313
2303 0.7000868055555556
2304 0.7002169197396964
2305 0.6999132697311362
2306 0.7000433463372345
2307 0.7001733102253033
2308 0.6998700736249459
2309 0.7
2310 0.7001298139333622
2311 0.6998269896193772
2312 0.699956766104626
2313 0.700086430423509
2314 0.7002159827213823
2315 0.6999136442141624
2316 0.7000431592576608
2317 0.7001725625539258
2318 0.7003018542475204
2319 0.7
2320 0.7001292546316243
2321 0.7002583979328165
2322 0.7003874300473526
2323 0.7000860585197934
2324 0.7002150537634408
2325 0.7003439380911436
2326 0.700472711645896
2327 0.7006013745704467
2328 0.7007299270072993
2329 0.7008583690987125
2330 0.700986700986701
2331 0.7006861063464837
2332 0.7008144020574367
2333 0.700942587832048
2334 0.7010706638115631
2335 0.7011986301369864
2336 0.7013264869490801
2337 0.7014542343883661
2338 0.7011543394613082
2339 0.7008547008547008
2340 0.700982486117044
2341 0.7011101622544833
2342 0.7008109261630389
2343 0.700938566552901
2344 0.7010660980810235
2345 0.7007672634271099
2346 0.7004686834256497
2347 0.7005962521294719
2348 0.7007237122179651
2349 0.7008510638297872
2350 0.7009783071033603
2351 0.7011054421768708
2352 0.7012324691882703
2353 0.7009345794392523
2354 0.7010615711252653
2355 0.7011884550084889
2356 0.700890963088672
2357 0.7010178117048346
2358 0.7011445527766003
2359 0.7008474576271186
2360 0.7009741634900466
2361 0.7011007620660458
2362 0.7012272534913246
2363 0.7013536379018612
2364 0.7014799154334038
2365 0.7016060862214708
2366 0.701732150401352
2367 0.7018581081081081
2368 0.7019839594765724
2369 0.7021097046413503
2370 0.7018135807676086
2371 0.7015177065767285
2372 0.7016434892541087
2373 0.7013479359730412
2374 0.7010526315789474
2375 0.7011784511784511
2376 0.7008834665544804
2377 0.7005887300252313
2378 0.7002942412778478
2379 0.7004201680672268
2380 0.7005459890802184
2381 0.700671704450042
2382 0.7007973143096936
2383 0.7009228187919463
2384 0.7010482180293501
2385 0.7007544006705784
2386 0.7004608294930875
2387 0.7001675041876047
2388 0.7002930096274592
2389 0.700418410041841
2390 0.7005437055625261
2391 0.7006688963210702
2392 0.700793982448809
2393 0.7005012531328321
2394 0.7006263048016701
2395 0.7007512520868113
2396 0.7008760951188986
2397 0.700583819849875
2398 0.7002917882451021
2399 0.7004166666666667
2400 0.7005414410662224
2401 0.7006661115736886
2402 0.700374531835206
2403 0.7000831946755408
2404 0.7002079002079002
2405 0.6999168744804655
