0 1.0
1 1.0
2 0.9999999999999999
3 1.0
4 0.6087789992566802
5 1.0
6 0.736194247015331
7 0.8062920230390794
8 0.6225032132644562
9 1.0
10 0.7054054713306376
11 0.763189898796752
12 0.8055655867862218
13 0.8378127019230713
14 0.8630497254345029
15 0.5768223837999885
16 0.7121627135185459
17 0.7112370202963377
18 0.7584477649987841
19 0.7955821071237056
20 0.8064900841515383
21 0.6686728393721254
22 0.7185563759669283
23 0.556378626773076
24 0.7626695785985123
25 0.6792020341946357
26 0.8011483617026958
27 0.8315025569909373
28 0.8559368581836142
29 0.8759280111685154
30 0.7589146655655691
31 0.7890834558889569
32 0.8472265404624566
33 0.8830485864524861
34 0.7996979609248771
35 0.8313901325850351
36 0.8566001337625155
37 0.9138404439706361
38 0.7231203631390524
39 0.7639839385489718
40 0.797234362984017
41 0.9385141974582306
42 0.7119707871076774
43 0.5614000641425662
44 0.644853370714573
45 0.6436654570287494
46 0.7064862271437721
47 0.7183620515164153
48 0.7710221725351581
49 0.8104101179670667
50 0.8408318276302444
51 0.7739699418656081
52 0.8671494574738681
53 0.6028518051174001
54 0.8896708740376708
55 0.7486540197270976
56 0.695270351025887
57 0.6261300219401146
58 0.7632782894208138
59 0.5208859541133578
60 0.5984035742209575
61 0.43137041438798523
62 0.4724198901035041
63 0.5308969761880958
64 0.37496104559337806
65 0.6142514371094608
66 0.501837049078003
67 0.6836490771014645
68 0.5697583044366541
69 0.3925359922536943
70 0.5108993706525223
71 0.41997544279645826
72 0.35063913681697617
73 0.6644309747115282
74 0.4605841399735206
75 0.5224906910876099
76 0.6140912143882992
77 0.6818937331881915
78 0.3661068888130706
79 0.7385947072528573
80 0.7818077714960595
81 0.5053037293380037
82 0.6023307770211841
83 0.6734869005859527
84 0.825719412251519
85 0.7325646668314701
86 0.7773300716798265
87 0.6554291534804924
88 0.8666294796254547
89 0.8942191101976088
90 0.7164298151485231
91 0.5986691192790077
92 0.6606469002816173
93 0.9195762524999086
94 0.9364916255250842
95 0.719968494281002
96 0.9495830959277597
97 0.7696753594773217
98 0.8076182812377358
99 0.8373836963670985
100 0.714544995220743
101 0.7545513397832951
102 0.7876230121464229
103 0.964767636180468
104 0.8179124207773522
105 0.7060295266689388
106 0.6827116786245424
107 0.604023525359135
108 0.7668598387351825
109 0.663962063861151
110 0.824365973378234
111 0.7168717258600713
112 0.610131604802777
113 0.6654757118927191
114 0.8723541096545746
115 0.5662398266742265
116 0.9045508703171969
117 0.9254455757723613
118 0.6398999148438888
119 0.6970604213174758
120 0.9426631078678005
121 0.7466995152988882
122 0.7857134864504114
123 0.9564570355621599
124 0.819950179656292
125 0.8470944255850853
126 0.8690328293387481
127 0.7495418588641493
128 0.782734855016418
129 0.8106216789724544
130 0.9710290360225603
131 0.836526023287947
132 0.979499133137814
133 0.7156695629275373
134 0.6166763935140382
135 0.6677417069502872
136 0.7105812294353955
137 0.7468479094460793
138 0.777787032249263
139 0.9872765209666774
140 0.8069196515218154
141 0.991334883997219
142 0.9936022813782716
143 0.8363501843948112
144 0.8600521224370447
145 0.8794514939945904
146 0.7620760733191121
147 0.9955668059148958
148 0.7957332665301606
149 0.8234788584786327
150 0.8466263806049408
151 0.7389586826286682
152 0.7712777966906388
153 0.6309843036940407
154 0.8016027913756711
155 0.43453043216011383
156 0.5798698399091095
157 0.6731986086440556
158 0.8349550091341883
159 0.7435343238345365
160 0.793029047129466
161 0.8658826385355848
162 0.8328529150344716
163 0.8910805575299975
164 0.7371886434441868
165 0.7795006513322045
166 0.8129596084660591
167 0.8399451649485848
168 0.8620582438997497
169 0.5939245344760897
170 0.6920766291337667
171 0.5455584271231154
172 0.8860528601760784
173 0.742538730883319
174 0.7818063543459611
175 0.6564227402691961
176 0.7296931019966018
177 0.6465397945779648
178 0.7035332217645824
179 0.5966391781403672
180 0.7960006156120897
181 0.6603502826838548
182 0.5617608474031774
183 0.6241153836256843
184 0.8515161752881637
185 0.885989806962466
186 0.9093695407886152
187 0.691103761357292
188 0.7421603802419006
189 0.6270086531301815
190 0.9309510920473377
191 0.7361709621620276
192 0.7859354954997619
193 0.6983453075526412
194 0.7512138835077172
195 0.791764681825182
196 0.8337354057611526
197 0.8266479542692792
198 0.8696653985943065
199 0.8949009891764271
200 0.9135083725039187
201 0.9277259761046003
202 0.8649584447967539
203 0.8915810931734234
204 0.9410243250339162
205 0.9128036267039213
206 0.9283805203965777
207 0.7746247884278948
208 0.7349205884698776
209 0.8128836478873986
210 0.8425765581417366
211 0.7961617229140598
212 0.8377986892428481
213 0.8678023679406528
214 0.6784773943426213
215 0.7064677790236127
216 0.7408001586792546
217 0.7867323938970167
218 0.7661140460724246
219 0.8091941436891773
220 0.6328878556336147
221 0.8445444877478592
222 0.7042800399629222
223 0.6873330459488755
224 0.567928369514629
225 0.7457607913530364
226 0.45836985969983096
227 0.5539728250750519
228 0.7976343852436146
229 0.8350332008102574
230 0.6409162530708302
231 0.7048434129581248
232 0.8683960127000805
233 0.5778407544370376
234 0.6482610873487504
235 0.703260133367224
236 0.599163317148705
237 0.9019705546860661
238 0.7027624197900008
239 0.6668150980019044
240 0.7194301765784757
241 0.7718753610186222
242 0.818711698708031
243 0.7693857095885
244 0.8553707922733884
245 0.8819047415365473
246 0.9019017349804329
247 0.6051595039804151
248 0.9188632561621005
249 0.9319388203062596
250 0.46809992670196177
251 0.943232980308582
252 0.9520702329763666
253 0.5941797774794834
254 0.6787806474364415
255 0.7391921111633913
256 0.9612618174311643
257 0.9680662572447561
258 0.5876013003223642
259 0.9737571361431053
260 0.4688879404374197
261 0.38292875055450937
262 0.4873525603716343
263 0.5684886284240426
264 0.6330230525785917
265 0.5428215511887544
266 0.9808807791269119
267 0.6112155649324538
268 0.5240985836454903
269 0.5891619542581211
270 0.9864760802650737
271 0.7444146156475457
272 0.49612001013721435
273 0.42206116052131665
274 0.5042820796627823
275 0.43544926917363963
276 0.8194448656038938
277 0.863853263401849
278 0.8930742596403723
279 0.53267309641167
280 0.6077331453039092
281 0.9173945586479698
282 0.5071665702528914
283 0.42839911846726386
284 0.5125210992173448
285 0.5810313582580016
286 0.6376191240564816
287 0.9421525659652499
288 0.6894090006144208
289 0.9577761283236567
290 0.9675223805242223
291 0.7403179376035075
292 0.6262618189838135
293 0.7348475873227448
294 0.6859876297784535
295 0.7955483252011972
296 0.8370077165301893
297 0.7424467485422831
298 0.7853323438661659
299 0.8724796088393302
300 0.8219367722240154
301 0.8502994867865326
302 0.7224400324385497
303 0.6190162390929353
304 0.5340649073010982
305 0.9095284293655388
306 0.6015698171040262
307 0.6568151437789854
308 0.7026292349662809
309 0.6118705851114482
310 0.6605842978834574
311 0.9415062640932292
312 0.9580006726917688
313 0.9680204352117177
314 0.765186770546077
315 0.544789102893439
316 0.45597861468407763
317 0.5943533922756195
318 0.5471232046100315
319 0.6181973094244986
320 0.6748891196092957
321 0.6973416831965604
322 0.7639348144373893
323 0.8103094071182914
324 0.7348877230645122
325 0.8473350416425255
326 0.7840818972168287
327 0.8769798116191422
328 0.8243263058143833
329 0.9007686220057207
330 0.6701252181903373
331 0.5548092474108693
332 0.6262674257439503
333 0.6828328994578513
334 0.728492292095757
335 0.6604525155637613
336 0.7694649344213972
337 0.744580234388392
338 0.7997168892855617
339 0.8384620862104698
340 0.8125742419998787
341 0.6768178181047317
342 0.660167786200284
343 0.7187750729143578
344 0.763998137727575
345 0.6481839100017963
346 0.6988992102288255
347 0.7628476763747978
348 0.8169801126215313
349 0.651695506885634
350 0.7531377458629757
351 0.794307005130971
352 0.7273587506774241
353 0.7803706875254729
354 0.832601934248092
355 0.8612946946510371
356 0.7235038843848414
357 0.6143067460902728
358 0.6696977692443582
359 0.8392019164550422
360 0.876083152341381
361 0.7240586621631678
362 0.766717973884207
363 0.666411560845691
364 0.8041060474672765
365 0.8337172762886813
366 0.8576291670382841
367 0.48829433840981745
368 0.6054624073705965
369 0.8810861295942789
370 0.6924129159230121
371 0.7529169330284452
372 0.7972338098855497
373 0.8309280208279627
374 0.907027490461387
375 0.8597089437026578
376 0.722965068392529
377 0.6143840603679466
378 0.9302269517185199
379 0.9453726955650819
380 0.6802573807912586
381 0.9569181752472118
382 0.7749371246425799
383 0.8141979448617547
384 0.8443642639131257
385 0.7520021119994585
386 0.6019319445429823
387 0.6905665684718217
388 0.7426502051271293
389 0.783197024776008
390 0.6947710573067092
391 0.7575889722855732
392 0.8217264370911327
393 0.8511238869907274
394 0.8741774783180273
395 0.8154718784722065
396 0.6444832961552175
397 0.896221608856145
398 0.9131319429414753
399 0.9264485603483414
400 0.7305847161991228
401 0.9381533808836815
402 0.9474459765817024
403 0.7977693266089162
404 0.9556691926311371
405 0.8141271499034375
406 0.8403927837891618
407 0.8620520901058657
408 0.749101121790341
409 0.8623566969785891
410 0.784035554064098
411 0.8129704941406279
412 0.9042880724800574
413 0.8395157924941629
414 0.8613768313768118
415 0.6377726324023789
416 0.8813332467971443
417 0.8976973135711046
418 0.9112896459544174
419 0.7500511511957774
420 0.9237902862689557
421 0.7987309920551714
422 0.8250470767813035
423 0.7203898030470762
424 0.7549309423980989
425 0.7845090377353579
426 0.8099899921122078
427 0.8546869028856104
428 0.9008198506890126
429 0.8365087729854799
430 0.7242046102289756
431 0.7600048051613147
432 0.9331615471907677
433 0.6550321907528668
434 0.567880794835644
435 0.49474197427192407
436 0.43280617954476325
437 0.9569405617262979
438 0.508733047929646
439 0.572341980548812
440 0.5003575597470655
441 0.6204844968056596
442 0.7270971867413393
443 0.7920155698816601
444 0.580729923718609
445 0.6443044762303576
446 0.8431858151460065
447 0.8768506378363684
448 0.9005683645166346
449 0.7418237148815835
450 0.7169807793991653
451 0.7693450145654417
452 0.7920949839632434
453 0.829074963981848
454 0.8160352376855216
455 0.8498144007902687
456 0.8625994822260736
457 0.8871850857496011
458 0.6788327518108916
459 0.9075973781064085
460 0.9230645007503648
461 0.7483001261904745
462 0.9362405391533101
463 0.5905925436802503
464 0.6682734782171476
465 0.9483698004243172
466 0.7312316137942976
467 0.7780382377930911
468 0.6518949267590677
469 0.7050317977024514
470 0.7172859915920182
471 0.5644640870641248
472 0.7561018790919951
473 0.6551663096967554
474 0.5320526919347001
475 0.6128799263078891
476 0.6752128014590902
477 0.584670602472667
478 0.5632470122700174
479 0.6311979553622848
480 0.6855556351360914
481 0.7298045927154689
482 0.7663390642694856
483 0.7968587757231658
484 0.8226039454245265
485 0.7279574879524563
486 0.8466046919532486
487 0.8666507451131186
488 0.8835583687977752
489 0.8217082746451418
490 0.8993183998906701
491 0.874922893095575
492 0.9060723625557392
493 0.9264301357702104
494 0.9165361751412945
495 0.929863126649012
496 0.940431469864908
497 0.6963837303181363
498 0.7620385810650198
499 0.8081373825006629
500 0.6649975187645589
501 0.749239858506981
502 0.7954466459885432
503 0.7304816674075694
504 0.7785738567392323
505 0.8152108761023648
506 0.6886136090635697
507 0.7344362979348994
508 0.8481111597246305
509 0.7752650846029254
510 0.8080544684963107
511 0.6953315707201552
512 0.736217590139628
513 0.7704462063546795
514 0.7993724226831291
515 0.824012719062785
516 0.845144642314083
517 0.7456599923948356
518 0.775078072159648
519 0.4658839409301142
520 0.8031827030198939
521 0.8271768587569143
522 0.7284972102537123
523 0.6833757687512249
524 0.76335092064577
525 0.7892986209264864
526 0.7957254822905188
527 0.8226790693239333
528 0.8555751666079804
529 0.8929791830537426
530 0.8498550686803173
531 0.8717025353834639
532 0.7503829641350176
533 0.6402497830667031
534 0.786983740176646
535 0.7334009039520585
536 0.6663583109214115
537 0.7149107874788377
538 0.7545913981990672
539 0.6535228895848098
540 0.6984061123398778
541 0.8207409010414574
542 0.6021116150066859
543 0.8723638810997112
544 0.6599881443878964
545 0.7072954471213309
546 0.6125925380808858
547 0.9112976813886983
548 0.667547514131639
549 0.9355637104120083
550 0.7170923810428497
551 0.7572831645847701
552 0.6540436295256487
553 0.6995541168631642
554 0.7378688863500918
555 0.9574611863504581
556 0.7735250853824626
557 0.803259996107681
558 0.8283070418132519
559 0.9719762676319642
560 0.851627274905162
561 0.6838840370640155
562 0.7293293530047978
563 0.7665749149966908
564 0.7752595163450257
565 0.6552581047893147
566 0.5713628167989332
567 0.7076663828840505
568 0.7499098789721796
569 0.7845091822088746
570 0.679982734252103
571 0.5922976609513996
572 0.7132649265655935
573 0.7903735020224204
574 0.6535761489458202
575 0.8426226370995289
576 0.5512814361843673
577 0.8796546436696578
578 0.9045977750832839
579 0.6305927100627329
580 0.7202898825074766
581 0.6967623775777577
582 0.7765068707974613
583 0.570583257131095
584 0.47500511577235477
585 0.5573853195506383
586 0.6230985850070215
587 0.6764690047979306
588 0.7204521688747841
