0 0.0
1 0.0
2 0.0
3 0.0
4 0.0
5 0.0
6 0.14720028279984274
7 0.2575874867446239
8 0.22780264765825248
9 0.20397838587059827
10 0.18448908876152667
11 0.2562674622542622
12 0.31699074358436924
13 0.3690278839472485
14 0.3426577578135074
15 0.3195897211791327
16 0.36291228028885264
17 0.3409822223294172
18 0.3213665332718268
19 0.30371805567299326
20 0.2877557572095392
21 0.2732497022416449
22 0.26000994383850745
23 0.24787819279744217
24 0.2817303131078619
25 0.312965289312726
26 0.3418739217074721
27 0.3687054679301426
28 0.39367480548807154
29 0.37855089576094375
30 0.40176557363853793
31 0.38715696101304337
32 0.4088682372849031
33 0.42929105137069695
34 0.44853585031530385
35 0.466700809479262
36 0.45167265183286365
37 0.43744429493326875
38 0.4547926174837926
39 0.47126273435842714
40 0.45730840584917304
41 0.44402771319895384
42 0.4313736510971399
43 0.41930348727499483
44 0.40777828772375846
45 0.4237766539674281
46 0.43908242328661085
47 0.45373889380697974
48 0.4677858293290594
49 0.4559429682010647
50 0.469508986906517
51 0.4579740905139301
52 0.47109937348777636
53 0.4837273155712313
54 0.4958850562830541
55 0.5075977968069212
56 0.49595817657540586
57 0.5073687082871391
58 0.5183817441702714
59 0.5290171713602031
60 0.5392935731080488
61 0.5492283339317552
62 0.537520066530949
63 0.5472687281936084
64 0.5567073256400282
65 0.565849965555145
66 0.5747099126101948
67 0.5832996513746168
68 0.5716374595242872
69 0.5801171769178768
70 0.5883484024927145
71 0.5963415034573804
72 0.6041062791188595
73 0.6116519992533745
74 0.6189874394075439
75 0.6261209134125955
76 0.6144997841989166
77 0.6031911568974956
78 0.6104327710022592
79 0.6174840578382494
80 0.624352081106728
81 0.6310435600912773
82 0.6198898220005317
83 0.6265571234035261
84 0.6330584544530469
85 0.6221184873996927
86 0.6286015041966747
87 0.6349280230237858
88 0.6411033348524603
89 0.6471324956451597
90 0.6530203392669301
91 0.6421965978859904
92 0.6480884124721578
93 0.6538459767433574
94 0.6432161310488747
95 0.6489804449310321
96 0.6385594649275521
97 0.6283675565493587
98 0.6342639538044165
99 0.6242592801420684
100 0.6301520692037588
101 0.6359196629498532
102 0.6260579846050577
103 0.6318252166382251
104 0.6374728757065155
105 0.6430043658423127
106 0.6332446323452804
107 0.6236825509482153
108 0.6293361621987716
109 0.6199285793839616
110 0.6255820716718682
111 0.6163217958639767
112 0.621974105992341
113 0.6275169187824781
114 0.6183586391584545
115 0.6093752935638124
116 0.6150246041824536
117 0.6061694807679642
118 0.5974800694276082
119 0.5889521883632065
120 0.580581793799717
121 0.5865177079449558
122 0.5923454117769452
123 0.5840308162740185
124 0.589846190301351
125 0.595557530805229
126 0.5872968886598866
127 0.5929991900389879
128 0.5848369005030044
129 0.5768171498478736
130 0.568936631197582
131 0.5748043628210526
132 0.5670081580726591
133 0.5728600750080064
134 0.5786126820095989
135 0.5708470094576362
136 0.563211683421737
137 0.569034262640542
138 0.5747601546092462
139 0.5803914657494612
140 0.5859302428630253
141 0.5913784752293367
142 0.5836217504105606
143 0.5890661450654272
144 0.5944228758527108
145 0.5996937790838528
146 0.6048806412264861
147 0.5970661692947802
148 0.6022565332273828
149 0.6073653172468337
150 0.612394177710429
151 0.6173447275011186
152 0.6222185374463034
153 0.6270171376813571
154 0.631742018960367
155 0.636394633916464
156 0.6409763982739883
157 0.6329204549434558
158 0.6249861378258893
159 0.6296754349296163
160 0.6342945277816778
161 0.6264024308479166
162 0.6310395269224951
163 0.623225905687055
164 0.6278800892198562
165 0.632465991615655
166 0.6369848779879473
167 0.6414379834146703
168 0.6335872631312509
169 0.6380618607293462
170 0.6424720600232232
171 0.6468190233335717
172 0.651103886183343
173 0.6553277580658533
174 0.6594917231865556
175 0.6515409874088331
176 0.6557333394469682
177 0.6598668571279795
178 0.6519598795173884
179 0.6441631072940297
180 0.6364746380015798
181 0.6288926108826691
182 0.6333050022045997
183 0.6376567072549991
184 0.6419487541756795
185 0.646182149054912
186 0.6385559636127703
187 0.6310333368651886
188 0.6236125459068386
189 0.6162919040168559
190 0.6090697597152331
191 0.6136430964652689
192 0.6064765041367473
193 0.6110646693621337
194 0.6039519516028404
195 0.5969335343483385
196 0.5900079020685118
197 0.594757028679023
198 0.5878785768350843
199 0.5926373730342073
200 0.5858047165853217
201 0.590572780479008
202 0.5837845849116964
203 0.5885615340454632
204 0.5932766928224726
205 0.5979310188796639
206 0.6025254513686652
207 0.6070609113977368
208 0.6001436838212144
209 0.6046935487283891
210 0.6091854486566294
211 0.6022726466980488
212 0.6067798296461879
213 0.5999127415664937
214 0.6044346784721043
215 0.5976120157255619
216 0.6021481997388172
217 0.5953687182750333
218 0.5999186636525029
219 0.5931811620097244
220 0.5977444030718579
221 0.6022509747832839
222 0.5955119128168143
223 0.6000326708380296
224 0.5933342908620409
225 0.5978687708440101
226 0.602347537305832
227 0.6067713887133298
228 0.6111411095509224
229 0.6043574001907385
230 0.6087442350873391
231 0.6130777150399743
232 0.6173585926613085
233 0.621587607652369
234 0.6147249410804907
235 0.6079450968343175
236 0.6122646525791833
237 0.6055257432936499
238 0.5988677075284891
239 0.6032739564584556
240 0.6076275186191389
241 0.6009660682654039
242 0.6053364879440138
243 0.6096549272758439
244 0.6139220938951889
245 0.6181386838501571
246 0.6223053818349336
247 0.6155212510055886
248 0.6197089128988198
249 0.6238472731077087
250 0.6279369918435577
251 0.6211157014268547
252 0.6143743287274595
253 0.6185562050994301
254 0.6226892416525102
255 0.6159478825224673
256 0.6201022757229789
257 0.6242083739879839
258 0.6282668108086846
259 0.6322782098135276
260 0.6362431849550446
261 0.6293882312454191
262 0.6333781543671528
263 0.6265645649938153
264 0.6305787698525306
265 0.6345468507805762
266 0.6384694012182764
267 0.6316214836045013
268 0.6248519249455842
269 0.6181597239979953
270 0.6222463541129966
271 0.6262864092590373
272 0.6195929610212546
273 0.6236557754199223
274 0.6169995489414036
275 0.62108453220351
276 0.6144646131598018
277 0.6079195643361925
278 0.6014484477059912
279 0.6056881729787645
280 0.5992490697891881
281 0.6035067874019031
282 0.6077166411215845
283 0.611879224486321
284 0.6053904389220617
285 0.6095726195585974
286 0.6137080021987965
287 0.6072114905700848
288 0.6007875112277358
289 0.6050085241639955
290 0.5986152235315744
291 0.5922930692581001
292 0.5965965684488116
293 0.6008522790838774
294 0.5945170601286193
295 0.5882520443785334
296 0.5820563825250831
297 0.5759292370315239
298 0.5698697819386433
299 0.5638772026743425
300 0.568460975018643
301 0.5624893386858877
302 0.567083033175742
303 0.5716262257742291
304 0.5761195190422808
305 0.5805635073622415
306 0.5849587770693309
307 0.5788319361143409
308 0.5832411481405215
309 0.5771380540260661
310 0.5815608713839923
311 0.5754809750063963
312 0.5694673734271122
313 0.5739642864983109
314 0.567971896420885
315 0.5724804372148188
316 0.5665087720400367
317 0.5606019456727399
318 0.5651814704620398
319 0.5697113533815319
320 0.5741921721697991
321 0.5786244970202642
322 0.5726039344394822
323 0.5770491716794611
324 0.5710498349331592
325 0.5755076809157391
326 0.5799174682770841
327 0.5738954043086117
328 0.5783185220922007
329 0.5826940620676904
330 0.5870225703511479
331 0.5809359426091263
332 0.5852794672001796
333 0.58957640431007
334 0.5938272859221149
335 0.598032637279124
336 0.591843032959307
337 0.5960659569338057
338 0.6002437423064279
339 0.5940377035360646
340 0.5982336047716837
341 0.6023847449604154
342 0.6064916302371686
343 0.6002293633047344
344 0.6043558111514652
345 0.5981196355740838
346 0.591949775746228
347 0.5858454861227894
348 0.5798060303681649
349 0.5738306812256674
350 0.5782213428001741
351 0.5825654544208115
352 0.5765671148258527
353 0.5809256664100186
354 0.5852380886700999
355 0.5895048957141971
356 0.5937265953906952
357 0.5876222042050345
358 0.5918608672762228
359 0.58577906530126
360 0.5900343141441202
361 0.5839746063024208
362 0.5779787516736606
363 0.5823106212206742
364 0.5763350300863196
365 0.5806814832976103
366 0.5849822308356034
367 0.5892377760627875
368 0.5934486163341335
369 0.5873665342766659
370 0.5813482824992988
371 0.5856367995232763
372 0.5898803526327293
373 0.594079434322296
374 0.5982345312632349
375 0.6023461243809488
376 0.6064146889313058
377 0.6002116399559791
378 0.6043001604327259
379 0.608345951557481
380 0.6123494785510928
381 0.6060913706477284
382 0.5998985809109763
383 0.6039857616243061
384 0.5978171570878491
385 0.5917128547163192
386 0.5856721577882468
387 0.579694377668033
388 0.5839834245937184
389 0.5780253316293367
390 0.5823296580413236
391 0.5865892246602142
392 0.5908045142541293
393 0.5949760040328033
394 0.5889117777936016
395 0.5931009424810487
396 0.5972466283376205
397 0.5911627354202966
398 0.595326606849858
399 0.5994473096769884
400 0.5933443811459252
401 0.5873046788143674
402 0.591504787007006
403 0.5854859550337731
404 0.579529412552613
405 0.573634493771626
406 0.5678005404434002
407 0.5620269017709174
408 0.5563129343148009
409 0.560823022457952
410 0.5652865288921044
411 0.5595422660695244
412 0.5640173346345985
413 0.5684462275165515
414 0.572829435500032
415 0.5670122301756046
416 0.5714086311209681
417 0.5656076461492426
418 0.5700169606323922
419 0.5743808613009947
420 0.5786998291589173
421 0.5829743398476638
422 0.5872048637115287
423 0.581248814788211
424 0.5854956219366407
425 0.579558600041682
426 0.5838213474958722
427 0.5880402906972183
428 0.5820799467483411
429 0.57618081847298
430 0.5703422609866552
431 0.5746954904259864
432 0.5790040454808449
433 0.5731391999561571
434 0.5673345105452259
435 0.5615893451119149
436 0.5660283892378106
437 0.5602978939845569
438 0.564748904512939
439 0.5691543174870832
440 0.5633942972967992
441 0.5678123523835804
442 0.5721851799591836
443 0.5765132534997791
444 0.5807970413138192
445 0.5850370066026659
446 0.5892336075204248
447 0.5832752486608197
448 0.5773778018159119
449 0.5715406309922993
450 0.5657631071044774
451 0.5600446078944564
452 0.5543845178524199
453 0.5588876505187335
454 0.5532404500884057
455 0.5577541971012973
456 0.562221878837295
457 0.5666439746942874
458 0.571020958894675
459 0.5652541086610633
460 0.5696442553715139
461 0.573989642870787
462 0.5681945186285353
463 0.5624584551300609
464 0.5668751240341983
465 0.5712467976434156
466 0.575573942629594
467 0.5697655619593848
468 0.5741068579724309
469 0.578403958940892
470 0.5725686044023126
471 0.5667926335448283
472 0.5711623691072013
473 0.575487651392193
474 0.5797689401686238
475 0.5840066902986248
476 0.5781178687259196
477 0.5722889136048797
478 0.5766010147271796
479 0.5808692928931876
480 0.5750140333403354
481 0.5792976195092181
482 0.5734591341154345
483 0.5777577138204756
484 0.5719356586365059
485 0.5762489240633094
486 0.5805184027603595
487 0.5746698654258511
488 0.568880682573492
489 0.573223426489469
490 0.5775221105579219
491 0.5717054715736589
492 0.5760188233144358
493 0.5702181528609562
494 0.5644763003128619
495 0.5688615323256161
496 0.5732023110478919
497 0.577499093093589
498 0.5716855183299253
499 0.5659308522104735
500 0.5602344901163312
501 0.5646606484818819
502 0.5690419744093825
503 0.5633154110034047
504 0.5677097145408133
505 0.572059525234561
506 0.5763652990559079
507 0.5806274871936059
508 0.5848465361062487
509 0.5890228875740057
510 0.5830978025797211
511 0.5872912470772582
512 0.5914422683031596
513 0.5955513003019836
514 0.5895619414390088
515 0.5936894131188952
516 0.5977751480100009
517 0.5917644388588176
518 0.585814496236442
519 0.5899787300484092
520 0.5941008738026434
521 0.5981813573804649
522 0.59216818856364
523 0.5962676693658505
524 0.6003257320592034
525 0.604342799313054
526 0.6083192893992169
527 0.6122556162393983
528 0.6061028544368482
529 0.6000122242802525
530 0.6040314408471196
531 0.5979622158614153
532 0.6020016429798108
533 0.5959533892010778
534 0.5899661824926401
535 0.5840394010717439
536 0.5781724296008992
537 0.5824097082853521
538 0.576559637671372
539 0.5808127356489996
540 0.574979223689853
541 0.5692045541895068
542 0.5735309604145851
543 0.5778137338303004
544 0.5720113422284936
545 0.5662674592082132
546 0.570622627142647
547 0.5648931627687324
548 0.559221457341127
549 0.5536069239751532
550 0.5580884916324785
551 0.5625248912662081
552 0.5568778611075677
553 0.5512877363587888
554 0.5457539392575832
555 0.5402758979940573
556 0.5448902357329564
557 0.5494580886171962
558 0.5439434820028228
559 0.548520501951418
560 0.5530514230810313
561 0.5575367129542416
562 0.5619768343261314
563 0.5663722451950172
564 0.5606890926778255
565 0.5650971216052114
566 0.5694607723399954
567 0.5737804946221268
568 0.56802378365425
569 0.56232501725312
570 0.5667159005247383
571 0.57106259280898
572 0.575365541657386
573 0.5796251900329135
574 0.5838419763580959
575 0.57798562995665
576 0.5822186014703299
577 0.5864089872272269
578 0.5805274282712146
579 0.5847345247186926
580 0.5788701079240366
581 0.583093578586779
582 0.5872745716321777
583 0.5813851908978115
584 0.5855830776768572
585 0.589738751339735
586 0.5838251565217722
587 0.5879982276620586
588 0.5921293421622249
589 0.596218924102727
590 0.5902409968220597
591 0.5943492945764958
592 0.5984162957184642
593 0.602442417481839
594 0.6064280728427381
595 0.6003485710868892
596 0.5943301679996821
597 0.5983968452980419
598 0.6024226567581592
599 0.6064080150142126
600 0.610353328494492
601 0.6042353742761692
602 0.5981788872478526
603 0.5921832469934675
604 0.5962707632450681
605 0.5902945238018564
606 0.5944007832610727
607 0.5984657965448176
608 0.6024899797802319
609 0.5964519469755208
610 0.6004961358447988
611 0.594478345979446
612 0.5885209898399437
613 0.5826234579820027
614 0.5767851471578852
615 0.5710054602523932
616 0.5753041202640415
617 0.5795596199059935
618 0.5837723942503398
619 0.5779231644412203
620 0.5821521683719465
621 0.5763194015277844
622 0.5805643095550492
623 0.5747476755617907
624 0.5790081687727671
625 0.583225898155028
626 0.5874012945176595
627 0.5815166002232762
628 0.5857089677202548
629 0.5898592613584543
630 0.5939679048730699
631 0.5980353177020752
632 0.6020619150303936
633 0.6060481078336033
634 0.6099943029211807
635 0.61390090297929
636 0.6177683066131209
637 0.6215969083887812
638 0.6153708210747191
639 0.609207196311053
640 0.6031054054492493
641 0.6070806197771299
642 0.6110159570258855
643 0.6149118184583323
644 0.6087532775089926
645 0.6026565097666275
646 0.5966208937535362
647 0.6006606822396284
648 0.6046599533164593
649 0.5986045428873384
650 0.5926098621522745
651 0.5966895815770634
652 0.6007283878647914
653 0.5947126957894086
654 0.5987711846986566
655 0.5927752590560109
656 0.5868394563463027
657 0.5909766164798709
658 0.5850589845460523
659 0.5892138621739006
660 0.5833140375105028
661 0.5774733642434898
662 0.5817040324568417
663 0.5758796297119025
664 0.5801261476083106
665 0.5843300944421231
666 0.5784796177683715
667 0.5826999461465929
668 0.5868779691396323
669 0.5910141118368089
670 0.5951087950359346
671 0.5991624352870405
672 0.5931638841392393
673 0.5972369015600295
674 0.6012690960420065
675 0.605260877663696
676 0.599201547616911
677 0.6032139383503776
678 0.6071861173975073
679 0.6111184886248027
680 0.6150114518251999
681 0.6088548428283767
682 0.6127703835181718
683 0.6166466873434012
684 0.620484148296222
685 0.6242831563964876
686 0.6280440977321168
687 0.6317673544990473
688 0.6254434632009395
689 0.6291926779952037
690 0.6329043279478913
691 0.626569240907888
692 0.6202976251228192
693 0.6140888434811032
694 0.6179515306533232
695 0.6217755197339738
696 0.6255611991231859
697 0.6192999633835276
698 0.6231103519594599
699 0.626882569164851
700 0.6206082753755323
701 0.624405468813654
702 0.6181560761126306
703 0.6219777470459057
704 0.6157527582191387
705 0.6195984179023983
706 0.623405557510158
707 0.6271745635079469
708 0.6309058184714228
709 0.6245917334058427
710 0.6283487772846399
711 0.6320681917504959
712 0.625742623384761
713 0.6194804080174264
714 0.6132809101797325
715 0.6171510018966544
716 0.6209823349272467
717 0.6247752980092534
718 0.6285302759701002
719 0.6322476497664561
720 0.6359277965233888
721 0.6395710895731211
