0 0.6044362292051756
1 0.6081330868761553
2 0.6062846580406654
3 0.6081330868761553
4 0.6118299445471349
5 0.609981515711645
6 0.6044362292051756
7 0.600739371534196
8 0.5970425138632163
9 0.6025878003696857
10 0.5988909426987061
11 0.5970425138632163
12 0.600739371534196
13 0.6025878003696857
14 0.5988909426987061
15 0.5988909426987061
16 0.6044362292051756
17 0.6062846580406654
18 0.6044362292051756
19 0.5933456561922366
20 0.5933456561922366
21 0.5914972273567468
22 0.5933456561922366
23 0.5859519408502772
24 0.5914972273567468
25 0.5933456561922366
26 0.5914972273567468
27 0.589648798521257
28 0.5914972273567468
29 0.5878003696857671
30 0.5878003696857671
31 0.5878003696857671
32 0.5878003696857671
33 0.5859519408502772
34 0.5859519408502772
35 0.5878003696857671
36 0.5841035120147874
37 0.5841035120147874
38 0.5841035120147874
39 0.5804066543438078
40 0.5785582255083179
41 0.5767097966728281
42 0.5804066543438078
43 0.5730129390018485
44 0.5841035120147874
45 0.5859519408502772
46 0.5841035120147874
47 0.5822550831792976
48 0.5841035120147874
49 0.5841035120147874
50 0.5767097966728281
51 0.5767097966728281
52 0.5785582255083179
53 0.5674676524953789
54 0.5711645101663586
55 0.5730129390018485
56 0.5748613678373382
57 0.5748613678373382
58 0.5748613678373382
59 0.5748613678373382
60 0.5730129390018485
61 0.5730129390018485
62 0.5711645101663586
63 0.5711645101663586
64 0.5730129390018485
65 0.5730129390018485
66 0.5730129390018485
67 0.5730129390018485
68 0.5767097966728281
69 0.5748613678373382
70 0.5785582255083179
71 0.5785582255083179
72 0.5804066543438078
73 0.5748613678373382
74 0.5785582255083179
75 0.5822550831792976
76 0.5822550831792976
77 0.5822550831792976
78 0.5878003696857671
79 0.5859519408502772
80 0.5841035120147874
81 0.5767097966728281
82 0.5767097966728281
83 0.5785582255083179
84 0.5730129390018485
85 0.5711645101663586
86 0.5674676524953789
87 0.5693160813308688
88 0.5730129390018485
89 0.5748613678373382
90 0.5767097966728281
91 0.5822550831792976
92 0.5859519408502772
93 0.5951940850277264
94 0.5914972273567468
95 0.5988909426987061
96 0.5933456561922366
97 0.589648798521257
98 0.5914972273567468
99 0.5914972273567468
100 0.5933456561922366
101 0.5970425138632163
102 0.5933456561922366
103 0.5914972273567468
104 0.5970425138632163
105 0.5914972273567468
106 0.5914972273567468
107 0.5878003696857671
108 0.5785582255083179
109 0.5767097966728281
110 0.5748613678373382
111 0.5748613678373382
112 0.5748613678373382
113 0.5767097966728281
114 0.5730129390018485
115 0.5767097966728281
116 0.5748613678373382
117 0.5693160813308688
118 0.5693160813308688
119 0.5693160813308688
120 0.5730129390018485
121 0.5711645101663586
122 0.5767097966728281
123 0.5767097966728281
124 0.5711645101663586
125 0.5656192236598891
126 0.5637707948243993
127 0.5674676524953789
128 0.5711645101663586
129 0.5785582255083179
130 0.5804066543438078
131 0.5767097966728281
132 0.5693160813308688
133 0.5711645101663586
134 0.5804066543438078
135 0.5804066543438078
136 0.5785582255083179
137 0.5674676524953789
138 0.5878003696857671
139 0.5878003696857671
140 0.5841035120147874
141 0.5785582255083179
142 0.5767097966728281
143 0.5785582255083179
144 0.5748613678373382
145 0.5693160813308688
146 0.5730129390018485
147 0.5637707948243993
148 0.5674676524953789
149 0.5582255083179297
150 0.5526802218114603
151 0.5545286506469501
152 0.55637707948244
153 0.5582255083179297
154 0.5656192236598891
155 0.5637707948243993
156 0.55637707948244
157 0.5489833641404805
158 0.5489833641404805
159 0.5545286506469501
160 0.55637707948244
161 0.5582255083179297
162 0.5600739371534196
163 0.5489833641404805
164 0.5489833641404805
165 0.5637707948243993
166 0.5674676524953789
167 0.5785582255083179
168 0.5841035120147874
169 0.589648798521257
170 0.589648798521257
171 0.589648798521257
172 0.589648798521257
173 0.5841035120147874
174 0.5841035120147874
175 0.5841035120147874
176 0.5841035120147874
177 0.5804066543438078
178 0.5730129390018485
179 0.5711645101663586
180 0.5711645101663586
181 0.5748613678373382
182 0.5711645101663586
183 0.5693160813308688
184 0.5785582255083179
185 0.5841035120147874
186 0.5859519408502772
187 0.5914972273567468
188 0.5951940850277264
189 0.5951940850277264
190 0.589648798521257
191 0.5914972273567468
192 0.5914972273567468
193 0.5841035120147874
194 0.55637707948244
195 0.5452865064695009
196 0.5471349353049908
197 0.55637707948244
198 0.55637707948244
199 0.5619223659889094
200 0.5656192236598891
201 0.5637707948243993
202 0.5545286506469501
203 0.5508317929759704
204 0.55637707948244
205 0.5656192236598891
206 0.5656192236598891
207 0.5748613678373382
208 0.5693160813308688
209 0.5785582255083179
210 0.5951940850277264
211 0.589648798521257
212 0.5730129390018485
213 0.5637707948243993
214 0.5619223659889094
215 0.5674676524953789
216 0.5693160813308688
217 0.5711645101663586
218 0.5656192236598891
219 0.5656192236598891
220 0.5711645101663586
221 0.5674676524953789
222 0.5656192236598891
223 0.55637707948244
224 0.5582255083179297
225 0.5452865064695009
226 0.5545286506469501
227 0.5452865064695009
228 0.5508317929759704
229 0.5619223659889094
230 0.5619223659889094
231 0.5508317929759704
232 0.5489833641404805
233 0.55637707948244
234 0.5508317929759704
235 0.5526802218114603
236 0.5434380776340111
237 0.5397412199630314
238 0.5378927911275416
239 0.5415896487985212
240 0.5452865064695009
241 0.5434380776340111
242 0.5286506469500925
243 0.5286506469500925
244 0.5415896487985212
245 0.5360443622920518
246 0.5360443622920518
247 0.5415896487985212
248 0.5360443622920518
249 0.5249537892791127
250 0.5434380776340111
251 0.5304990757855823
252 0.5378927911275416
253 0.5286506469500925
254 0.5341959334565619
255 0.5360443622920518
256 0.5286506469500925
257 0.5489833641404805
258 0.5434380776340111
259 0.5434380776340111
260 0.5360443622920518
261 0.5397412199630314
262 0.5397412199630314
263 0.5489833641404805
264 0.5508317929759704
265 0.5471349353049908
266 0.5508317929759704
267 0.5489833641404805
268 0.5619223659889094
269 0.5637707948243993
270 0.5674676524953789
271 0.5600739371534196
272 0.5526802218114603
273 0.5545286506469501
274 0.5600739371534196
275 0.5637707948243993
276 0.5711645101663586
277 0.5693160813308688
278 0.5730129390018485
279 0.5730129390018485
280 0.5711645101663586
281 0.5730129390018485
282 0.5804066543438078
283 0.5767097966728281
284 0.5693160813308688
285 0.5674676524953789
286 0.5730129390018485
287 0.5600739371534196
288 0.5526802218114603
289 0.5508317929759704
290 0.5489833641404805
291 0.5471349353049908
292 0.5471349353049908
293 0.5508317929759704
294 0.5600739371534196
295 0.5600739371534196
296 0.5526802218114603
297 0.5508317929759704
298 0.5526802218114603
299 0.5526802218114603
300 0.55637707948244
301 0.5619223659889094
302 0.5693160813308688
303 0.5656192236598891
304 0.5600739371534196
305 0.5693160813308688
306 0.5711645101663586
307 0.5582255083179297
308 0.5600739371534196
309 0.5526802218114603
310 0.5600739371534196
311 0.5600739371534196
312 0.5600739371534196
313 0.5600739371534196
314 0.5730129390018485
315 0.5804066543438078
316 0.5859519408502772
317 0.5841035120147874
318 0.5841035120147874
319 0.5914972273567468
320 0.5859519408502772
321 0.5859519408502772
322 0.5841035120147874
323 0.5841035120147874
324 0.5748613678373382
325 0.5804066543438078
326 0.5804066543438078
327 0.589648798521257
328 0.5933456561922366
329 0.5933456561922366
330 0.5951940850277264
331 0.6025878003696857
332 0.6044362292051756
333 0.5970425138632163
334 0.5878003696857671
335 0.5878003696857671
336 0.5914972273567468
337 0.5878003696857671
338 0.5914972273567468
339 0.5859519408502772
340 0.5859519408502772
341 0.5841035120147874
342 0.5859519408502772
343 0.5878003696857671
344 0.5878003696857671
345 0.5878003696857671
346 0.5859519408502772
347 0.5822550831792976
348 0.5878003696857671
349 0.5878003696857671
350 0.5878003696857671
351 0.5878003696857671
352 0.5841035120147874
353 0.5841035120147874
354 0.5822550831792976
355 0.5822550831792976
356 0.5711645101663586
357 0.5693160813308688
358 0.5730129390018485
359 0.5767097966728281
360 0.5767097966728281
361 0.5286506469500925
362 0.5304990757855823
363 0.532347504621072
364 0.5360443622920518
365 0.5415896487985212
366 0.5489833641404805
367 0.5508317929759704
368 0.5545286506469501
369 0.5341959334565619
370 0.5341959334565619
371 0.5341959334565619
372 0.5378927911275416
373 0.5360443622920518
374 0.5360443622920518
375 0.5378927911275416
376 0.5415896487985212
377 0.5415896487985212
378 0.5341959334565619
379 0.532347504621072
380 0.5378927911275416
381 0.5378927911275416
382 0.5489833641404805
383 0.5508317929759704
384 0.5600739371534196
385 0.5545286506469501
386 0.5619223659889094
387 0.5378927911275416
388 0.5397412199630314
389 0.5545286506469501
390 0.5508317929759704
391 0.5471349353049908
392 0.5452865064695009
393 0.5526802218114603
394 0.5508317929759704
395 0.5545286506469501
396 0.5526802218114603
397 0.5582255083179297
398 0.5656192236598891
399 0.5656192236598891
400 0.5656192236598891
401 0.5693160813308688
402 0.5693160813308688
403 0.5730129390018485
404 0.5748613678373382
405 0.5785582255083179
406 0.5582255083179297
407 0.5582255083179297
408 0.5582255083179297
409 0.5545286506469501
410 0.5545286506469501
411 0.5619223659889094
412 0.5619223659889094
413 0.5637707948243993
414 0.5637707948243993
415 0.5600739371534196
416 0.5656192236598891
417 0.5582255083179297
418 0.5600739371534196
419 0.5526802218114603
420 0.5526802218114603
421 0.5600739371534196
422 0.5600739371534196
423 0.5526802218114603
424 0.5508317929759704
425 0.5582255083179297
426 0.55637707948244
427 0.55637707948244
428 0.5582255083179297
429 0.55637707948244
430 0.5711645101663586
431 0.5693160813308688
432 0.5693160813308688
433 0.5822550831792976
434 0.5711645101663586
435 0.5489833641404805
436 0.5545286506469501
437 0.5600739371534196
438 0.5600739371534196
439 0.5582255083179297
440 0.5582255083179297
441 0.55637707948244
442 0.5489833641404805
443 0.5489833641404805
444 0.55637707948244
445 0.55637707948244
446 0.5545286506469501
447 0.5582255083179297
448 0.5545286506469501
449 0.55637707948244
450 0.5471349353049908
451 0.5489833641404805
452 0.5452865064695009
453 0.5582255083179297
454 0.5582255083179297
455 0.5545286506469501
456 0.5674676524953789
457 0.5674676524953789
458 0.5674676524953789
459 0.5656192236598891
460 0.5637707948243993
461 0.5637707948243993
462 0.5600739371534196
463 0.5508317929759704
464 0.5508317929759704
465 0.5637707948243993
466 0.5656192236598891
467 0.5693160813308688
468 0.5693160813308688
469 0.5582255083179297
470 0.5582255083179297
471 0.5526802218114603
472 0.5582255083179297
473 0.5600739371534196
474 0.5711645101663586
475 0.5748613678373382
476 0.5730129390018485
477 0.5693160813308688
478 0.5730129390018485
479 0.5748613678373382
480 0.5748613678373382
481 0.5767097966728281
482 0.5730129390018485
483 0.5767097966728281
484 0.5730129390018485
485 0.5785582255083179
486 0.5841035120147874
487 0.5822550831792976
488 0.5841035120147874
489 0.5841035120147874
490 0.5841035120147874
491 0.5841035120147874
492 0.5804066543438078
493 0.5822550831792976
494 0.5859519408502772
495 0.5878003696857671
496 0.5914972273567468
497 0.5859519408502772
498 0.5878003696857671
499 0.5933456561922366
500 0.589648798521257
501 0.5878003696857671
502 0.5933456561922366
503 0.5951940850277264
504 0.5970425138632163
505 0.5841035120147874
506 0.5841035120147874
507 0.5841035120147874
508 0.5822550831792976
509 0.5822550831792976
510 0.5804066543438078
511 0.5674676524953789
512 0.5674676524953789
513 0.5674676524953789
514 0.5767097966728281
515 0.5730129390018485
516 0.5785582255083179
517 0.5767097966728281
518 0.5730129390018485
519 0.5767097966728281
520 0.5748613678373382
521 0.5748613678373382
522 0.5767097966728281
523 0.5748613678373382
524 0.5730129390018485
525 0.5730129390018485
526 0.5730129390018485
527 0.5822550831792976
528 0.5822550831792976
529 0.5841035120147874
530 0.5841035120147874
531 0.5841035120147874
532 0.5841035120147874
533 0.5841035120147874
534 0.5878003696857671
535 0.5841035120147874
536 0.5822550831792976
537 0.5711645101663586
538 0.5711645101663586
539 0.5693160813308688
540 0.5711645101663586
541 0.5711645101663586
542 0.5656192236598891
543 0.5600739371534196
544 0.5619223659889094
545 0.5619223659889094
546 0.5693160813308688
547 0.5822550831792976
548 0.5804066543438078
549 0.589648798521257
550 0.5878003696857671
551 0.5878003696857671
552 0.589648798521257
553 0.5878003696857671
554 0.5878003696857671
555 0.5859519408502772
556 0.589648798521257
557 0.589648798521257
558 0.589648798521257
559 0.589648798521257
560 0.6025878003696857
561 0.5988909426987061
562 0.5970425138632163
563 0.5933456561922366
564 0.5822550831792976
565 0.5804066543438078
566 0.5822550831792976
567 0.5822550831792976
568 0.5878003696857671
569 0.589648798521257
570 0.5878003696857671
571 0.5914972273567468
572 0.5841035120147874
573 0.5841035120147874
574 0.589648798521257
575 0.6025878003696857
576 0.6044362292051756
577 0.6025878003696857
578 0.6062846580406654
579 0.6081330868761553
580 0.6081330868761553
581 0.6081330868761553
582 0.6081330868761553
583 0.6081330868761553
584 0.6081330868761553
585 0.6081330868761553
586 0.6081330868761553
587 0.6062846580406654
588 0.6062846580406654
589 0.6062846580406654
590 0.6044362292051756
591 0.5988909426987061
592 0.5951940850277264
593 0.5951940850277264
594 0.5951940850277264
595 0.5841035120147874
596 0.5822550831792976
597 0.5822550831792976
598 0.5859519408502772
599 0.5878003696857671
600 0.5859519408502772
601 0.5859519408502772
602 0.5878003696857671
603 0.5914972273567468
604 0.589648798521257
605 0.589648798521257
606 0.5878003696857671
607 0.5859519408502772
608 0.589648798521257
609 0.5878003696857671
610 0.589648798521257
611 0.5878003696857671
612 0.5878003696857671
613 0.5878003696857671
614 0.5878003696857671
615 0.5859519408502772
616 0.589648798521257
617 0.5878003696857671
618 0.589648798521257
619 0.5914972273567468
620 0.5933456561922366
621 0.589648798521257
622 0.5841035120147874
623 0.5804066543438078
624 0.5785582255083179
625 0.5841035120147874
626 0.5785582255083179
627 0.5785582255083179
628 0.5767097966728281
629 0.5730129390018485
630 0.5748613678373382
631 0.5711645101663586
632 0.5711645101663586
633 0.5748613678373382
634 0.5804066543438078
635 0.5878003696857671
636 0.5878003696857671
637 0.5878003696857671
638 0.589648798521257
639 0.5878003696857671
640 0.5878003696857671
641 0.589648798521257
642 0.5914972273567468
643 0.589648798521257
644 0.5914972273567468
645 0.5914972273567468
646 0.5951940850277264
647 0.5988909426987061
648 0.5988909426987061
649 0.5970425138632163
650 0.6062846580406654
651 0.6044362292051756
652 0.6025878003696857
653 0.6025878003696857
654 0.6025878003696857
655 0.5988909426987061
656 0.5988909426987061
657 0.5970425138632163
658 0.5970425138632163
659 0.5970425138632163
660 0.6025878003696857
661 0.6025878003696857
662 0.5988909426987061
663 0.6025878003696857
664 0.6025878003696857
665 0.5914972273567468
666 0.5914972273567468
667 0.589648798521257
668 0.5914972273567468
669 0.5914972273567468
670 0.5988909426987061
671 0.600739371534196
672 0.5970425138632163
673 0.5970425138632163
674 0.5951940850277264
675 0.5988909426987061
676 0.5970425138632163
677 0.5970425138632163
678 0.5970425138632163
679 0.5970425138632163
680 0.5970425138632163
681 0.5988909426987061
682 0.5988909426987061
683 0.5988909426987061
684 0.5951940850277264
685 0.5988909426987061
686 0.600739371534196
687 0.600739371534196
688 0.5988909426987061
689 0.5988909426987061
690 0.5970425138632163
691 0.5951940850277264
692 0.5914972273567468
693 0.5933456561922366
694 0.5988909426987061
695 0.5970425138632163
696 0.6081330868761553
697 0.6062846580406654
698 0.6062846580406654
699 0.6062846580406654
700 0.6062846580406654
701 0.6025878003696857
702 0.609981515711645
703 0.609981515711645
704 0.6081330868761553
705 0.6081330868761553
706 0.6081330868761553
707 0.6118299445471349
708 0.6118299445471349
709 0.6062846580406654
710 0.6062846580406654
711 0.6062846580406654
712 0.6118299445471349
713 0.6118299445471349
714 0.6118299445471349
715 0.609981515711645
716 0.609981515711645
717 0.609981515711645
718 0.6062846580406654
719 0.6081330868761553
720 0.6081330868761553
721 0.6118299445471349
